0.000000000000000000e+00 0.000000000000000000e+00 0.000000000000000000e+00 0.000000000000000000e+00 0.000000000000000000e+00
0.000000000000000000e+00 0.000000000000000000e+00 0.000000000000000000e+00 0.000000000000000000e+00 0.000000000000000000e+00
0.000000000000000000e+00 0.000000000000000000e+00 0.000000000000000000e+00 0.000000000000000000e+00 0.000000000000000000e+00
0.000000000000000000e+00 0.000000000000000000e+00 0.000000000000000000e+00 0.000000000000000000e+00 0.000000000000000000e+00
0.000000000000000000e+00 0.000000000000000000e+00 0.000000000000000000e+00 0.000000000000000000e+00 0.000000000000000000e+00
0.000000000000000000e+00 0.000000000000000000e+00 0.000000000000000000e+00 0.000000000000000000e+00 0.000000000000000000e+00
0.000000000000000000e+00 0.000000000000000000e+00 0.000000000000000000e+00 0.000000000000000000e+00 0.000000000000000000e+00
0.000000000000000000e+00 0.000000000000000000e+00 0.000000000000000000e+00 0.000000000000000000e+00 0.000000000000000000e+00
0.000000000000000000e+00 0.000000000000000000e+00 0.000000000000000000e+00 0.000000000000000000e+00 0.000000000000000000e+00
0.000000000000000000e+00 0.000000000000000000e+00 0.000000000000000000e+00 0.000000000000000000e+00 0.000000000000000000e+00
0.000000000000000000e+00 0.000000000000000000e+00 0.000000000000000000e+00 0.000000000000000000e+00 0.000000000000000000e+00
0.000000000000000000e+00 0.000000000000000000e+00 0.000000000000000000e+00 0.000000000000000000e+00 0.000000000000000000e+00
0.000000000000000000e+00 0.000000000000000000e+00 0.000000000000000000e+00 0.000000000000000000e+00 0.000000000000000000e+00
0.000000000000000000e+00 0.000000000000000000e+00 0.000000000000000000e+00 0.000000000000000000e+00 0.000000000000000000e+00
0.000000000000000000e+00 0.000000000000000000e+00 0.000000000000000000e+00 0.000000000000000000e+00 0.000000000000000000e+00
0.000000000000000000e+00 0.000000000000000000e+00 0.000000000000000000e+00 0.000000000000000000e+00 0.000000000000000000e+00
0.000000000000000000e+00 0.000000000000000000e+00 0.000000000000000000e+00 0.000000000000000000e+00 0.000000000000000000e+00
0.000000000000000000e+00 0.000000000000000000e+00 0.000000000000000000e+00 0.000000000000000000e+00 0.000000000000000000e+00
0.000000000000000000e+00 0.000000000000000000e+00 0.000000000000000000e+00 0.000000000000000000e+00 0.000000000000000000e+00
0.000000000000000000e+00 0.000000000000000000e+00 0.000000000000000000e+00 0.000000000000000000e+00 0.000000000000000000e+00
0.000000000000000000e+00 0.000000000000000000e+00 0.000000000000000000e+00 0.000000000000000000e+00 0.000000000000000000e+00
0.000000000000000000e+00 0.000000000000000000e+00 0.000000000000000000e+00 0.000000000000000000e+00 0.000000000000000000e+00
0.000000000000000000e+00 0.000000000000000000e+00 0.000000000000000000e+00 0.000000000000000000e+00 0.000000000000000000e+00
0.000000000000000000e+00 0.000000000000000000e+00 0.000000000000000000e+00 0.000000000000000000e+00 0.000000000000000000e+00
0.000000000000000000e+00 0.000000000000000000e+00 0.000000000000000000e+00 0.000000000000000000e+00 0.000000000000000000e+00
0.000000000000000000e+00 0.000000000000000000e+00 0.000000000000000000e+00 0.000000000000000000e+00 0.000000000000000000e+00
0.000000000000000000e+00 0.000000000000000000e+00 0.000000000000000000e+00 0.000000000000000000e+00 0.000000000000000000e+00
0.000000000000000000e+00 0.000000000000000000e+00 0.000000000000000000e+00 0.000000000000000000e+00 0.000000000000000000e+00
0.000000000000000000e+00 0.000000000000000000e+00 0.000000000000000000e+00 0.000000000000000000e+00 0.000000000000000000e+00
0.000000000000000000e+00 0.000000000000000000e+00 0.000000000000000000e+00 0.000000000000000000e+00 0.000000000000000000e+00
0.000000000000000000e+00 0.000000000000000000e+00 0.000000000000000000e+00 0.000000000000000000e+00 0.000000000000000000e+00
0.000000000000000000e+00 0.000000000000000000e+00 0.000000000000000000e+00 0.000000000000000000e+00 0.000000000000000000e+00
0.000000000000000000e+00 0.000000000000000000e+00 0.000000000000000000e+00 0.000000000000000000e+00 0.000000000000000000e+00
0.000000000000000000e+00 0.000000000000000000e+00 0.000000000000000000e+00 0.000000000000000000e+00 0.000000000000000000e+00
0.000000000000000000e+00 0.000000000000000000e+00 0.000000000000000000e+00 0.000000000000000000e+00 0.000000000000000000e+00
0.000000000000000000e+00 0.000000000000000000e+00 0.000000000000000000e+00 0.000000000000000000e+00 0.000000000000000000e+00
0.000000000000000000e+00 0.000000000000000000e+00 0.000000000000000000e+00 0.000000000000000000e+00 0.000000000000000000e+00
0.000000000000000000e+00 0.000000000000000000e+00 0.000000000000000000e+00 0.000000000000000000e+00 0.000000000000000000e+00
0.000000000000000000e+00 0.000000000000000000e+00 0.000000000000000000e+00 0.000000000000000000e+00 0.000000000000000000e+00
0.000000000000000000e+00 0.000000000000000000e+00 0.000000000000000000e+00 0.000000000000000000e+00 0.000000000000000000e+00
0.000000000000000000e+00 0.000000000000000000e+00 0.000000000000000000e+00 0.000000000000000000e+00 0.000000000000000000e+00
0.000000000000000000e+00 0.000000000000000000e+00 0.000000000000000000e+00 0.000000000000000000e+00 0.000000000000000000e+00
0.000000000000000000e+00 0.000000000000000000e+00 0.000000000000000000e+00 0.000000000000000000e+00 0.000000000000000000e+00
0.000000000000000000e+00 0.000000000000000000e+00 0.000000000000000000e+00 0.000000000000000000e+00 0.000000000000000000e+00
0.000000000000000000e+00 0.000000000000000000e+00 0.000000000000000000e+00 0.000000000000000000e+00 0.000000000000000000e+00
0.000000000000000000e+00 0.000000000000000000e+00 0.000000000000000000e+00 0.000000000000000000e+00 0.000000000000000000e+00
0.000000000000000000e+00 0.000000000000000000e+00 0.000000000000000000e+00 0.000000000000000000e+00 0.000000000000000000e+00
0.000000000000000000e+00 0.000000000000000000e+00 0.000000000000000000e+00 0.000000000000000000e+00 0.000000000000000000e+00
0.000000000000000000e+00 0.000000000000000000e+00 0.000000000000000000e+00 0.000000000000000000e+00 0.000000000000000000e+00
0.000000000000000000e+00 0.000000000000000000e+00 0.000000000000000000e+00 0.000000000000000000e+00 0.000000000000000000e+00
0.000000000000000000e+00 0.000000000000000000e+00 0.000000000000000000e+00 0.000000000000000000e+00 0.000000000000000000e+00
0.000000000000000000e+00 0.000000000000000000e+00 0.000000000000000000e+00 0.000000000000000000e+00 0.000000000000000000e+00
0.000000000000000000e+00 0.000000000000000000e+00 0.000000000000000000e+00 0.000000000000000000e+00 0.000000000000000000e+00
0.000000000000000000e+00 0.000000000000000000e+00 0.000000000000000000e+00 0.000000000000000000e+00 0.000000000000000000e+00
0.000000000000000000e+00 0.000000000000000000e+00 0.000000000000000000e+00 0.000000000000000000e+00 0.000000000000000000e+00
0.000000000000000000e+00 0.000000000000000000e+00 0.000000000000000000e+00 0.000000000000000000e+00 0.000000000000000000e+00
0.000000000000000000e+00 0.000000000000000000e+00 0.000000000000000000e+00 0.000000000000000000e+00 0.000000000000000000e+00
0.000000000000000000e+00 0.000000000000000000e+00 0.000000000000000000e+00 0.000000000000000000e+00 0.000000000000000000e+00
0.000000000000000000e+00 0.000000000000000000e+00 0.000000000000000000e+00 0.000000000000000000e+00 0.000000000000000000e+00
0.000000000000000000e+00 0.000000000000000000e+00 0.000000000000000000e+00 0.000000000000000000e+00 0.000000000000000000e+00
0.000000000000000000e+00 0.000000000000000000e+00 0.000000000000000000e+00 0.000000000000000000e+00 0.000000000000000000e+00
0.000000000000000000e+00 0.000000000000000000e+00 0.000000000000000000e+00 0.000000000000000000e+00 0.000000000000000000e+00
0.000000000000000000e+00 0.000000000000000000e+00 0.000000000000000000e+00 0.000000000000000000e+00 0.000000000000000000e+00
0.000000000000000000e+00 0.000000000000000000e+00 0.000000000000000000e+00 0.000000000000000000e+00 0.000000000000000000e+00
0.000000000000000000e+00 0.000000000000000000e+00 0.000000000000000000e+00 0.000000000000000000e+00 0.000000000000000000e+00
0.000000000000000000e+00 0.000000000000000000e+00 0.000000000000000000e+00 0.000000000000000000e+00 0.000000000000000000e+00
0.000000000000000000e+00 0.000000000000000000e+00 0.000000000000000000e+00 0.000000000000000000e+00 0.000000000000000000e+00
0.000000000000000000e+00 0.000000000000000000e+00 0.000000000000000000e+00 0.000000000000000000e+00 0.000000000000000000e+00
0.000000000000000000e+00 0.000000000000000000e+00 0.000000000000000000e+00 0.000000000000000000e+00 0.000000000000000000e+00
0.000000000000000000e+00 0.000000000000000000e+00 0.000000000000000000e+00 0.000000000000000000e+00 0.000000000000000000e+00
0.000000000000000000e+00 0.000000000000000000e+00 0.000000000000000000e+00 0.000000000000000000e+00 0.000000000000000000e+00
0.000000000000000000e+00 0.000000000000000000e+00 0.000000000000000000e+00 0.000000000000000000e+00 0.000000000000000000e+00
0.000000000000000000e+00 0.000000000000000000e+00 0.000000000000000000e+00 0.000000000000000000e+00 0.000000000000000000e+00
0.000000000000000000e+00 0.000000000000000000e+00 0.000000000000000000e+00 0.000000000000000000e+00 0.000000000000000000e+00
0.000000000000000000e+00 0.000000000000000000e+00 0.000000000000000000e+00 0.000000000000000000e+00 0.000000000000000000e+00
0.000000000000000000e+00 0.000000000000000000e+00 0.000000000000000000e+00 0.000000000000000000e+00 0.000000000000000000e+00
0.000000000000000000e+00 0.000000000000000000e+00 0.000000000000000000e+00 0.000000000000000000e+00 0.000000000000000000e+00
0.000000000000000000e+00 0.000000000000000000e+00 0.000000000000000000e+00 0.000000000000000000e+00 0.000000000000000000e+00
0.000000000000000000e+00 0.000000000000000000e+00 0.000000000000000000e+00 0.000000000000000000e+00 0.000000000000000000e+00
0.000000000000000000e+00 0.000000000000000000e+00 0.000000000000000000e+00 0.000000000000000000e+00 0.000000000000000000e+00
0.000000000000000000e+00 0.000000000000000000e+00 0.000000000000000000e+00 0.000000000000000000e+00 0.000000000000000000e+00
0.000000000000000000e+00 0.000000000000000000e+00 0.000000000000000000e+00 0.000000000000000000e+00 0.000000000000000000e+00
0.000000000000000000e+00 0.000000000000000000e+00 0.000000000000000000e+00 0.000000000000000000e+00 0.000000000000000000e+00
0.000000000000000000e+00 0.000000000000000000e+00 0.000000000000000000e+00 0.000000000000000000e+00 0.000000000000000000e+00
0.000000000000000000e+00 0.000000000000000000e+00 0.000000000000000000e+00 0.000000000000000000e+00 0.000000000000000000e+00
0.000000000000000000e+00 0.000000000000000000e+00 0.000000000000000000e+00 0.000000000000000000e+00 0.000000000000000000e+00
0.000000000000000000e+00 0.000000000000000000e+00 0.000000000000000000e+00 0.000000000000000000e+00 0.000000000000000000e+00
0.000000000000000000e+00 0.000000000000000000e+00 0.000000000000000000e+00 0.000000000000000000e+00 0.000000000000000000e+00
0.000000000000000000e+00 0.000000000000000000e+00 0.000000000000000000e+00 0.000000000000000000e+00 0.000000000000000000e+00
0.000000000000000000e+00 0.000000000000000000e+00 0.000000000000000000e+00 0.000000000000000000e+00 0.000000000000000000e+00
0.000000000000000000e+00 0.000000000000000000e+00 0.000000000000000000e+00 0.000000000000000000e+00 0.000000000000000000e+00
0.000000000000000000e+00 0.000000000000000000e+00 0.000000000000000000e+00 0.000000000000000000e+00 0.000000000000000000e+00
0.000000000000000000e+00 0.000000000000000000e+00 0.000000000000000000e+00 0.000000000000000000e+00 0.000000000000000000e+00
0.000000000000000000e+00 0.000000000000000000e+00 0.000000000000000000e+00 0.000000000000000000e+00 0.000000000000000000e+00
0.000000000000000000e+00 0.000000000000000000e+00 0.000000000000000000e+00 0.000000000000000000e+00 0.000000000000000000e+00
0.000000000000000000e+00 0.000000000000000000e+00 0.000000000000000000e+00 0.000000000000000000e+00 0.000000000000000000e+00
0.000000000000000000e+00 0.000000000000000000e+00 0.000000000000000000e+00 0.000000000000000000e+00 0.000000000000000000e+00
0.000000000000000000e+00 0.000000000000000000e+00 0.000000000000000000e+00 0.000000000000000000e+00 0.000000000000000000e+00
0.000000000000000000e+00 0.000000000000000000e+00 0.000000000000000000e+00 0.000000000000000000e+00 0.000000000000000000e+00
0.000000000000000000e+00 0.000000000000000000e+00 0.000000000000000000e+00 0.000000000000000000e+00 0.000000000000000000e+00
0.000000000000000000e+00 0.000000000000000000e+00 0.000000000000000000e+00 0.000000000000000000e+00 0.000000000000000000e+00
0.000000000000000000e+00 0.000000000000000000e+00 0.000000000000000000e+00 0.000000000000000000e+00 0.000000000000000000e+00
0.000000000000000000e+00 0.000000000000000000e+00 0.000000000000000000e+00 0.000000000000000000e+00 0.000000000000000000e+00
0.000000000000000000e+00 0.000000000000000000e+00 0.000000000000000000e+00 0.000000000000000000e+00 0.000000000000000000e+00
0.000000000000000000e+00 0.000000000000000000e+00 0.000000000000000000e+00 0.000000000000000000e+00 0.000000000000000000e+00
0.000000000000000000e+00 0.000000000000000000e+00 0.000000000000000000e+00 0.000000000000000000e+00 0.000000000000000000e+00
0.000000000000000000e+00 0.000000000000000000e+00 0.000000000000000000e+00 0.000000000000000000e+00 0.000000000000000000e+00
0.000000000000000000e+00 0.000000000000000000e+00 0.000000000000000000e+00 0.000000000000000000e+00 0.000000000000000000e+00
0.000000000000000000e+00 0.000000000000000000e+00 0.000000000000000000e+00 0.000000000000000000e+00 0.000000000000000000e+00
0.000000000000000000e+00 0.000000000000000000e+00 0.000000000000000000e+00 0.000000000000000000e+00 0.000000000000000000e+00
0.000000000000000000e+00 0.000000000000000000e+00 0.000000000000000000e+00 0.000000000000000000e+00 0.000000000000000000e+00
0.000000000000000000e+00 0.000000000000000000e+00 0.000000000000000000e+00 0.000000000000000000e+00 0.000000000000000000e+00
0.000000000000000000e+00 0.000000000000000000e+00 0.000000000000000000e+00 0.000000000000000000e+00 0.000000000000000000e+00
0.000000000000000000e+00 0.000000000000000000e+00 0.000000000000000000e+00 0.000000000000000000e+00 0.000000000000000000e+00
0.000000000000000000e+00 0.000000000000000000e+00 0.000000000000000000e+00 0.000000000000000000e+00 0.000000000000000000e+00
0.000000000000000000e+00 0.000000000000000000e+00 0.000000000000000000e+00 0.000000000000000000e+00 0.000000000000000000e+00
0.000000000000000000e+00 0.000000000000000000e+00 0.000000000000000000e+00 0.000000000000000000e+00 0.000000000000000000e+00
0.000000000000000000e+00 0.000000000000000000e+00 0.000000000000000000e+00 0.000000000000000000e+00 0.000000000000000000e+00
0.000000000000000000e+00 0.000000000000000000e+00 0.000000000000000000e+00 0.000000000000000000e+00 0.000000000000000000e+00
0.000000000000000000e+00 0.000000000000000000e+00 0.000000000000000000e+00 0.000000000000000000e+00 0.000000000000000000e+00
0.000000000000000000e+00 0.000000000000000000e+00 0.000000000000000000e+00 0.000000000000000000e+00 0.000000000000000000e+00
0.000000000000000000e+00 0.000000000000000000e+00 0.000000000000000000e+00 0.000000000000000000e+00 0.000000000000000000e+00
0.000000000000000000e+00 0.000000000000000000e+00 0.000000000000000000e+00 0.000000000000000000e+00 0.000000000000000000e+00
0.000000000000000000e+00 0.000000000000000000e+00 0.000000000000000000e+00 0.000000000000000000e+00 0.000000000000000000e+00
0.000000000000000000e+00 0.000000000000000000e+00 0.000000000000000000e+00 0.000000000000000000e+00 0.000000000000000000e+00
0.000000000000000000e+00 0.000000000000000000e+00 0.000000000000000000e+00 0.000000000000000000e+00 0.000000000000000000e+00
0.000000000000000000e+00 0.000000000000000000e+00 0.000000000000000000e+00 0.000000000000000000e+00 0.000000000000000000e+00
0.000000000000000000e+00 0.000000000000000000e+00 0.000000000000000000e+00 0.000000000000000000e+00 0.000000000000000000e+00
0.000000000000000000e+00 0.000000000000000000e+00 0.000000000000000000e+00 0.000000000000000000e+00 0.000000000000000000e+00
0.000000000000000000e+00 0.000000000000000000e+00 0.000000000000000000e+00 0.000000000000000000e+00 0.000000000000000000e+00
0.000000000000000000e+00 0.000000000000000000e+00 0.000000000000000000e+00 0.000000000000000000e+00 0.000000000000000000e+00
0.000000000000000000e+00 0.000000000000000000e+00 0.000000000000000000e+00 0.000000000000000000e+00 0.000000000000000000e+00
0.000000000000000000e+00 0.000000000000000000e+00 0.000000000000000000e+00 0.000000000000000000e+00 0.000000000000000000e+00
0.000000000000000000e+00 0.000000000000000000e+00 0.000000000000000000e+00 0.000000000000000000e+00 0.000000000000000000e+00
0.000000000000000000e+00 0.000000000000000000e+00 0.000000000000000000e+00 0.000000000000000000e+00 0.000000000000000000e+00
0.000000000000000000e+00 0.000000000000000000e+00 0.000000000000000000e+00 0.000000000000000000e+00 0.000000000000000000e+00
0.000000000000000000e+00 0.000000000000000000e+00 0.000000000000000000e+00 0.000000000000000000e+00 0.000000000000000000e+00
0.000000000000000000e+00 0.000000000000000000e+00 0.000000000000000000e+00 0.000000000000000000e+00 0.000000000000000000e+00
0.000000000000000000e+00 0.000000000000000000e+00 0.000000000000000000e+00 0.000000000000000000e+00 0.000000000000000000e+00
0.000000000000000000e+00 0.000000000000000000e+00 0.000000000000000000e+00 0.000000000000000000e+00 0.000000000000000000e+00
0.000000000000000000e+00 0.000000000000000000e+00 0.000000000000000000e+00 0.000000000000000000e+00 0.000000000000000000e+00
0.000000000000000000e+00 0.000000000000000000e+00 0.000000000000000000e+00 0.000000000000000000e+00 0.000000000000000000e+00
0.000000000000000000e+00 0.000000000000000000e+00 0.000000000000000000e+00 0.000000000000000000e+00 0.000000000000000000e+00
0.000000000000000000e+00 0.000000000000000000e+00 0.000000000000000000e+00 0.000000000000000000e+00 0.000000000000000000e+00
0.000000000000000000e+00 0.000000000000000000e+00 0.000000000000000000e+00 0.000000000000000000e+00 0.000000000000000000e+00
0.000000000000000000e+00 0.000000000000000000e+00 0.000000000000000000e+00 0.000000000000000000e+00 0.000000000000000000e+00
0.000000000000000000e+00 0.000000000000000000e+00 0.000000000000000000e+00 0.000000000000000000e+00 0.000000000000000000e+00
0.000000000000000000e+00 0.000000000000000000e+00 0.000000000000000000e+00 0.000000000000000000e+00 0.000000000000000000e+00
0.000000000000000000e+00 0.000000000000000000e+00 0.000000000000000000e+00 0.000000000000000000e+00 0.000000000000000000e+00
0.000000000000000000e+00 0.000000000000000000e+00 0.000000000000000000e+00 0.000000000000000000e+00 0.000000000000000000e+00
0.000000000000000000e+00 0.000000000000000000e+00 0.000000000000000000e+00 0.000000000000000000e+00 0.000000000000000000e+00
0.000000000000000000e+00 0.000000000000000000e+00 0.000000000000000000e+00 0.000000000000000000e+00 0.000000000000000000e+00
0.000000000000000000e+00 0.000000000000000000e+00 0.000000000000000000e+00 0.000000000000000000e+00 0.000000000000000000e+00
0.000000000000000000e+00 0.000000000000000000e+00 0.000000000000000000e+00 0.000000000000000000e+00 0.000000000000000000e+00
0.000000000000000000e+00 0.000000000000000000e+00 0.000000000000000000e+00 0.000000000000000000e+00 0.000000000000000000e+00
0.000000000000000000e+00 0.000000000000000000e+00 0.000000000000000000e+00 0.000000000000000000e+00 0.000000000000000000e+00
0.000000000000000000e+00 0.000000000000000000e+00 0.000000000000000000e+00 0.000000000000000000e+00 0.000000000000000000e+00
0.000000000000000000e+00 0.000000000000000000e+00 0.000000000000000000e+00 0.000000000000000000e+00 0.000000000000000000e+00
0.000000000000000000e+00 0.000000000000000000e+00 0.000000000000000000e+00 0.000000000000000000e+00 0.000000000000000000e+00
0.000000000000000000e+00 0.000000000000000000e+00 0.000000000000000000e+00 0.000000000000000000e+00 0.000000000000000000e+00
0.000000000000000000e+00 0.000000000000000000e+00 0.000000000000000000e+00 0.000000000000000000e+00 0.000000000000000000e+00
0.000000000000000000e+00 0.000000000000000000e+00 0.000000000000000000e+00 0.000000000000000000e+00 0.000000000000000000e+00
0.000000000000000000e+00 0.000000000000000000e+00 0.000000000000000000e+00 0.000000000000000000e+00 0.000000000000000000e+00
0.000000000000000000e+00 0.000000000000000000e+00 0.000000000000000000e+00 0.000000000000000000e+00 0.000000000000000000e+00
0.000000000000000000e+00 0.000000000000000000e+00 0.000000000000000000e+00 0.000000000000000000e+00 0.000000000000000000e+00
0.000000000000000000e+00 0.000000000000000000e+00 0.000000000000000000e+00 0.000000000000000000e+00 0.000000000000000000e+00
0.000000000000000000e+00 0.000000000000000000e+00 0.000000000000000000e+00 0.000000000000000000e+00 0.000000000000000000e+00
0.000000000000000000e+00 0.000000000000000000e+00 0.000000000000000000e+00 0.000000000000000000e+00 0.000000000000000000e+00
0.000000000000000000e+00 0.000000000000000000e+00 0.000000000000000000e+00 0.000000000000000000e+00 0.000000000000000000e+00
0.000000000000000000e+00 0.000000000000000000e+00 0.000000000000000000e+00 0.000000000000000000e+00 0.000000000000000000e+00
0.000000000000000000e+00 0.000000000000000000e+00 0.000000000000000000e+00 0.000000000000000000e+00 0.000000000000000000e+00
0.000000000000000000e+00 0.000000000000000000e+00 0.000000000000000000e+00 0.000000000000000000e+00 0.000000000000000000e+00
0.000000000000000000e+00 0.000000000000000000e+00 0.000000000000000000e+00 0.000000000000000000e+00 0.000000000000000000e+00
0.000000000000000000e+00 0.000000000000000000e+00 0.000000000000000000e+00 0.000000000000000000e+00 0.000000000000000000e+00
0.000000000000000000e+00 0.000000000000000000e+00 0.000000000000000000e+00 0.000000000000000000e+00 0.000000000000000000e+00
0.000000000000000000e+00 0.000000000000000000e+00 0.000000000000000000e+00 0.000000000000000000e+00 0.000000000000000000e+00
0.000000000000000000e+00 0.000000000000000000e+00 0.000000000000000000e+00 0.000000000000000000e+00 0.000000000000000000e+00
0.000000000000000000e+00 0.000000000000000000e+00 0.000000000000000000e+00 0.000000000000000000e+00 0.000000000000000000e+00
0.000000000000000000e+00 0.000000000000000000e+00 0.000000000000000000e+00 0.000000000000000000e+00 0.000000000000000000e+00
0.000000000000000000e+00 0.000000000000000000e+00 0.000000000000000000e+00 0.000000000000000000e+00 0.000000000000000000e+00
0.000000000000000000e+00 0.000000000000000000e+00 0.000000000000000000e+00 0.000000000000000000e+00 0.000000000000000000e+00
0.000000000000000000e+00 0.000000000000000000e+00 0.000000000000000000e+00 0.000000000000000000e+00 0.000000000000000000e+00
0.000000000000000000e+00 0.000000000000000000e+00 0.000000000000000000e+00 0.000000000000000000e+00 0.000000000000000000e+00
0.000000000000000000e+00 0.000000000000000000e+00 0.000000000000000000e+00 0.000000000000000000e+00 0.000000000000000000e+00
0.000000000000000000e+00 0.000000000000000000e+00 0.000000000000000000e+00 0.000000000000000000e+00 0.000000000000000000e+00
0.000000000000000000e+00 0.000000000000000000e+00 0.000000000000000000e+00 0.000000000000000000e+00 0.000000000000000000e+00
0.000000000000000000e+00 0.000000000000000000e+00 0.000000000000000000e+00 0.000000000000000000e+00 0.000000000000000000e+00
0.000000000000000000e+00 0.000000000000000000e+00 0.000000000000000000e+00 0.000000000000000000e+00 0.000000000000000000e+00
0.000000000000000000e+00 0.000000000000000000e+00 0.000000000000000000e+00 0.000000000000000000e+00 0.000000000000000000e+00
0.000000000000000000e+00 0.000000000000000000e+00 0.000000000000000000e+00 0.000000000000000000e+00 0.000000000000000000e+00
0.000000000000000000e+00 0.000000000000000000e+00 0.000000000000000000e+00 0.000000000000000000e+00 0.000000000000000000e+00
0.000000000000000000e+00 0.000000000000000000e+00 0.000000000000000000e+00 0.000000000000000000e+00 0.000000000000000000e+00
0.000000000000000000e+00 0.000000000000000000e+00 0.000000000000000000e+00 0.000000000000000000e+00 0.000000000000000000e+00
0.000000000000000000e+00 0.000000000000000000e+00 0.000000000000000000e+00 0.000000000000000000e+00 0.000000000000000000e+00
0.000000000000000000e+00 0.000000000000000000e+00 0.000000000000000000e+00 0.000000000000000000e+00 0.000000000000000000e+00
0.000000000000000000e+00 0.000000000000000000e+00 0.000000000000000000e+00 0.000000000000000000e+00 0.000000000000000000e+00
0.000000000000000000e+00 0.000000000000000000e+00 0.000000000000000000e+00 0.000000000000000000e+00 0.000000000000000000e+00
0.000000000000000000e+00 0.000000000000000000e+00 0.000000000000000000e+00 0.000000000000000000e+00 0.000000000000000000e+00
0.000000000000000000e+00 0.000000000000000000e+00 0.000000000000000000e+00 0.000000000000000000e+00 0.000000000000000000e+00
0.000000000000000000e+00 0.000000000000000000e+00 0.000000000000000000e+00 0.000000000000000000e+00 0.000000000000000000e+00
0.000000000000000000e+00 0.000000000000000000e+00 0.000000000000000000e+00 0.000000000000000000e+00 0.000000000000000000e+00
0.000000000000000000e+00 0.000000000000000000e+00 0.000000000000000000e+00 0.000000000000000000e+00 0.000000000000000000e+00
0.000000000000000000e+00 0.000000000000000000e+00 0.000000000000000000e+00 0.000000000000000000e+00 0.000000000000000000e+00
0.000000000000000000e+00 0.000000000000000000e+00 0.000000000000000000e+00 0.000000000000000000e+00 0.000000000000000000e+00
0.000000000000000000e+00 0.000000000000000000e+00 0.000000000000000000e+00 0.000000000000000000e+00 0.000000000000000000e+00
0.000000000000000000e+00 0.000000000000000000e+00 0.000000000000000000e+00 0.000000000000000000e+00 0.000000000000000000e+00
0.000000000000000000e+00 0.000000000000000000e+00 0.000000000000000000e+00 0.000000000000000000e+00 0.000000000000000000e+00
0.000000000000000000e+00 0.000000000000000000e+00 0.000000000000000000e+00 0.000000000000000000e+00 0.000000000000000000e+00
0.000000000000000000e+00 0.000000000000000000e+00 0.000000000000000000e+00 0.000000000000000000e+00 0.000000000000000000e+00
0.000000000000000000e+00 0.000000000000000000e+00 0.000000000000000000e+00 0.000000000000000000e+00 0.000000000000000000e+00
0.000000000000000000e+00 0.000000000000000000e+00 0.000000000000000000e+00 0.000000000000000000e+00 0.000000000000000000e+00
0.000000000000000000e+00 0.000000000000000000e+00 0.000000000000000000e+00 0.000000000000000000e+00 0.000000000000000000e+00
0.000000000000000000e+00 0.000000000000000000e+00 0.000000000000000000e+00 0.000000000000000000e+00 0.000000000000000000e+00
0.000000000000000000e+00 0.000000000000000000e+00 0.000000000000000000e+00 0.000000000000000000e+00 0.000000000000000000e+00
0.000000000000000000e+00 0.000000000000000000e+00 0.000000000000000000e+00 0.000000000000000000e+00 0.000000000000000000e+00
0.000000000000000000e+00 0.000000000000000000e+00 0.000000000000000000e+00 0.000000000000000000e+00 0.000000000000000000e+00
0.000000000000000000e+00 0.000000000000000000e+00 0.000000000000000000e+00 0.000000000000000000e+00 0.000000000000000000e+00
0.000000000000000000e+00 0.000000000000000000e+00 0.000000000000000000e+00 0.000000000000000000e+00 0.000000000000000000e+00
0.000000000000000000e+00 0.000000000000000000e+00 0.000000000000000000e+00 0.000000000000000000e+00 0.000000000000000000e+00
0.000000000000000000e+00 0.000000000000000000e+00 0.000000000000000000e+00 0.000000000000000000e+00 0.000000000000000000e+00
0.000000000000000000e+00 0.000000000000000000e+00 0.000000000000000000e+00 0.000000000000000000e+00 0.000000000000000000e+00
0.000000000000000000e+00 0.000000000000000000e+00 0.000000000000000000e+00 0.000000000000000000e+00 0.000000000000000000e+00
0.000000000000000000e+00 0.000000000000000000e+00 0.000000000000000000e+00 0.000000000000000000e+00 0.000000000000000000e+00
0.000000000000000000e+00 0.000000000000000000e+00 0.000000000000000000e+00 0.000000000000000000e+00 0.000000000000000000e+00
0.000000000000000000e+00 0.000000000000000000e+00 0.000000000000000000e+00 0.000000000000000000e+00 0.000000000000000000e+00
0.000000000000000000e+00 0.000000000000000000e+00 0.000000000000000000e+00 0.000000000000000000e+00 0.000000000000000000e+00
0.000000000000000000e+00 0.000000000000000000e+00 0.000000000000000000e+00 0.000000000000000000e+00 0.000000000000000000e+00
0.000000000000000000e+00 0.000000000000000000e+00 0.000000000000000000e+00 0.000000000000000000e+00 0.000000000000000000e+00
0.000000000000000000e+00 0.000000000000000000e+00 0.000000000000000000e+00 0.000000000000000000e+00 0.000000000000000000e+00
0.000000000000000000e+00 0.000000000000000000e+00 0.000000000000000000e+00 0.000000000000000000e+00 0.000000000000000000e+00
0.000000000000000000e+00 0.000000000000000000e+00 0.000000000000000000e+00 0.000000000000000000e+00 0.000000000000000000e+00
0.000000000000000000e+00 0.000000000000000000e+00 0.000000000000000000e+00 0.000000000000000000e+00 0.000000000000000000e+00
0.000000000000000000e+00 0.000000000000000000e+00 0.000000000000000000e+00 0.000000000000000000e+00 0.000000000000000000e+00
0.000000000000000000e+00 0.000000000000000000e+00 0.000000000000000000e+00 0.000000000000000000e+00 0.000000000000000000e+00
0.000000000000000000e+00 0.000000000000000000e+00 0.000000000000000000e+00 0.000000000000000000e+00 0.000000000000000000e+00
0.000000000000000000e+00 0.000000000000000000e+00 0.000000000000000000e+00 0.000000000000000000e+00 0.000000000000000000e+00
0.000000000000000000e+00 0.000000000000000000e+00 0.000000000000000000e+00 0.000000000000000000e+00 0.000000000000000000e+00
0.000000000000000000e+00 0.000000000000000000e+00 0.000000000000000000e+00 0.000000000000000000e+00 0.000000000000000000e+00
0.000000000000000000e+00 0.000000000000000000e+00 0.000000000000000000e+00 0.000000000000000000e+00 0.000000000000000000e+00
0.000000000000000000e+00 0.000000000000000000e+00 0.000000000000000000e+00 0.000000000000000000e+00 0.000000000000000000e+00
0.000000000000000000e+00 0.000000000000000000e+00 0.000000000000000000e+00 0.000000000000000000e+00 0.000000000000000000e+00
0.000000000000000000e+00 0.000000000000000000e+00 0.000000000000000000e+00 0.000000000000000000e+00 0.000000000000000000e+00
0.000000000000000000e+00 0.000000000000000000e+00 0.000000000000000000e+00 0.000000000000000000e+00 0.000000000000000000e+00
0.000000000000000000e+00 0.000000000000000000e+00 0.000000000000000000e+00 0.000000000000000000e+00 0.000000000000000000e+00
0.000000000000000000e+00 0.000000000000000000e+00 0.000000000000000000e+00 0.000000000000000000e+00 0.000000000000000000e+00
0.000000000000000000e+00 0.000000000000000000e+00 0.000000000000000000e+00 0.000000000000000000e+00 0.000000000000000000e+00
0.000000000000000000e+00 0.000000000000000000e+00 0.000000000000000000e+00 0.000000000000000000e+00 0.000000000000000000e+00
0.000000000000000000e+00 0.000000000000000000e+00 0.000000000000000000e+00 0.000000000000000000e+00 0.000000000000000000e+00
0.000000000000000000e+00 0.000000000000000000e+00 0.000000000000000000e+00 0.000000000000000000e+00 0.000000000000000000e+00
0.000000000000000000e+00 0.000000000000000000e+00 0.000000000000000000e+00 0.000000000000000000e+00 0.000000000000000000e+00
0.000000000000000000e+00 0.000000000000000000e+00 0.000000000000000000e+00 0.000000000000000000e+00 0.000000000000000000e+00
0.000000000000000000e+00 0.000000000000000000e+00 0.000000000000000000e+00 0.000000000000000000e+00 0.000000000000000000e+00
0.000000000000000000e+00 0.000000000000000000e+00 0.000000000000000000e+00 0.000000000000000000e+00 0.000000000000000000e+00
0.000000000000000000e+00 0.000000000000000000e+00 0.000000000000000000e+00 0.000000000000000000e+00 0.000000000000000000e+00
0.000000000000000000e+00 0.000000000000000000e+00 0.000000000000000000e+00 0.000000000000000000e+00 0.000000000000000000e+00
0.000000000000000000e+00 0.000000000000000000e+00 0.000000000000000000e+00 0.000000000000000000e+00 0.000000000000000000e+00
0.000000000000000000e+00 0.000000000000000000e+00 0.000000000000000000e+00 0.000000000000000000e+00 0.000000000000000000e+00
0.000000000000000000e+00 0.000000000000000000e+00 0.000000000000000000e+00 0.000000000000000000e+00 0.000000000000000000e+00
0.000000000000000000e+00 0.000000000000000000e+00 0.000000000000000000e+00 0.000000000000000000e+00 0.000000000000000000e+00
0.000000000000000000e+00 0.000000000000000000e+00 0.000000000000000000e+00 0.000000000000000000e+00 0.000000000000000000e+00
0.000000000000000000e+00 0.000000000000000000e+00 0.000000000000000000e+00 0.000000000000000000e+00 0.000000000000000000e+00
0.000000000000000000e+00 0.000000000000000000e+00 0.000000000000000000e+00 0.000000000000000000e+00 0.000000000000000000e+00
0.000000000000000000e+00 0.000000000000000000e+00 0.000000000000000000e+00 0.000000000000000000e+00 0.000000000000000000e+00
0.000000000000000000e+00 0.000000000000000000e+00 0.000000000000000000e+00 0.000000000000000000e+00 0.000000000000000000e+00
0.000000000000000000e+00 0.000000000000000000e+00 0.000000000000000000e+00 0.000000000000000000e+00 0.000000000000000000e+00
0.000000000000000000e+00 0.000000000000000000e+00 0.000000000000000000e+00 0.000000000000000000e+00 0.000000000000000000e+00
0.000000000000000000e+00 0.000000000000000000e+00 0.000000000000000000e+00 0.000000000000000000e+00 0.000000000000000000e+00
0.000000000000000000e+00 0.000000000000000000e+00 0.000000000000000000e+00 0.000000000000000000e+00 0.000000000000000000e+00
0.000000000000000000e+00 0.000000000000000000e+00 0.000000000000000000e+00 0.000000000000000000e+00 0.000000000000000000e+00
0.000000000000000000e+00 0.000000000000000000e+00 0.000000000000000000e+00 0.000000000000000000e+00 0.000000000000000000e+00
0.000000000000000000e+00 0.000000000000000000e+00 0.000000000000000000e+00 0.000000000000000000e+00 0.000000000000000000e+00
0.000000000000000000e+00 0.000000000000000000e+00 0.000000000000000000e+00 0.000000000000000000e+00 0.000000000000000000e+00
0.000000000000000000e+00 0.000000000000000000e+00 0.000000000000000000e+00 0.000000000000000000e+00 0.000000000000000000e+00
0.000000000000000000e+00 0.000000000000000000e+00 0.000000000000000000e+00 0.000000000000000000e+00 0.000000000000000000e+00
0.000000000000000000e+00 0.000000000000000000e+00 0.000000000000000000e+00 0.000000000000000000e+00 0.000000000000000000e+00
0.000000000000000000e+00 0.000000000000000000e+00 0.000000000000000000e+00 1.764059040946373003e+01 2.420088898269868949e+01
0.000000000000000000e+00 0.000000000000000000e+00 0.000000000000000000e+00 7.331938033336609095e+00 1.563104737599720906e+01
0.000000000000000000e+00 0.000000000000000000e+00 0.000000000000000000e+00 5.413246464821206416e+00 1.086268289024181044e+01
0.000000000000000000e+00 0.000000000000000000e+00 0.000000000000000000e+00 3.079006390590973030e+00 6.986891441518120693e+00
2.224817265857303994e-01 0.000000000000000000e+00 0.000000000000000000e+00 5.747662368856687465e-01 4.564915361502457358e+00
7.333146002486632398e+00 0.000000000000000000e+00 0.000000000000000000e+00 0.000000000000000000e+00 2.886363626460806131e+00
8.958650808876402749e+00 0.000000000000000000e+00 0.000000000000000000e+00 0.000000000000000000e+00 1.100250192945200212e+00
9.638866887049477583e+00 0.000000000000000000e+00 0.000000000000000000e+00 0.000000000000000000e+00 0.000000000000000000e+00
1.046372265691829107e+01 0.000000000000000000e+00 0.000000000000000000e+00 0.000000000000000000e+00 0.000000000000000000e+00
1.071746812064311882e+01 2.097576537369949534e+00 0.000000000000000000e+00 0.000000000000000000e+00 0.000000000000000000e+00
1.065347188668562417e+01 5.600013237227923213e+00 0.000000000000000000e+00 0.000000000000000000e+00 0.000000000000000000e+00
1.065448758224791348e+01 7.267311779957736917e+00 0.000000000000000000e+00 0.000000000000000000e+00 0.000000000000000000e+00
1.009154127568928416e+01 8.302338720848005948e+00 0.000000000000000000e+00 0.000000000000000000e+00 0.000000000000000000e+00
8.805098802142392600e+00 8.840597437277766701e+00 1.699251241611428043e+00 0.000000000000000000e+00 0.000000000000000000e+00
7.192318498782946712e+00 8.876687397833949333e+00 5.252269552180504952e+00 0.000000000000000000e+00 0.000000000000000000e+00
5.462914517816379600e+00 8.815899300098150704e+00 6.789886872312091093e+00 0.000000000000000000e+00 0.000000000000000000e+00
3.788041068035141734e+00 8.354055151731733631e+00 7.597412036928279377e+00 0.000000000000000000e+00 0.000000000000000000e+00
2.176476619614291508e+00 7.368280857478453072e+00 7.915728883869431520e+00 4.026735779007850624e-01 0.000000000000000000e+00
4.807531055488212246e-01 6.139610911556179218e+00 7.688437162796244451e+00 4.091334115253388859e+00 0.000000000000000000e+00
0.000000000000000000e+00 4.700563109945398388e+00 7.576737937636402798e+00 5.476975439688712477e+00 0.000000000000000000e+00
0.000000000000000000e+00 3.351401223627057391e+00 7.237425604173211902e+00 6.139724225260643209e+00 0.000000000000000000e+00
0.000000000000000000e+00 2.183354376621586823e+00 6.399319033432817605e+00 6.505932244176070078e+00 0.000000000000000000e+00
0.000000000000000000e+00 8.632173813829879805e-01 5.447877136523242569e+00 6.360205691589690957e+00 2.542426365572598712e+00
0.000000000000000000e+00 0.000000000000000000e+00 4.390221200713941840e+00 6.206384311688530886e+00 4.194791973419000897e+00
0.000000000000000000e+00 0.000000000000000000e+00 3.229792005690796941e+00 6.056757290297891672e+00 4.856273673666038349e+00
0.000000000000000000e+00 0.000000000000000000e+00 2.173169266302128477e+00 5.529721164576475445e+00 5.234405708466773888e+00
0.000000000000000000e+00 0.000000000000000000e+00 1.092105639407385809e+00 4.757856471748898031e+00 5.289169087709435502e+00
0.000000000000000000e+00 0.000000000000000000e+00 0.000000000000000000e+00 3.921486295649927456e+00 4.966283420139578908e+00
0.000000000000000000e+00 0.000000000000000000e+00 0.000000000000000000e+00 2.949361132884468883e+00 4.402553384215278420e+00
0.000000000000000000e+00 0.000000000000000000e+00 0.000000000000000000e+00 1.933800802191676382e+00 3.684997043082116619e+00
1.414925803836375451e-01 0.000000000000000000e+00 0.000000000000000000e+00 8.962883527161125130e-01 2.873451591946984962e+00
2.541673031405267125e+00 0.000000000000000000e+00 0.000000000000000000e+00 0.000000000000000000e+00 2.027514054585601855e+00
3.515270537330614342e+00 0.000000000000000000e+00 0.000000000000000000e+00 0.000000000000000000e+00 1.136740389150414643e+00
3.998180709813912159e+00 0.000000000000000000e+00 0.000000000000000000e+00 0.000000000000000000e+00 3.188499620587847971e-01
4.315355291883111732e+00 0.000000000000000000e+00 0.000000000000000000e+00 0.000000000000000000e+00 0.000000000000000000e+00
4.399928885160591108e+00 1.332147116965529676e+00 0.000000000000000000e+00 0.000000000000000000e+00 0.000000000000000000e+00
4.468807671083290245e+00 2.486121002091046250e+00 0.000000000000000000e+00 0.000000000000000000e+00 0.000000000000000000e+00
4.546731158716639243e+00 3.050386613693074622e+00 0.000000000000000000e+00 0.000000000000000000e+00 0.000000000000000000e+00
4.380748626811978852e+00 3.461631351687746161e+00 0.000000000000000000e+00 0.000000000000000000e+00 0.000000000000000000e+00
3.921325993642383878e+00 3.713943788408986535e+00 1.240232369118583478e+00 0.000000000000000000e+00 0.000000000000000000e+00
3.257402064205194847e+00 3.875973760922022393e+00 2.346953540800100768e+00 0.000000000000000000e+00 0.000000000000000000e+00
2.479072344982355958e+00 3.924930957617807081e+00 2.927241803828977140e+00 0.000000000000000000e+00 0.000000000000000000e+00
1.664758657410754017e+00 3.716629459395530688e+00 3.305322643582293551e+00 0.000000000000000000e+00 0.000000000000000000e+00
8.162900995529298598e-01 3.286862893559678422e+00 3.456023396371392664e+00 7.266115924103290213e-01 0.000000000000000000e+00
0.000000000000000000e+00 2.718786097279899394e+00 3.449856363774088663e+00 1.977843176460076791e+00 0.000000000000000000e+00
0.000000000000000000e+00 2.045277654232879883e+00 3.410398084855650325e+00 2.505159824477587449e+00 0.000000000000000000e+00
0.000000000000000000e+00 1.419075202893491428e+00 3.207082744104318817e+00 2.784838224393357375e+00 0.000000000000000000e+00
0.000000000000000000e+00 8.121734633765242961e-01 2.829527530437960792e+00 2.904361904451580045e+00 3.123849631955977202e-01
0.000000000000000000e+00 1.007978938136844249e-01 2.395277297259230664e+00 2.858536615988409579e+00 1.554550071481095586e+00
0.000000000000000000e+00 0.000000000000000000e+00 1.874550517456441412e+00 2.830126414124692236e+00 2.031255225097083894e+00
0.000000000000000000e+00 0.000000000000000000e+00 1.336270735267532928e+00 2.726870799621128327e+00 2.265735705544162482e+00
0.000000000000000000e+00 0.000000000000000000e+00 8.152552009428326585e-01 2.446302201393474984e+00 2.404954898519591211e+00
0.000000000000000000e+00 0.000000000000000000e+00 2.263554518016164252e-01 2.085446911239507983e+00 2.384521261742627019e+00
0.000000000000000000e+00 0.000000000000000000e+00 0.000000000000000000e+00 1.667678098297251665e+00 2.213819570943691417e+00
0.000000000000000000e+00 0.000000000000000000e+00 0.000000000000000000e+00 1.193542568435947970e+00 1.947298179440970500e+00
0.000000000000000000e+00 0.000000000000000000e+00 0.000000000000000000e+00 6.882502819952485140e-01 1.614811454147986325e+00
7.303410710683699847e-01 0.000000000000000000e+00 0.000000000000000000e+00 1.482099503793143924e-01 1.237673621549575387e+00
1.436399324445680747e+00 0.000000000000000000e+00 0.000000000000000000e+00 0.000000000000000000e+00 8.166961161507657607e-01
1.759119658531336006e+00 0.000000000000000000e+00 0.000000000000000000e+00 0.000000000000000000e+00 4.008225053590131481e-01
1.951782417526412905e+00 0.000000000000000000e+00 0.000000000000000000e+00 0.000000000000000000e+00 8.432004553498018140e-03
2.047468768065083822e+00 3.182832803016389378e-01 0.000000000000000000e+00 0.000000000000000000e+00 0.000000000000000000e+00
2.079195530069899434e+00 1.034712307999399172e+00 0.000000000000000000e+00 0.000000000000000000e+00 0.000000000000000000e+00
2.130707623856391564e+00 1.348357680141685000e+00 0.000000000000000000e+00 0.000000000000000000e+00 0.000000000000000000e+00
2.126861351891502050e+00 1.546668537965469881e+00 0.000000000000000000e+00 0.000000000000000000e+00 0.000000000000000000e+00
1.980464238304886271e+00 1.701201069460935855e+00 3.508803753346612098e-01 0.000000000000000000e+00 0.000000000000000000e+00
1.709243573330336607e+00 1.808183980304463256e+00 9.814961035638880560e-01 0.000000000000000000e+00 0.000000000000000000e+00
1.354053340354433033e+00 1.876453494608050221e+00 1.292966844238208068e+00 0.000000000000000000e+00 0.000000000000000000e+00
9.545171107202321537e-01 1.838647802309534285e+00 1.502051287659718071e+00 0.000000000000000000e+00 0.000000000000000000e+00
5.307096316997927943e-01 1.671876927276887415e+00 1.626625260800622641e+00 1.288140944069482430e-01 0.000000000000000000e+00
8.484379458074897684e-02 1.421342508935605542e+00 1.647348133687831284e+00 8.364102612154766803e-01 0.000000000000000000e+00
0.000000000000000000e+00 1.103108369661125465e+00 1.651333143536462211e+00 1.135495431469148997e+00 0.000000000000000000e+00
0.000000000000000000e+00 7.841243884321436042e-01 1.594583281701940081e+00 1.291914617584133396e+00 0.000000000000000000e+00
0.000000000000000000e+00 4.811576766097047653e-01 1.434802851169365567e+00 1.384035407603114720e+00 0.000000000000000000e+00
0.000000000000000000e+00 1.354345232260634191e-01 1.233685201166920820e+00 1.378622430469480298e+00 6.684809943717517910e-01
0.000000000000000000e+00 0.000000000000000000e+00 9.917866628475202617e-01 1.375943632974134800e+00 9.354717426906944411e-01
0.000000000000000000e+00 0.000000000000000000e+00 7.234877314065002452e-01 1.352833759469102892e+00 1.063361775996494174e+00
0.000000000000000000e+00 0.000000000000000000e+00 4.604867508224685935e-01 1.236950577951958730e+00 1.151716192433696051e+00
0.000000000000000000e+00 0.000000000000000000e+00 1.713173438713688768e-01 1.067841324748872722e+00 1.168130813697967341e+00
0.000000000000000000e+00 0.000000000000000000e+00 0.000000000000000000e+00 8.714248206319653578e-01 1.105955347572109559e+00
0.000000000000000000e+00 0.000000000000000000e+00 0.000000000000000000e+00 6.412490085679856122e-01 9.910793048744004352e-01
0.000000000000000000e+00 0.000000000000000000e+00 0.000000000000000000e+00 3.915598161897904106e-01 8.395283016285405298e-01
2.694651045755236396e-01 0.000000000000000000e+00 0.000000000000000000e+00 1.243697286479594766e-01 6.611183386655916649e-01
6.595750096776420435e-01 0.000000000000000000e+00 0.000000000000000000e+00 0.000000000000000000e+00 4.593294439385254280e-01
8.351834543567804303e-01 0.000000000000000000e+00 0.000000000000000000e+00 0.000000000000000000e+00 2.504295233624809214e-01
9.374250090097469013e-01 0.000000000000000000e+00 0.000000000000000000e+00 0.000000000000000000e+00 4.919878345015504806e-02
9.960265963921877130e-01 1.008461737023935711e-01 0.000000000000000000e+00 0.000000000000000000e+00 0.000000000000000000e+00
1.016056050901230634e+00 4.808079330445025334e-01 0.000000000000000000e+00 0.000000000000000000e+00 0.000000000000000000e+00
1.044921120100674727e+00 6.440491553127181135e-01 0.000000000000000000e+00 0.000000000000000000e+00 0.000000000000000000e+00
1.053613729012390365e+00 7.439504621800985262e-01 0.000000000000000000e+00 0.000000000000000000e+00 0.000000000000000000e+00
9.940741662639673848e-01 8.252445281335597516e-01 1.346130017260627199e-01 0.000000000000000000e+00 0.000000000000000000e+00
8.711648955011597195e-01 8.820262504890763466e-01 4.617262473729866201e-01 0.000000000000000000e+00 0.000000000000000000e+00
7.014396149980051121e-01 9.237274700382691606e-01 6.194272839523939922e-01 0.000000000000000000e+00 0.000000000000000000e+00
5.028189474438171658e-01 9.178378725216519429e-01 7.254205565303806225e-01 0.000000000000000000e+00 0.000000000000000000e+00
2.890230172610409043e-01 8.444670323351566310e-01 7.955090135358134917e-01 3.122751505278742457e-02 0.000000000000000000e+00
6.332296108251256328e-02 7.250546662686120358e-01 8.124530443983779548e-01 3.942800656743906118e-01 0.000000000000000000e+00
0.000000000000000000e+00 5.693681497906233346e-01 8.198437876069775143e-01 5.489349589270987595e-01 0.000000000000000000e+00
0.000000000000000000e+00 4.079107421028282943e-01 7.991979172653530528e-01 6.307010611018348811e-01 0.000000000000000000e+00
0.000000000000000000e+00 2.541631440315228474e-01 7.246418710662361207e-01 6.825249114571185771e-01 0.000000000000000000e+00
0.000000000000000000e+00 8.097381078091103745e-02 6.260659240338739551e-01 6.867143981155621191e-01 3.090722357658037822e-01
0.000000000000000000e+00 0.000000000000000000e+00 5.079960748873268983e-01 6.864611604517811827e-01 4.553342025628915324e-01
0.000000000000000000e+00 0.000000000000000000e+00 3.741421405100453512e-01 6.768661549702770230e-01 5.241949862293004969e-01
0.000000000000000000e+00 0.000000000000000000e+00 2.403039900401715556e-01 6.239317691815315925e-01 5.700409852900811813e-01
0.000000000000000000e+00 0.000000000000000000e+00 9.430664157823898108e-02 5.419417608449705881e-01 5.820535333732301808e-01
0.000000000000000000e+00 0.000000000000000000e+00 0.000000000000000000e+00 4.444844693025729043e-01 5.555373015153897143e-01
0.000000000000000000e+00 0.000000000000000000e+00 0.000000000000000000e+00 3.295426513683352709e-01 5.013616011870070110e-01
0.000000000000000000e+00 0.000000000000000000e+00 0.000000000000000000e+00 2.045741313858684407e-01 4.276565470949656445e-01
1.239973665739313446e-01 0.000000000000000000e+00 0.000000000000000000e+00 7.015138149139232837e-02 3.399257295465041850e-01
3.233055426251496556e-01 0.000000000000000000e+00 0.000000000000000000e+00 0.000000000000000000e+00 2.400939298051518733e-01
4.131307527864969686e-01 0.000000000000000000e+00 0.000000000000000000e+00 0.000000000000000000e+00 1.348024033261729926e-01
4.653733800019921318e-01 0.000000000000000000e+00 0.000000000000000000e+00 0.000000000000000000e+00 3.230818227775600349e-02
4.964865551501596030e-01 4.549854619861903871e-02 0.000000000000000000e+00 0.000000000000000000e+00 0.000000000000000000e+00
5.078301784971728239e-01 2.375129271274900589e-01 0.000000000000000000e+00 0.000000000000000000e+00 0.000000000000000000e+00
5.230018969960781305e-01 3.200074186921320063e-01 0.000000000000000000e+00 0.000000000000000000e+00 0.000000000000000000e+00
5.287467862670958141e-01 3.702972136239424117e-01 0.000000000000000000e+00 0.000000000000000000e+00 0.000000000000000000e+00
5.009613094004983225e-01 4.114974946583949134e-01 6.565984682257663962e-02 0.000000000000000000e+00 0.000000000000000000e+00
4.411388276432504085e-01 4.408822406259993443e-01 2.295746048846325493e-01 0.000000000000000000e+00 0.000000000000000000e+00
3.567790701001882780e-01 4.632373532575329023e-01 3.083751855888294813e-01 0.000000000000000000e+00 0.000000000000000000e+00
2.565936475006758699e-01 4.620838290264651094e-01 3.617125902382767322e-01 0.000000000000000000e+00 0.000000000000000000e+00
1.479491310228908674e-01 4.265908428276610764e-01 3.979467209260434402e-01 1.493414922871139083e-02 0.000000000000000000e+00
3.309423156418134226e-02 3.671428039953283928e-01 4.079239149392855368e-01 1.965009617341095804e-01 0.000000000000000000e+00
0.000000000000000000e+00 2.889319280625102238e-01 4.125556172700051150e-01 2.744255703728981644e-01 0.000000000000000000e+00
0.000000000000000000e+00 2.072166596808244776e-01 4.028818884803264666e-01 3.160584906860108845e-01 0.000000000000000000e+00
0.000000000000000000e+00 1.290099518151244240e-01 3.659850010784105323e-01 3.427297199858969634e-01 0.000000000000000000e+00
0.000000000000000000e+00 4.096132140050556814e-02 3.166074975970900596e-01 3.455938460523100275e-01 1.555107040781145145e-01
0.000000000000000000e+00 0.000000000000000000e+00 2.571832015539143867e-01 3.459456537555638533e-01 2.288184698747031121e-01
0.000000000000000000e+00 0.000000000000000000e+00 1.895489158674834584e-01 3.414373000267900693e-01 2.635642490491996170e-01
0.000000000000000000e+00 0.000000000000000000e+00 1.215397556842390259e-01 3.151252660828873786e-01 2.868573879082526035e-01
0.000000000000000000e+00 0.000000000000000000e+00 4.718217871149121834e-02 2.739913259642356991e-01 2.932624288244944921e-01
0.000000000000000000e+00 0.000000000000000000e+00 0.000000000000000000e+00 2.247757656952131811e-01 2.803484249484534119e-01
0.000000000000000000e+00 0.000000000000000000e+00 0.000000000000000000e+00 1.666245157745827044e-01 2.534178040298584733e-01
0.000000000000000000e+00 0.000000000000000000e+00 0.000000000000000000e+00 1.032466676833365682e-01 2.165210239328274611e-01
6.474564069609556327e-02 0.000000000000000000e+00 0.000000000000000000e+00 3.488134311311341662e-02 1.724111264583960690e-01
1.636938303517432303e-01 0.000000000000000000e+00 0.000000000000000000e+00 0.000000000000000000e+00 1.219507478396764100e-01
2.085879863367523512e-01 0.000000000000000000e+00 0.000000000000000000e+00 0.000000000000000000e+00 6.861075314468223496e-02
2.349591567399755832e-01 0.000000000000000000e+00 0.000000000000000000e+00 0.000000000000000000e+00 1.647856840369499309e-02
2.506656954468589049e-01 2.572227151302897141e-02 0.000000000000000000e+00 0.000000000000000000e+00 0.000000000000000000e+00
2.567549193893370330e-01 1.209274696544504479e-01 0.000000000000000000e+00 0.000000000000000000e+00 0.000000000000000000e+00
2.645226654063571048e-01 1.621294069289724860e-01 0.000000000000000000e+00 0.000000000000000000e+00 0.000000000000000000e+00
2.672578646285472814e-01 1.874455102716510169e-01 0.000000000000000000e+00 0.000000000000000000e+00 0.000000000000000000e+00
2.532121986573621086e-01 2.080581753110344323e-01 3.628897828974686490e-02 0.000000000000000000e+00 0.000000000000000000e+00
2.229209372084106633e-01 2.231513281118324699e-01 1.172089020767330680e-01 0.000000000000000000e+00 0.000000000000000000e+00
1.800644362156411660e-01 2.345774240370879227e-01 1.564151027886140355e-01 0.000000000000000000e+00 0.000000000000000000e+00
1.290826556923185819e-01 2.337749465304206353e-01 1.832535838217630442e-01 0.000000000000000000e+00 0.000000000000000000e+00
7.363550276084041002e-02 2.156577026100414685e-01 2.014053772189861036e-01 1.075912952286373070e-02 0.000000000000000000e+00
1.503034855240059642e-02 1.853696844614560746e-01 2.067090512780289657e-01 1.006124751884840407e-01 0.000000000000000000e+00
0.000000000000000000e+00 1.455270611110393020e-01 2.090474778871609374e-01 1.394836253190590014e-01 0.000000000000000000e+00
0.000000000000000000e+00 1.041235754088276622e-01 2.037635476597010609e-01 1.604583249595137318e-01 0.000000000000000000e+00
0.000000000000000000e+00 6.427699801985653494e-02 1.849316377949072887e-01 1.736897183704400049e-01 0.000000000000000000e+00
0.000000000000000000e+00 1.919470115508303820e-02 1.599085598176586132e-01 1.748748564714830422e-01 8.146041736155851254e-02
0.000000000000000000e+00 0.000000000000000000e+00 1.295430642609396443e-01 1.752403342430319810e-01 1.167947211821918074e-01
0.000000000000000000e+00 0.000000000000000000e+00 9.513232486726863613e-02 1.729610331810249590e-01 1.338247437674056073e-01
0.000000000000000000e+00 0.000000000000000000e+00 6.056401068843086932e-02 1.593217041073913265e-01 1.455461689016779303e-01
0.000000000000000000e+00 0.000000000000000000e+00 2.252929378583345965e-02 1.383166473946850772e-01 1.486023720148921257e-01
0.000000000000000000e+00 0.000000000000000000e+00 0.000000000000000000e+00 1.132289434300837172e-01 1.418532787322313027e-01
0.000000000000000000e+00 0.000000000000000000e+00 0.000000000000000000e+00 8.361675358672826519e-02 1.280955963842878020e-01
0.000000000000000000e+00 0.000000000000000000e+00 0.000000000000000000e+00 5.126513890459705181e-02 1.093470233441173889e-01
3.569902815005576713e-02 0.000000000000000000e+00 0.000000000000000000e+00 1.630670303653047881e-02 8.691871967087649864e-02
8.416332918885771619e-02 0.000000000000000000e+00 0.000000000000000000e+00 0.000000000000000000e+00 6.113900922125381499e-02
1.063632113273094149e-01 0.000000000000000000e+00 0.000000000000000000e+00 0.000000000000000000e+00 3.403593039248420382e-02
1.196047511525932805e-01 0.000000000000000000e+00 0.000000000000000000e+00 0.000000000000000000e+00 7.521403693981909555e-03
1.273556680135534691e-01 1.567362627993063029e-02 0.000000000000000000e+00 0.000000000000000000e+00 0.000000000000000000e+00
1.305470324872359811e-01 6.244234245334823186e-02 0.000000000000000000e+00 0.000000000000000000e+00 0.000000000000000000e+00
1.344750912321757141e-01 8.290850385815673462e-02 0.000000000000000000e+00 0.000000000000000000e+00 0.000000000000000000e+00
1.355715391098399891e-01 9.565571057306598846e-02 0.000000000000000000e+00 0.000000000000000000e+00 0.000000000000000000e+00
1.281881090193692785e-01 1.059090474149648742e-01 2.092787917682414900e-02 0.000000000000000000e+00 0.000000000000000000e+00
1.125484729791637051e-01 1.136371274599667913e-01 6.057210539033519581e-02 0.000000000000000000e+00 0.000000000000000000e+00
9.053954656648599553e-02 1.193533657367851220e-01 8.004111755200327138e-02 0.000000000000000000e+00 0.000000000000000000e+00
6.448049733862148969e-02 1.185601721956430765e-01 9.355286702389165043e-02 0.000000000000000000e+00 0.000000000000000000e+00
3.612552774420407786e-02 1.090688552878482653e-01 1.025150346210601526e-01 7.921094946468087983e-03 0.000000000000000000e+00
6.187876520922230839e-03 9.346356228112639997e-02 1.052157035928047435e-01 5.215420274701898506e-02 0.000000000000000000e+00
0.000000000000000000e+00 7.303008143694000864e-02 1.062820679143250402e-01 7.145390433850096201e-02 0.000000000000000000e+00
0.000000000000000000e+00 5.203790319853851543e-02 1.032221953362011391e-01 8.196930114692690950e-02 0.000000000000000000e+00
0.000000000000000000e+00 3.172098986212290583e-02 9.346839349854363377e-02 8.841340915777706755e-02 2.299806701167028677e-04
0.000000000000000000e+00 8.565035425043276973e-03 8.071194839585515979e-02 8.875344481060309931e-02 4.328352599749507590e-02
0.000000000000000000e+00 0.000000000000000000e+00 6.509183691129294402e-02 8.900201761703030456e-02 6.002964161186952197e-02
0.000000000000000000e+00 0.000000000000000000e+00 4.753273353392373224e-02 8.778203177982391026e-02 6.827976774633981449e-02
0.000000000000000000e+00 0.000000000000000000e+00 2.995013419150538425e-02 8.059023440337043098e-02 7.413707593331153589e-02
0.000000000000000000e+00 0.000000000000000000e+00 1.045423422365132637e-02 6.978086068384570240e-02 7.550157871886398198e-02
0.000000000000000000e+00 0.000000000000000000e+00 0.000000000000000000e+00 5.692785276947276429e-02 7.187036602358531923e-02
0.000000000000000000e+00 0.000000000000000000e+00 0.000000000000000000e+00 4.180185123651369850e-02 6.475144408726762890e-02
0.000000000000000000e+00 0.000000000000000000e+00 0.000000000000000000e+00 2.524461832669189221e-02 5.515275536220443087e-02
1.999780282716301372e-02 0.000000000000000000e+00 0.000000000000000000e+00 7.327729598980425862e-03 4.368874926930388369e-02
4.356369939941373559e-02 0.000000000000000000e+00 0.000000000000000000e+00 0.000000000000000000e+00 3.045629888838163879e-02
5.448176533500159735e-02 0.000000000000000000e+00 0.000000000000000000e+00 0.000000000000000000e+00 1.666555926444601710e-02
6.111322575385713662e-02 0.000000000000000000e+00 0.000000000000000000e+00 0.000000000000000000e+00 3.180076444344592801e-03
6.489383988542485326e-02 9.573955554724733474e-03 0.000000000000000000e+00 0.000000000000000000e+00 0.000000000000000000e+00
6.654780435383145232e-02 3.243385607289539507e-02 0.000000000000000000e+00 0.000000000000000000e+00 0.000000000000000000e+00
6.852201189904150169e-02 4.257214487545013526e-02 0.000000000000000000e+00 0.000000000000000000e+00 0.000000000000000000e+00
6.888369072031608198e-02 4.899173480612972753e-02 0.000000000000000000e+00 0.000000000000000000e+00 0.000000000000000000e+00
6.494017121902118106e-02 5.407733849178697483e-02 1.211902395981567793e-02 0.000000000000000000e+00 0.000000000000000000e+00
5.679653901989212272e-02 5.802744740025289616e-02 3.145942709807059146e-02 0.000000000000000000e+00 0.000000000000000000e+00
4.544012135760056026e-02 6.085685594410250587e-02 4.111793619491876939e-02 0.000000000000000000e+00 0.000000000000000000e+00
3.209488954466266364e-02 6.019406316955411285e-02 4.792237941110499833e-02 0.000000000000000000e+00 0.000000000000000000e+00
1.758433824596394857e-02 5.516935265518441156e-02 5.231417598722032380e-02 5.455221252006481336e-03 0.000000000000000000e+00
2.286618297056008942e-03 4.709052995067963820e-02 5.366154647759913132e-02 2.716831099025540652e-02 0.000000000000000000e+00
0.000000000000000000e+00 3.658142780647466452e-02 5.411421098662216878e-02 3.672807487472340426e-02 0.000000000000000000e+00
0.000000000000000000e+00 2.593567104705485349e-02 5.232623235954747543e-02 4.198708812451101835e-02 0.000000000000000000e+00
0.000000000000000000e+00 1.557491284959411360e-02 4.724352555321331693e-02 4.509324854693019802e-02 1.433302826701066124e-03
0.000000000000000000e+00 3.664811165435821749e-03 4.071009300272265818e-02 4.524671444663397324e-02 2.257214165961585195e-02
0.000000000000000000e+00 0.000000000000000000e+00 3.268433578053731026e-02 4.532832806756204036e-02 3.085230268656147246e-02
0.000000000000000000e+00 0.000000000000000000e+00 2.374450931988292268e-02 4.453760181295507437e-02 3.497911675317766367e-02
0.000000000000000000e+00 0.000000000000000000e+00 1.475691410849577778e-02 4.077344866717069749e-02 3.783040918801106045e-02
0.000000000000000000e+00 0.000000000000000000e+00 4.735186252968759391e-03 3.522878391754247218e-02 3.838352622825169647e-02
0.000000000000000000e+00 0.000000000000000000e+00 0.000000000000000000e+00 2.859441268842743966e-02 3.644017362303131335e-02
0.000000000000000000e+00 0.000000000000000000e+00 0.000000000000000000e+00 2.085306628238470239e-02 3.274056735152797160e-02
0.000000000000000000e+00 0.000000000000000000e+00 0.000000000000000000e+00 1.239826241473451773e-02 2.779569297727491062e-02
1.115189357388857161e-02 0.000000000000000000e+00 0.000000000000000000e+00 3.218283072730088179e-03 2.192825651999186221e-02
2.258191649598728645e-02 0.000000000000000000e+00 0.000000000000000000e+00 0.000000000000000000e+00 1.514075089282584941e-02
2.794294107285821838e-02 0.000000000000000000e+00 0.000000000000000000e+00 0.000000000000000000e+00 8.122539677444251538e-03
3.125866861207526881e-02 0.000000000000000000e+00 0.000000000000000000e+00 0.000000000000000000e+00 1.259501717587596659e-03
3.309476606750294536e-02 5.702438424695088770e-03 0.000000000000000000e+00 0.000000000000000000e+00 0.000000000000000000e+00
3.394967553225214374e-02 1.685928515932744176e-02 0.000000000000000000e+00 0.000000000000000000e+00 0.000000000000000000e+00
3.493953461475740596e-02 2.187996388689938954e-02 0.000000000000000000e+00 0.000000000000000000e+00 0.000000000000000000e+00
3.501707631553330202e-02 2.511556369087841745e-02 0.000000000000000000e+00 0.000000000000000000e+00 0.000000000000000000e+00
3.290591678808851839e-02 2.763632294602302863e-02 6.919805927410038748e-03 0.000000000000000000e+00 0.000000000000000000e+00
2.865877603257516171e-02 2.965156016664138861e-02 1.634727997663176779e-02 0.000000000000000000e+00 0.000000000000000000e+00
2.279414086627795655e-02 3.104587740146769193e-02 2.114017539696533277e-02 0.000000000000000000e+00 0.000000000000000000e+00
1.595873941147019082e-02 3.057025477041008799e-02 2.456734791545400753e-02 0.000000000000000000e+00 0.000000000000000000e+00
8.535530059017304438e-03 2.790777274746858438e-02 2.671376583064599686e-02 3.500763183179600446e-03 0.000000000000000000e+00
7.219942062341999645e-04 2.372260437603301853e-02 2.738027703616197073e-02 1.415507370120749897e-02 0.000000000000000000e+00
0.000000000000000000e+00 1.831624996899705593e-02 2.756118476373359272e-02 1.888892124043195508e-02 0.000000000000000000e+00
0.000000000000000000e+00 1.291770024863581057e-02 2.653094348897155896e-02 2.151763683613694411e-02 0.000000000000000000e+00
0.000000000000000000e+00 7.636059342530643335e-03 2.388063769391379765e-02 2.300868735181538227e-02 1.393344787352646108e-03
0.000000000000000000e+00 1.513103383317115913e-03 2.053269806591373481e-02 2.307320583037508754e-02 1.176770596822862558e-02
0.000000000000000000e+00 0.000000000000000000e+00 1.640815410617335601e-02 2.309020113960613685e-02 1.586053612109949995e-02
0.000000000000000000e+00 0.000000000000000000e+00 1.185631240632645245e-02 2.260056911277175118e-02 1.792430888530205380e-02
0.000000000000000000e+00 0.000000000000000000e+00 7.263928814040809812e-03 2.062998847856434281e-02 1.930948846258218055e-02
0.000000000000000000e+00 0.000000000000000000e+00 2.115386636809546417e-03 1.778465142924900988e-02 1.951803297588483588e-02
0.000000000000000000e+00 0.000000000000000000e+00 0.000000000000000000e+00 1.436089686233543716e-02 1.847850534648642906e-02
0.000000000000000000e+00 0.000000000000000000e+00 0.000000000000000000e+00 1.039930322763282788e-02 1.655489995476600029e-02
0.000000000000000000e+00 0.000000000000000000e+00 0.000000000000000000e+00 6.082762712793510218e-03 1.400645899000352301e-02
6.160834570589912573e-03 0.000000000000000000e+00 0.000000000000000000e+00 1.381265577400370148e-03 1.100248787661683991e-02
1.170008674911571234e-02 0.000000000000000000e+00 0.000000000000000000e+00 0.000000000000000000e+00 7.521066699496259389e-03
1.433160403578881414e-02 0.000000000000000000e+00 0.000000000000000000e+00 0.000000000000000000e+00 3.949873209680987429e-03
1.598926844396331148e-02 0.000000000000000000e+00 0.000000000000000000e+00 0.000000000000000000e+00 4.584412542385507550e-04
1.687922339229430690e-02 3.311505298011496734e-03 0.000000000000000000e+00 0.000000000000000000e+00 0.000000000000000000e+00
1.731948575525166234e-02 8.755603392938127172e-03 0.000000000000000000e+00 0.000000000000000000e+00 0.000000000000000000e+00
1.781527736723020894e-02 1.124246165998599167e-02 0.000000000000000000e+00 0.000000000000000000e+00 0.000000000000000000e+00
