0.000000000000000000e+00 0.000000000000000000e+00 0.000000000000000000e+00 0.000000000000000000e+00 0.000000000000000000e+00
0.000000000000000000e+00 0.000000000000000000e+00 0.000000000000000000e+00 0.000000000000000000e+00 0.000000000000000000e+00
0.000000000000000000e+00 0.000000000000000000e+00 0.000000000000000000e+00 0.000000000000000000e+00 0.000000000000000000e+00
0.000000000000000000e+00 0.000000000000000000e+00 0.000000000000000000e+00 0.000000000000000000e+00 0.000000000000000000e+00
0.000000000000000000e+00 0.000000000000000000e+00 0.000000000000000000e+00 0.000000000000000000e+00 0.000000000000000000e+00
0.000000000000000000e+00 0.000000000000000000e+00 0.000000000000000000e+00 0.000000000000000000e+00 0.000000000000000000e+00
0.000000000000000000e+00 0.000000000000000000e+00 0.000000000000000000e+00 0.000000000000000000e+00 0.000000000000000000e+00
0.000000000000000000e+00 0.000000000000000000e+00 0.000000000000000000e+00 0.000000000000000000e+00 0.000000000000000000e+00
0.000000000000000000e+00 0.000000000000000000e+00 0.000000000000000000e+00 0.000000000000000000e+00 0.000000000000000000e+00
0.000000000000000000e+00 0.000000000000000000e+00 0.000000000000000000e+00 0.000000000000000000e+00 0.000000000000000000e+00
0.000000000000000000e+00 0.000000000000000000e+00 0.000000000000000000e+00 0.000000000000000000e+00 0.000000000000000000e+00
0.000000000000000000e+00 0.000000000000000000e+00 0.000000000000000000e+00 0.000000000000000000e+00 0.000000000000000000e+00
0.000000000000000000e+00 0.000000000000000000e+00 0.000000000000000000e+00 0.000000000000000000e+00 0.000000000000000000e+00
0.000000000000000000e+00 0.000000000000000000e+00 0.000000000000000000e+00 0.000000000000000000e+00 0.000000000000000000e+00
0.000000000000000000e+00 0.000000000000000000e+00 0.000000000000000000e+00 0.000000000000000000e+00 0.000000000000000000e+00
0.000000000000000000e+00 0.000000000000000000e+00 0.000000000000000000e+00 0.000000000000000000e+00 0.000000000000000000e+00
0.000000000000000000e+00 0.000000000000000000e+00 0.000000000000000000e+00 0.000000000000000000e+00 0.000000000000000000e+00
0.000000000000000000e+00 0.000000000000000000e+00 0.000000000000000000e+00 0.000000000000000000e+00 0.000000000000000000e+00
0.000000000000000000e+00 0.000000000000000000e+00 0.000000000000000000e+00 0.000000000000000000e+00 0.000000000000000000e+00
0.000000000000000000e+00 0.000000000000000000e+00 0.000000000000000000e+00 0.000000000000000000e+00 0.000000000000000000e+00
0.000000000000000000e+00 0.000000000000000000e+00 0.000000000000000000e+00 0.000000000000000000e+00 0.000000000000000000e+00
0.000000000000000000e+00 0.000000000000000000e+00 0.000000000000000000e+00 0.000000000000000000e+00 0.000000000000000000e+00
0.000000000000000000e+00 0.000000000000000000e+00 0.000000000000000000e+00 0.000000000000000000e+00 0.000000000000000000e+00
0.000000000000000000e+00 0.000000000000000000e+00 0.000000000000000000e+00 0.000000000000000000e+00 0.000000000000000000e+00
0.000000000000000000e+00 0.000000000000000000e+00 0.000000000000000000e+00 0.000000000000000000e+00 0.000000000000000000e+00
0.000000000000000000e+00 0.000000000000000000e+00 0.000000000000000000e+00 0.000000000000000000e+00 0.000000000000000000e+00
0.000000000000000000e+00 0.000000000000000000e+00 0.000000000000000000e+00 0.000000000000000000e+00 0.000000000000000000e+00
0.000000000000000000e+00 0.000000000000000000e+00 0.000000000000000000e+00 0.000000000000000000e+00 0.000000000000000000e+00
0.000000000000000000e+00 0.000000000000000000e+00 0.000000000000000000e+00 0.000000000000000000e+00 0.000000000000000000e+00
0.000000000000000000e+00 0.000000000000000000e+00 0.000000000000000000e+00 0.000000000000000000e+00 0.000000000000000000e+00
0.000000000000000000e+00 0.000000000000000000e+00 0.000000000000000000e+00 0.000000000000000000e+00 0.000000000000000000e+00
0.000000000000000000e+00 0.000000000000000000e+00 0.000000000000000000e+00 0.000000000000000000e+00 0.000000000000000000e+00
0.000000000000000000e+00 0.000000000000000000e+00 0.000000000000000000e+00 0.000000000000000000e+00 0.000000000000000000e+00
0.000000000000000000e+00 0.000000000000000000e+00 0.000000000000000000e+00 0.000000000000000000e+00 0.000000000000000000e+00
0.000000000000000000e+00 0.000000000000000000e+00 0.000000000000000000e+00 0.000000000000000000e+00 0.000000000000000000e+00
0.000000000000000000e+00 0.000000000000000000e+00 0.000000000000000000e+00 0.000000000000000000e+00 0.000000000000000000e+00
0.000000000000000000e+00 0.000000000000000000e+00 0.000000000000000000e+00 0.000000000000000000e+00 0.000000000000000000e+00
0.000000000000000000e+00 0.000000000000000000e+00 0.000000000000000000e+00 0.000000000000000000e+00 0.000000000000000000e+00
0.000000000000000000e+00 0.000000000000000000e+00 0.000000000000000000e+00 0.000000000000000000e+00 0.000000000000000000e+00
0.000000000000000000e+00 0.000000000000000000e+00 0.000000000000000000e+00 0.000000000000000000e+00 0.000000000000000000e+00
0.000000000000000000e+00 0.000000000000000000e+00 0.000000000000000000e+00 0.000000000000000000e+00 0.000000000000000000e+00
0.000000000000000000e+00 0.000000000000000000e+00 0.000000000000000000e+00 0.000000000000000000e+00 0.000000000000000000e+00
0.000000000000000000e+00 0.000000000000000000e+00 0.000000000000000000e+00 0.000000000000000000e+00 0.000000000000000000e+00
0.000000000000000000e+00 0.000000000000000000e+00 0.000000000000000000e+00 0.000000000000000000e+00 0.000000000000000000e+00
0.000000000000000000e+00 0.000000000000000000e+00 0.000000000000000000e+00 0.000000000000000000e+00 0.000000000000000000e+00
0.000000000000000000e+00 0.000000000000000000e+00 0.000000000000000000e+00 0.000000000000000000e+00 0.000000000000000000e+00
0.000000000000000000e+00 0.000000000000000000e+00 0.000000000000000000e+00 0.000000000000000000e+00 0.000000000000000000e+00
0.000000000000000000e+00 0.000000000000000000e+00 0.000000000000000000e+00 0.000000000000000000e+00 0.000000000000000000e+00
0.000000000000000000e+00 0.000000000000000000e+00 0.000000000000000000e+00 0.000000000000000000e+00 0.000000000000000000e+00
0.000000000000000000e+00 0.000000000000000000e+00 0.000000000000000000e+00 0.000000000000000000e+00 0.000000000000000000e+00
0.000000000000000000e+00 0.000000000000000000e+00 0.000000000000000000e+00 0.000000000000000000e+00 0.000000000000000000e+00
0.000000000000000000e+00 0.000000000000000000e+00 0.000000000000000000e+00 0.000000000000000000e+00 0.000000000000000000e+00
0.000000000000000000e+00 0.000000000000000000e+00 0.000000000000000000e+00 0.000000000000000000e+00 0.000000000000000000e+00
0.000000000000000000e+00 0.000000000000000000e+00 0.000000000000000000e+00 0.000000000000000000e+00 0.000000000000000000e+00
0.000000000000000000e+00 0.000000000000000000e+00 0.000000000000000000e+00 0.000000000000000000e+00 0.000000000000000000e+00
0.000000000000000000e+00 0.000000000000000000e+00 0.000000000000000000e+00 0.000000000000000000e+00 0.000000000000000000e+00
0.000000000000000000e+00 0.000000000000000000e+00 0.000000000000000000e+00 0.000000000000000000e+00 0.000000000000000000e+00
0.000000000000000000e+00 0.000000000000000000e+00 0.000000000000000000e+00 0.000000000000000000e+00 0.000000000000000000e+00
0.000000000000000000e+00 0.000000000000000000e+00 0.000000000000000000e+00 0.000000000000000000e+00 0.000000000000000000e+00
0.000000000000000000e+00 0.000000000000000000e+00 0.000000000000000000e+00 0.000000000000000000e+00 0.000000000000000000e+00
0.000000000000000000e+00 0.000000000000000000e+00 0.000000000000000000e+00 0.000000000000000000e+00 0.000000000000000000e+00
0.000000000000000000e+00 0.000000000000000000e+00 0.000000000000000000e+00 0.000000000000000000e+00 0.000000000000000000e+00
0.000000000000000000e+00 0.000000000000000000e+00 0.000000000000000000e+00 0.000000000000000000e+00 0.000000000000000000e+00
0.000000000000000000e+00 0.000000000000000000e+00 0.000000000000000000e+00 0.000000000000000000e+00 0.000000000000000000e+00
0.000000000000000000e+00 0.000000000000000000e+00 0.000000000000000000e+00 0.000000000000000000e+00 0.000000000000000000e+00
0.000000000000000000e+00 0.000000000000000000e+00 0.000000000000000000e+00 0.000000000000000000e+00 0.000000000000000000e+00
0.000000000000000000e+00 0.000000000000000000e+00 0.000000000000000000e+00 0.000000000000000000e+00 0.000000000000000000e+00
0.000000000000000000e+00 0.000000000000000000e+00 0.000000000000000000e+00 0.000000000000000000e+00 0.000000000000000000e+00
0.000000000000000000e+00 0.000000000000000000e+00 0.000000000000000000e+00 0.000000000000000000e+00 0.000000000000000000e+00
0.000000000000000000e+00 0.000000000000000000e+00 0.000000000000000000e+00 0.000000000000000000e+00 0.000000000000000000e+00
0.000000000000000000e+00 0.000000000000000000e+00 0.000000000000000000e+00 0.000000000000000000e+00 0.000000000000000000e+00
0.000000000000000000e+00 0.000000000000000000e+00 0.000000000000000000e+00 0.000000000000000000e+00 0.000000000000000000e+00
0.000000000000000000e+00 0.000000000000000000e+00 0.000000000000000000e+00 0.000000000000000000e+00 0.000000000000000000e+00
0.000000000000000000e+00 0.000000000000000000e+00 0.000000000000000000e+00 0.000000000000000000e+00 0.000000000000000000e+00
0.000000000000000000e+00 0.000000000000000000e+00 0.000000000000000000e+00 0.000000000000000000e+00 0.000000000000000000e+00
0.000000000000000000e+00 0.000000000000000000e+00 0.000000000000000000e+00 0.000000000000000000e+00 0.000000000000000000e+00
0.000000000000000000e+00 0.000000000000000000e+00 0.000000000000000000e+00 0.000000000000000000e+00 0.000000000000000000e+00
0.000000000000000000e+00 0.000000000000000000e+00 0.000000000000000000e+00 0.000000000000000000e+00 0.000000000000000000e+00
0.000000000000000000e+00 0.000000000000000000e+00 0.000000000000000000e+00 0.000000000000000000e+00 0.000000000000000000e+00
0.000000000000000000e+00 0.000000000000000000e+00 0.000000000000000000e+00 0.000000000000000000e+00 0.000000000000000000e+00
0.000000000000000000e+00 0.000000000000000000e+00 0.000000000000000000e+00 0.000000000000000000e+00 0.000000000000000000e+00
0.000000000000000000e+00 0.000000000000000000e+00 0.000000000000000000e+00 0.000000000000000000e+00 0.000000000000000000e+00
0.000000000000000000e+00 0.000000000000000000e+00 0.000000000000000000e+00 0.000000000000000000e+00 0.000000000000000000e+00
0.000000000000000000e+00 0.000000000000000000e+00 0.000000000000000000e+00 0.000000000000000000e+00 0.000000000000000000e+00
0.000000000000000000e+00 0.000000000000000000e+00 0.000000000000000000e+00 0.000000000000000000e+00 0.000000000000000000e+00
0.000000000000000000e+00 0.000000000000000000e+00 0.000000000000000000e+00 0.000000000000000000e+00 0.000000000000000000e+00
0.000000000000000000e+00 0.000000000000000000e+00 0.000000000000000000e+00 0.000000000000000000e+00 0.000000000000000000e+00
0.000000000000000000e+00 0.000000000000000000e+00 0.000000000000000000e+00 0.000000000000000000e+00 0.000000000000000000e+00
0.000000000000000000e+00 0.000000000000000000e+00 0.000000000000000000e+00 0.000000000000000000e+00 0.000000000000000000e+00
0.000000000000000000e+00 0.000000000000000000e+00 0.000000000000000000e+00 0.000000000000000000e+00 0.000000000000000000e+00
0.000000000000000000e+00 0.000000000000000000e+00 0.000000000000000000e+00 0.000000000000000000e+00 0.000000000000000000e+00
0.000000000000000000e+00 0.000000000000000000e+00 0.000000000000000000e+00 0.000000000000000000e+00 0.000000000000000000e+00
0.000000000000000000e+00 0.000000000000000000e+00 0.000000000000000000e+00 0.000000000000000000e+00 0.000000000000000000e+00
0.000000000000000000e+00 0.000000000000000000e+00 0.000000000000000000e+00 0.000000000000000000e+00 0.000000000000000000e+00
0.000000000000000000e+00 0.000000000000000000e+00 0.000000000000000000e+00 0.000000000000000000e+00 0.000000000000000000e+00
0.000000000000000000e+00 0.000000000000000000e+00 0.000000000000000000e+00 0.000000000000000000e+00 0.000000000000000000e+00
0.000000000000000000e+00 0.000000000000000000e+00 0.000000000000000000e+00 0.000000000000000000e+00 0.000000000000000000e+00
0.000000000000000000e+00 0.000000000000000000e+00 0.000000000000000000e+00 0.000000000000000000e+00 0.000000000000000000e+00
0.000000000000000000e+00 0.000000000000000000e+00 0.000000000000000000e+00 0.000000000000000000e+00 0.000000000000000000e+00
0.000000000000000000e+00 0.000000000000000000e+00 0.000000000000000000e+00 0.000000000000000000e+00 0.000000000000000000e+00
0.000000000000000000e+00 0.000000000000000000e+00 0.000000000000000000e+00 0.000000000000000000e+00 0.000000000000000000e+00
0.000000000000000000e+00 0.000000000000000000e+00 0.000000000000000000e+00 0.000000000000000000e+00 0.000000000000000000e+00
0.000000000000000000e+00 0.000000000000000000e+00 0.000000000000000000e+00 0.000000000000000000e+00 0.000000000000000000e+00
0.000000000000000000e+00 0.000000000000000000e+00 0.000000000000000000e+00 0.000000000000000000e+00 0.000000000000000000e+00
0.000000000000000000e+00 0.000000000000000000e+00 0.000000000000000000e+00 0.000000000000000000e+00 0.000000000000000000e+00
0.000000000000000000e+00 0.000000000000000000e+00 0.000000000000000000e+00 0.000000000000000000e+00 0.000000000000000000e+00
0.000000000000000000e+00 0.000000000000000000e+00 0.000000000000000000e+00 0.000000000000000000e+00 0.000000000000000000e+00
0.000000000000000000e+00 0.000000000000000000e+00 0.000000000000000000e+00 0.000000000000000000e+00 0.000000000000000000e+00
0.000000000000000000e+00 0.000000000000000000e+00 0.000000000000000000e+00 0.000000000000000000e+00 0.000000000000000000e+00
0.000000000000000000e+00 0.000000000000000000e+00 0.000000000000000000e+00 0.000000000000000000e+00 0.000000000000000000e+00
0.000000000000000000e+00 0.000000000000000000e+00 0.000000000000000000e+00 0.000000000000000000e+00 0.000000000000000000e+00
0.000000000000000000e+00 0.000000000000000000e+00 0.000000000000000000e+00 0.000000000000000000e+00 0.000000000000000000e+00
0.000000000000000000e+00 0.000000000000000000e+00 0.000000000000000000e+00 0.000000000000000000e+00 0.000000000000000000e+00
0.000000000000000000e+00 0.000000000000000000e+00 0.000000000000000000e+00 0.000000000000000000e+00 0.000000000000000000e+00
0.000000000000000000e+00 0.000000000000000000e+00 0.000000000000000000e+00 0.000000000000000000e+00 0.000000000000000000e+00
0.000000000000000000e+00 0.000000000000000000e+00 0.000000000000000000e+00 0.000000000000000000e+00 0.000000000000000000e+00
0.000000000000000000e+00 0.000000000000000000e+00 0.000000000000000000e+00 0.000000000000000000e+00 0.000000000000000000e+00
0.000000000000000000e+00 0.000000000000000000e+00 0.000000000000000000e+00 0.000000000000000000e+00 0.000000000000000000e+00
0.000000000000000000e+00 0.000000000000000000e+00 0.000000000000000000e+00 0.000000000000000000e+00 0.000000000000000000e+00
0.000000000000000000e+00 0.000000000000000000e+00 0.000000000000000000e+00 0.000000000000000000e+00 0.000000000000000000e+00
0.000000000000000000e+00 0.000000000000000000e+00 0.000000000000000000e+00 0.000000000000000000e+00 0.000000000000000000e+00
0.000000000000000000e+00 0.000000000000000000e+00 0.000000000000000000e+00 0.000000000000000000e+00 0.000000000000000000e+00
0.000000000000000000e+00 0.000000000000000000e+00 0.000000000000000000e+00 0.000000000000000000e+00 0.000000000000000000e+00
0.000000000000000000e+00 0.000000000000000000e+00 0.000000000000000000e+00 0.000000000000000000e+00 0.000000000000000000e+00
0.000000000000000000e+00 0.000000000000000000e+00 0.000000000000000000e+00 0.000000000000000000e+00 0.000000000000000000e+00
0.000000000000000000e+00 0.000000000000000000e+00 0.000000000000000000e+00 0.000000000000000000e+00 0.000000000000000000e+00
0.000000000000000000e+00 0.000000000000000000e+00 0.000000000000000000e+00 0.000000000000000000e+00 0.000000000000000000e+00
0.000000000000000000e+00 0.000000000000000000e+00 0.000000000000000000e+00 0.000000000000000000e+00 0.000000000000000000e+00
0.000000000000000000e+00 0.000000000000000000e+00 0.000000000000000000e+00 0.000000000000000000e+00 0.000000000000000000e+00
0.000000000000000000e+00 0.000000000000000000e+00 0.000000000000000000e+00 0.000000000000000000e+00 0.000000000000000000e+00
0.000000000000000000e+00 0.000000000000000000e+00 0.000000000000000000e+00 0.000000000000000000e+00 0.000000000000000000e+00
0.000000000000000000e+00 0.000000000000000000e+00 0.000000000000000000e+00 0.000000000000000000e+00 0.000000000000000000e+00
0.000000000000000000e+00 0.000000000000000000e+00 0.000000000000000000e+00 0.000000000000000000e+00 0.000000000000000000e+00
0.000000000000000000e+00 0.000000000000000000e+00 0.000000000000000000e+00 0.000000000000000000e+00 0.000000000000000000e+00
0.000000000000000000e+00 0.000000000000000000e+00 0.000000000000000000e+00 0.000000000000000000e+00 0.000000000000000000e+00
0.000000000000000000e+00 0.000000000000000000e+00 0.000000000000000000e+00 0.000000000000000000e+00 0.000000000000000000e+00
0.000000000000000000e+00 0.000000000000000000e+00 0.000000000000000000e+00 0.000000000000000000e+00 0.000000000000000000e+00
0.000000000000000000e+00 0.000000000000000000e+00 0.000000000000000000e+00 0.000000000000000000e+00 0.000000000000000000e+00
0.000000000000000000e+00 0.000000000000000000e+00 0.000000000000000000e+00 0.000000000000000000e+00 0.000000000000000000e+00
0.000000000000000000e+00 0.000000000000000000e+00 0.000000000000000000e+00 0.000000000000000000e+00 0.000000000000000000e+00
0.000000000000000000e+00 0.000000000000000000e+00 0.000000000000000000e+00 0.000000000000000000e+00 0.000000000000000000e+00
0.000000000000000000e+00 0.000000000000000000e+00 0.000000000000000000e+00 0.000000000000000000e+00 0.000000000000000000e+00
0.000000000000000000e+00 0.000000000000000000e+00 0.000000000000000000e+00 0.000000000000000000e+00 0.000000000000000000e+00
0.000000000000000000e+00 0.000000000000000000e+00 0.000000000000000000e+00 0.000000000000000000e+00 0.000000000000000000e+00
0.000000000000000000e+00 0.000000000000000000e+00 0.000000000000000000e+00 0.000000000000000000e+00 0.000000000000000000e+00
0.000000000000000000e+00 0.000000000000000000e+00 0.000000000000000000e+00 0.000000000000000000e+00 0.000000000000000000e+00
0.000000000000000000e+00 0.000000000000000000e+00 0.000000000000000000e+00 0.000000000000000000e+00 0.000000000000000000e+00
0.000000000000000000e+00 0.000000000000000000e+00 0.000000000000000000e+00 0.000000000000000000e+00 0.000000000000000000e+00
0.000000000000000000e+00 0.000000000000000000e+00 0.000000000000000000e+00 0.000000000000000000e+00 0.000000000000000000e+00
0.000000000000000000e+00 0.000000000000000000e+00 0.000000000000000000e+00 0.000000000000000000e+00 0.000000000000000000e+00
0.000000000000000000e+00 0.000000000000000000e+00 0.000000000000000000e+00 0.000000000000000000e+00 0.000000000000000000e+00
0.000000000000000000e+00 0.000000000000000000e+00 0.000000000000000000e+00 0.000000000000000000e+00 0.000000000000000000e+00
0.000000000000000000e+00 0.000000000000000000e+00 0.000000000000000000e+00 0.000000000000000000e+00 0.000000000000000000e+00
0.000000000000000000e+00 0.000000000000000000e+00 0.000000000000000000e+00 0.000000000000000000e+00 0.000000000000000000e+00
0.000000000000000000e+00 0.000000000000000000e+00 0.000000000000000000e+00 0.000000000000000000e+00 0.000000000000000000e+00
0.000000000000000000e+00 0.000000000000000000e+00 0.000000000000000000e+00 0.000000000000000000e+00 0.000000000000000000e+00
0.000000000000000000e+00 0.000000000000000000e+00 0.000000000000000000e+00 0.000000000000000000e+00 0.000000000000000000e+00
0.000000000000000000e+00 0.000000000000000000e+00 0.000000000000000000e+00 0.000000000000000000e+00 0.000000000000000000e+00
0.000000000000000000e+00 0.000000000000000000e+00 0.000000000000000000e+00 0.000000000000000000e+00 0.000000000000000000e+00
0.000000000000000000e+00 0.000000000000000000e+00 0.000000000000000000e+00 0.000000000000000000e+00 0.000000000000000000e+00
0.000000000000000000e+00 0.000000000000000000e+00 0.000000000000000000e+00 0.000000000000000000e+00 0.000000000000000000e+00
0.000000000000000000e+00 0.000000000000000000e+00 0.000000000000000000e+00 0.000000000000000000e+00 0.000000000000000000e+00
0.000000000000000000e+00 0.000000000000000000e+00 0.000000000000000000e+00 0.000000000000000000e+00 0.000000000000000000e+00
0.000000000000000000e+00 0.000000000000000000e+00 0.000000000000000000e+00 0.000000000000000000e+00 0.000000000000000000e+00
0.000000000000000000e+00 0.000000000000000000e+00 0.000000000000000000e+00 0.000000000000000000e+00 0.000000000000000000e+00
0.000000000000000000e+00 0.000000000000000000e+00 0.000000000000000000e+00 0.000000000000000000e+00 0.000000000000000000e+00
0.000000000000000000e+00 0.000000000000000000e+00 0.000000000000000000e+00 0.000000000000000000e+00 0.000000000000000000e+00
0.000000000000000000e+00 0.000000000000000000e+00 0.000000000000000000e+00 0.000000000000000000e+00 0.000000000000000000e+00
0.000000000000000000e+00 0.000000000000000000e+00 0.000000000000000000e+00 0.000000000000000000e+00 0.000000000000000000e+00
0.000000000000000000e+00 0.000000000000000000e+00 0.000000000000000000e+00 0.000000000000000000e+00 0.000000000000000000e+00
0.000000000000000000e+00 0.000000000000000000e+00 0.000000000000000000e+00 0.000000000000000000e+00 0.000000000000000000e+00
0.000000000000000000e+00 0.000000000000000000e+00 0.000000000000000000e+00 0.000000000000000000e+00 0.000000000000000000e+00
0.000000000000000000e+00 0.000000000000000000e+00 0.000000000000000000e+00 0.000000000000000000e+00 0.000000000000000000e+00
0.000000000000000000e+00 0.000000000000000000e+00 0.000000000000000000e+00 0.000000000000000000e+00 0.000000000000000000e+00
0.000000000000000000e+00 0.000000000000000000e+00 0.000000000000000000e+00 0.000000000000000000e+00 0.000000000000000000e+00
0.000000000000000000e+00 0.000000000000000000e+00 0.000000000000000000e+00 0.000000000000000000e+00 0.000000000000000000e+00
0.000000000000000000e+00 0.000000000000000000e+00 0.000000000000000000e+00 0.000000000000000000e+00 0.000000000000000000e+00
0.000000000000000000e+00 0.000000000000000000e+00 0.000000000000000000e+00 0.000000000000000000e+00 0.000000000000000000e+00
0.000000000000000000e+00 0.000000000000000000e+00 0.000000000000000000e+00 0.000000000000000000e+00 0.000000000000000000e+00
0.000000000000000000e+00 0.000000000000000000e+00 0.000000000000000000e+00 0.000000000000000000e+00 0.000000000000000000e+00
0.000000000000000000e+00 0.000000000000000000e+00 0.000000000000000000e+00 0.000000000000000000e+00 0.000000000000000000e+00
0.000000000000000000e+00 0.000000000000000000e+00 0.000000000000000000e+00 0.000000000000000000e+00 0.000000000000000000e+00
0.000000000000000000e+00 0.000000000000000000e+00 0.000000000000000000e+00 0.000000000000000000e+00 0.000000000000000000e+00
0.000000000000000000e+00 0.000000000000000000e+00 0.000000000000000000e+00 0.000000000000000000e+00 0.000000000000000000e+00
0.000000000000000000e+00 0.000000000000000000e+00 0.000000000000000000e+00 0.000000000000000000e+00 0.000000000000000000e+00
0.000000000000000000e+00 0.000000000000000000e+00 0.000000000000000000e+00 0.000000000000000000e+00 0.000000000000000000e+00
0.000000000000000000e+00 0.000000000000000000e+00 0.000000000000000000e+00 0.000000000000000000e+00 0.000000000000000000e+00
0.000000000000000000e+00 0.000000000000000000e+00 0.000000000000000000e+00 0.000000000000000000e+00 0.000000000000000000e+00
0.000000000000000000e+00 0.000000000000000000e+00 0.000000000000000000e+00 0.000000000000000000e+00 0.000000000000000000e+00
0.000000000000000000e+00 0.000000000000000000e+00 0.000000000000000000e+00 0.000000000000000000e+00 0.000000000000000000e+00
0.000000000000000000e+00 0.000000000000000000e+00 0.000000000000000000e+00 0.000000000000000000e+00 0.000000000000000000e+00
0.000000000000000000e+00 0.000000000000000000e+00 0.000000000000000000e+00 0.000000000000000000e+00 0.000000000000000000e+00
0.000000000000000000e+00 0.000000000000000000e+00 0.000000000000000000e+00 0.000000000000000000e+00 0.000000000000000000e+00
0.000000000000000000e+00 0.000000000000000000e+00 0.000000000000000000e+00 0.000000000000000000e+00 0.000000000000000000e+00
0.000000000000000000e+00 0.000000000000000000e+00 0.000000000000000000e+00 0.000000000000000000e+00 0.000000000000000000e+00
0.000000000000000000e+00 0.000000000000000000e+00 0.000000000000000000e+00 0.000000000000000000e+00 0.000000000000000000e+00
0.000000000000000000e+00 0.000000000000000000e+00 0.000000000000000000e+00 0.000000000000000000e+00 0.000000000000000000e+00
0.000000000000000000e+00 0.000000000000000000e+00 0.000000000000000000e+00 0.000000000000000000e+00 0.000000000000000000e+00
0.000000000000000000e+00 0.000000000000000000e+00 0.000000000000000000e+00 0.000000000000000000e+00 0.000000000000000000e+00
0.000000000000000000e+00 0.000000000000000000e+00 0.000000000000000000e+00 0.000000000000000000e+00 0.000000000000000000e+00
0.000000000000000000e+00 0.000000000000000000e+00 0.000000000000000000e+00 0.000000000000000000e+00 0.000000000000000000e+00
0.000000000000000000e+00 0.000000000000000000e+00 0.000000000000000000e+00 0.000000000000000000e+00 0.000000000000000000e+00
0.000000000000000000e+00 0.000000000000000000e+00 0.000000000000000000e+00 0.000000000000000000e+00 0.000000000000000000e+00
0.000000000000000000e+00 0.000000000000000000e+00 0.000000000000000000e+00 0.000000000000000000e+00 0.000000000000000000e+00
0.000000000000000000e+00 0.000000000000000000e+00 0.000000000000000000e+00 0.000000000000000000e+00 0.000000000000000000e+00
0.000000000000000000e+00 0.000000000000000000e+00 0.000000000000000000e+00 0.000000000000000000e+00 0.000000000000000000e+00
0.000000000000000000e+00 0.000000000000000000e+00 0.000000000000000000e+00 0.000000000000000000e+00 0.000000000000000000e+00
0.000000000000000000e+00 0.000000000000000000e+00 0.000000000000000000e+00 0.000000000000000000e+00 0.000000000000000000e+00
0.000000000000000000e+00 0.000000000000000000e+00 0.000000000000000000e+00 0.000000000000000000e+00 0.000000000000000000e+00
0.000000000000000000e+00 0.000000000000000000e+00 0.000000000000000000e+00 0.000000000000000000e+00 0.000000000000000000e+00
0.000000000000000000e+00 0.000000000000000000e+00 0.000000000000000000e+00 0.000000000000000000e+00 0.000000000000000000e+00
0.000000000000000000e+00 0.000000000000000000e+00 0.000000000000000000e+00 0.000000000000000000e+00 0.000000000000000000e+00
0.000000000000000000e+00 0.000000000000000000e+00 0.000000000000000000e+00 0.000000000000000000e+00 0.000000000000000000e+00
0.000000000000000000e+00 0.000000000000000000e+00 0.000000000000000000e+00 0.000000000000000000e+00 0.000000000000000000e+00
0.000000000000000000e+00 0.000000000000000000e+00 0.000000000000000000e+00 0.000000000000000000e+00 0.000000000000000000e+00
0.000000000000000000e+00 0.000000000000000000e+00 0.000000000000000000e+00 0.000000000000000000e+00 0.000000000000000000e+00
0.000000000000000000e+00 0.000000000000000000e+00 0.000000000000000000e+00 0.000000000000000000e+00 0.000000000000000000e+00
0.000000000000000000e+00 0.000000000000000000e+00 0.000000000000000000e+00 0.000000000000000000e+00 0.000000000000000000e+00
0.000000000000000000e+00 0.000000000000000000e+00 0.000000000000000000e+00 0.000000000000000000e+00 0.000000000000000000e+00
0.000000000000000000e+00 0.000000000000000000e+00 0.000000000000000000e+00 0.000000000000000000e+00 0.000000000000000000e+00
0.000000000000000000e+00 0.000000000000000000e+00 0.000000000000000000e+00 0.000000000000000000e+00 0.000000000000000000e+00
0.000000000000000000e+00 0.000000000000000000e+00 0.000000000000000000e+00 0.000000000000000000e+00 0.000000000000000000e+00
0.000000000000000000e+00 0.000000000000000000e+00 0.000000000000000000e+00 0.000000000000000000e+00 0.000000000000000000e+00
0.000000000000000000e+00 0.000000000000000000e+00 0.000000000000000000e+00 0.000000000000000000e+00 0.000000000000000000e+00
0.000000000000000000e+00 0.000000000000000000e+00 0.000000000000000000e+00 0.000000000000000000e+00 0.000000000000000000e+00
0.000000000000000000e+00 0.000000000000000000e+00 0.000000000000000000e+00 0.000000000000000000e+00 0.000000000000000000e+00
0.000000000000000000e+00 0.000000000000000000e+00 0.000000000000000000e+00 0.000000000000000000e+00 0.000000000000000000e+00
0.000000000000000000e+00 0.000000000000000000e+00 0.000000000000000000e+00 0.000000000000000000e+00 0.000000000000000000e+00
0.000000000000000000e+00 0.000000000000000000e+00 0.000000000000000000e+00 0.000000000000000000e+00 0.000000000000000000e+00
0.000000000000000000e+00 0.000000000000000000e+00 0.000000000000000000e+00 0.000000000000000000e+00 0.000000000000000000e+00
0.000000000000000000e+00 0.000000000000000000e+00 0.000000000000000000e+00 0.000000000000000000e+00 0.000000000000000000e+00
0.000000000000000000e+00 0.000000000000000000e+00 0.000000000000000000e+00 0.000000000000000000e+00 0.000000000000000000e+00
0.000000000000000000e+00 0.000000000000000000e+00 0.000000000000000000e+00 0.000000000000000000e+00 0.000000000000000000e+00
0.000000000000000000e+00 0.000000000000000000e+00 0.000000000000000000e+00 0.000000000000000000e+00 0.000000000000000000e+00
0.000000000000000000e+00 0.000000000000000000e+00 0.000000000000000000e+00 0.000000000000000000e+00 0.000000000000000000e+00
0.000000000000000000e+00 0.000000000000000000e+00 0.000000000000000000e+00 0.000000000000000000e+00 0.000000000000000000e+00
0.000000000000000000e+00 0.000000000000000000e+00 0.000000000000000000e+00 0.000000000000000000e+00 0.000000000000000000e+00
0.000000000000000000e+00 0.000000000000000000e+00 0.000000000000000000e+00 0.000000000000000000e+00 0.000000000000000000e+00
0.000000000000000000e+00 0.000000000000000000e+00 0.000000000000000000e+00 0.000000000000000000e+00 0.000000000000000000e+00
0.000000000000000000e+00 0.000000000000000000e+00 0.000000000000000000e+00 0.000000000000000000e+00 0.000000000000000000e+00
0.000000000000000000e+00 0.000000000000000000e+00 0.000000000000000000e+00 0.000000000000000000e+00 0.000000000000000000e+00
0.000000000000000000e+00 0.000000000000000000e+00 0.000000000000000000e+00 0.000000000000000000e+00 0.000000000000000000e+00
0.000000000000000000e+00 0.000000000000000000e+00 0.000000000000000000e+00 0.000000000000000000e+00 0.000000000000000000e+00
0.000000000000000000e+00 0.000000000000000000e+00 0.000000000000000000e+00 0.000000000000000000e+00 0.000000000000000000e+00
0.000000000000000000e+00 0.000000000000000000e+00 0.000000000000000000e+00 0.000000000000000000e+00 0.000000000000000000e+00
0.000000000000000000e+00 0.000000000000000000e+00 0.000000000000000000e+00 0.000000000000000000e+00 0.000000000000000000e+00
0.000000000000000000e+00 0.000000000000000000e+00 0.000000000000000000e+00 0.000000000000000000e+00 0.000000000000000000e+00
0.000000000000000000e+00 0.000000000000000000e+00 0.000000000000000000e+00 0.000000000000000000e+00 0.000000000000000000e+00
0.000000000000000000e+00 0.000000000000000000e+00 0.000000000000000000e+00 0.000000000000000000e+00 0.000000000000000000e+00
0.000000000000000000e+00 0.000000000000000000e+00 0.000000000000000000e+00 0.000000000000000000e+00 0.000000000000000000e+00
0.000000000000000000e+00 0.000000000000000000e+00 0.000000000000000000e+00 0.000000000000000000e+00 0.000000000000000000e+00
0.000000000000000000e+00 0.000000000000000000e+00 0.000000000000000000e+00 0.000000000000000000e+00 0.000000000000000000e+00
0.000000000000000000e+00 0.000000000000000000e+00 0.000000000000000000e+00 0.000000000000000000e+00 0.000000000000000000e+00
0.000000000000000000e+00 0.000000000000000000e+00 0.000000000000000000e+00 0.000000000000000000e+00 0.000000000000000000e+00
0.000000000000000000e+00 0.000000000000000000e+00 0.000000000000000000e+00 0.000000000000000000e+00 0.000000000000000000e+00
0.000000000000000000e+00 0.000000000000000000e+00 0.000000000000000000e+00 0.000000000000000000e+00 0.000000000000000000e+00
0.000000000000000000e+00 0.000000000000000000e+00 0.000000000000000000e+00 0.000000000000000000e+00 0.000000000000000000e+00
0.000000000000000000e+00 0.000000000000000000e+00 0.000000000000000000e+00 0.000000000000000000e+00 0.000000000000000000e+00
0.000000000000000000e+00 0.000000000000000000e+00 0.000000000000000000e+00 0.000000000000000000e+00 0.000000000000000000e+00
0.000000000000000000e+00 0.000000000000000000e+00 0.000000000000000000e+00 0.000000000000000000e+00 0.000000000000000000e+00
0.000000000000000000e+00 0.000000000000000000e+00 0.000000000000000000e+00 0.000000000000000000e+00 0.000000000000000000e+00
0.000000000000000000e+00 0.000000000000000000e+00 0.000000000000000000e+00 0.000000000000000000e+00 0.000000000000000000e+00
0.000000000000000000e+00 0.000000000000000000e+00 0.000000000000000000e+00 0.000000000000000000e+00 0.000000000000000000e+00
0.000000000000000000e+00 0.000000000000000000e+00 0.000000000000000000e+00 0.000000000000000000e+00 0.000000000000000000e+00
0.000000000000000000e+00 0.000000000000000000e+00 0.000000000000000000e+00 0.000000000000000000e+00 0.000000000000000000e+00
0.000000000000000000e+00 0.000000000000000000e+00 0.000000000000000000e+00 0.000000000000000000e+00 0.000000000000000000e+00
0.000000000000000000e+00 0.000000000000000000e+00 0.000000000000000000e+00 0.000000000000000000e+00 0.000000000000000000e+00
0.000000000000000000e+00 0.000000000000000000e+00 0.000000000000000000e+00 0.000000000000000000e+00 0.000000000000000000e+00
0.000000000000000000e+00 0.000000000000000000e+00 0.000000000000000000e+00 0.000000000000000000e+00 0.000000000000000000e+00
0.000000000000000000e+00 0.000000000000000000e+00 0.000000000000000000e+00 0.000000000000000000e+00 0.000000000000000000e+00
0.000000000000000000e+00 0.000000000000000000e+00 0.000000000000000000e+00 0.000000000000000000e+00 0.000000000000000000e+00
0.000000000000000000e+00 0.000000000000000000e+00 0.000000000000000000e+00 0.000000000000000000e+00 0.000000000000000000e+00
0.000000000000000000e+00 0.000000000000000000e+00 0.000000000000000000e+00 0.000000000000000000e+00 0.000000000000000000e+00
0.000000000000000000e+00 0.000000000000000000e+00 0.000000000000000000e+00 0.000000000000000000e+00 0.000000000000000000e+00
0.000000000000000000e+00 0.000000000000000000e+00 0.000000000000000000e+00 0.000000000000000000e+00 0.000000000000000000e+00
0.000000000000000000e+00 0.000000000000000000e+00 0.000000000000000000e+00 3.748625462011042853e+00 5.142688908823471294e+00
0.000000000000000000e+00 0.000000000000000000e+00 0.000000000000000000e+00 2.268207111420053934e+00 5.358319247294048182e+00
0.000000000000000000e+00 0.000000000000000000e+00 0.000000000000000000e+00 1.176025612750740468e+00 4.905727536032998159e+00
0.000000000000000000e+00 0.000000000000000000e+00 0.000000000000000000e+00 3.235265382835066372e-01 3.912019890998446492e+00
0.000000000000000000e+00 0.000000000000000000e+00 0.000000000000000000e+00 0.000000000000000000e+00 2.740746834654295583e+00
6.867061613910665496e-01 0.000000000000000000e+00 0.000000000000000000e+00 0.000000000000000000e+00 1.639887452803348022e+00
2.452214965628933818e+00 0.000000000000000000e+00 0.000000000000000000e+00 0.000000000000000000e+00 6.746234177185714831e-01
3.838853650015666474e+00 0.000000000000000000e+00 0.000000000000000000e+00 0.000000000000000000e+00 0.000000000000000000e+00
4.755472789458652372e+00 0.000000000000000000e+00 0.000000000000000000e+00 0.000000000000000000e+00 0.000000000000000000e+00
5.141666298485249698e+00 3.379943471822335344e-01 0.000000000000000000e+00 0.000000000000000000e+00 0.000000000000000000e+00
4.990720397700074251e+00 2.073948744003327960e+00 0.000000000000000000e+00 0.000000000000000000e+00 0.000000000000000000e+00
4.442745925835166254e+00 3.516525099998591752e+00 0.000000000000000000e+00 0.000000000000000000e+00 0.000000000000000000e+00
3.637159082634717766e+00 4.519759487594422254e+00 0.000000000000000000e+00 0.000000000000000000e+00 0.000000000000000000e+00
2.692188042992536889e+00 4.975937719895713762e+00 2.119059418039348497e-01 0.000000000000000000e+00 0.000000000000000000e+00
1.725630343764785302e+00 4.858498140026117795e+00 1.962684094083836372e+00 0.000000000000000000e+00 0.000000000000000000e+00
8.190689167338724985e-01 4.329343349407779762e+00 3.410339983132654851e+00 0.000000000000000000e+00 0.000000000000000000e+00
2.304943089413535873e-02 3.558435580813029464e+00 4.408404727475662810e+00 0.000000000000000000e+00 0.000000000000000000e+00
0.000000000000000000e+00 2.667536677504481535e+00 4.870523795282607260e+00 6.314470597620691628e-02 0.000000000000000000e+00
0.000000000000000000e+00 1.773516665678148696e+00 4.784646922953957215e+00 1.783469360962353312e+00 0.000000000000000000e+00
0.000000000000000000e+00 9.325405553396858283e-01 4.322400695831458250e+00 3.196410059421348926e+00 0.000000000000000000e+00
0.000000000000000000e+00 1.695227699804215948e-01 3.637351070762997463e+00 4.185102735431232013e+00 0.000000000000000000e+00
0.000000000000000000e+00 0.000000000000000000e+00 2.817235801296169129e+00 4.689599135328125890e+00 0.000000000000000000e+00
0.000000000000000000e+00 0.000000000000000000e+00 1.957130330775292304e+00 4.690558384103047374e+00 1.482502349363631344e+00
0.000000000000000000e+00 0.000000000000000000e+00 1.123511790411651390e+00 4.314428007326417180e+00 2.898779210567105302e+00
0.000000000000000000e+00 0.000000000000000000e+00 3.554407022310652753e-01 3.696243637693254147e+00 3.930872318834850887e+00
0.000000000000000000e+00 0.000000000000000000e+00 0.000000000000000000e+00 2.924316423820686239e+00 4.511274797755837618e+00
0.000000000000000000e+00 0.000000000000000000e+00 0.000000000000000000e+00 2.090818846303767575e+00 4.607292304397915039e+00
0.000000000000000000e+00 0.000000000000000000e+00 0.000000000000000000e+00 1.275282397788076283e+00 4.254335775783776086e+00
0.000000000000000000e+00 0.000000000000000000e+00 0.000000000000000000e+00 5.160508260352831833e-01 3.560207981427831569e+00
0.000000000000000000e+00 0.000000000000000000e+00 0.000000000000000000e+00 0.000000000000000000e+00 2.666718101194736956e+00
6.892636089452199855e-01 0.000000000000000000e+00 0.000000000000000000e+00 0.000000000000000000e+00 1.712461008046145761e+00
2.267207381389446663e+00 0.000000000000000000e+00 0.000000000000000000e+00 0.000000000000000000e+00 8.066287862969552247e-01
3.560602956553363008e+00 0.000000000000000000e+00 0.000000000000000000e+00 0.000000000000000000e+00 2.428148620256642687e-03
4.453706142824268355e+00 0.000000000000000000e+00 0.000000000000000000e+00 0.000000000000000000e+00 0.000000000000000000e+00
4.864211954024379558e+00 2.278723093707346603e-01 0.000000000000000000e+00 0.000000000000000000e+00 0.000000000000000000e+00
4.778106536252669123e+00 1.868307138033358461e+00 0.000000000000000000e+00 0.000000000000000000e+00 0.000000000000000000e+00
4.322528793054291718e+00 3.241795790380575415e+00 0.000000000000000000e+00 0.000000000000000000e+00 0.000000000000000000e+00
3.612452295932708335e+00 4.223763129676606276e+00 0.000000000000000000e+00 0.000000000000000000e+00 0.000000000000000000e+00
2.742968989667666779e+00 4.719932403847611369e+00 5.708677741877599826e-02 0.000000000000000000e+00 0.000000000000000000e+00
1.824810316446336067e+00 4.684645999866447141e+00 1.723764143958280259e+00 0.000000000000000000e+00 0.000000000000000000e+00
9.429334363096545379e-01 4.248178169409573712e+00 3.125595687625728925e+00 0.000000000000000000e+00 0.000000000000000000e+00
1.534066666899751574e-01 3.558648366990681655e+00 4.127053117052374098e+00 0.000000000000000000e+00 0.000000000000000000e+00
0.000000000000000000e+00 2.727765654409093354e+00 4.640499944521793374e+00 0.000000000000000000e+00 0.000000000000000000e+00
0.000000000000000000e+00 1.869396061606941384e+00 4.636793575344147378e+00 1.528456755547278334e+00 0.000000000000000000e+00
0.000000000000000000e+00 1.047740831139434503e+00 4.254924167130036849e+00 2.918650576878245584e+00 0.000000000000000000e+00
0.000000000000000000e+00 2.925466592449936232e-01 3.637939959128488443e+00 3.921968417897423898e+00 0.000000000000000000e+00
0.000000000000000000e+00 0.000000000000000000e+00 2.872597286544439132e+00 4.475472462237934934e+00 0.000000000000000000e+00
0.000000000000000000e+00 0.000000000000000000e+00 2.048279853822054353e+00 4.552888561256435374e+00 1.229280109510373364e+00
0.000000000000000000e+00 0.000000000000000000e+00 1.235662664760500906e+00 4.250672061484079833e+00 2.630539851270360607e+00
0.000000000000000000e+00 0.000000000000000000e+00 4.767814984361766761e-01 3.696004526935059875e+00 3.678524718602992571e+00
0.000000000000000000e+00 0.000000000000000000e+00 0.000000000000000000e+00 2.977382818112739749e+00 4.304363502738466352e+00
0.000000000000000000e+00 0.000000000000000000e+00 0.000000000000000000e+00 2.179371086915049105e+00 4.471614783475036603e+00
0.000000000000000000e+00 0.000000000000000000e+00 0.000000000000000000e+00 1.383920039926750389e+00 4.201726174131337643e+00
0.000000000000000000e+00 0.000000000000000000e+00 0.000000000000000000e+00 6.344664819215611873e-01 3.586078458589045503e+00
0.000000000000000000e+00 0.000000000000000000e+00 0.000000000000000000e+00 0.000000000000000000e+00 2.755000905273437883e+00
4.536918715499083099e-01 0.000000000000000000e+00 0.000000000000000000e+00 0.000000000000000000e+00 1.838448574884623321e+00
2.001017756452486918e+00 0.000000000000000000e+00 0.000000000000000000e+00 0.000000000000000000e+00 9.504999497999893077e-01
3.291854627764029484e+00 0.000000000000000000e+00 0.000000000000000000e+00 0.000000000000000000e+00 1.495872918555283260e-01
4.213869394729773177e+00 0.000000000000000000e+00 0.000000000000000000e+00 0.000000000000000000e+00 0.000000000000000000e+00
4.687023113342390523e+00 5.057137386298204973e-03 0.000000000000000000e+00 0.000000000000000000e+00 0.000000000000000000e+00
4.677411287804864592e+00 1.608278610726659341e+00 0.000000000000000000e+00 0.000000000000000000e+00 0.000000000000000000e+00
4.298917807392712120e+00 2.973543866325591978e+00 0.000000000000000000e+00 0.000000000000000000e+00 0.000000000000000000e+00
3.658505820407394360e+00 3.982356774436889513e+00 0.000000000000000000e+00 0.000000000000000000e+00 0.000000000000000000e+00
2.841110386304776192e+00 4.542723295529575545e+00 0.000000000000000000e+00 0.000000000000000000e+00 0.000000000000000000e+00
1.953384698681037923e+00 4.596024390603743015e+00 1.441303052951325325e+00 0.000000000000000000e+00 0.000000000000000000e+00
1.083848617066690556e+00 4.240395105508805607e+00 2.847449288576428650e+00 0.000000000000000000e+00 0.000000000000000000e+00
2.923332330425156833e-01 3.614207923486202123e+00 3.888167992264267347e+00 0.000000000000000000e+00 0.000000000000000000e+00
0.000000000000000000e+00 2.828362135179916859e+00 4.471334427643939513e+00 0.000000000000000000e+00 0.000000000000000000e+00
0.000000000000000000e+00 1.992753972453250588e+00 4.557003421785371877e+00 1.239797513524619310e+00 0.000000000000000000e+00
0.000000000000000000e+00 1.180241966481550220e+00 4.249235596266276005e+00 2.644946585300027575e+00 0.000000000000000000e+00
0.000000000000000000e+00 4.256898302124383360e-01 3.687736162616758850e+00 3.691682820095862461e+00 0.000000000000000000e+00
0.000000000000000000e+00 0.000000000000000000e+00 2.965522096920436113e+00 4.310614080407220605e+00 0.000000000000000000e+00
0.000000000000000000e+00 0.000000000000000000e+00 2.166664861411637499e+00 4.469792927793832860e+00 9.495346249455542953e-01
0.000000000000000000e+00 0.000000000000000000e+00 1.366288227483688722e+00 4.237701313030343364e+00 2.364397044076793186e+00
0.000000000000000000e+00 0.000000000000000000e+00 6.098251508590279979e-01 3.738673934702811064e+00 3.450699053287104690e+00
0.000000000000000000e+00 0.000000000000000000e+00 0.000000000000000000e+00 3.064953911781701734e+00 4.136288654282809674e+00
0.000000000000000000e+00 0.000000000000000000e+00 0.000000000000000000e+00 2.294044276200533083e+00 4.381002960096256338e+00
0.000000000000000000e+00 0.000000000000000000e+00 0.000000000000000000e+00 1.511341969703808852e+00 4.193203153750229895e+00
0.000000000000000000e+00 0.000000000000000000e+00 0.000000000000000000e+00 7.660559464635635640e-01 3.649973984164935459e+00
0.000000000000000000e+00 0.000000000000000000e+00 0.000000000000000000e+00 7.514012522835122887e-02 2.872853495924930112e+00
1.885226039852510027e-01 0.000000000000000000e+00 0.000000000000000000e+00 0.000000000000000000e+00 1.986656426525489794e+00
1.725982681707735722e+00 0.000000000000000000e+00 0.000000000000000000e+00 0.000000000000000000e+00 1.107909393327281000e+00
3.034140974835764837e+00 0.000000000000000000e+00 0.000000000000000000e+00 0.000000000000000000e+00 3.015750400885561788e-01
4.001489142870209292e+00 0.000000000000000000e+00 0.000000000000000000e+00 0.000000000000000000e+00 0.000000000000000000e+00
4.547360694390850000e+00 0.000000000000000000e+00 0.000000000000000000e+00 0.000000000000000000e+00 0.000000000000000000e+00
4.626556168689107018e+00 1.309668598617187429e+00 0.000000000000000000e+00 0.000000000000000000e+00 0.000000000000000000e+00
4.321748693345609738e+00 2.698902934531424158e+00 0.000000000000000000e+00 0.000000000000000000e+00 0.000000000000000000e+00
3.739131914514694621e+00 3.759628544369408409e+00 0.000000000000000000e+00 0.000000000000000000e+00 0.000000000000000000e+00
2.965648306243116927e+00 4.396334051570985224e+00 0.000000000000000000e+00 0.000000000000000000e+00 0.000000000000000000e+00
2.102041926287098850e+00 4.544179550339696227e+00 1.134959299042731518e+00 0.000000000000000000e+00 0.000000000000000000e+00
1.238920381617979460e+00 4.267711735965650455e+00 2.567550306200021115e+00 0.000000000000000000e+00 0.000000000000000000e+00
4.403341754269063379e-01 3.699041883100522732e+00 3.664170794848223167e+00 0.000000000000000000e+00 0.000000000000000000e+00
0.000000000000000000e+00 2.952481896005436202e+00 4.326730655930338898e+00 0.000000000000000000e+00 0.000000000000000000e+00
0.000000000000000000e+00 2.133992897499537911e+00 4.505676130577409566e+00 9.350794008767429055e-01 0.000000000000000000e+00
0.000000000000000000e+00 1.325654285599516147e+00 4.271282844402361611e+00 2.370331319767602363e+00 0.000000000000000000e+00
0.000000000000000000e+00 5.678949389937767434e-01 3.762136487018465481e+00 3.472365560967746845e+00 0.000000000000000000e+00
0.000000000000000000e+00 0.000000000000000000e+00 3.079379525914832882e+00 4.164394271933798741e+00 0.000000000000000000e+00
0.000000000000000000e+00 0.000000000000000000e+00 2.301941706847462576e+00 4.409064941639854851e+00 6.541230835849727310e-01
0.000000000000000000e+00 0.000000000000000000e+00 1.510102724954750952e+00 4.247454508472057633e+00 2.094674420144438276e+00
0.000000000000000000e+00 0.000000000000000000e+00 7.529406209927341775e-01 3.802550289271967809e+00 3.229186615334065369e+00
0.000000000000000000e+00 0.000000000000000000e+00 5.880326804482871594e-02 3.171606587713343917e+00 3.981437416548221364e+00
0.000000000000000000e+00 0.000000000000000000e+00 0.000000000000000000e+00 2.426308518322207952e+00 4.307879767885617994e+00
0.000000000000000000e+00 0.000000000000000000e+00 0.000000000000000000e+00 1.652698707994717520e+00 4.204708175322965147e+00
0.000000000000000000e+00 0.000000000000000000e+00 0.000000000000000000e+00 9.069535920826465869e-01 3.734046684949976491e+00
0.000000000000000000e+00 0.000000000000000000e+00 0.000000000000000000e+00 2.100117561747610051e-01 3.008107398237465979e+00
0.000000000000000000e+00 0.000000000000000000e+00 0.000000000000000000e+00 0.000000000000000000e+00 2.149369067189285332e+00
1.432935543992783112e+00 0.000000000000000000e+00 0.000000000000000000e+00 0.000000000000000000e+00 1.275005645501902762e+00
2.772281764669184856e+00 0.000000000000000000e+00 0.000000000000000000e+00 0.000000000000000000e+00 4.586532693040448749e-01
3.796600019579492002e+00 0.000000000000000000e+00 0.000000000000000000e+00 0.000000000000000000e+00 0.000000000000000000e+00
4.421652889355947913e+00 0.000000000000000000e+00 0.000000000000000000e+00 0.000000000000000000e+00 0.000000000000000000e+00
4.591999297811439895e+00 9.995041294660640396e-01 0.000000000000000000e+00 0.000000000000000000e+00 0.000000000000000000e+00
4.360743851313719333e+00 2.421783060522372910e+00 0.000000000000000000e+00 0.000000000000000000e+00 0.000000000000000000e+00
3.835065439433918311e+00 3.540845463426992357e+00 0.000000000000000000e+00 0.000000000000000000e+00 0.000000000000000000e+00
3.104414680612505695e+00 4.257830824017621474e+00 0.000000000000000000e+00 0.000000000000000000e+00 0.000000000000000000e+00
2.263101317951212277e+00 4.502683772229418402e+00 8.195046308165396809e-01 0.000000000000000000e+00 0.000000000000000000e+00
1.404000266297615873e+00 4.307003134669085576e+00 2.284346930855742475e+00 0.000000000000000000e+00 0.000000000000000000e+00
5.959109668314503949e-01 3.796409547872419132e+00 3.441642900890357737e+00 0.000000000000000000e+00 0.000000000000000000e+00
0.000000000000000000e+00 3.088666143775121053e+00 4.187114676188059548e+00 0.000000000000000000e+00 0.000000000000000000e+00
0.000000000000000000e+00 2.285790747538326784e+00 4.461731518549816755e+00 6.218486831599739917e-01 0.000000000000000000e+00
0.000000000000000000e+00 1.480027555189654231e+00 4.302307723417044372e+00 2.091550887579790796e+00 0.000000000000000000e+00
0.000000000000000000e+00 7.176402902692244901e-01 3.846350659395758598e+00 3.252470464450541776e+00 0.000000000000000000e+00
0.000000000000000000e+00 2.124809134659177978e-02 3.203427022183012784e+00 4.020222832891274578e+00 0.000000000000000000e+00
0.000000000000000000e+00 0.000000000000000000e+00 2.447462244890797667e+00 4.352501000972287315e+00 3.502148872934169321e-01
0.000000000000000000e+00 0.000000000000000000e+00 1.663121111639740413e+00 4.263657254820515163e+00 1.819417357249453637e+00
0.000000000000000000e+00 0.000000000000000000e+00 9.035389209677071598e-01 3.874666377207993673e+00 3.004883135323832555e+00
0.000000000000000000e+00 0.000000000000000000e+00 1.985193985387316840e-01 3.287303584222085462e+00 3.826284933205430505e+00
0.000000000000000000e+00 0.000000000000000000e+00 0.000000000000000000e+00 2.569296442470824005e+00 4.236905180789972469e+00
0.000000000000000000e+00 0.000000000000000000e+00 0.000000000000000000e+00 1.803168265491469358e+00 4.221626549145789831e+00
0.000000000000000000e+00 0.000000000000000000e+00 0.000000000000000000e+00 1.053503897523641264e+00 3.826029024131591516e+00
0.000000000000000000e+00 0.000000000000000000e+00 0.000000000000000000e+00 3.489302271626617546e-01 3.151318029669476495e+00
0.000000000000000000e+00 0.000000000000000000e+00 0.000000000000000000e+00 0.000000000000000000e+00 2.318905835724631714e+00
1.114445268762822794e+00 0.000000000000000000e+00 0.000000000000000000e+00 0.000000000000000000e+00 1.447238321798572924e+00
2.496678870791272598e+00 0.000000000000000000e+00 0.000000000000000000e+00 0.000000000000000000e+00 6.209156255435475114e-01
3.587201843164772974e+00 0.000000000000000000e+00 0.000000000000000000e+00 0.000000000000000000e+00 0.000000000000000000e+00
4.295303982293713574e+00 0.000000000000000000e+00 0.000000000000000000e+00 0.000000000000000000e+00 0.000000000000000000e+00
4.558702988752070695e+00 6.807711002961341906e-01 0.000000000000000000e+00 0.000000000000000000e+00 0.000000000000000000e+00
4.403216557069332460e+00 2.138136837615240538e+00 0.000000000000000000e+00 0.000000000000000000e+00 0.000000000000000000e+00
3.936912148272366796e+00 3.316539240497284879e+00 0.000000000000000000e+00 0.000000000000000000e+00 0.000000000000000000e+00
3.250941032046111179e+00 4.114868097681348758e+00 0.000000000000000000e+00 0.000000000000000000e+00 0.000000000000000000e+00
2.432578248673548771e+00 4.458686179819279616e+00 4.979959656304255300e-01 0.000000000000000000e+00 0.000000000000000000e+00
1.577157067766569831e+00 4.346980015064493941e+00 1.994752948798966363e+00 0.000000000000000000e+00 0.000000000000000000e+00
7.586389170717677821e-01 3.897568606375745315e+00 3.212750991086942065e+00 0.000000000000000000e+00 0.000000000000000000e+00
2.470992677710448504e-02 3.230824056656818488e+00 4.041777928068722048e+00 0.000000000000000000e+00 0.000000000000000000e+00
0.000000000000000000e+00 2.444958508084868143e+00 4.413702777197455518e+00 3.032940791224154609e-01 0.000000000000000000e+00
0.000000000000000000e+00 1.641689613814431015e+00 4.332426473700043523e+00 1.806314444672345809e+00 0.000000000000000000e+00
0.000000000000000000e+00 8.736778533141595915e-01 3.932861451529878760e+00 3.025605220809739482e+00 0.000000000000000000e+00
0.000000000000000000e+00 1.643519998272919835e-01 3.331951704288091065e+00 3.869428556529458163e+00 0.000000000000000000e+00
0.000000000000000000e+00 0.000000000000000000e+00 2.601352571371213340e+00 4.290920917104232402e+00 4.141350278011613623e-02
0.000000000000000000e+00 0.000000000000000000e+00 1.823635450118086920e+00 4.279356561120659208e+00 1.537593459015773378e+00
0.000000000000000000e+00 0.000000000000000000e+00 1.057546793809365004e+00 3.950323084279263153e+00 2.773770463875209646e+00
0.000000000000000000e+00 0.000000000000000000e+00 3.400374566171837643e-01 3.407058914285040263e+00 3.665758778532179907e+00
0.000000000000000000e+00 0.000000000000000000e+00 0.000000000000000000e+00 2.715316930390364814e+00 4.161928161720081398e+00
0.000000000000000000e+00 0.000000000000000000e+00 0.000000000000000000e+00 1.956610704866485806e+00 4.234940210382234227e+00
0.000000000000000000e+00 0.000000000000000000e+00 0.000000000000000000e+00 1.203957346916752158e+00 3.915143650892422666e+00
0.000000000000000000e+00 0.000000000000000000e+00 0.000000000000000000e+00 4.922756769724498938e-01 3.293918211557286924e+00
0.000000000000000000e+00 0.000000000000000000e+00 0.000000000000000000e+00 0.000000000000000000e+00 2.490845181602141967e+00
7.955626114848191044e-01 0.000000000000000000e+00 0.000000000000000000e+00 0.000000000000000000e+00 1.623885269413742893e+00
2.217109887855276185e+00 0.000000000000000000e+00 0.000000000000000000e+00 0.000000000000000000e+00 7.883690694704328372e-01
3.370594261698197869e+00 0.000000000000000000e+00 0.000000000000000000e+00 0.000000000000000000e+00 3.409412576084314139e-02
4.159571017060448739e+00 0.000000000000000000e+00 0.000000000000000000e+00 0.000000000000000000e+00 0.000000000000000000e+00
4.515896208873075857e+00 3.623425214835200303e-01 0.000000000000000000e+00 0.000000000000000000e+00 0.000000000000000000e+00
4.438684277779497478e+00 1.850386879010655905e+00 0.000000000000000000e+00 0.000000000000000000e+00 0.000000000000000000e+00
4.035001306093490392e+00 3.084306402756318732e+00 0.000000000000000000e+00 0.000000000000000000e+00 0.000000000000000000e+00
3.396815894723466567e+00 3.961226591773868932e+00 0.000000000000000000e+00 0.000000000000000000e+00 0.000000000000000000e+00
2.604105239634052271e+00 4.403050732435441539e+00 1.777906528179040713e-01 0.000000000000000000e+00 0.000000000000000000e+00
1.754200758690066753e+00 4.377652275617407440e+00 1.701382921282283966e+00 0.000000000000000000e+00 0.000000000000000000e+00
9.260224307319211423e-01 3.993498706632474082e+00 2.975386064137149678e+00 0.000000000000000000e+00 0.000000000000000000e+00
1.735645663188660759e-01 3.371689894956243272e+00 3.884740292175683507e+00 0.000000000000000000e+00 0.000000000000000000e+00
0.000000000000000000e+00 2.608459363144112864e+00 4.353527084317863505e+00 0.000000000000000000e+00 0.000000000000000000e+00
0.000000000000000000e+00 1.807698012796569831e+00 4.355558629158905681e+00 1.515405969507352957e+00 0.000000000000000000e+00
0.000000000000000000e+00 1.030684535778660926e+00 4.017415273352204608e+00 2.789939914418035460e+00 0.000000000000000000e+00
0.000000000000000000e+00 3.076217681852648766e-01 3.459564225593510400e+00 3.709290872366332703e+00 0.000000000000000000e+00
0.000000000000000000e+00 0.000000000000000000e+00 2.754023509528007008e+00 4.219914420885556794e+00 0.000000000000000000e+00
0.000000000000000000e+00 0.000000000000000000e+00 1.982740199787657698e+00 4.297255836679075180e+00 1.226322607061800518e+00
0.000000000000000000e+00 0.000000000000000000e+00 1.213229843749362047e+00 4.029957414338321442e+00 2.523492356997024455e+00
0.000000000000000000e+00 0.000000000000000000e+00 4.864559738655331866e-01 3.526653277479224524e+00 3.493440128434929015e+00
0.000000000000000000e+00 0.000000000000000000e+00 0.000000000000000000e+00 2.862172749817030404e+00 4.076189429441250844e+00
0.000000000000000000e+00 0.000000000000000000e+00 0.000000000000000000e+00 2.113370070443152837e+00 4.238171993781245206e+00
0.000000000000000000e+00 0.000000000000000000e+00 0.000000000000000000e+00 1.358451323884155570e+00 3.996974153030483201e+00
0.000000000000000000e+00 0.000000000000000000e+00 0.000000000000000000e+00 6.393575273398264258e-01 3.433183567497944289e+00
0.000000000000000000e+00 0.000000000000000000e+00 0.000000000000000000e+00 0.000000000000000000e+00 2.663142499512714423e+00
4.777629302599526451e-01 0.000000000000000000e+00 0.000000000000000000e+00 0.000000000000000000e+00 1.803420320452704395e+00
1.933126975214664922e+00 0.000000000000000000e+00 0.000000000000000000e+00 0.000000000000000000e+00 9.603053786354084354e-01
3.144617802180294852e+00 0.000000000000000000e+00 0.000000000000000000e+00 0.000000000000000000e+00 1.905337373568587456e-01
4.011017531922970392e+00 0.000000000000000000e+00 0.000000000000000000e+00 0.000000000000000000e+00 0.000000000000000000e+00
4.460666238267490868e+00 4.665420540610121236e-02 0.000000000000000000e+00 0.000000000000000000e+00 0.000000000000000000e+00
4.464984437252954130e+00 1.559440920717574341e+00 0.000000000000000000e+00 0.000000000000000000e+00 0.000000000000000000e+00
4.125909591723383230e+00 2.844578519470262634e+00 0.000000000000000000e+00 0.000000000000000000e+00 0.000000000000000000e+00
3.536968864444861804e+00 3.796434126971641732e+00 0.000000000000000000e+00 0.000000000000000000e+00 0.000000000000000000e+00
2.772699476090585424e+00 4.332961817225693402e+00 0.000000000000000000e+00 0.000000000000000000e+00 0.000000000000000000e+00
1.930920926118662839e+00 4.399884414380980324e+00 1.392779078646098290e+00 0.000000000000000000e+00 0.000000000000000000e+00
1.095778009564605915e+00 4.084900888362975380e+00 2.723185645277313771e+00 0.000000000000000000e+00 0.000000000000000000e+00
3.265263881432043380e-01 3.509170640358163951e+00 3.713023019942166769e+00 0.000000000000000000e+00 0.000000000000000000e+00
0.000000000000000000e+00 2.771216915524121749e+00 4.277923758900660012e+00 0.000000000000000000e+00 0.000000000000000000e+00
0.000000000000000000e+00 1.974092776044506836e+00 4.378048417980172857e+00 1.189514813265666771e+00 0.000000000000000000e+00
0.000000000000000000e+00 1.190609175092190775e+00 4.105816177187686655e+00 2.529547858443323527e+00 0.000000000000000000e+00
0.000000000000000000e+00 4.565510958490477389e-01 3.587375161803628476e+00 3.533035180286767218e+00 0.000000000000000000e+00
0.000000000000000000e+00 0.000000000000000000e+00 2.907785197724601201e+00 4.135182328277113406e+00 0.000000000000000000e+00
0.000000000000000000e+00 0.000000000000000000e+00 2.145329439571324048e+00 4.304847536434373012e+00 9.050516645458894782e-01
0.000000000000000000e+00 0.000000000000000000e+00 1.373550192504862100e+00 4.102883037457795368e+00 2.261424647020125356e+00
0.000000000000000000e+00 0.000000000000000000e+00 6.376626953287035660e-01 3.642599013332115998e+00 3.307280556815495931e+00
0.000000000000000000e+00 0.000000000000000000e+00 0.000000000000000000e+00 3.008541952804235198e+00 3.975447836177464112e+00
0.000000000000000000e+00 0.000000000000000000e+00 0.000000000000000000e+00 2.272039387928042498e+00 4.227447460410250102e+00
0.000000000000000000e+00 0.000000000000000000e+00 0.000000000000000000e+00 1.516518792339611732e+00 4.068042134656281839e+00
0.000000000000000000e+00 0.000000000000000000e+00 0.000000000000000000e+00 7.910578699931012370e-01 3.566301803588298291e+00
0.000000000000000000e+00 0.000000000000000000e+00 0.000000000000000000e+00 1.124886720763274006e-01 2.834317011389054120e+00
1.606125238647524434e-01 0.000000000000000000e+00 0.000000000000000000e+00 0.000000000000000000e+00 1.988406297010826496e+00
1.642878915461632339e+00 0.000000000000000000e+00 0.000000000000000000e+00 0.000000000000000000e+00 1.138894884332695590e+00
2.907089609412962794e+00 0.000000000000000000e+00 0.000000000000000000e+00 0.000000000000000000e+00 3.506935078126529604e-01
3.848359476761608722e+00 0.000000000000000000e+00 0.000000000000000000e+00 0.000000000000000000e+00 0.000000000000000000e+00
4.390552927634358227e+00 0.000000000000000000e+00 0.000000000000000000e+00 0.000000000000000000e+00 0.000000000000000000e+00
4.488991110433108389e+00 1.236986956450373265e+00 0.000000000000000000e+00 0.000000000000000000e+00 0.000000000000000000e+00
4.217898645126391344e+00 2.581519814729972939e+00 0.000000000000000000e+00 0.000000000000000000e+00 0.000000000000000000e+00
3.675751926086041177e+00 3.614468188021299877e+00 0.000000000000000000e+00 0.000000000000000000e+00 0.000000000000000000e+00
2.942272540633325661e+00 4.246606482805759697e+00 0.000000000000000000e+00 0.000000000000000000e+00 0.000000000000000000e+00
2.111434727712561799e+00 4.415422681491199874e+00 1.059072403736674772e+00 0.000000000000000000e+00 0.000000000000000000e+00
1.271288418228161854e+00 4.175115953234590727e+00 2.449990571140478135e+00 0.000000000000000000e+00 0.000000000000000000e+00
4.860744412678028592e-01 3.646397593456712993e+00 3.523643168878386245e+00 0.000000000000000000e+00 0.000000000000000000e+00
0.000000000000000000e+00 2.936088130234842719e+00 4.186041812952405294e+00 0.000000000000000000e+00 0.000000000000000000e+00
0.000000000000000000e+00 2.144772208493802346e+00 4.386840457665626580e+00 8.574154587396183302e-01 0.000000000000000000e+00
0.000000000000000000e+00 1.355755015548362641e+00 4.184968675798574012e+00 2.257804820549234925e+00 0.000000000000000000e+00
0.000000000000000000e+00 6.108847681363619442e-01 3.710586843868546758e+00 3.341454607579995795e+00 0.000000000000000000e+00
0.000000000000000000e+00 0.000000000000000000e+00 3.060942472802669290e+00 4.033503724929477841e+00 0.000000000000000000e+00
0.000000000000000000e+00 0.000000000000000000e+00 2.310151213922604363e+00 4.296754606362602757e+00 5.807031647653122519e-01
0.000000000000000000e+00 0.000000000000000000e+00 1.538139475817629664e+00 4.164158159789326241e+00 1.989545798177297042e+00
0.000000000000000000e+00 0.000000000000000000e+00 7.943685573965774127e-01 3.751797524607903611e+00 3.106310157419009510e+00
0.000000000000000000e+00 0.000000000000000000e+00 1.068193354577899878e-01 3.152786489787757773e+00 3.857379882338603849e+00
0.000000000000000000e+00 0.000000000000000000e+00 0.000000000000000000e+00 2.434593993665396194e+00 4.200246784359654484e+00
0.000000000000000000e+00 0.000000000000000000e+00 0.000000000000000000e+00 1.679617600742591366e+00 4.127902173240521222e+00
0.000000000000000000e+00 0.000000000000000000e+00 0.000000000000000000e+00 9.454642272071727138e-01 3.694698119990932561e+00
0.000000000000000000e+00 0.000000000000000000e+00 0.000000000000000000e+00 2.554141287074305211e-01 3.004742170395718226e+00
0.000000000000000000e+00 0.000000000000000000e+00 0.000000000000000000e+00 0.000000000000000000e+00 2.175378336622998177e+00
1.330878915792914841e+00 0.000000000000000000e+00 0.000000000000000000e+00 0.000000000000000000e+00 1.320329650766614682e+00
2.650563844527923596e+00 0.000000000000000000e+00 0.000000000000000000e+00 0.000000000000000000e+00 5.148259698751307400e-01
3.669029594350474266e+00 0.000000000000000000e+00 0.000000000000000000e+00 0.000000000000000000e+00 0.000000000000000000e+00
4.303737445584014942e+00 0.000000000000000000e+00 0.000000000000000000e+00 0.000000000000000000e+00 0.000000000000000000e+00
4.499270126209769849e+00 9.054832403619147430e-01 0.000000000000000000e+00 0.000000000000000000e+00 0.000000000000000000e+00
4.300186442228115524e+00 2.305357909289583063e+00 0.000000000000000000e+00 0.000000000000000000e+00 0.000000000000000000e+00
