0.000000000000000000e+00 0.000000000000000000e+00 0.000000000000000000e+00 0.000000000000000000e+00 0.000000000000000000e+00
0.000000000000000000e+00 0.000000000000000000e+00 0.000000000000000000e+00 0.000000000000000000e+00 0.000000000000000000e+00
0.000000000000000000e+00 0.000000000000000000e+00 0.000000000000000000e+00 0.000000000000000000e+00 0.000000000000000000e+00
0.000000000000000000e+00 0.000000000000000000e+00 0.000000000000000000e+00 0.000000000000000000e+00 0.000000000000000000e+00
0.000000000000000000e+00 0.000000000000000000e+00 0.000000000000000000e+00 0.000000000000000000e+00 0.000000000000000000e+00
0.000000000000000000e+00 0.000000000000000000e+00 0.000000000000000000e+00 0.000000000000000000e+00 0.000000000000000000e+00
0.000000000000000000e+00 0.000000000000000000e+00 0.000000000000000000e+00 0.000000000000000000e+00 0.000000000000000000e+00
0.000000000000000000e+00 0.000000000000000000e+00 0.000000000000000000e+00 0.000000000000000000e+00 0.000000000000000000e+00
0.000000000000000000e+00 0.000000000000000000e+00 0.000000000000000000e+00 0.000000000000000000e+00 0.000000000000000000e+00
0.000000000000000000e+00 0.000000000000000000e+00 0.000000000000000000e+00 0.000000000000000000e+00 0.000000000000000000e+00
0.000000000000000000e+00 0.000000000000000000e+00 0.000000000000000000e+00 0.000000000000000000e+00 0.000000000000000000e+00
0.000000000000000000e+00 0.000000000000000000e+00 0.000000000000000000e+00 0.000000000000000000e+00 0.000000000000000000e+00
0.000000000000000000e+00 0.000000000000000000e+00 0.000000000000000000e+00 0.000000000000000000e+00 0.000000000000000000e+00
0.000000000000000000e+00 0.000000000000000000e+00 0.000000000000000000e+00 0.000000000000000000e+00 0.000000000000000000e+00
0.000000000000000000e+00 0.000000000000000000e+00 0.000000000000000000e+00 0.000000000000000000e+00 0.000000000000000000e+00
0.000000000000000000e+00 0.000000000000000000e+00 0.000000000000000000e+00 0.000000000000000000e+00 0.000000000000000000e+00
0.000000000000000000e+00 0.000000000000000000e+00 0.000000000000000000e+00 0.000000000000000000e+00 0.000000000000000000e+00
0.000000000000000000e+00 0.000000000000000000e+00 0.000000000000000000e+00 0.000000000000000000e+00 0.000000000000000000e+00
0.000000000000000000e+00 0.000000000000000000e+00 0.000000000000000000e+00 0.000000000000000000e+00 0.000000000000000000e+00
0.000000000000000000e+00 0.000000000000000000e+00 0.000000000000000000e+00 0.000000000000000000e+00 0.000000000000000000e+00
0.000000000000000000e+00 0.000000000000000000e+00 0.000000000000000000e+00 0.000000000000000000e+00 0.000000000000000000e+00
0.000000000000000000e+00 0.000000000000000000e+00 0.000000000000000000e+00 0.000000000000000000e+00 0.000000000000000000e+00
0.000000000000000000e+00 0.000000000000000000e+00 0.000000000000000000e+00 0.000000000000000000e+00 0.000000000000000000e+00
0.000000000000000000e+00 0.000000000000000000e+00 0.000000000000000000e+00 0.000000000000000000e+00 0.000000000000000000e+00
0.000000000000000000e+00 0.000000000000000000e+00 0.000000000000000000e+00 0.000000000000000000e+00 0.000000000000000000e+00
0.000000000000000000e+00 0.000000000000000000e+00 0.000000000000000000e+00 0.000000000000000000e+00 0.000000000000000000e+00
0.000000000000000000e+00 0.000000000000000000e+00 0.000000000000000000e+00 0.000000000000000000e+00 0.000000000000000000e+00
0.000000000000000000e+00 0.000000000000000000e+00 0.000000000000000000e+00 0.000000000000000000e+00 0.000000000000000000e+00
0.000000000000000000e+00 0.000000000000000000e+00 0.000000000000000000e+00 0.000000000000000000e+00 0.000000000000000000e+00
0.000000000000000000e+00 0.000000000000000000e+00 0.000000000000000000e+00 0.000000000000000000e+00 0.000000000000000000e+00
0.000000000000000000e+00 0.000000000000000000e+00 0.000000000000000000e+00 0.000000000000000000e+00 0.000000000000000000e+00
0.000000000000000000e+00 0.000000000000000000e+00 0.000000000000000000e+00 0.000000000000000000e+00 0.000000000000000000e+00
0.000000000000000000e+00 0.000000000000000000e+00 0.000000000000000000e+00 0.000000000000000000e+00 0.000000000000000000e+00
0.000000000000000000e+00 0.000000000000000000e+00 0.000000000000000000e+00 0.000000000000000000e+00 0.000000000000000000e+00
0.000000000000000000e+00 0.000000000000000000e+00 0.000000000000000000e+00 0.000000000000000000e+00 0.000000000000000000e+00
0.000000000000000000e+00 0.000000000000000000e+00 0.000000000000000000e+00 0.000000000000000000e+00 0.000000000000000000e+00
0.000000000000000000e+00 0.000000000000000000e+00 0.000000000000000000e+00 0.000000000000000000e+00 0.000000000000000000e+00
0.000000000000000000e+00 0.000000000000000000e+00 0.000000000000000000e+00 0.000000000000000000e+00 0.000000000000000000e+00
0.000000000000000000e+00 0.000000000000000000e+00 0.000000000000000000e+00 0.000000000000000000e+00 0.000000000000000000e+00
0.000000000000000000e+00 0.000000000000000000e+00 0.000000000000000000e+00 0.000000000000000000e+00 0.000000000000000000e+00
0.000000000000000000e+00 0.000000000000000000e+00 0.000000000000000000e+00 0.000000000000000000e+00 0.000000000000000000e+00
0.000000000000000000e+00 0.000000000000000000e+00 0.000000000000000000e+00 0.000000000000000000e+00 0.000000000000000000e+00
0.000000000000000000e+00 0.000000000000000000e+00 0.000000000000000000e+00 0.000000000000000000e+00 0.000000000000000000e+00
0.000000000000000000e+00 0.000000000000000000e+00 0.000000000000000000e+00 0.000000000000000000e+00 0.000000000000000000e+00
0.000000000000000000e+00 0.000000000000000000e+00 0.000000000000000000e+00 0.000000000000000000e+00 0.000000000000000000e+00
0.000000000000000000e+00 0.000000000000000000e+00 0.000000000000000000e+00 0.000000000000000000e+00 0.000000000000000000e+00
0.000000000000000000e+00 0.000000000000000000e+00 0.000000000000000000e+00 0.000000000000000000e+00 0.000000000000000000e+00
0.000000000000000000e+00 0.000000000000000000e+00 0.000000000000000000e+00 0.000000000000000000e+00 0.000000000000000000e+00
0.000000000000000000e+00 0.000000000000000000e+00 0.000000000000000000e+00 0.000000000000000000e+00 0.000000000000000000e+00
0.000000000000000000e+00 0.000000000000000000e+00 0.000000000000000000e+00 0.000000000000000000e+00 0.000000000000000000e+00
0.000000000000000000e+00 0.000000000000000000e+00 0.000000000000000000e+00 0.000000000000000000e+00 0.000000000000000000e+00
0.000000000000000000e+00 0.000000000000000000e+00 0.000000000000000000e+00 0.000000000000000000e+00 0.000000000000000000e+00
0.000000000000000000e+00 0.000000000000000000e+00 0.000000000000000000e+00 0.000000000000000000e+00 0.000000000000000000e+00
0.000000000000000000e+00 0.000000000000000000e+00 0.000000000000000000e+00 0.000000000000000000e+00 0.000000000000000000e+00
0.000000000000000000e+00 0.000000000000000000e+00 0.000000000000000000e+00 0.000000000000000000e+00 0.000000000000000000e+00
0.000000000000000000e+00 0.000000000000000000e+00 0.000000000000000000e+00 0.000000000000000000e+00 0.000000000000000000e+00
0.000000000000000000e+00 0.000000000000000000e+00 0.000000000000000000e+00 0.000000000000000000e+00 0.000000000000000000e+00
0.000000000000000000e+00 0.000000000000000000e+00 0.000000000000000000e+00 0.000000000000000000e+00 0.000000000000000000e+00
0.000000000000000000e+00 0.000000000000000000e+00 0.000000000000000000e+00 0.000000000000000000e+00 0.000000000000000000e+00
0.000000000000000000e+00 0.000000000000000000e+00 0.000000000000000000e+00 0.000000000000000000e+00 0.000000000000000000e+00
0.000000000000000000e+00 0.000000000000000000e+00 0.000000000000000000e+00 0.000000000000000000e+00 0.000000000000000000e+00
0.000000000000000000e+00 0.000000000000000000e+00 0.000000000000000000e+00 0.000000000000000000e+00 0.000000000000000000e+00
0.000000000000000000e+00 0.000000000000000000e+00 0.000000000000000000e+00 0.000000000000000000e+00 0.000000000000000000e+00
0.000000000000000000e+00 0.000000000000000000e+00 0.000000000000000000e+00 0.000000000000000000e+00 0.000000000000000000e+00
0.000000000000000000e+00 0.000000000000000000e+00 0.000000000000000000e+00 0.000000000000000000e+00 0.000000000000000000e+00
0.000000000000000000e+00 0.000000000000000000e+00 0.000000000000000000e+00 0.000000000000000000e+00 0.000000000000000000e+00
0.000000000000000000e+00 0.000000000000000000e+00 0.000000000000000000e+00 0.000000000000000000e+00 0.000000000000000000e+00
0.000000000000000000e+00 0.000000000000000000e+00 0.000000000000000000e+00 0.000000000000000000e+00 0.000000000000000000e+00
0.000000000000000000e+00 0.000000000000000000e+00 0.000000000000000000e+00 0.000000000000000000e+00 0.000000000000000000e+00
0.000000000000000000e+00 0.000000000000000000e+00 0.000000000000000000e+00 0.000000000000000000e+00 0.000000000000000000e+00
0.000000000000000000e+00 0.000000000000000000e+00 0.000000000000000000e+00 0.000000000000000000e+00 0.000000000000000000e+00
0.000000000000000000e+00 0.000000000000000000e+00 0.000000000000000000e+00 0.000000000000000000e+00 0.000000000000000000e+00
0.000000000000000000e+00 0.000000000000000000e+00 0.000000000000000000e+00 0.000000000000000000e+00 0.000000000000000000e+00
0.000000000000000000e+00 0.000000000000000000e+00 0.000000000000000000e+00 0.000000000000000000e+00 0.000000000000000000e+00
0.000000000000000000e+00 0.000000000000000000e+00 0.000000000000000000e+00 0.000000000000000000e+00 0.000000000000000000e+00
0.000000000000000000e+00 0.000000000000000000e+00 0.000000000000000000e+00 0.000000000000000000e+00 0.000000000000000000e+00
0.000000000000000000e+00 0.000000000000000000e+00 0.000000000000000000e+00 0.000000000000000000e+00 0.000000000000000000e+00
0.000000000000000000e+00 0.000000000000000000e+00 0.000000000000000000e+00 0.000000000000000000e+00 0.000000000000000000e+00
0.000000000000000000e+00 0.000000000000000000e+00 0.000000000000000000e+00 0.000000000000000000e+00 0.000000000000000000e+00
0.000000000000000000e+00 0.000000000000000000e+00 0.000000000000000000e+00 0.000000000000000000e+00 0.000000000000000000e+00
0.000000000000000000e+00 0.000000000000000000e+00 0.000000000000000000e+00 0.000000000000000000e+00 0.000000000000000000e+00
0.000000000000000000e+00 0.000000000000000000e+00 0.000000000000000000e+00 0.000000000000000000e+00 0.000000000000000000e+00
0.000000000000000000e+00 0.000000000000000000e+00 0.000000000000000000e+00 0.000000000000000000e+00 0.000000000000000000e+00
0.000000000000000000e+00 0.000000000000000000e+00 0.000000000000000000e+00 0.000000000000000000e+00 0.000000000000000000e+00
0.000000000000000000e+00 0.000000000000000000e+00 0.000000000000000000e+00 0.000000000000000000e+00 0.000000000000000000e+00
0.000000000000000000e+00 0.000000000000000000e+00 0.000000000000000000e+00 0.000000000000000000e+00 0.000000000000000000e+00
0.000000000000000000e+00 0.000000000000000000e+00 0.000000000000000000e+00 0.000000000000000000e+00 0.000000000000000000e+00
0.000000000000000000e+00 0.000000000000000000e+00 0.000000000000000000e+00 0.000000000000000000e+00 0.000000000000000000e+00
0.000000000000000000e+00 0.000000000000000000e+00 0.000000000000000000e+00 0.000000000000000000e+00 0.000000000000000000e+00
0.000000000000000000e+00 0.000000000000000000e+00 0.000000000000000000e+00 0.000000000000000000e+00 0.000000000000000000e+00
0.000000000000000000e+00 0.000000000000000000e+00 0.000000000000000000e+00 0.000000000000000000e+00 0.000000000000000000e+00
0.000000000000000000e+00 0.000000000000000000e+00 0.000000000000000000e+00 0.000000000000000000e+00 0.000000000000000000e+00
0.000000000000000000e+00 0.000000000000000000e+00 0.000000000000000000e+00 0.000000000000000000e+00 0.000000000000000000e+00
0.000000000000000000e+00 0.000000000000000000e+00 0.000000000000000000e+00 0.000000000000000000e+00 0.000000000000000000e+00
0.000000000000000000e+00 0.000000000000000000e+00 0.000000000000000000e+00 0.000000000000000000e+00 0.000000000000000000e+00
0.000000000000000000e+00 0.000000000000000000e+00 0.000000000000000000e+00 0.000000000000000000e+00 0.000000000000000000e+00
0.000000000000000000e+00 0.000000000000000000e+00 0.000000000000000000e+00 0.000000000000000000e+00 0.000000000000000000e+00
0.000000000000000000e+00 0.000000000000000000e+00 0.000000000000000000e+00 0.000000000000000000e+00 0.000000000000000000e+00
0.000000000000000000e+00 0.000000000000000000e+00 0.000000000000000000e+00 0.000000000000000000e+00 0.000000000000000000e+00
0.000000000000000000e+00 0.000000000000000000e+00 0.000000000000000000e+00 0.000000000000000000e+00 0.000000000000000000e+00
0.000000000000000000e+00 0.000000000000000000e+00 0.000000000000000000e+00 0.000000000000000000e+00 0.000000000000000000e+00
0.000000000000000000e+00 0.000000000000000000e+00 0.000000000000000000e+00 0.000000000000000000e+00 0.000000000000000000e+00
0.000000000000000000e+00 0.000000000000000000e+00 0.000000000000000000e+00 0.000000000000000000e+00 0.000000000000000000e+00
0.000000000000000000e+00 0.000000000000000000e+00 0.000000000000000000e+00 0.000000000000000000e+00 0.000000000000000000e+00
0.000000000000000000e+00 0.000000000000000000e+00 0.000000000000000000e+00 0.000000000000000000e+00 0.000000000000000000e+00
0.000000000000000000e+00 0.000000000000000000e+00 0.000000000000000000e+00 0.000000000000000000e+00 0.000000000000000000e+00
0.000000000000000000e+00 0.000000000000000000e+00 0.000000000000000000e+00 0.000000000000000000e+00 0.000000000000000000e+00
0.000000000000000000e+00 0.000000000000000000e+00 0.000000000000000000e+00 0.000000000000000000e+00 0.000000000000000000e+00
0.000000000000000000e+00 0.000000000000000000e+00 0.000000000000000000e+00 0.000000000000000000e+00 0.000000000000000000e+00
0.000000000000000000e+00 0.000000000000000000e+00 0.000000000000000000e+00 0.000000000000000000e+00 0.000000000000000000e+00
0.000000000000000000e+00 0.000000000000000000e+00 0.000000000000000000e+00 0.000000000000000000e+00 0.000000000000000000e+00
0.000000000000000000e+00 0.000000000000000000e+00 0.000000000000000000e+00 0.000000000000000000e+00 0.000000000000000000e+00
0.000000000000000000e+00 0.000000000000000000e+00 0.000000000000000000e+00 0.000000000000000000e+00 0.000000000000000000e+00
0.000000000000000000e+00 0.000000000000000000e+00 0.000000000000000000e+00 0.000000000000000000e+00 0.000000000000000000e+00
0.000000000000000000e+00 0.000000000000000000e+00 0.000000000000000000e+00 0.000000000000000000e+00 0.000000000000000000e+00
0.000000000000000000e+00 0.000000000000000000e+00 0.000000000000000000e+00 0.000000000000000000e+00 0.000000000000000000e+00
0.000000000000000000e+00 0.000000000000000000e+00 0.000000000000000000e+00 0.000000000000000000e+00 0.000000000000000000e+00
0.000000000000000000e+00 0.000000000000000000e+00 0.000000000000000000e+00 0.000000000000000000e+00 0.000000000000000000e+00
0.000000000000000000e+00 0.000000000000000000e+00 0.000000000000000000e+00 0.000000000000000000e+00 0.000000000000000000e+00
0.000000000000000000e+00 0.000000000000000000e+00 0.000000000000000000e+00 0.000000000000000000e+00 0.000000000000000000e+00
0.000000000000000000e+00 0.000000000000000000e+00 0.000000000000000000e+00 0.000000000000000000e+00 0.000000000000000000e+00
0.000000000000000000e+00 0.000000000000000000e+00 0.000000000000000000e+00 0.000000000000000000e+00 0.000000000000000000e+00
0.000000000000000000e+00 0.000000000000000000e+00 0.000000000000000000e+00 0.000000000000000000e+00 0.000000000000000000e+00
0.000000000000000000e+00 0.000000000000000000e+00 0.000000000000000000e+00 0.000000000000000000e+00 0.000000000000000000e+00
0.000000000000000000e+00 0.000000000000000000e+00 0.000000000000000000e+00 0.000000000000000000e+00 0.000000000000000000e+00
0.000000000000000000e+00 0.000000000000000000e+00 0.000000000000000000e+00 0.000000000000000000e+00 0.000000000000000000e+00
0.000000000000000000e+00 0.000000000000000000e+00 0.000000000000000000e+00 0.000000000000000000e+00 0.000000000000000000e+00
0.000000000000000000e+00 0.000000000000000000e+00 0.000000000000000000e+00 0.000000000000000000e+00 0.000000000000000000e+00
0.000000000000000000e+00 0.000000000000000000e+00 0.000000000000000000e+00 0.000000000000000000e+00 0.000000000000000000e+00
0.000000000000000000e+00 0.000000000000000000e+00 0.000000000000000000e+00 0.000000000000000000e+00 0.000000000000000000e+00
0.000000000000000000e+00 0.000000000000000000e+00 0.000000000000000000e+00 0.000000000000000000e+00 0.000000000000000000e+00
0.000000000000000000e+00 0.000000000000000000e+00 0.000000000000000000e+00 0.000000000000000000e+00 0.000000000000000000e+00
0.000000000000000000e+00 0.000000000000000000e+00 0.000000000000000000e+00 0.000000000000000000e+00 0.000000000000000000e+00
0.000000000000000000e+00 0.000000000000000000e+00 0.000000000000000000e+00 0.000000000000000000e+00 0.000000000000000000e+00
0.000000000000000000e+00 0.000000000000000000e+00 0.000000000000000000e+00 0.000000000000000000e+00 0.000000000000000000e+00
0.000000000000000000e+00 0.000000000000000000e+00 0.000000000000000000e+00 0.000000000000000000e+00 0.000000000000000000e+00
0.000000000000000000e+00 0.000000000000000000e+00 0.000000000000000000e+00 0.000000000000000000e+00 0.000000000000000000e+00
0.000000000000000000e+00 0.000000000000000000e+00 0.000000000000000000e+00 0.000000000000000000e+00 0.000000000000000000e+00
0.000000000000000000e+00 0.000000000000000000e+00 0.000000000000000000e+00 0.000000000000000000e+00 0.000000000000000000e+00
0.000000000000000000e+00 0.000000000000000000e+00 0.000000000000000000e+00 0.000000000000000000e+00 0.000000000000000000e+00
0.000000000000000000e+00 0.000000000000000000e+00 0.000000000000000000e+00 0.000000000000000000e+00 0.000000000000000000e+00
0.000000000000000000e+00 0.000000000000000000e+00 0.000000000000000000e+00 0.000000000000000000e+00 0.000000000000000000e+00
0.000000000000000000e+00 0.000000000000000000e+00 0.000000000000000000e+00 0.000000000000000000e+00 0.000000000000000000e+00
0.000000000000000000e+00 0.000000000000000000e+00 0.000000000000000000e+00 0.000000000000000000e+00 0.000000000000000000e+00
0.000000000000000000e+00 0.000000000000000000e+00 0.000000000000000000e+00 0.000000000000000000e+00 0.000000000000000000e+00
0.000000000000000000e+00 0.000000000000000000e+00 0.000000000000000000e+00 0.000000000000000000e+00 0.000000000000000000e+00
0.000000000000000000e+00 0.000000000000000000e+00 0.000000000000000000e+00 0.000000000000000000e+00 0.000000000000000000e+00
0.000000000000000000e+00 0.000000000000000000e+00 0.000000000000000000e+00 0.000000000000000000e+00 0.000000000000000000e+00
0.000000000000000000e+00 0.000000000000000000e+00 0.000000000000000000e+00 0.000000000000000000e+00 0.000000000000000000e+00
0.000000000000000000e+00 0.000000000000000000e+00 0.000000000000000000e+00 0.000000000000000000e+00 0.000000000000000000e+00
0.000000000000000000e+00 0.000000000000000000e+00 0.000000000000000000e+00 0.000000000000000000e+00 0.000000000000000000e+00
0.000000000000000000e+00 0.000000000000000000e+00 0.000000000000000000e+00 0.000000000000000000e+00 0.000000000000000000e+00
0.000000000000000000e+00 0.000000000000000000e+00 0.000000000000000000e+00 0.000000000000000000e+00 0.000000000000000000e+00
0.000000000000000000e+00 0.000000000000000000e+00 0.000000000000000000e+00 0.000000000000000000e+00 0.000000000000000000e+00
0.000000000000000000e+00 0.000000000000000000e+00 0.000000000000000000e+00 0.000000000000000000e+00 0.000000000000000000e+00
0.000000000000000000e+00 0.000000000000000000e+00 0.000000000000000000e+00 0.000000000000000000e+00 0.000000000000000000e+00
0.000000000000000000e+00 0.000000000000000000e+00 0.000000000000000000e+00 0.000000000000000000e+00 0.000000000000000000e+00
0.000000000000000000e+00 0.000000000000000000e+00 0.000000000000000000e+00 0.000000000000000000e+00 0.000000000000000000e+00
0.000000000000000000e+00 0.000000000000000000e+00 0.000000000000000000e+00 0.000000000000000000e+00 0.000000000000000000e+00
0.000000000000000000e+00 0.000000000000000000e+00 0.000000000000000000e+00 0.000000000000000000e+00 0.000000000000000000e+00
0.000000000000000000e+00 0.000000000000000000e+00 0.000000000000000000e+00 0.000000000000000000e+00 0.000000000000000000e+00
0.000000000000000000e+00 0.000000000000000000e+00 0.000000000000000000e+00 0.000000000000000000e+00 0.000000000000000000e+00
0.000000000000000000e+00 0.000000000000000000e+00 0.000000000000000000e+00 0.000000000000000000e+00 0.000000000000000000e+00
0.000000000000000000e+00 0.000000000000000000e+00 0.000000000000000000e+00 0.000000000000000000e+00 0.000000000000000000e+00
0.000000000000000000e+00 0.000000000000000000e+00 0.000000000000000000e+00 0.000000000000000000e+00 0.000000000000000000e+00
0.000000000000000000e+00 0.000000000000000000e+00 0.000000000000000000e+00 0.000000000000000000e+00 0.000000000000000000e+00
0.000000000000000000e+00 0.000000000000000000e+00 0.000000000000000000e+00 0.000000000000000000e+00 0.000000000000000000e+00
0.000000000000000000e+00 0.000000000000000000e+00 0.000000000000000000e+00 0.000000000000000000e+00 0.000000000000000000e+00
0.000000000000000000e+00 0.000000000000000000e+00 0.000000000000000000e+00 0.000000000000000000e+00 0.000000000000000000e+00
0.000000000000000000e+00 0.000000000000000000e+00 0.000000000000000000e+00 0.000000000000000000e+00 0.000000000000000000e+00
0.000000000000000000e+00 0.000000000000000000e+00 0.000000000000000000e+00 0.000000000000000000e+00 0.000000000000000000e+00
0.000000000000000000e+00 0.000000000000000000e+00 0.000000000000000000e+00 0.000000000000000000e+00 0.000000000000000000e+00
0.000000000000000000e+00 0.000000000000000000e+00 0.000000000000000000e+00 0.000000000000000000e+00 0.000000000000000000e+00
0.000000000000000000e+00 0.000000000000000000e+00 0.000000000000000000e+00 0.000000000000000000e+00 0.000000000000000000e+00
0.000000000000000000e+00 0.000000000000000000e+00 0.000000000000000000e+00 0.000000000000000000e+00 0.000000000000000000e+00
0.000000000000000000e+00 0.000000000000000000e+00 0.000000000000000000e+00 0.000000000000000000e+00 0.000000000000000000e+00
0.000000000000000000e+00 0.000000000000000000e+00 0.000000000000000000e+00 0.000000000000000000e+00 0.000000000000000000e+00
0.000000000000000000e+00 0.000000000000000000e+00 0.000000000000000000e+00 0.000000000000000000e+00 0.000000000000000000e+00
0.000000000000000000e+00 0.000000000000000000e+00 0.000000000000000000e+00 0.000000000000000000e+00 0.000000000000000000e+00
0.000000000000000000e+00 0.000000000000000000e+00 0.000000000000000000e+00 0.000000000000000000e+00 0.000000000000000000e+00
0.000000000000000000e+00 0.000000000000000000e+00 0.000000000000000000e+00 0.000000000000000000e+00 0.000000000000000000e+00
0.000000000000000000e+00 0.000000000000000000e+00 0.000000000000000000e+00 0.000000000000000000e+00 0.000000000000000000e+00
0.000000000000000000e+00 0.000000000000000000e+00 0.000000000000000000e+00 0.000000000000000000e+00 0.000000000000000000e+00
0.000000000000000000e+00 0.000000000000000000e+00 0.000000000000000000e+00 0.000000000000000000e+00 0.000000000000000000e+00
0.000000000000000000e+00 0.000000000000000000e+00 0.000000000000000000e+00 0.000000000000000000e+00 0.000000000000000000e+00
0.000000000000000000e+00 0.000000000000000000e+00 0.000000000000000000e+00 0.000000000000000000e+00 0.000000000000000000e+00
0.000000000000000000e+00 0.000000000000000000e+00 0.000000000000000000e+00 0.000000000000000000e+00 0.000000000000000000e+00
0.000000000000000000e+00 0.000000000000000000e+00 0.000000000000000000e+00 0.000000000000000000e+00 0.000000000000000000e+00
0.000000000000000000e+00 0.000000000000000000e+00 0.000000000000000000e+00 0.000000000000000000e+00 0.000000000000000000e+00
0.000000000000000000e+00 0.000000000000000000e+00 0.000000000000000000e+00 0.000000000000000000e+00 0.000000000000000000e+00
0.000000000000000000e+00 0.000000000000000000e+00 0.000000000000000000e+00 0.000000000000000000e+00 0.000000000000000000e+00
0.000000000000000000e+00 0.000000000000000000e+00 0.000000000000000000e+00 0.000000000000000000e+00 0.000000000000000000e+00
0.000000000000000000e+00 0.000000000000000000e+00 0.000000000000000000e+00 0.000000000000000000e+00 0.000000000000000000e+00
0.000000000000000000e+00 0.000000000000000000e+00 0.000000000000000000e+00 0.000000000000000000e+00 0.000000000000000000e+00
0.000000000000000000e+00 0.000000000000000000e+00 0.000000000000000000e+00 0.000000000000000000e+00 0.000000000000000000e+00
0.000000000000000000e+00 0.000000000000000000e+00 0.000000000000000000e+00 0.000000000000000000e+00 0.000000000000000000e+00
0.000000000000000000e+00 0.000000000000000000e+00 0.000000000000000000e+00 0.000000000000000000e+00 0.000000000000000000e+00
0.000000000000000000e+00 0.000000000000000000e+00 0.000000000000000000e+00 0.000000000000000000e+00 0.000000000000000000e+00
0.000000000000000000e+00 0.000000000000000000e+00 0.000000000000000000e+00 0.000000000000000000e+00 0.000000000000000000e+00
0.000000000000000000e+00 0.000000000000000000e+00 0.000000000000000000e+00 0.000000000000000000e+00 0.000000000000000000e+00
0.000000000000000000e+00 0.000000000000000000e+00 0.000000000000000000e+00 0.000000000000000000e+00 0.000000000000000000e+00
0.000000000000000000e+00 0.000000000000000000e+00 0.000000000000000000e+00 0.000000000000000000e+00 0.000000000000000000e+00
0.000000000000000000e+00 0.000000000000000000e+00 0.000000000000000000e+00 0.000000000000000000e+00 0.000000000000000000e+00
0.000000000000000000e+00 0.000000000000000000e+00 0.000000000000000000e+00 0.000000000000000000e+00 0.000000000000000000e+00
0.000000000000000000e+00 0.000000000000000000e+00 0.000000000000000000e+00 0.000000000000000000e+00 0.000000000000000000e+00
0.000000000000000000e+00 0.000000000000000000e+00 0.000000000000000000e+00 0.000000000000000000e+00 0.000000000000000000e+00
0.000000000000000000e+00 0.000000000000000000e+00 0.000000000000000000e+00 0.000000000000000000e+00 0.000000000000000000e+00
0.000000000000000000e+00 0.000000000000000000e+00 0.000000000000000000e+00 0.000000000000000000e+00 0.000000000000000000e+00
0.000000000000000000e+00 0.000000000000000000e+00 0.000000000000000000e+00 0.000000000000000000e+00 0.000000000000000000e+00
0.000000000000000000e+00 0.000000000000000000e+00 0.000000000000000000e+00 0.000000000000000000e+00 0.000000000000000000e+00
0.000000000000000000e+00 0.000000000000000000e+00 0.000000000000000000e+00 0.000000000000000000e+00 0.000000000000000000e+00
0.000000000000000000e+00 0.000000000000000000e+00 0.000000000000000000e+00 0.000000000000000000e+00 0.000000000000000000e+00
0.000000000000000000e+00 0.000000000000000000e+00 0.000000000000000000e+00 0.000000000000000000e+00 0.000000000000000000e+00
0.000000000000000000e+00 0.000000000000000000e+00 0.000000000000000000e+00 0.000000000000000000e+00 0.000000000000000000e+00
0.000000000000000000e+00 0.000000000000000000e+00 0.000000000000000000e+00 0.000000000000000000e+00 0.000000000000000000e+00
0.000000000000000000e+00 0.000000000000000000e+00 0.000000000000000000e+00 0.000000000000000000e+00 0.000000000000000000e+00
0.000000000000000000e+00 0.000000000000000000e+00 0.000000000000000000e+00 0.000000000000000000e+00 0.000000000000000000e+00
0.000000000000000000e+00 0.000000000000000000e+00 0.000000000000000000e+00 0.000000000000000000e+00 0.000000000000000000e+00
0.000000000000000000e+00 0.000000000000000000e+00 0.000000000000000000e+00 0.000000000000000000e+00 0.000000000000000000e+00
0.000000000000000000e+00 0.000000000000000000e+00 0.000000000000000000e+00 0.000000000000000000e+00 0.000000000000000000e+00
0.000000000000000000e+00 0.000000000000000000e+00 0.000000000000000000e+00 0.000000000000000000e+00 0.000000000000000000e+00
0.000000000000000000e+00 0.000000000000000000e+00 0.000000000000000000e+00 0.000000000000000000e+00 0.000000000000000000e+00
0.000000000000000000e+00 0.000000000000000000e+00 0.000000000000000000e+00 0.000000000000000000e+00 0.000000000000000000e+00
0.000000000000000000e+00 0.000000000000000000e+00 0.000000000000000000e+00 0.000000000000000000e+00 0.000000000000000000e+00
0.000000000000000000e+00 0.000000000000000000e+00 0.000000000000000000e+00 0.000000000000000000e+00 0.000000000000000000e+00
0.000000000000000000e+00 0.000000000000000000e+00 0.000000000000000000e+00 0.000000000000000000e+00 0.000000000000000000e+00
0.000000000000000000e+00 0.000000000000000000e+00 0.000000000000000000e+00 0.000000000000000000e+00 0.000000000000000000e+00
0.000000000000000000e+00 0.000000000000000000e+00 0.000000000000000000e+00 0.000000000000000000e+00 0.000000000000000000e+00
0.000000000000000000e+00 0.000000000000000000e+00 0.000000000000000000e+00 0.000000000000000000e+00 0.000000000000000000e+00
0.000000000000000000e+00 0.000000000000000000e+00 0.000000000000000000e+00 0.000000000000000000e+00 0.000000000000000000e+00
0.000000000000000000e+00 0.000000000000000000e+00 0.000000000000000000e+00 0.000000000000000000e+00 0.000000000000000000e+00
0.000000000000000000e+00 0.000000000000000000e+00 0.000000000000000000e+00 0.000000000000000000e+00 0.000000000000000000e+00
0.000000000000000000e+00 0.000000000000000000e+00 0.000000000000000000e+00 0.000000000000000000e+00 0.000000000000000000e+00
0.000000000000000000e+00 0.000000000000000000e+00 0.000000000000000000e+00 0.000000000000000000e+00 0.000000000000000000e+00
0.000000000000000000e+00 0.000000000000000000e+00 0.000000000000000000e+00 0.000000000000000000e+00 0.000000000000000000e+00
0.000000000000000000e+00 0.000000000000000000e+00 0.000000000000000000e+00 0.000000000000000000e+00 0.000000000000000000e+00
0.000000000000000000e+00 0.000000000000000000e+00 0.000000000000000000e+00 0.000000000000000000e+00 0.000000000000000000e+00
0.000000000000000000e+00 0.000000000000000000e+00 0.000000000000000000e+00 0.000000000000000000e+00 0.000000000000000000e+00
0.000000000000000000e+00 0.000000000000000000e+00 0.000000000000000000e+00 0.000000000000000000e+00 0.000000000000000000e+00
0.000000000000000000e+00 0.000000000000000000e+00 0.000000000000000000e+00 0.000000000000000000e+00 0.000000000000000000e+00
0.000000000000000000e+00 0.000000000000000000e+00 0.000000000000000000e+00 0.000000000000000000e+00 0.000000000000000000e+00
0.000000000000000000e+00 0.000000000000000000e+00 0.000000000000000000e+00 0.000000000000000000e+00 0.000000000000000000e+00
0.000000000000000000e+00 0.000000000000000000e+00 0.000000000000000000e+00 0.000000000000000000e+00 0.000000000000000000e+00
0.000000000000000000e+00 0.000000000000000000e+00 0.000000000000000000e+00 0.000000000000000000e+00 0.000000000000000000e+00
0.000000000000000000e+00 0.000000000000000000e+00 0.000000000000000000e+00 0.000000000000000000e+00 0.000000000000000000e+00
0.000000000000000000e+00 0.000000000000000000e+00 0.000000000000000000e+00 0.000000000000000000e+00 0.000000000000000000e+00
0.000000000000000000e+00 0.000000000000000000e+00 0.000000000000000000e+00 0.000000000000000000e+00 0.000000000000000000e+00
0.000000000000000000e+00 0.000000000000000000e+00 0.000000000000000000e+00 0.000000000000000000e+00 0.000000000000000000e+00
0.000000000000000000e+00 0.000000000000000000e+00 0.000000000000000000e+00 0.000000000000000000e+00 0.000000000000000000e+00
0.000000000000000000e+00 0.000000000000000000e+00 0.000000000000000000e+00 0.000000000000000000e+00 0.000000000000000000e+00
0.000000000000000000e+00 0.000000000000000000e+00 0.000000000000000000e+00 0.000000000000000000e+00 0.000000000000000000e+00
0.000000000000000000e+00 0.000000000000000000e+00 0.000000000000000000e+00 0.000000000000000000e+00 0.000000000000000000e+00
0.000000000000000000e+00 0.000000000000000000e+00 0.000000000000000000e+00 0.000000000000000000e+00 0.000000000000000000e+00
0.000000000000000000e+00 0.000000000000000000e+00 0.000000000000000000e+00 0.000000000000000000e+00 0.000000000000000000e+00
0.000000000000000000e+00 0.000000000000000000e+00 0.000000000000000000e+00 0.000000000000000000e+00 0.000000000000000000e+00
0.000000000000000000e+00 0.000000000000000000e+00 0.000000000000000000e+00 0.000000000000000000e+00 0.000000000000000000e+00
0.000000000000000000e+00 0.000000000000000000e+00 0.000000000000000000e+00 0.000000000000000000e+00 0.000000000000000000e+00
0.000000000000000000e+00 0.000000000000000000e+00 0.000000000000000000e+00 0.000000000000000000e+00 0.000000000000000000e+00
0.000000000000000000e+00 0.000000000000000000e+00 0.000000000000000000e+00 0.000000000000000000e+00 0.000000000000000000e+00
0.000000000000000000e+00 0.000000000000000000e+00 0.000000000000000000e+00 0.000000000000000000e+00 0.000000000000000000e+00
0.000000000000000000e+00 0.000000000000000000e+00 0.000000000000000000e+00 0.000000000000000000e+00 0.000000000000000000e+00
0.000000000000000000e+00 0.000000000000000000e+00 0.000000000000000000e+00 0.000000000000000000e+00 0.000000000000000000e+00
0.000000000000000000e+00 0.000000000000000000e+00 0.000000000000000000e+00 0.000000000000000000e+00 0.000000000000000000e+00
0.000000000000000000e+00 0.000000000000000000e+00 0.000000000000000000e+00 0.000000000000000000e+00 0.000000000000000000e+00
0.000000000000000000e+00 0.000000000000000000e+00 0.000000000000000000e+00 0.000000000000000000e+00 0.000000000000000000e+00
0.000000000000000000e+00 0.000000000000000000e+00 0.000000000000000000e+00 0.000000000000000000e+00 0.000000000000000000e+00
0.000000000000000000e+00 0.000000000000000000e+00 0.000000000000000000e+00 0.000000000000000000e+00 0.000000000000000000e+00
0.000000000000000000e+00 0.000000000000000000e+00 0.000000000000000000e+00 0.000000000000000000e+00 0.000000000000000000e+00
0.000000000000000000e+00 0.000000000000000000e+00 0.000000000000000000e+00 0.000000000000000000e+00 0.000000000000000000e+00
0.000000000000000000e+00 0.000000000000000000e+00 0.000000000000000000e+00 0.000000000000000000e+00 0.000000000000000000e+00
0.000000000000000000e+00 0.000000000000000000e+00 0.000000000000000000e+00 0.000000000000000000e+00 0.000000000000000000e+00
0.000000000000000000e+00 0.000000000000000000e+00 0.000000000000000000e+00 0.000000000000000000e+00 0.000000000000000000e+00
0.000000000000000000e+00 0.000000000000000000e+00 0.000000000000000000e+00 0.000000000000000000e+00 0.000000000000000000e+00
0.000000000000000000e+00 0.000000000000000000e+00 0.000000000000000000e+00 0.000000000000000000e+00 0.000000000000000000e+00
0.000000000000000000e+00 0.000000000000000000e+00 0.000000000000000000e+00 0.000000000000000000e+00 0.000000000000000000e+00
0.000000000000000000e+00 0.000000000000000000e+00 1.312166794337646727e-02 1.538203637852144290e+01 1.557746038044923331e+01
0.000000000000000000e+00 0.000000000000000000e+00 0.000000000000000000e+00 1.215690344455285476e+01 1.700685342244843667e+01
0.000000000000000000e+00 0.000000000000000000e+00 0.000000000000000000e+00 7.612033877159221973e+00 1.638162954931262760e+01
0.000000000000000000e+00 0.000000000000000000e+00 0.000000000000000000e+00 2.777101122064344008e+00 1.419435648805502481e+01
1.463175039122498466e+00 0.000000000000000000e+00 0.000000000000000000e+00 0.000000000000000000e+00 1.116883858538374952e+01
5.294939846869239908e+00 0.000000000000000000e+00 0.000000000000000000e+00 0.000000000000000000e+00 7.897743155249804303e+00
8.146043635694528717e+00 0.000000000000000000e+00 0.000000000000000000e+00 0.000000000000000000e+00 4.761916221164202767e+00
1.007378534917446444e+01 0.000000000000000000e+00 0.000000000000000000e+00 0.000000000000000000e+00 1.853632215798064697e+00
1.120061946684625198e+01 7.035864291991426045e-01 0.000000000000000000e+00 0.000000000000000000e+00 0.000000000000000000e+00
1.161963892760411454e+01 3.397510467569539117e+00 0.000000000000000000e+00 0.000000000000000000e+00 0.000000000000000000e+00
1.140521490710488095e+01 5.692692754062306015e+00 0.000000000000000000e+00 0.000000000000000000e+00 0.000000000000000000e+00
1.060832766943549998e+01 7.465943208542538123e+00 0.000000000000000000e+00 0.000000000000000000e+00 0.000000000000000000e+00
9.285821406325306171e+00 8.647846005087179933e+00 0.000000000000000000e+00 0.000000000000000000e+00 0.000000000000000000e+00
7.525427165262158269e+00 9.219928945966428202e+00 1.831897658498779169e+00 0.000000000000000000e+00 0.000000000000000000e+00
5.483695977414353884e+00 9.201022631889125947e+00 3.972248751337750239e+00 0.000000000000000000e+00 0.000000000000000000e+00
3.334212859167363874e+00 8.633308153562284204e+00 5.610801672028674858e+00 0.000000000000000000e+00 0.000000000000000000e+00
1.222973830499323400e+00 7.588157766922600800e+00 6.673435127249286225e+00 0.000000000000000000e+00 0.000000000000000000e+00
0.000000000000000000e+00 6.168240907310824639e+00 7.158943045175425013e+00 1.060244649975068398e+00 0.000000000000000000e+00
0.000000000000000000e+00 4.514659823464183930e+00 7.122141575609719943e+00 2.785276215738284655e+00 0.000000000000000000e+00
0.000000000000000000e+00 2.774873202125745841e+00 6.650180356217747502e+00 4.108941065991108310e+00 0.000000000000000000e+00
0.000000000000000000e+00 1.064120109631354172e+00 5.828926063263776491e+00 4.993082670811501700e+00 0.000000000000000000e+00
0.000000000000000000e+00 0.000000000000000000e+00 4.738795513595165154e+00 5.441282469753805806e+00 7.177870952921077130e-01
0.000000000000000000e+00 0.000000000000000000e+00 3.472548392430747199e+00 5.489537418190042928e+00 2.152226728574929915e+00
0.000000000000000000e+00 0.000000000000000000e+00 2.132437141184079454e+00 5.196043633191211875e+00 3.268258169913068389e+00
0.000000000000000000e+00 0.000000000000000000e+00 8.059010619162616518e-01 4.619891761084434556e+00 4.031145279201047593e+00
0.000000000000000000e+00 0.000000000000000000e+00 0.000000000000000000e+00 3.819187836563535221e+00 4.438911229949041193e+00
0.000000000000000000e+00 0.000000000000000000e+00 0.000000000000000000e+00 2.853452305520376875e+00 4.516456976735265805e+00
0.000000000000000000e+00 0.000000000000000000e+00 0.000000000000000000e+00 1.782607588465657367e+00 4.308913725253241900e+00
0.000000000000000000e+00 0.000000000000000000e+00 0.000000000000000000e+00 6.677910826143961254e-01 3.860120686715296845e+00
4.909273206831337721e-01 0.000000000000000000e+00 0.000000000000000000e+00 0.000000000000000000e+00 3.209021199262132917e+00
1.531997645282416665e+00 0.000000000000000000e+00 0.000000000000000000e+00 0.000000000000000000e+00 2.402956477166558358e+00
2.403444008922917430e+00 0.000000000000000000e+00 0.000000000000000000e+00 0.000000000000000000e+00 1.501393105960234786e+00
3.061537546648330999e+00 0.000000000000000000e+00 0.000000000000000000e+00 0.000000000000000000e+00 5.623415274519036888e-01
3.483999330302206765e+00 3.491462740010976562e-01 0.000000000000000000e+00 0.000000000000000000e+00 0.000000000000000000e+00
3.667123225711329315e+00 1.228469606018871785e+00 0.000000000000000000e+00 0.000000000000000000e+00 0.000000000000000000e+00
3.621579262536466448e+00 1.973211969324838222e+00 0.000000000000000000e+00 0.000000000000000000e+00 0.000000000000000000e+00
3.364730121001325625e+00 2.545156807447077174e+00 0.000000000000000000e+00 0.000000000000000000e+00 0.000000000000000000e+00
2.920482187134934460e+00 2.922388608200970239e+00 3.396378901480338192e-02 0.000000000000000000e+00 0.000000000000000000e+00
2.322100425688619296e+00 3.095884223732914275e+00 8.471552369470445321e-01 0.000000000000000000e+00 0.000000000000000000e+00
1.623401718152981621e+00 3.063910384633295791e+00 1.537604977893118896e+00 0.000000000000000000e+00 0.000000000000000000e+00
8.834561015042613485e-01 2.837908884939241094e+00 2.054490289008770176e+00 0.000000000000000000e+00 0.000000000000000000e+00
1.560101772747440885e-01 2.445628430451990631e+00 2.376085314185204744e+00 0.000000000000000000e+00 0.000000000000000000e+00
0.000000000000000000e+00 1.927312666799727570e+00 2.502734110407354162e+00 6.244315392782479046e-01 0.000000000000000000e+00
0.000000000000000000e+00 1.333997191246756753e+00 2.451336123680613266e+00 1.189897830779176102e+00 0.000000000000000000e+00
0.000000000000000000e+00 7.135767666002242882e-01 2.247369324497999532e+00 1.610833724745191375e+00 0.000000000000000000e+00
0.000000000000000000e+00 1.064174031649135627e-01 1.919709291516767280e+00 1.876659021136998895e+00 0.000000000000000000e+00
0.000000000000000000e+00 0.000000000000000000e+00 1.499446429362631061e+00 1.989138155333407321e+00 5.225879515286400157e-01
0.000000000000000000e+00 0.000000000000000000e+00 1.023684140427361999e+00 1.960919959049309602e+00 1.000936488333177721e+00
0.000000000000000000e+00 0.000000000000000000e+00 5.283330569914842512e-01 1.810607746969096432e+00 1.357516308471375055e+00
0.000000000000000000e+00 0.000000000000000000e+00 4.509970301667721310e-02 1.559628783714012146e+00 1.583443059221941507e+00
0.000000000000000000e+00 0.000000000000000000e+00 0.000000000000000000e+00 1.231774126476016473e+00 1.680074186276077519e+00
0.000000000000000000e+00 0.000000000000000000e+00 0.000000000000000000e+00 8.496330174687058978e-01 1.659952027661566465e+00
0.000000000000000000e+00 0.000000000000000000e+00 0.000000000000000000e+00 4.356316187141767160e-01 1.538574297125624213e+00
2.870375175507043890e-03 0.000000000000000000e+00 0.000000000000000000e+00 1.385881597092302603e-02 1.330415627444757831e+00
4.194265352602455921e-01 0.000000000000000000e+00 0.000000000000000000e+00 0.000000000000000000e+00 1.050645635333677941e+00
7.836403618269391913e-01 0.000000000000000000e+00 0.000000000000000000e+00 0.000000000000000000e+00 7.202425172104569562e-01
1.074045282376402843e+00 0.000000000000000000e+00 0.000000000000000000e+00 0.000000000000000000e+00 3.619907879826065322e-01
1.277954125026052212e+00 0.000000000000000000e+00 0.000000000000000000e+00 0.000000000000000000e+00 0.000000000000000000e+00
1.389452372772730149e+00 3.514103702223490000e-01 0.000000000000000000e+00 0.000000000000000000e+00 0.000000000000000000e+00
1.409607658519435924e+00 6.638458186699803809e-01 0.000000000000000000e+00 0.000000000000000000e+00 0.000000000000000000e+00
1.343364474377075402e+00 9.141592356644007156e-01 0.000000000000000000e+00 0.000000000000000000e+00 0.000000000000000000e+00
1.198677126066339582e+00 1.091349348857687973e+00 0.000000000000000000e+00 0.000000000000000000e+00 0.000000000000000000e+00
9.869920518309197588e-01 1.189836839946395441e+00 2.282219255047629736e-01 0.000000000000000000e+00 0.000000000000000000e+00
7.265589741749146624e-01 1.207181763117124662e+00 5.168536561378485050e-01 0.000000000000000000e+00 0.000000000000000000e+00
4.399730908753806680e-01 1.145447354713899690e+00 7.444236117180775825e-01 0.000000000000000000e+00 0.000000000000000000e+00
1.496774818097667548e-01 1.013210496317193510e+00 8.982561875320870248e-01 0.000000000000000000e+00 0.000000000000000000e+00
0.000000000000000000e+00 8.248925949528880253e-01 9.751991931125322255e-01 1.665095853893120148e-01 0.000000000000000000e+00
0.000000000000000000e+00 5.993012831292544584e-01 9.789128098767949648e-01 4.060287806838986935e-01 0.000000000000000000e+00
0.000000000000000000e+00 3.556252243228197329e-01 9.179102407237379468e-01 5.920700060337505954e-01 0.000000000000000000e+00
0.000000000000000000e+00 1.110153194858604780e-01 8.030984517233230591e-01 7.180723573275320515e-01 0.000000000000000000e+00
0.000000000000000000e+00 0.000000000000000000e+00 6.467130887461662869e-01 7.828007222431240253e-01 1.450528015868999265e-01
0.000000000000000000e+00 0.000000000000000000e+00 4.628396338435273316e-01 7.892837243528827429e-01 3.488011700302178220e-01
0.000000000000000000e+00 0.000000000000000000e+00 2.659273279494325237e-01 7.438905793998357163e-01 5.067173969340748041e-01
0.000000000000000000e+00 0.000000000000000000e+00 6.938732874814639018e-02 6.548259587492816225e-01 6.133311405148025308e-01
0.000000000000000000e+00 0.000000000000000000e+00 0.000000000000000000e+00 5.315116563052608711e-01 6.677378494062947700e-01
0.000000000000000000e+00 0.000000000000000000e+00 0.000000000000000000e+00 3.832572241912042821e-01 6.733705807684321476e-01
0.000000000000000000e+00 0.000000000000000000e+00 0.000000000000000000e+00 2.191109987628611921e-01 6.359513819412783153e-01
0.000000000000000000e+00 0.000000000000000000e+00 0.000000000000000000e+00 4.870458519380121976e-02 5.613600744378238749e-01
1.280315259207630563e-01 0.000000000000000000e+00 0.000000000000000000e+00 0.000000000000000000e+00 4.556710582723594860e-01
2.817068830366727394e-01 0.000000000000000000e+00 0.000000000000000000e+00 0.000000000000000000e+00 3.266786484608334984e-01
4.078459796251466818e-01 0.000000000000000000e+00 0.000000000000000000e+00 0.000000000000000000e+00 1.833544893596441017e-01
5.002474101845658661e-01 0.000000000000000000e+00 0.000000000000000000e+00 0.000000000000000000e+00 3.496812377618913753e-02
5.556190863265535462e-01 1.092881729883857789e-01 0.000000000000000000e+00 0.000000000000000000e+00 0.000000000000000000e+00
5.734491215220978155e-01 2.417606203569294954e-01 0.000000000000000000e+00 0.000000000000000000e+00 0.000000000000000000e+00
5.551761798676103643e-01 3.505772955693013393e-01 0.000000000000000000e+00 0.000000000000000000e+00 0.000000000000000000e+00
5.037003675209149600e-01 4.304788267379903166e-01 0.000000000000000000e+00 0.000000000000000000e+00 0.000000000000000000e+00
4.233976054153146262e-01 4.785774441836270210e-01 6.431740105269741214e-02 0.000000000000000000e+00 0.000000000000000000e+00
3.210120788101908373e-01 4.935274402974118013e-01 1.866008867515857872e-01 0.000000000000000000e+00 0.000000000000000000e+00
2.055260275083004018e-01 4.756061330692237243e-01 2.859013697852132996e-01 0.000000000000000000e+00 0.000000000000000000e+00
8.630098341174795296e-02 4.276930835469702208e-01 3.559461483480752531e-01 0.000000000000000000e+00 0.000000000000000000e+00
0.000000000000000000e+00 3.552455494878259956e-01 3.945940966775102754e-01 4.498648550428369086e-02 0.000000000000000000e+00
0.000000000000000000e+00 2.656569026245200749e-01 4.026586295478751798e-01 1.472044035557069086e-01 0.000000000000000000e+00
0.000000000000000000e+00 1.668144871439232457e-01 3.832420243190035047e-01 2.285551002336246307e-01 0.000000000000000000e+00
0.000000000000000000e+00 6.594169590902848599e-02 3.406233050526510930e-01 2.857597290941125689e-01 0.000000000000000000e+00
0.000000000000000000e+00 0.000000000000000000e+00 2.797168441576517450e-01 3.178317907006315557e-01 4.053343803936698686e-02
0.000000000000000000e+00 0.000000000000000000e+00 2.061344491965079462e-01 3.255349454350173199e-01 1.277139331059464200e-01
0.000000000000000000e+00 0.000000000000000000e+00 1.258158707791845465e-01 3.111970899946411295e-01 1.968964198611923566e-01
0.000000000000000000e+00 0.000000000000000000e+00 4.439984923160308905e-02 2.780443819057265009e-01 2.453221537014047826e-01
0.000000000000000000e+00 0.000000000000000000e+00 0.000000000000000000e+00 2.298669147651458688e-01 2.722317969675038807e-01
0.000000000000000000e+00 0.000000000000000000e+00 0.000000000000000000e+00 1.705703738389795499e-01 2.786019259709832108e-01
0.000000000000000000e+00 0.000000000000000000e+00 0.000000000000000000e+00 1.038809393186918145e-01 2.666501854513686487e-01
0.000000000000000000e+00 0.000000000000000000e+00 0.000000000000000000e+00 3.371061242412566605e-02 2.388027950533172794e-01
3.961947790344177989e-02 0.000000000000000000e+00 0.000000000000000000e+00 0.000000000000000000e+00 1.975311622733950390e-01
1.048994763381056877e-01 0.000000000000000000e+00 0.000000000000000000e+00 0.000000000000000000e+00 1.458720597707330036e-01
1.595293850000213121e-01 0.000000000000000000e+00 0.000000000000000000e+00 0.000000000000000000e+00 8.744234283757675030e-02
2.006508850191652815e-01 0.000000000000000000e+00 0.000000000000000000e+00 0.000000000000000000e+00 2.608352002486406460e-02
2.266544177231648305e-01 3.410282492955239025e-02 0.000000000000000000e+00 0.000000000000000000e+00 0.000000000000000000e+00
2.370676494946929447e-01 9.052638211541540192e-02 0.000000000000000000e+00 0.000000000000000000e+00 0.000000000000000000e+00
2.323147706081282182e-01 1.377061715865870728e-01 0.000000000000000000e+00 0.000000000000000000e+00 0.000000000000000000e+00
2.134779670712050326e-01 1.732293420176702070e-01 0.000000000000000000e+00 0.000000000000000000e+00 0.000000000000000000e+00
1.822618813322758879e-01 1.957148186441096949e-01 1.678964755333422348e-02 0.000000000000000000e+00 0.000000000000000000e+00
1.412242695227191591e-01 2.045089066045361059e-01 6.886944123811576668e-02 0.000000000000000000e+00 0.000000000000000000e+00
9.399405928437849778e-02 1.995414865697251738e-01 1.120885837279233105e-01 0.000000000000000000e+00 0.000000000000000000e+00
4.449196902383923541e-02 1.817875285101476779e-01 1.434887452976433275e-01 0.000000000000000000e+00 0.000000000000000000e+00
0.000000000000000000e+00 1.533487595928390290e-01 1.619034220983986139e-01 1.051699257611165075e-02 0.000000000000000000e+00
0.000000000000000000e+00 1.171942622861207317e-01 1.674590390393730643e-01 5.427645697244297407e-02 0.000000000000000000e+00
0.000000000000000000e+00 7.660661556817580098e-02 1.613239296983892679e-01 8.973891728287108904e-02 0.000000000000000000e+00
0.000000000000000000e+00 3.463420761363698863e-02 1.452055496252002142e-01 1.153491367592052869e-01 0.000000000000000000e+00
0.000000000000000000e+00 0.000000000000000000e+00 1.210965678611937435e-01 1.305423235974523255e-01 9.979263926893943912e-03
0.000000000000000000e+00 0.000000000000000000e+00 9.126801700374417847e-02 1.354866779745266259e-01 4.735600884253688553e-02
0.000000000000000000e+00 0.000000000000000000e+00 5.818555428568748106e-02 1.310568690291575300e-01 7.755559961230096278e-02
0.000000000000000000e+00 0.000000000000000000e+00 2.422290466210788584e-02 1.185382305376060236e-01 9.926033469203683623e-02
0.000000000000000000e+00 0.000000000000000000e+00 0.000000000000000000e+00 9.946603563986897156e-02 1.120252411338243798e-01
0.000000000000000000e+00 0.000000000000000000e+00 0.000000000000000000e+00 7.548743126154346117e-02 1.161086094582909484e-01
0.000000000000000000e+00 0.000000000000000000e+00 0.000000000000000000e+00 4.814920929745348382e-02 1.123879889293228074e-01
0.000000000000000000e+00 0.000000000000000000e+00 0.000000000000000000e+00 1.905109267247764512e-02 1.018734602307977272e-01
1.156065597914678750e-02 0.000000000000000000e+00 0.000000000000000000e+00 0.000000000000000000e+00 8.557667730381531002e-02
3.936050913014801922e-02 0.000000000000000000e+00 0.000000000000000000e+00 0.000000000000000000e+00 6.469929283185026081e-02
6.299176461197285304e-02 0.000000000000000000e+00 0.000000000000000000e+00 0.000000000000000000e+00 4.071412386098478831e-02
8.116191085566923369e-02 0.000000000000000000e+00 0.000000000000000000e+00 0.000000000000000000e+00 1.521563752830112394e-02
9.311544418798435585e-02 9.988664056148221018e-03 0.000000000000000000e+00 0.000000000000000000e+00 0.000000000000000000e+00
9.856824688155013670e-02 3.405293701025681463e-02 0.000000000000000000e+00 0.000000000000000000e+00 0.000000000000000000e+00
9.763793463589516552e-02 5.447732320272213880e-02 0.000000000000000000e+00 0.000000000000000000e+00 0.000000000000000000e+00
9.073051366479599478e-02 7.017186188279296577e-02 0.000000000000000000e+00 0.000000000000000000e+00 0.000000000000000000e+00
7.851326112530031265e-02 8.049443553973542609e-02 3.189361406080278710e-03 0.000000000000000000e+00 0.000000000000000000e+00
6.196074931848533085e-02 8.514028556321652508e-02 2.540422161196369960e-02 0.000000000000000000e+00 0.000000000000000000e+00
4.254748695537379638e-02 8.401131975533325524e-02 4.418304762041716516e-02 0.000000000000000000e+00 0.000000000000000000e+00
2.191831361458743133e-02 7.742920084539788028e-02 5.815819012959241863e-02 0.000000000000000000e+00 0.000000000000000000e+00
1.624172731110631136e-03 6.620572482365279232e-02 6.673863981043148819e-02 1.196483822956333860e-03 0.000000000000000000e+00
0.000000000000000000e+00 5.152258215241144884e-02 6.991482498156946501e-02 1.997281049168169939e-02 0.000000000000000000e+00
0.000000000000000000e+00 3.476207665824978393e-02 6.810825455541308360e-02 3.542784830097547855e-02 0.000000000000000000e+00
0.000000000000000000e+00 1.722606025958965323e-02 6.199392288708960308e-02 4.682138782599232218e-02 0.000000000000000000e+00
0.000000000000000000e+00 7.971448658066087093e-05 5.238904846529824494e-02 5.386526043897952448e-02 1.513199816393273741e-03
0.000000000000000000e+00 0.000000000000000000e+00 4.022776800438556538e-02 5.658638798527211577e-02 1.753910883433448462e-02
0.000000000000000000e+00 0.000000000000000000e+00 2.654423759278383768e-02 5.532020706842284696e-02 3.068693204300778146e-02
0.000000000000000000e+00 0.000000000000000000e+00 1.233889974621345080e-02 5.058215123978476724e-02 4.034151913781221233e-02
0.000000000000000000e+00 0.000000000000000000e+00 0.000000000000000000e+00 4.299600975888558108e-02 4.626839528290192100e-02
0.000000000000000000e+00 0.000000000000000000e+00 0.000000000000000000e+00 3.325747705564653656e-02 4.852051087630047943e-02
0.000000000000000000e+00 0.000000000000000000e+00 0.000000000000000000e+00 2.201070092870561698e-02 4.744891278176324029e-02
0.000000000000000000e+00 0.000000000000000000e+00 0.000000000000000000e+00 9.911743231448137334e-03 4.347618980153876433e-02
2.894819361976184568e-03 0.000000000000000000e+00 0.000000000000000000e+00 0.000000000000000000e+00 3.701758573352349063e-02
1.473770420389981101e-02 0.000000000000000000e+00 0.000000000000000000e+00 0.000000000000000000e+00 2.855084031279013501e-02
2.494311828306982823e-02 0.000000000000000000e+00 0.000000000000000000e+00 0.000000000000000000e+00 1.867821012931192293e-02
3.293250129388662628e-02 0.000000000000000000e+00 0.000000000000000000e+00 0.000000000000000000e+00 8.062254167358015935e-03
3.835823582700580159e-02 2.504929192218694010e-03 0.000000000000000000e+00 0.000000000000000000e+00 0.000000000000000000e+00
4.106910932575830869e-02 1.276623530241429751e-02 0.000000000000000000e+00 0.000000000000000000e+00 0.000000000000000000e+00
4.109211634884164105e-02 2.159151217400693754e-02 0.000000000000000000e+00 0.000000000000000000e+00 0.000000000000000000e+00
3.857929703878867911e-02 2.849293005736552170e-02 0.000000000000000000e+00 0.000000000000000000e+00 0.000000000000000000e+00
3.379202556123055146e-02 3.317663181352321911e-02 0.000000000000000000e+00 0.000000000000000000e+00 0.000000000000000000e+00
2.710323769688167961e-02 3.550225476862452212e-02 9.284373918967858685e-03 0.000000000000000000e+00 0.000000000000000000e+00
1.911133090276829344e-02 3.540378026117200344e-02 1.742282989515003128e-02 0.000000000000000000e+00 0.000000000000000000e+00
1.050529333686451954e-02 3.298262325488472008e-02 2.360817522584118117e-02 0.000000000000000000e+00 0.000000000000000000e+00
1.944799056593226510e-03 2.855116373444942582e-02 2.755093886411460330e-02 0.000000000000000000e+00 0.000000000000000000e+00
0.000000000000000000e+00 2.258276155834534546e-02 2.922260464797704627e-02 7.254854529654329760e-03 0.000000000000000000e+00
0.000000000000000000e+00 1.565468591693942521e-02 2.877162353512788262e-02 1.396962343381034574e-02 0.000000000000000000e+00
0.000000000000000000e+00 8.321787678936726912e-03 2.646445763450238839e-02 1.901422469012893288e-02 0.000000000000000000e+00
0.000000000000000000e+00 1.081381529930272589e-03 2.263646613187542470e-02 2.224365538447800258e-02 0.000000000000000000e+00
0.000000000000000000e+00 0.000000000000000000e+00 1.766731134651024215e-02 2.365591253219849477e-02 6.421398661767429954e-03
0.000000000000000000e+00 0.000000000000000000e+00 1.199273309943638816e-02 2.336818504401173835e-02 1.214268243944094383e-02
0.000000000000000000e+00 0.000000000000000000e+00 6.039866337206241734e-03 2.158318841830562940e-02 1.642062599999273217e-02
0.000000000000000000e+00 0.000000000000000000e+00 2.037506657227324393e-04 1.855814799886592106e-02 1.913728882229180986e-02
0.000000000000000000e+00 0.000000000000000000e+00 0.000000000000000000e+00 1.459000445340471498e-02 2.029741997171473356e-02
0.000000000000000000e+00 0.000000000000000000e+00 0.000000000000000000e+00 9.951321173452817165e-03 2.004069339937768202e-02
0.000000000000000000e+00 0.000000000000000000e+00 0.000000000000000000e+00 4.913061249396673269e-03 1.854389619858879887e-02
4.461330459518535749e-04 0.000000000000000000e+00 0.000000000000000000e+00 0.000000000000000000e+00 1.597913715585673813e-02
5.488406413783197303e-03 0.000000000000000000e+00 0.000000000000000000e+00 0.000000000000000000e+00 1.253815839330746709e-02
9.886894412981581462e-03 0.000000000000000000e+00 0.000000000000000000e+00 0.000000000000000000e+00 8.468289874362044944e-03
1.338434751406064951e-02 0.000000000000000000e+00 0.000000000000000000e+00 0.000000000000000000e+00 4.044839906797595072e-03
1.582288722988811971e-02 3.865750644783983738e-04 0.000000000000000000e+00 0.000000000000000000e+00 0.000000000000000000e+00
1.712679073985333422e-02 4.758272919562229336e-03 0.000000000000000000e+00 0.000000000000000000e+00 0.000000000000000000e+00
1.729888923834792952e-02 8.563133681300990133e-03 0.000000000000000000e+00 0.000000000000000000e+00 0.000000000000000000e+00
1.639588095425049616e-02 1.158441857861859658e-02 0.000000000000000000e+00 0.000000000000000000e+00 0.000000000000000000e+00
1.452011719184923173e-02 1.368921358134877163e-02 0.000000000000000000e+00 0.000000000000000000e+00 0.000000000000000000e+00
1.182067547933040100e-02 1.481075280532804031e-02 3.338250062653196938e-03 0.000000000000000000e+00 0.000000000000000000e+00
8.534912200457775780e-03 1.491679984562750173e-02 6.846394699231002530e-03 0.000000000000000000e+00 0.000000000000000000e+00
4.947449228448618126e-03 1.403890983781191405e-02 9.569783699140851224e-03 0.000000000000000000e+00 0.000000000000000000e+00
1.338373211703639334e-03 1.229498439313723816e-02 1.136650945974038672e-02 0.000000000000000000e+00 0.000000000000000000e+00
0.000000000000000000e+00 9.874399200052287953e-03 1.220862215496836684e-02 2.569538868073254021e-03 0.000000000000000000e+00
0.000000000000000000e+00 7.014817571136925528e-03 1.214677296199220130e-02 5.477597795019271618e-03 0.000000000000000000e+00
0.000000000000000000e+00 3.951323557572192051e-03 1.128703525512503823e-02 7.702955683193534776e-03 0.000000000000000000e+00
0.000000000000000000e+00 8.963903538603035280e-04 9.767044972000061068e-03 9.173167056454765642e-03 0.000000000000000000e+00
0.000000000000000000e+00 0.000000000000000000e+00 7.743805939632354002e-03 9.878598743913844307e-03 2.287071819464993154e-03
0.000000000000000000e+00 0.000000000000000000e+00 5.397253969186372943e-03 9.860533962826802112e-03 4.766838758590710885e-03
0.000000000000000000e+00 0.000000000000000000e+00 2.907398161057784571e-03 9.199630081758738975e-03 6.656178194881631240e-03
0.000000000000000000e+00 0.000000000000000000e+00 4.422718536136814702e-04 8.001158383907280500e-03 7.895384938147469514e-03
0.000000000000000000e+00 0.000000000000000000e+00 0.000000000000000000e+00 6.387576247465210494e-03 8.479027982572643132e-03
0.000000000000000000e+00 0.000000000000000000e+00 0.000000000000000000e+00 4.474981784643155408e-03 8.457390450732904519e-03
0.000000000000000000e+00 0.000000000000000000e+00 0.000000000000000000e+00 2.377359911738602047e-03 7.902679207724718630e-03
0.000000000000000000e+00 0.000000000000000000e+00 0.000000000000000000e+00 2.188200942776326796e-04 6.887665762397172584e-03
2.006738273112733915e-03 0.000000000000000000e+00 0.000000000000000000e+00 0.000000000000000000e+00 5.490578856305843372e-03
3.900636505914971668e-03 0.000000000000000000e+00 0.000000000000000000e+00 0.000000000000000000e+00 3.813495662080576207e-03
5.428746722407424598e-03 0.000000000000000000e+00 0.000000000000000000e+00 0.000000000000000000e+00 1.971236538123036491e-03
6.519401581322237064e-03 0.000000000000000000e+00 0.000000000000000000e+00 0.000000000000000000e+00 8.265415851912156077e-05
7.135904353392162093e-03 1.742151595286453320e-03 0.000000000000000000e+00 0.000000000000000000e+00 0.000000000000000000e+00
7.276025712259259585e-03 3.379071587043217407e-03 0.000000000000000000e+00 0.000000000000000000e+00 0.000000000000000000e+00
6.960750039232229368e-03 4.698522363339297132e-03 0.000000000000000000e+00 0.000000000000000000e+00 0.000000000000000000e+00
6.230031178373114480e-03 5.640018325110311183e-03 0.000000000000000000e+00 0.000000000000000000e+00 0.000000000000000000e+00
5.143301533764035871e-03 6.171723278187515177e-03 1.163919374857682459e-03 0.000000000000000000e+00 0.000000000000000000e+00
3.794348905410762762e-03 6.278163820943642726e-03 2.673729752998765894e-03 0.000000000000000000e+00 0.000000000000000000e+00
2.300631082240887307e-03 5.968136865926096206e-03 3.869197003556948573e-03 0.000000000000000000e+00 0.000000000000000000e+00
7.808826465390743352e-04 5.285701213230721562e-03 4.682182054995621782e-03 0.000000000000000000e+00 0.000000000000000000e+00
0.000000000000000000e+00 4.306401004957800295e-03 5.094291601193354571e-03 8.768225739118238552e-04 0.000000000000000000e+00
0.000000000000000000e+00 3.127923012122658681e-03 5.121948317262330422e-03 2.133704326295909285e-03 0.000000000000000000e+00
0.000000000000000000e+00 1.849713865823628296e-03 4.807245503499732280e-03 3.112070998929383422e-03 0.000000000000000000e+00
0.000000000000000000e+00 5.623828234165953758e-04 4.206569252277881157e-03 3.776696277321523777e-03 0.000000000000000000e+00
0.000000000000000000e+00 0.000000000000000000e+00 3.384727465825403125e-03 4.119855261262715847e-03 7.865668215135009338e-04
0.000000000000000000e+00 0.000000000000000000e+00 2.415906717940745265e-03 4.155544930420702020e-03 1.859097713459276126e-03
0.000000000000000000e+00 0.000000000000000000e+00 1.375875589278239847e-03 3.915718738771003030e-03 2.690605532235883397e-03
0.000000000000000000e+00 0.000000000000000000e+00 3.360002678172177115e-04 3.443367143160684825e-03 3.251768442931224617e-03
0.000000000000000000e+00 0.000000000000000000e+00 0.000000000000000000e+00 2.788897548913589746e-03 3.537186573206125683e-03
0.000000000000000000e+00 0.000000000000000000e+00 0.000000000000000000e+00 2.001694973935809647e-03 3.564429340526763506e-03
0.000000000000000000e+00 0.000000000000000000e+00 0.000000000000000000e+00 1.129647442909296811e-03 3.362929115553356992e-03
0.000000000000000000e+00 0.000000000000000000e+00 0.000000000000000000e+00 2.242120867778233989e-04 2.963415408299886148e-03
7.144328152500285974e-04 0.000000000000000000e+00 0.000000000000000000e+00 0.000000000000000000e+00 2.398346815579318041e-03
1.527607770507028243e-03 0.000000000000000000e+00 0.000000000000000000e+00 0.000000000000000000e+00 1.709100681000204000e-03
2.193656553691659353e-03 0.000000000000000000e+00 0.000000000000000000e+00 0.000000000000000000e+00 9.432027129127141868e-04
2.679811551743691792e-03 0.000000000000000000e+00 0.000000000000000000e+00 0.000000000000000000e+00 1.504569969238951990e-04
2.968503735150324670e-03 6.202817708983238880e-04 0.000000000000000000e+00 0.000000000000000000e+00 0.000000000000000000e+00
3.056667386957718797e-03 1.323562307278440455e-03 0.000000000000000000e+00 0.000000000000000000e+00 0.000000000000000000e+00
2.951708587120099436e-03 1.898894476206482163e-03 0.000000000000000000e+00 0.000000000000000000e+00 0.000000000000000000e+00
2.669285991579249673e-03 2.318630671075220910e-03 0.000000000000000000e+00 0.000000000000000000e+00 0.000000000000000000e+00
2.233239861883917245e-03 2.567651836042284669e-03 3.862680006819449474e-04 0.000000000000000000e+00 0.000000000000000000e+00
1.680557487299783482e-03 2.638659227128975580e-03 1.035088529367528525e-03 0.000000000000000000e+00 0.000000000000000000e+00
1.059633244414445426e-03 2.533553823617720920e-03 1.558569179103170546e-03 0.000000000000000000e+00 0.000000000000000000e+00
4.206620217328855974e-04 2.268590950615568917e-03 1.924434746729821247e-03 0.000000000000000000e+00 0.000000000000000000e+00
0.000000000000000000e+00 1.873786963112941076e-03 2.122150652714659830e-03 2.813654223434993665e-04 0.000000000000000000e+00
0.000000000000000000e+00 1.389187369734704068e-03 2.156585938250974669e-03 8.235938913483587974e-04 0.000000000000000000e+00
0.000000000000000000e+00 8.567772821891539610e-04 2.044375430093526083e-03 1.252513843231506776e-03 0.000000000000000000e+00
