0.000000000000000000e+00 0.000000000000000000e+00 0.000000000000000000e+00 0.000000000000000000e+00 0.000000000000000000e+00
0.000000000000000000e+00 0.000000000000000000e+00 0.000000000000000000e+00 0.000000000000000000e+00 0.000000000000000000e+00
0.000000000000000000e+00 0.000000000000000000e+00 0.000000000000000000e+00 0.000000000000000000e+00 0.000000000000000000e+00
0.000000000000000000e+00 0.000000000000000000e+00 0.000000000000000000e+00 0.000000000000000000e+00 0.000000000000000000e+00
0.000000000000000000e+00 0.000000000000000000e+00 0.000000000000000000e+00 0.000000000000000000e+00 0.000000000000000000e+00
0.000000000000000000e+00 0.000000000000000000e+00 0.000000000000000000e+00 0.000000000000000000e+00 0.000000000000000000e+00
0.000000000000000000e+00 0.000000000000000000e+00 0.000000000000000000e+00 0.000000000000000000e+00 0.000000000000000000e+00
0.000000000000000000e+00 0.000000000000000000e+00 0.000000000000000000e+00 0.000000000000000000e+00 0.000000000000000000e+00
0.000000000000000000e+00 0.000000000000000000e+00 0.000000000000000000e+00 0.000000000000000000e+00 0.000000000000000000e+00
0.000000000000000000e+00 0.000000000000000000e+00 0.000000000000000000e+00 0.000000000000000000e+00 0.000000000000000000e+00
0.000000000000000000e+00 0.000000000000000000e+00 0.000000000000000000e+00 0.000000000000000000e+00 0.000000000000000000e+00
0.000000000000000000e+00 0.000000000000000000e+00 0.000000000000000000e+00 0.000000000000000000e+00 0.000000000000000000e+00
0.000000000000000000e+00 0.000000000000000000e+00 0.000000000000000000e+00 0.000000000000000000e+00 0.000000000000000000e+00
0.000000000000000000e+00 0.000000000000000000e+00 0.000000000000000000e+00 0.000000000000000000e+00 0.000000000000000000e+00
0.000000000000000000e+00 0.000000000000000000e+00 0.000000000000000000e+00 0.000000000000000000e+00 0.000000000000000000e+00
0.000000000000000000e+00 0.000000000000000000e+00 0.000000000000000000e+00 0.000000000000000000e+00 0.000000000000000000e+00
0.000000000000000000e+00 0.000000000000000000e+00 0.000000000000000000e+00 0.000000000000000000e+00 0.000000000000000000e+00
0.000000000000000000e+00 0.000000000000000000e+00 0.000000000000000000e+00 0.000000000000000000e+00 0.000000000000000000e+00
0.000000000000000000e+00 0.000000000000000000e+00 0.000000000000000000e+00 0.000000000000000000e+00 0.000000000000000000e+00
0.000000000000000000e+00 0.000000000000000000e+00 0.000000000000000000e+00 0.000000000000000000e+00 0.000000000000000000e+00
0.000000000000000000e+00 0.000000000000000000e+00 0.000000000000000000e+00 0.000000000000000000e+00 0.000000000000000000e+00
0.000000000000000000e+00 0.000000000000000000e+00 0.000000000000000000e+00 0.000000000000000000e+00 0.000000000000000000e+00
0.000000000000000000e+00 0.000000000000000000e+00 0.000000000000000000e+00 0.000000000000000000e+00 0.000000000000000000e+00
0.000000000000000000e+00 0.000000000000000000e+00 0.000000000000000000e+00 0.000000000000000000e+00 0.000000000000000000e+00
0.000000000000000000e+00 0.000000000000000000e+00 0.000000000000000000e+00 0.000000000000000000e+00 0.000000000000000000e+00
0.000000000000000000e+00 0.000000000000000000e+00 0.000000000000000000e+00 0.000000000000000000e+00 0.000000000000000000e+00
0.000000000000000000e+00 0.000000000000000000e+00 0.000000000000000000e+00 0.000000000000000000e+00 0.000000000000000000e+00
0.000000000000000000e+00 0.000000000000000000e+00 0.000000000000000000e+00 0.000000000000000000e+00 0.000000000000000000e+00
0.000000000000000000e+00 0.000000000000000000e+00 0.000000000000000000e+00 0.000000000000000000e+00 0.000000000000000000e+00
0.000000000000000000e+00 0.000000000000000000e+00 0.000000000000000000e+00 0.000000000000000000e+00 0.000000000000000000e+00
0.000000000000000000e+00 0.000000000000000000e+00 0.000000000000000000e+00 0.000000000000000000e+00 0.000000000000000000e+00
0.000000000000000000e+00 0.000000000000000000e+00 0.000000000000000000e+00 0.000000000000000000e+00 0.000000000000000000e+00
0.000000000000000000e+00 0.000000000000000000e+00 0.000000000000000000e+00 0.000000000000000000e+00 0.000000000000000000e+00
0.000000000000000000e+00 0.000000000000000000e+00 0.000000000000000000e+00 0.000000000000000000e+00 0.000000000000000000e+00
0.000000000000000000e+00 0.000000000000000000e+00 0.000000000000000000e+00 0.000000000000000000e+00 0.000000000000000000e+00
0.000000000000000000e+00 0.000000000000000000e+00 0.000000000000000000e+00 0.000000000000000000e+00 0.000000000000000000e+00
0.000000000000000000e+00 0.000000000000000000e+00 0.000000000000000000e+00 0.000000000000000000e+00 0.000000000000000000e+00
0.000000000000000000e+00 0.000000000000000000e+00 0.000000000000000000e+00 0.000000000000000000e+00 0.000000000000000000e+00
0.000000000000000000e+00 0.000000000000000000e+00 0.000000000000000000e+00 0.000000000000000000e+00 0.000000000000000000e+00
0.000000000000000000e+00 0.000000000000000000e+00 0.000000000000000000e+00 0.000000000000000000e+00 0.000000000000000000e+00
0.000000000000000000e+00 0.000000000000000000e+00 0.000000000000000000e+00 0.000000000000000000e+00 0.000000000000000000e+00
0.000000000000000000e+00 0.000000000000000000e+00 0.000000000000000000e+00 0.000000000000000000e+00 0.000000000000000000e+00
0.000000000000000000e+00 0.000000000000000000e+00 0.000000000000000000e+00 0.000000000000000000e+00 0.000000000000000000e+00
0.000000000000000000e+00 0.000000000000000000e+00 0.000000000000000000e+00 0.000000000000000000e+00 0.000000000000000000e+00
0.000000000000000000e+00 0.000000000000000000e+00 0.000000000000000000e+00 0.000000000000000000e+00 0.000000000000000000e+00
0.000000000000000000e+00 0.000000000000000000e+00 0.000000000000000000e+00 0.000000000000000000e+00 0.000000000000000000e+00
0.000000000000000000e+00 0.000000000000000000e+00 0.000000000000000000e+00 0.000000000000000000e+00 0.000000000000000000e+00
0.000000000000000000e+00 0.000000000000000000e+00 0.000000000000000000e+00 0.000000000000000000e+00 0.000000000000000000e+00
0.000000000000000000e+00 0.000000000000000000e+00 0.000000000000000000e+00 0.000000000000000000e+00 0.000000000000000000e+00
0.000000000000000000e+00 0.000000000000000000e+00 0.000000000000000000e+00 0.000000000000000000e+00 0.000000000000000000e+00
0.000000000000000000e+00 0.000000000000000000e+00 0.000000000000000000e+00 0.000000000000000000e+00 0.000000000000000000e+00
0.000000000000000000e+00 0.000000000000000000e+00 0.000000000000000000e+00 0.000000000000000000e+00 0.000000000000000000e+00
0.000000000000000000e+00 0.000000000000000000e+00 0.000000000000000000e+00 0.000000000000000000e+00 0.000000000000000000e+00
0.000000000000000000e+00 0.000000000000000000e+00 0.000000000000000000e+00 0.000000000000000000e+00 0.000000000000000000e+00
0.000000000000000000e+00 0.000000000000000000e+00 0.000000000000000000e+00 0.000000000000000000e+00 0.000000000000000000e+00
0.000000000000000000e+00 0.000000000000000000e+00 0.000000000000000000e+00 0.000000000000000000e+00 0.000000000000000000e+00
0.000000000000000000e+00 0.000000000000000000e+00 0.000000000000000000e+00 0.000000000000000000e+00 0.000000000000000000e+00
0.000000000000000000e+00 0.000000000000000000e+00 0.000000000000000000e+00 0.000000000000000000e+00 0.000000000000000000e+00
0.000000000000000000e+00 0.000000000000000000e+00 0.000000000000000000e+00 0.000000000000000000e+00 0.000000000000000000e+00
0.000000000000000000e+00 0.000000000000000000e+00 0.000000000000000000e+00 0.000000000000000000e+00 0.000000000000000000e+00
0.000000000000000000e+00 0.000000000000000000e+00 0.000000000000000000e+00 0.000000000000000000e+00 0.000000000000000000e+00
0.000000000000000000e+00 0.000000000000000000e+00 0.000000000000000000e+00 0.000000000000000000e+00 0.000000000000000000e+00
0.000000000000000000e+00 0.000000000000000000e+00 0.000000000000000000e+00 0.000000000000000000e+00 0.000000000000000000e+00
0.000000000000000000e+00 0.000000000000000000e+00 0.000000000000000000e+00 0.000000000000000000e+00 0.000000000000000000e+00
0.000000000000000000e+00 0.000000000000000000e+00 0.000000000000000000e+00 0.000000000000000000e+00 0.000000000000000000e+00
0.000000000000000000e+00 0.000000000000000000e+00 0.000000000000000000e+00 0.000000000000000000e+00 0.000000000000000000e+00
0.000000000000000000e+00 0.000000000000000000e+00 0.000000000000000000e+00 0.000000000000000000e+00 0.000000000000000000e+00
0.000000000000000000e+00 0.000000000000000000e+00 0.000000000000000000e+00 0.000000000000000000e+00 0.000000000000000000e+00
0.000000000000000000e+00 0.000000000000000000e+00 0.000000000000000000e+00 0.000000000000000000e+00 0.000000000000000000e+00
0.000000000000000000e+00 0.000000000000000000e+00 0.000000000000000000e+00 0.000000000000000000e+00 0.000000000000000000e+00
0.000000000000000000e+00 0.000000000000000000e+00 0.000000000000000000e+00 0.000000000000000000e+00 0.000000000000000000e+00
0.000000000000000000e+00 0.000000000000000000e+00 0.000000000000000000e+00 0.000000000000000000e+00 0.000000000000000000e+00
0.000000000000000000e+00 0.000000000000000000e+00 0.000000000000000000e+00 0.000000000000000000e+00 0.000000000000000000e+00
0.000000000000000000e+00 0.000000000000000000e+00 0.000000000000000000e+00 0.000000000000000000e+00 0.000000000000000000e+00
0.000000000000000000e+00 0.000000000000000000e+00 0.000000000000000000e+00 0.000000000000000000e+00 0.000000000000000000e+00
0.000000000000000000e+00 0.000000000000000000e+00 0.000000000000000000e+00 0.000000000000000000e+00 0.000000000000000000e+00
0.000000000000000000e+00 0.000000000000000000e+00 0.000000000000000000e+00 0.000000000000000000e+00 0.000000000000000000e+00
0.000000000000000000e+00 0.000000000000000000e+00 0.000000000000000000e+00 0.000000000000000000e+00 0.000000000000000000e+00
0.000000000000000000e+00 0.000000000000000000e+00 0.000000000000000000e+00 0.000000000000000000e+00 0.000000000000000000e+00
0.000000000000000000e+00 0.000000000000000000e+00 0.000000000000000000e+00 0.000000000000000000e+00 0.000000000000000000e+00
0.000000000000000000e+00 0.000000000000000000e+00 0.000000000000000000e+00 0.000000000000000000e+00 0.000000000000000000e+00
0.000000000000000000e+00 0.000000000000000000e+00 0.000000000000000000e+00 0.000000000000000000e+00 0.000000000000000000e+00
0.000000000000000000e+00 0.000000000000000000e+00 0.000000000000000000e+00 0.000000000000000000e+00 0.000000000000000000e+00
0.000000000000000000e+00 0.000000000000000000e+00 0.000000000000000000e+00 0.000000000000000000e+00 0.000000000000000000e+00
0.000000000000000000e+00 0.000000000000000000e+00 0.000000000000000000e+00 0.000000000000000000e+00 0.000000000000000000e+00
0.000000000000000000e+00 0.000000000000000000e+00 0.000000000000000000e+00 0.000000000000000000e+00 0.000000000000000000e+00
0.000000000000000000e+00 0.000000000000000000e+00 0.000000000000000000e+00 0.000000000000000000e+00 0.000000000000000000e+00
0.000000000000000000e+00 0.000000000000000000e+00 0.000000000000000000e+00 0.000000000000000000e+00 0.000000000000000000e+00
0.000000000000000000e+00 0.000000000000000000e+00 0.000000000000000000e+00 0.000000000000000000e+00 0.000000000000000000e+00
0.000000000000000000e+00 0.000000000000000000e+00 0.000000000000000000e+00 0.000000000000000000e+00 0.000000000000000000e+00
0.000000000000000000e+00 0.000000000000000000e+00 0.000000000000000000e+00 0.000000000000000000e+00 0.000000000000000000e+00
0.000000000000000000e+00 0.000000000000000000e+00 0.000000000000000000e+00 0.000000000000000000e+00 0.000000000000000000e+00
0.000000000000000000e+00 0.000000000000000000e+00 0.000000000000000000e+00 0.000000000000000000e+00 0.000000000000000000e+00
0.000000000000000000e+00 0.000000000000000000e+00 0.000000000000000000e+00 0.000000000000000000e+00 0.000000000000000000e+00
0.000000000000000000e+00 0.000000000000000000e+00 0.000000000000000000e+00 0.000000000000000000e+00 0.000000000000000000e+00
0.000000000000000000e+00 0.000000000000000000e+00 0.000000000000000000e+00 0.000000000000000000e+00 0.000000000000000000e+00
0.000000000000000000e+00 0.000000000000000000e+00 0.000000000000000000e+00 0.000000000000000000e+00 0.000000000000000000e+00
0.000000000000000000e+00 0.000000000000000000e+00 0.000000000000000000e+00 0.000000000000000000e+00 0.000000000000000000e+00
0.000000000000000000e+00 0.000000000000000000e+00 0.000000000000000000e+00 0.000000000000000000e+00 0.000000000000000000e+00
0.000000000000000000e+00 0.000000000000000000e+00 0.000000000000000000e+00 0.000000000000000000e+00 0.000000000000000000e+00
0.000000000000000000e+00 0.000000000000000000e+00 0.000000000000000000e+00 0.000000000000000000e+00 0.000000000000000000e+00
0.000000000000000000e+00 0.000000000000000000e+00 0.000000000000000000e+00 0.000000000000000000e+00 0.000000000000000000e+00
0.000000000000000000e+00 0.000000000000000000e+00 0.000000000000000000e+00 0.000000000000000000e+00 0.000000000000000000e+00
0.000000000000000000e+00 0.000000000000000000e+00 0.000000000000000000e+00 0.000000000000000000e+00 0.000000000000000000e+00
0.000000000000000000e+00 0.000000000000000000e+00 0.000000000000000000e+00 0.000000000000000000e+00 0.000000000000000000e+00
0.000000000000000000e+00 0.000000000000000000e+00 0.000000000000000000e+00 0.000000000000000000e+00 0.000000000000000000e+00
0.000000000000000000e+00 0.000000000000000000e+00 0.000000000000000000e+00 0.000000000000000000e+00 0.000000000000000000e+00
0.000000000000000000e+00 0.000000000000000000e+00 0.000000000000000000e+00 0.000000000000000000e+00 0.000000000000000000e+00
0.000000000000000000e+00 0.000000000000000000e+00 0.000000000000000000e+00 0.000000000000000000e+00 0.000000000000000000e+00
0.000000000000000000e+00 0.000000000000000000e+00 0.000000000000000000e+00 0.000000000000000000e+00 0.000000000000000000e+00
0.000000000000000000e+00 0.000000000000000000e+00 0.000000000000000000e+00 0.000000000000000000e+00 0.000000000000000000e+00
0.000000000000000000e+00 0.000000000000000000e+00 0.000000000000000000e+00 0.000000000000000000e+00 0.000000000000000000e+00
0.000000000000000000e+00 0.000000000000000000e+00 0.000000000000000000e+00 0.000000000000000000e+00 0.000000000000000000e+00
0.000000000000000000e+00 0.000000000000000000e+00 0.000000000000000000e+00 0.000000000000000000e+00 0.000000000000000000e+00
0.000000000000000000e+00 0.000000000000000000e+00 0.000000000000000000e+00 0.000000000000000000e+00 0.000000000000000000e+00
0.000000000000000000e+00 0.000000000000000000e+00 0.000000000000000000e+00 0.000000000000000000e+00 0.000000000000000000e+00
0.000000000000000000e+00 0.000000000000000000e+00 0.000000000000000000e+00 0.000000000000000000e+00 0.000000000000000000e+00
0.000000000000000000e+00 0.000000000000000000e+00 0.000000000000000000e+00 0.000000000000000000e+00 0.000000000000000000e+00
0.000000000000000000e+00 0.000000000000000000e+00 0.000000000000000000e+00 0.000000000000000000e+00 0.000000000000000000e+00
0.000000000000000000e+00 0.000000000000000000e+00 0.000000000000000000e+00 0.000000000000000000e+00 0.000000000000000000e+00
0.000000000000000000e+00 0.000000000000000000e+00 0.000000000000000000e+00 0.000000000000000000e+00 0.000000000000000000e+00
0.000000000000000000e+00 0.000000000000000000e+00 0.000000000000000000e+00 0.000000000000000000e+00 0.000000000000000000e+00
0.000000000000000000e+00 0.000000000000000000e+00 0.000000000000000000e+00 0.000000000000000000e+00 0.000000000000000000e+00
0.000000000000000000e+00 0.000000000000000000e+00 0.000000000000000000e+00 0.000000000000000000e+00 0.000000000000000000e+00
0.000000000000000000e+00 0.000000000000000000e+00 0.000000000000000000e+00 0.000000000000000000e+00 0.000000000000000000e+00
0.000000000000000000e+00 0.000000000000000000e+00 0.000000000000000000e+00 0.000000000000000000e+00 0.000000000000000000e+00
0.000000000000000000e+00 0.000000000000000000e+00 0.000000000000000000e+00 0.000000000000000000e+00 0.000000000000000000e+00
0.000000000000000000e+00 0.000000000000000000e+00 0.000000000000000000e+00 0.000000000000000000e+00 0.000000000000000000e+00
0.000000000000000000e+00 0.000000000000000000e+00 0.000000000000000000e+00 0.000000000000000000e+00 0.000000000000000000e+00
0.000000000000000000e+00 0.000000000000000000e+00 0.000000000000000000e+00 0.000000000000000000e+00 0.000000000000000000e+00
0.000000000000000000e+00 0.000000000000000000e+00 0.000000000000000000e+00 0.000000000000000000e+00 0.000000000000000000e+00
0.000000000000000000e+00 0.000000000000000000e+00 0.000000000000000000e+00 0.000000000000000000e+00 0.000000000000000000e+00
0.000000000000000000e+00 0.000000000000000000e+00 0.000000000000000000e+00 0.000000000000000000e+00 0.000000000000000000e+00
0.000000000000000000e+00 0.000000000000000000e+00 0.000000000000000000e+00 0.000000000000000000e+00 0.000000000000000000e+00
0.000000000000000000e+00 0.000000000000000000e+00 0.000000000000000000e+00 0.000000000000000000e+00 0.000000000000000000e+00
0.000000000000000000e+00 0.000000000000000000e+00 0.000000000000000000e+00 0.000000000000000000e+00 0.000000000000000000e+00
0.000000000000000000e+00 0.000000000000000000e+00 0.000000000000000000e+00 0.000000000000000000e+00 0.000000000000000000e+00
0.000000000000000000e+00 0.000000000000000000e+00 0.000000000000000000e+00 0.000000000000000000e+00 0.000000000000000000e+00
0.000000000000000000e+00 0.000000000000000000e+00 0.000000000000000000e+00 0.000000000000000000e+00 0.000000000000000000e+00
0.000000000000000000e+00 0.000000000000000000e+00 0.000000000000000000e+00 0.000000000000000000e+00 0.000000000000000000e+00
0.000000000000000000e+00 0.000000000000000000e+00 0.000000000000000000e+00 0.000000000000000000e+00 0.000000000000000000e+00
0.000000000000000000e+00 0.000000000000000000e+00 0.000000000000000000e+00 0.000000000000000000e+00 0.000000000000000000e+00
0.000000000000000000e+00 0.000000000000000000e+00 0.000000000000000000e+00 0.000000000000000000e+00 0.000000000000000000e+00
0.000000000000000000e+00 0.000000000000000000e+00 0.000000000000000000e+00 0.000000000000000000e+00 0.000000000000000000e+00
0.000000000000000000e+00 0.000000000000000000e+00 0.000000000000000000e+00 0.000000000000000000e+00 0.000000000000000000e+00
0.000000000000000000e+00 0.000000000000000000e+00 0.000000000000000000e+00 0.000000000000000000e+00 0.000000000000000000e+00
0.000000000000000000e+00 0.000000000000000000e+00 0.000000000000000000e+00 0.000000000000000000e+00 0.000000000000000000e+00
0.000000000000000000e+00 0.000000000000000000e+00 0.000000000000000000e+00 0.000000000000000000e+00 0.000000000000000000e+00
0.000000000000000000e+00 0.000000000000000000e+00 0.000000000000000000e+00 0.000000000000000000e+00 0.000000000000000000e+00
0.000000000000000000e+00 0.000000000000000000e+00 0.000000000000000000e+00 0.000000000000000000e+00 0.000000000000000000e+00
0.000000000000000000e+00 0.000000000000000000e+00 0.000000000000000000e+00 0.000000000000000000e+00 0.000000000000000000e+00
0.000000000000000000e+00 0.000000000000000000e+00 0.000000000000000000e+00 0.000000000000000000e+00 0.000000000000000000e+00
0.000000000000000000e+00 0.000000000000000000e+00 0.000000000000000000e+00 0.000000000000000000e+00 0.000000000000000000e+00
0.000000000000000000e+00 0.000000000000000000e+00 0.000000000000000000e+00 0.000000000000000000e+00 0.000000000000000000e+00
0.000000000000000000e+00 0.000000000000000000e+00 0.000000000000000000e+00 0.000000000000000000e+00 0.000000000000000000e+00
0.000000000000000000e+00 0.000000000000000000e+00 0.000000000000000000e+00 0.000000000000000000e+00 0.000000000000000000e+00
0.000000000000000000e+00 0.000000000000000000e+00 0.000000000000000000e+00 0.000000000000000000e+00 0.000000000000000000e+00
0.000000000000000000e+00 0.000000000000000000e+00 0.000000000000000000e+00 0.000000000000000000e+00 0.000000000000000000e+00
0.000000000000000000e+00 0.000000000000000000e+00 0.000000000000000000e+00 0.000000000000000000e+00 0.000000000000000000e+00
0.000000000000000000e+00 0.000000000000000000e+00 0.000000000000000000e+00 0.000000000000000000e+00 0.000000000000000000e+00
0.000000000000000000e+00 0.000000000000000000e+00 0.000000000000000000e+00 0.000000000000000000e+00 0.000000000000000000e+00
0.000000000000000000e+00 0.000000000000000000e+00 0.000000000000000000e+00 0.000000000000000000e+00 0.000000000000000000e+00
0.000000000000000000e+00 0.000000000000000000e+00 0.000000000000000000e+00 0.000000000000000000e+00 0.000000000000000000e+00
0.000000000000000000e+00 0.000000000000000000e+00 0.000000000000000000e+00 0.000000000000000000e+00 0.000000000000000000e+00
0.000000000000000000e+00 0.000000000000000000e+00 0.000000000000000000e+00 0.000000000000000000e+00 0.000000000000000000e+00
0.000000000000000000e+00 0.000000000000000000e+00 0.000000000000000000e+00 0.000000000000000000e+00 0.000000000000000000e+00
0.000000000000000000e+00 0.000000000000000000e+00 0.000000000000000000e+00 0.000000000000000000e+00 0.000000000000000000e+00
0.000000000000000000e+00 0.000000000000000000e+00 0.000000000000000000e+00 0.000000000000000000e+00 0.000000000000000000e+00
0.000000000000000000e+00 0.000000000000000000e+00 0.000000000000000000e+00 0.000000000000000000e+00 0.000000000000000000e+00
0.000000000000000000e+00 0.000000000000000000e+00 0.000000000000000000e+00 0.000000000000000000e+00 0.000000000000000000e+00
0.000000000000000000e+00 0.000000000000000000e+00 0.000000000000000000e+00 0.000000000000000000e+00 0.000000000000000000e+00
0.000000000000000000e+00 0.000000000000000000e+00 0.000000000000000000e+00 0.000000000000000000e+00 0.000000000000000000e+00
0.000000000000000000e+00 0.000000000000000000e+00 0.000000000000000000e+00 0.000000000000000000e+00 0.000000000000000000e+00
0.000000000000000000e+00 0.000000000000000000e+00 0.000000000000000000e+00 0.000000000000000000e+00 0.000000000000000000e+00
0.000000000000000000e+00 0.000000000000000000e+00 0.000000000000000000e+00 0.000000000000000000e+00 0.000000000000000000e+00
0.000000000000000000e+00 0.000000000000000000e+00 0.000000000000000000e+00 0.000000000000000000e+00 0.000000000000000000e+00
0.000000000000000000e+00 0.000000000000000000e+00 0.000000000000000000e+00 0.000000000000000000e+00 0.000000000000000000e+00
0.000000000000000000e+00 0.000000000000000000e+00 0.000000000000000000e+00 0.000000000000000000e+00 0.000000000000000000e+00
0.000000000000000000e+00 0.000000000000000000e+00 0.000000000000000000e+00 0.000000000000000000e+00 0.000000000000000000e+00
0.000000000000000000e+00 0.000000000000000000e+00 0.000000000000000000e+00 0.000000000000000000e+00 0.000000000000000000e+00
0.000000000000000000e+00 0.000000000000000000e+00 0.000000000000000000e+00 0.000000000000000000e+00 0.000000000000000000e+00
0.000000000000000000e+00 0.000000000000000000e+00 0.000000000000000000e+00 0.000000000000000000e+00 0.000000000000000000e+00
0.000000000000000000e+00 0.000000000000000000e+00 0.000000000000000000e+00 0.000000000000000000e+00 0.000000000000000000e+00
0.000000000000000000e+00 0.000000000000000000e+00 0.000000000000000000e+00 0.000000000000000000e+00 0.000000000000000000e+00
0.000000000000000000e+00 0.000000000000000000e+00 0.000000000000000000e+00 0.000000000000000000e+00 0.000000000000000000e+00
0.000000000000000000e+00 0.000000000000000000e+00 0.000000000000000000e+00 0.000000000000000000e+00 0.000000000000000000e+00
0.000000000000000000e+00 0.000000000000000000e+00 0.000000000000000000e+00 0.000000000000000000e+00 0.000000000000000000e+00
0.000000000000000000e+00 0.000000000000000000e+00 0.000000000000000000e+00 0.000000000000000000e+00 0.000000000000000000e+00
0.000000000000000000e+00 0.000000000000000000e+00 0.000000000000000000e+00 0.000000000000000000e+00 0.000000000000000000e+00
0.000000000000000000e+00 0.000000000000000000e+00 0.000000000000000000e+00 0.000000000000000000e+00 0.000000000000000000e+00
0.000000000000000000e+00 0.000000000000000000e+00 0.000000000000000000e+00 0.000000000000000000e+00 0.000000000000000000e+00
0.000000000000000000e+00 0.000000000000000000e+00 0.000000000000000000e+00 0.000000000000000000e+00 0.000000000000000000e+00
0.000000000000000000e+00 0.000000000000000000e+00 0.000000000000000000e+00 0.000000000000000000e+00 0.000000000000000000e+00
0.000000000000000000e+00 0.000000000000000000e+00 0.000000000000000000e+00 0.000000000000000000e+00 0.000000000000000000e+00
0.000000000000000000e+00 0.000000000000000000e+00 0.000000000000000000e+00 0.000000000000000000e+00 0.000000000000000000e+00
0.000000000000000000e+00 0.000000000000000000e+00 0.000000000000000000e+00 0.000000000000000000e+00 0.000000000000000000e+00
0.000000000000000000e+00 0.000000000000000000e+00 0.000000000000000000e+00 0.000000000000000000e+00 0.000000000000000000e+00
0.000000000000000000e+00 0.000000000000000000e+00 0.000000000000000000e+00 0.000000000000000000e+00 0.000000000000000000e+00
0.000000000000000000e+00 0.000000000000000000e+00 0.000000000000000000e+00 0.000000000000000000e+00 0.000000000000000000e+00
0.000000000000000000e+00 0.000000000000000000e+00 0.000000000000000000e+00 0.000000000000000000e+00 0.000000000000000000e+00
0.000000000000000000e+00 0.000000000000000000e+00 0.000000000000000000e+00 0.000000000000000000e+00 0.000000000000000000e+00
0.000000000000000000e+00 0.000000000000000000e+00 0.000000000000000000e+00 0.000000000000000000e+00 0.000000000000000000e+00
0.000000000000000000e+00 0.000000000000000000e+00 0.000000000000000000e+00 0.000000000000000000e+00 0.000000000000000000e+00
0.000000000000000000e+00 0.000000000000000000e+00 0.000000000000000000e+00 0.000000000000000000e+00 0.000000000000000000e+00
0.000000000000000000e+00 0.000000000000000000e+00 0.000000000000000000e+00 0.000000000000000000e+00 0.000000000000000000e+00
0.000000000000000000e+00 0.000000000000000000e+00 0.000000000000000000e+00 0.000000000000000000e+00 0.000000000000000000e+00
0.000000000000000000e+00 0.000000000000000000e+00 0.000000000000000000e+00 0.000000000000000000e+00 0.000000000000000000e+00
0.000000000000000000e+00 0.000000000000000000e+00 0.000000000000000000e+00 0.000000000000000000e+00 0.000000000000000000e+00
0.000000000000000000e+00 0.000000000000000000e+00 0.000000000000000000e+00 0.000000000000000000e+00 0.000000000000000000e+00
0.000000000000000000e+00 0.000000000000000000e+00 0.000000000000000000e+00 0.000000000000000000e+00 0.000000000000000000e+00
0.000000000000000000e+00 0.000000000000000000e+00 0.000000000000000000e+00 0.000000000000000000e+00 0.000000000000000000e+00
0.000000000000000000e+00 0.000000000000000000e+00 0.000000000000000000e+00 0.000000000000000000e+00 0.000000000000000000e+00
0.000000000000000000e+00 0.000000000000000000e+00 0.000000000000000000e+00 0.000000000000000000e+00 0.000000000000000000e+00
0.000000000000000000e+00 0.000000000000000000e+00 0.000000000000000000e+00 0.000000000000000000e+00 0.000000000000000000e+00
0.000000000000000000e+00 0.000000000000000000e+00 0.000000000000000000e+00 0.000000000000000000e+00 0.000000000000000000e+00
0.000000000000000000e+00 0.000000000000000000e+00 0.000000000000000000e+00 0.000000000000000000e+00 0.000000000000000000e+00
0.000000000000000000e+00 0.000000000000000000e+00 0.000000000000000000e+00 0.000000000000000000e+00 0.000000000000000000e+00
0.000000000000000000e+00 0.000000000000000000e+00 0.000000000000000000e+00 0.000000000000000000e+00 0.000000000000000000e+00
0.000000000000000000e+00 0.000000000000000000e+00 0.000000000000000000e+00 0.000000000000000000e+00 0.000000000000000000e+00
0.000000000000000000e+00 0.000000000000000000e+00 0.000000000000000000e+00 0.000000000000000000e+00 0.000000000000000000e+00
0.000000000000000000e+00 0.000000000000000000e+00 0.000000000000000000e+00 0.000000000000000000e+00 0.000000000000000000e+00
0.000000000000000000e+00 0.000000000000000000e+00 0.000000000000000000e+00 0.000000000000000000e+00 0.000000000000000000e+00
0.000000000000000000e+00 0.000000000000000000e+00 0.000000000000000000e+00 0.000000000000000000e+00 0.000000000000000000e+00
0.000000000000000000e+00 0.000000000000000000e+00 0.000000000000000000e+00 0.000000000000000000e+00 0.000000000000000000e+00
0.000000000000000000e+00 0.000000000000000000e+00 0.000000000000000000e+00 0.000000000000000000e+00 0.000000000000000000e+00
0.000000000000000000e+00 0.000000000000000000e+00 0.000000000000000000e+00 0.000000000000000000e+00 0.000000000000000000e+00
0.000000000000000000e+00 0.000000000000000000e+00 0.000000000000000000e+00 0.000000000000000000e+00 0.000000000000000000e+00
0.000000000000000000e+00 0.000000000000000000e+00 0.000000000000000000e+00 0.000000000000000000e+00 0.000000000000000000e+00
0.000000000000000000e+00 0.000000000000000000e+00 0.000000000000000000e+00 0.000000000000000000e+00 0.000000000000000000e+00
0.000000000000000000e+00 0.000000000000000000e+00 0.000000000000000000e+00 0.000000000000000000e+00 0.000000000000000000e+00
0.000000000000000000e+00 0.000000000000000000e+00 0.000000000000000000e+00 0.000000000000000000e+00 0.000000000000000000e+00
0.000000000000000000e+00 0.000000000000000000e+00 0.000000000000000000e+00 0.000000000000000000e+00 0.000000000000000000e+00
0.000000000000000000e+00 0.000000000000000000e+00 0.000000000000000000e+00 0.000000000000000000e+00 0.000000000000000000e+00
0.000000000000000000e+00 0.000000000000000000e+00 0.000000000000000000e+00 0.000000000000000000e+00 0.000000000000000000e+00
0.000000000000000000e+00 0.000000000000000000e+00 0.000000000000000000e+00 0.000000000000000000e+00 0.000000000000000000e+00
0.000000000000000000e+00 0.000000000000000000e+00 0.000000000000000000e+00 0.000000000000000000e+00 0.000000000000000000e+00
0.000000000000000000e+00 0.000000000000000000e+00 0.000000000000000000e+00 0.000000000000000000e+00 0.000000000000000000e+00
0.000000000000000000e+00 0.000000000000000000e+00 0.000000000000000000e+00 0.000000000000000000e+00 0.000000000000000000e+00
0.000000000000000000e+00 0.000000000000000000e+00 0.000000000000000000e+00 0.000000000000000000e+00 0.000000000000000000e+00
0.000000000000000000e+00 0.000000000000000000e+00 0.000000000000000000e+00 0.000000000000000000e+00 0.000000000000000000e+00
0.000000000000000000e+00 0.000000000000000000e+00 0.000000000000000000e+00 0.000000000000000000e+00 0.000000000000000000e+00
0.000000000000000000e+00 0.000000000000000000e+00 0.000000000000000000e+00 0.000000000000000000e+00 0.000000000000000000e+00
0.000000000000000000e+00 0.000000000000000000e+00 0.000000000000000000e+00 0.000000000000000000e+00 0.000000000000000000e+00
0.000000000000000000e+00 0.000000000000000000e+00 0.000000000000000000e+00 0.000000000000000000e+00 0.000000000000000000e+00
0.000000000000000000e+00 0.000000000000000000e+00 0.000000000000000000e+00 0.000000000000000000e+00 0.000000000000000000e+00
0.000000000000000000e+00 0.000000000000000000e+00 0.000000000000000000e+00 0.000000000000000000e+00 0.000000000000000000e+00
0.000000000000000000e+00 0.000000000000000000e+00 0.000000000000000000e+00 0.000000000000000000e+00 0.000000000000000000e+00
0.000000000000000000e+00 0.000000000000000000e+00 0.000000000000000000e+00 0.000000000000000000e+00 0.000000000000000000e+00
0.000000000000000000e+00 0.000000000000000000e+00 0.000000000000000000e+00 0.000000000000000000e+00 0.000000000000000000e+00
0.000000000000000000e+00 0.000000000000000000e+00 0.000000000000000000e+00 0.000000000000000000e+00 0.000000000000000000e+00
0.000000000000000000e+00 0.000000000000000000e+00 0.000000000000000000e+00 0.000000000000000000e+00 0.000000000000000000e+00
0.000000000000000000e+00 0.000000000000000000e+00 0.000000000000000000e+00 0.000000000000000000e+00 0.000000000000000000e+00
0.000000000000000000e+00 0.000000000000000000e+00 0.000000000000000000e+00 0.000000000000000000e+00 0.000000000000000000e+00
0.000000000000000000e+00 0.000000000000000000e+00 0.000000000000000000e+00 0.000000000000000000e+00 0.000000000000000000e+00
0.000000000000000000e+00 0.000000000000000000e+00 0.000000000000000000e+00 0.000000000000000000e+00 0.000000000000000000e+00
0.000000000000000000e+00 0.000000000000000000e+00 0.000000000000000000e+00 0.000000000000000000e+00 0.000000000000000000e+00
0.000000000000000000e+00 0.000000000000000000e+00 0.000000000000000000e+00 0.000000000000000000e+00 0.000000000000000000e+00
0.000000000000000000e+00 0.000000000000000000e+00 0.000000000000000000e+00 0.000000000000000000e+00 0.000000000000000000e+00
0.000000000000000000e+00 0.000000000000000000e+00 0.000000000000000000e+00 0.000000000000000000e+00 0.000000000000000000e+00
0.000000000000000000e+00 0.000000000000000000e+00 0.000000000000000000e+00 0.000000000000000000e+00 0.000000000000000000e+00
0.000000000000000000e+00 0.000000000000000000e+00 0.000000000000000000e+00 0.000000000000000000e+00 0.000000000000000000e+00
0.000000000000000000e+00 0.000000000000000000e+00 0.000000000000000000e+00 0.000000000000000000e+00 0.000000000000000000e+00
0.000000000000000000e+00 0.000000000000000000e+00 0.000000000000000000e+00 0.000000000000000000e+00 0.000000000000000000e+00
0.000000000000000000e+00 0.000000000000000000e+00 0.000000000000000000e+00 0.000000000000000000e+00 0.000000000000000000e+00
0.000000000000000000e+00 0.000000000000000000e+00 0.000000000000000000e+00 0.000000000000000000e+00 0.000000000000000000e+00
0.000000000000000000e+00 0.000000000000000000e+00 0.000000000000000000e+00 0.000000000000000000e+00 0.000000000000000000e+00
0.000000000000000000e+00 0.000000000000000000e+00 0.000000000000000000e+00 0.000000000000000000e+00 0.000000000000000000e+00
0.000000000000000000e+00 0.000000000000000000e+00 0.000000000000000000e+00 0.000000000000000000e+00 0.000000000000000000e+00
0.000000000000000000e+00 0.000000000000000000e+00 0.000000000000000000e+00 0.000000000000000000e+00 0.000000000000000000e+00
0.000000000000000000e+00 0.000000000000000000e+00 0.000000000000000000e+00 0.000000000000000000e+00 0.000000000000000000e+00
0.000000000000000000e+00 0.000000000000000000e+00 0.000000000000000000e+00 0.000000000000000000e+00 0.000000000000000000e+00
0.000000000000000000e+00 0.000000000000000000e+00 0.000000000000000000e+00 0.000000000000000000e+00 0.000000000000000000e+00
0.000000000000000000e+00 0.000000000000000000e+00 0.000000000000000000e+00 0.000000000000000000e+00 0.000000000000000000e+00
0.000000000000000000e+00 0.000000000000000000e+00 0.000000000000000000e+00 0.000000000000000000e+00 0.000000000000000000e+00
0.000000000000000000e+00 0.000000000000000000e+00 0.000000000000000000e+00 0.000000000000000000e+00 0.000000000000000000e+00
0.000000000000000000e+00 0.000000000000000000e+00 0.000000000000000000e+00 1.984566421064669584e+01 2.722600010553602701e+01
0.000000000000000000e+00 0.000000000000000000e+00 0.000000000000000000e+00 7.643185681946429888e+00 1.592911695014754514e+01
0.000000000000000000e+00 0.000000000000000000e+00 0.000000000000000000e+00 6.050219325834480522e+00 1.093488394252384488e+01
0.000000000000000000e+00 0.000000000000000000e+00 0.000000000000000000e+00 3.376401644341220365e+00 7.021692841462594536e+00
7.658941777678252016e-01 0.000000000000000000e+00 0.000000000000000000e+00 6.378321447370138841e-01 4.616394654431759115e+00
8.137920134496866353e+00 0.000000000000000000e+00 0.000000000000000000e+00 0.000000000000000000e+00 2.930854682421007329e+00
9.279682372331038209e+00 0.000000000000000000e+00 0.000000000000000000e+00 0.000000000000000000e+00 1.081281344910056674e+00
9.910524900453015817e+00 0.000000000000000000e+00 0.000000000000000000e+00 0.000000000000000000e+00 0.000000000000000000e+00
1.082543800659448863e+01 0.000000000000000000e+00 0.000000000000000000e+00 0.000000000000000000e+00 0.000000000000000000e+00
1.104749005110640425e+01 2.192461712056159584e+00 0.000000000000000000e+00 0.000000000000000000e+00 0.000000000000000000e+00
1.101797536262454003e+01 5.857512622344533959e+00 0.000000000000000000e+00 0.000000000000000000e+00 0.000000000000000000e+00
1.116601870553564879e+01 7.394133147463533007e+00 0.000000000000000000e+00 0.000000000000000000e+00 0.000000000000000000e+00
1.063132091148828451e+01 8.412731314261680637e+00 0.000000000000000000e+00 0.000000000000000000e+00 0.000000000000000000e+00
9.294239160866766269e+00 8.979588736186553177e+00 1.878732610473419218e+00 0.000000000000000000e+00 0.000000000000000000e+00
7.663321512122507784e+00 9.040777045647775623e+00 5.522038785972978481e+00 0.000000000000000000e+00 0.000000000000000000e+00
5.917527171102126005e+00 9.066138268546913181e+00 6.917235158984176735e+00 0.000000000000000000e+00 0.000000000000000000e+00
4.223173243806468413e+00 8.638538500677643839e+00 7.670394745356630573e+00 0.000000000000000000e+00 0.000000000000000000e+00
2.567486804841527803e+00 7.642716316276798594e+00 7.973534096860552367e+00 3.953690613506100071e-01 0.000000000000000000e+00
7.779766995060866108e-01 6.419540375787183173e+00 7.717640490567519329e+00 4.275780115569072670e+00 0.000000000000000000e+00
0.000000000000000000e+00 4.952007395355894737e+00 7.687272748194907912e+00 5.493935293647145279e+00 0.000000000000000000e+00
0.000000000000000000e+00 3.570724447925654577e+00 7.376216437927440417e+00 6.087675931002379137e+00 0.000000000000000000e+00
0.000000000000000000e+00 2.421434248227090080e+00 6.480427678577677320e+00 6.459959118698390235e+00 0.000000000000000000e+00
0.000000000000000000e+00 1.091521174419434193e+00 5.530573708709956016e+00 6.268631045976949423e+00 2.582470022633642781e+00
0.000000000000000000e+00 0.000000000000000000e+00 4.498916774856200895e+00 6.122308647278793536e+00 4.177280629339552576e+00
0.000000000000000000e+00 0.000000000000000000e+00 3.326865334899522519e+00 6.018519542788527410e+00 4.726423032800875390e+00
0.000000000000000000e+00 0.000000000000000000e+00 2.297451411336690619e+00 5.479247732596260079e+00 5.073130398559131393e+00
0.000000000000000000e+00 0.000000000000000000e+00 1.251760678607265476e+00 4.701369921105769123e+00 5.108828699745176394e+00
0.000000000000000000e+00 0.000000000000000000e+00 7.827955278982834386e-04 3.905410286438206757e+00 4.757381519794265934e+00
0.000000000000000000e+00 0.000000000000000000e+00 0.000000000000000000e+00 2.944319439687264062e+00 4.197987874442905110e+00
0.000000000000000000e+00 0.000000000000000000e+00 0.000000000000000000e+00 1.947451100147761238e+00 3.503319228715429112e+00
1.235114462090103338e-01 0.000000000000000000e+00 0.000000000000000000e+00 9.535102610295775882e-01 2.718645464873410411e+00
2.529889379438097219e+00 0.000000000000000000e+00 0.000000000000000000e+00 0.000000000000000000e+00 1.919857241342572962e+00
3.350687790926496490e+00 0.000000000000000000e+00 0.000000000000000000e+00 0.000000000000000000e+00 1.074294735915655163e+00
3.747296257356453886e+00 0.000000000000000000e+00 0.000000000000000000e+00 0.000000000000000000e+00 3.117760316994400149e-01
4.039199031170925380e+00 0.000000000000000000e+00 0.000000000000000000e+00 0.000000000000000000e+00 0.000000000000000000e+00
4.109914632782552424e+00 1.282212826247850490e+00 0.000000000000000000e+00 0.000000000000000000e+00 0.000000000000000000e+00
4.194968820080998029e+00 2.336037574762756641e+00 0.000000000000000000e+00 0.000000000000000000e+00 0.000000000000000000e+00
4.306075676525598084e+00 2.812744751909340035e+00 0.000000000000000000e+00 0.000000000000000000e+00 0.000000000000000000e+00
4.165476113214401366e+00 3.186412736780221522e+00 0.000000000000000000e+00 0.000000000000000000e+00 0.000000000000000000e+00
3.741121666175761806e+00 3.420686974351488274e+00 1.240104895430991228e+00 0.000000000000000000e+00 0.000000000000000000e+00
3.127440666476591247e+00 3.593971370183086655e+00 2.216506200001504556e+00 0.000000000000000000e+00 0.000000000000000000e+00
2.407649405642442453e+00 3.663321399865318018e+00 2.703600516596871284e+00 0.000000000000000000e+00 0.000000000000000000e+00
1.654307979978644205e+00 3.469758586853517457e+00 3.037766676044781899e+00 0.000000000000000000e+00 0.000000000000000000e+00
8.564963544889625524e-01 3.072451502131823275e+00 3.159716736080337984e+00 7.199074192290910723e-01 0.000000000000000000e+00
1.132295224573809378e-02 2.551222697845849652e+00 3.152022245596910466e+00 1.861927458027678783e+00 0.000000000000000000e+00
0.000000000000000000e+00 1.918147905651781393e+00 3.132732824519541825e+00 2.282806255150544583e+00 0.000000000000000000e+00
0.000000000000000000e+00 1.350977259986925194e+00 2.936979396246133689e+00 2.512999134399844792e+00 0.000000000000000000e+00
0.000000000000000000e+00 8.122645487463131531e-01 2.574787433902678835e+00 2.608470677751892897e+00 3.170675622922591863e-01
0.000000000000000000e+00 1.538493767905646514e-01 2.186721937125892801e+00 2.550920967714988663e+00 1.453917871423573205e+00
0.000000000000000000e+00 0.000000000000000000e+00 1.720645504928606018e+00 2.534838603407829627e+00 1.821678096384282464e+00
0.000000000000000000e+00 0.000000000000000000e+00 1.233590124584742487e+00 2.447062568599405186e+00 1.999306965627942745e+00
0.000000000000000000e+00 0.000000000000000000e+00 7.713085372582773047e-01 2.181780212191613000e+00 2.114802911807700525e+00
0.000000000000000000e+00 0.000000000000000000e+00 2.435070133700412143e-01 1.854914060429742051e+00 2.081620312949190588e+00
0.000000000000000000e+00 0.000000000000000000e+00 0.000000000000000000e+00 1.485844338581028268e+00 1.913761661051911256e+00
0.000000000000000000e+00 0.000000000000000000e+00 0.000000000000000000e+00 1.060792870385536268e+00 1.670948788032229348e+00
0.000000000000000000e+00 0.000000000000000000e+00 0.000000000000000000e+00 6.129258746901489197e-01 1.375130843934502245e+00
6.997412563898719462e-01 0.000000000000000000e+00 0.000000000000000000e+00 1.398424644305085174e-01 1.043481657705618293e+00
1.278189380389089802e+00 0.000000000000000000e+00 0.000000000000000000e+00 0.000000000000000000e+00 6.778983633556446842e-01
1.517187268847555170e+00 0.000000000000000000e+00 0.000000000000000000e+00 0.000000000000000000e+00 3.241477982656504331e-01
1.668245658841764900e+00 0.000000000000000000e+00 0.000000000000000000e+00 0.000000000000000000e+00 0.000000000000000000e+00
1.740995832234841778e+00 3.141264389591813533e-01 0.000000000000000000e+00 0.000000000000000000e+00 0.000000000000000000e+00
1.769956428954053473e+00 9.101752399725393516e-01 0.000000000000000000e+00 0.000000000000000000e+00 0.000000000000000000e+00
1.826762091019102918e+00 1.143762977862043950e+00 0.000000000000000000e+00 0.000000000000000000e+00 0.000000000000000000e+00
1.827233050877034914e+00 1.300350602759308360e+00 0.000000000000000000e+00 0.000000000000000000e+00 0.000000000000000000e+00
1.698594330616993719e+00 1.427960200174087868e+00 3.611598856468090091e-01 0.000000000000000000e+00 0.000000000000000000e+00
1.465623267116043182e+00 1.524076469896666897e+00 8.656039017117089784e-01 0.000000000000000000e+00 0.000000000000000000e+00
1.164715631751929159e+00 1.587508791126854835e+00 1.099069082495110150e+00 0.000000000000000000e+00 0.000000000000000000e+00
8.284284220119353392e-01 1.550021607424172387e+00 1.263439130859316251e+00 0.000000000000000000e+00 0.000000000000000000e+00
4.684068918791384206e-01 1.403635078436498151e+00 1.355949005166694477e+00 1.561753111146280126e-01 0.000000000000000000e+00
8.622076277012835632e-02 1.191124726005772461e+00 1.366568374859513657e+00 7.390107583083694864e-01 0.000000000000000000e+00
0.000000000000000000e+00 9.208914820817072355e-01 1.373268323241327860e+00 9.530572466157162248e-01 0.000000000000000000e+00
0.000000000000000000e+00 6.563237421351408862e-01 1.320269202877484283e+00 1.065179939272624887e+00 0.000000000000000000e+00
0.000000000000000000e+00 4.100573580709210852e-01 1.176228116166646576e+00 1.131924952824507891e+00 2.951932505417032004e-02
0.000000000000000000e+00 1.219504635126678060e-01 1.007737574722420426e+00 1.117381467527149841e+00 5.915465080920556673e-01
0.000000000000000000e+00 0.000000000000000000e+00 8.083818201889836352e-01 1.116855235023197501e+00 7.730525064581095229e-01
0.000000000000000000e+00 0.000000000000000000e+00 5.887265975615929570e-01 1.096547149875852778e+00 8.581416813394061593e-01
0.000000000000000000e+00 0.000000000000000000e+00 3.785878136401610305e-01 9.918802778469526515e-01 9.227632746081027015e-01
0.000000000000000000e+00 0.000000000000000000e+00 1.440655978070304322e-01 8.507002708584732176e-01 9.249358319526491679e-01
0.000000000000000000e+00 0.000000000000000000e+00 0.000000000000000000e+00 6.925136677997723034e-01 8.632598323951579111e-01
0.000000000000000000e+00 0.000000000000000000e+00 0.000000000000000000e+00 5.048439930925585628e-01 7.650221529369405360e-01
0.000000000000000000e+00 0.000000000000000000e+00 0.000000000000000000e+00 3.036858653729224145e-01 6.406840612149489189e-01
2.591383145568260105e-01 0.000000000000000000e+00 0.000000000000000000e+00 9.146862187394246002e-02 4.966632596100262198e-01
5.443313340206469286e-01 0.000000000000000000e+00 0.000000000000000000e+00 0.000000000000000000e+00 3.362465113615065171e-01
6.599543964532085250e-01 0.000000000000000000e+00 0.000000000000000000e+00 0.000000000000000000e+00 1.751322844326552719e-01
7.307828211581424149e-01 0.000000000000000000e+00 0.000000000000000000e+00 0.000000000000000000e+00 2.263987851871540613e-02
7.698203918932411405e-01 1.116698163747931183e-01 0.000000000000000000e+00 0.000000000000000000e+00 0.000000000000000000e+00
7.847711468611873187e-01 3.924469400684049702e-01 0.000000000000000000e+00 0.000000000000000000e+00 0.000000000000000000e+00
8.116404866853255129e-01 5.004858642979925776e-01 0.000000000000000000e+00 0.000000000000000000e+00 0.000000000000000000e+00
8.180912604093726337e-01 5.706366953240005202e-01 0.000000000000000000e+00 0.000000000000000000e+00 0.000000000000000000e+00
7.679547319040835873e-01 6.301418408831294116e-01 1.443763148325594159e-01 0.000000000000000000e+00 0.000000000000000000e+00
6.696597286074701394e-01 6.756304154129577633e-01 3.764246811125415704e-01 0.000000000000000000e+00 0.000000000000000000e+00
5.376056592016920099e-01 7.086832418724409166e-01 4.818847955950045225e-01 0.000000000000000000e+00 0.000000000000000000e+00
3.856602606751380335e-01 6.986914595407811568e-01 5.568144183818790616e-01 0.000000000000000000e+00 0.000000000000000000e+00
2.214057894223131484e-01 6.374398044817297659e-01 6.030183835462787911e-01 5.667939359307094804e-02 0.000000000000000000e+00
4.688410697860856402e-02 5.440341856668240439e-01 6.114728804547397978e-01 3.227676987740024650e-01 0.000000000000000000e+00
0.000000000000000000e+00 4.234079592562101091e-01 6.169122560233009089e-01 4.216856444807515203e-01 0.000000000000000000e+00
0.000000000000000000e+00 3.026137925637750747e-01 5.965820328411708395e-01 4.738680923688098900e-01 0.000000000000000000e+00
0.000000000000000000e+00 1.898603047648262099e-01 5.340126410326018203e-01 5.066032084975091720e-01 5.752424824858604069e-03
0.000000000000000000e+00 5.917617671222564352e-02 4.587006767288404063e-01 5.022090781267629644e-01 2.617816150799701092e-01
0.000000000000000000e+00 0.000000000000000000e+00 3.695090424751713010e-01 5.030007370350908502e-01 3.449269368468743657e-01
0.000000000000000000e+00 0.000000000000000000e+00 2.699925144889592232e-01 4.955728641001223012e-01 3.839598719458581222e-01
0.000000000000000000e+00 0.000000000000000000e+00 1.739460997514163942e-01 4.500182516008410794e-01 4.142786375721696501e-01
0.000000000000000000e+00 0.000000000000000000e+00 6.701031594122054680e-02 3.868968741409051226e-01 4.170785303685620726e-01
0.000000000000000000e+00 0.000000000000000000e+00 0.000000000000000000e+00 3.157285137326248936e-01 3.909383397486188017e-01
0.000000000000000000e+00 0.000000000000000000e+00 0.000000000000000000e+00 2.308783092467203701e-01 3.478179057031005605e-01
0.000000000000000000e+00 0.000000000000000000e+00 0.000000000000000000e+00 1.394553650221808105e-01 2.925506964592683445e-01
1.164554738365874975e-01 0.000000000000000000e+00 0.000000000000000000e+00 4.268055005634430188e-02 2.279718136681663510e-01
2.447478326873753218e-01 0.000000000000000000e+00 0.000000000000000000e+00 0.000000000000000000e+00 1.555179625403146915e-01
2.971623980245952645e-01 0.000000000000000000e+00 0.000000000000000000e+00 0.000000000000000000e+00 8.214775719689539069e-02
3.295242658631791777e-01 0.000000000000000000e+00 0.000000000000000000e+00 0.000000000000000000e+00 1.223353359540046981e-02
3.476513879126241768e-01 5.248678839727239503e-02 0.000000000000000000e+00 0.000000000000000000e+00 0.000000000000000000e+00
3.551388489378148883e-01 1.777685033503373369e-01 0.000000000000000000e+00 0.000000000000000000e+00 0.000000000000000000e+00
3.674904953200663904e-01 2.263889886528303030e-01 0.000000000000000000e+00 0.000000000000000000e+00 0.000000000000000000e+00
3.705302350919792431e-01 2.581050739563472973e-01 0.000000000000000000e+00 0.000000000000000000e+00 0.000000000000000000e+00
3.483607377979148212e-01 2.848884834107456854e-01 6.871869689232480705e-02 0.000000000000000000e+00 0.000000000000000000e+00
3.041692104016036069e-01 3.060777608377351910e-01 1.711951026255564834e-01 0.000000000000000000e+00 0.000000000000000000e+00
2.442015629413174793e-01 3.215381322266042119e-01 2.182452527675238230e-01 0.000000000000000000e+00 0.000000000000000000e+00
1.747821847214536817e-01 3.170841145009229423e-01 2.522164584372865725e-01 0.000000000000000000e+00 0.000000000000000000e+00
9.938781680413955044e-02 2.893696589252647833e-01 2.732427553052874103e-01 2.942081735531232312e-02 0.000000000000000000e+00
1.932679050961727540e-02 2.468189976358226012e-01 2.777618235545764591e-01 1.472598971108163290e-01 0.000000000000000000e+00
0.000000000000000000e+00 1.917506969114057824e-01 2.803305838572645037e-01 1.916770759712416172e-01 0.000000000000000000e+00
0.000000000000000000e+00 1.367910575626063441e-01 2.706980826238170046e-01 2.154413357028128750e-01 0.000000000000000000e+00
0.000000000000000000e+00 8.509644811539152087e-02 2.422652864896624181e-01 2.300629923957275835e-01 6.701823221637592809e-03
0.000000000000000000e+00 2.493789686800695904e-02 2.080384350076203148e-01 2.284771250658912400e-01 1.201173401754229708e-01
0.000000000000000000e+00 0.000000000000000000e+00 1.672861096435318551e-01 2.288726700054333207e-01 1.572984703588575783e-01
0.000000000000000000e+00 0.000000000000000000e+00 1.219741063335288977e-01 2.250583960316654419e-01 1.749956148861553651e-01
0.000000000000000000e+00 0.000000000000000000e+00 7.789585078186167522e-02 2.042649146336472654e-01 1.884626897720087513e-01
0.000000000000000000e+00 0.000000000000000000e+00 2.860536508870081818e-02 1.755401715237581151e-01 1.894979852709788304e-01
0.000000000000000000e+00 0.000000000000000000e+00 0.000000000000000000e+00 1.428103478317277464e-01 1.775812866116655009e-01
0.000000000000000000e+00 0.000000000000000000e+00 0.000000000000000000e+00 1.040225406084616111e-01 1.579067952730994762e-01
0.000000000000000000e+00 0.000000000000000000e+00 0.000000000000000000e+00 6.222619707167975633e-02 1.326922533018870531e-01
5.675945992415609709e-02 0.000000000000000000e+00 0.000000000000000000e+00 1.776099541197728726e-02 1.032865724543818864e-01
1.126060711779786061e-01 0.000000000000000000e+00 0.000000000000000000e+00 0.000000000000000000e+00 7.011525800519891050e-02
1.358216728931904704e-01 0.000000000000000000e+00 0.000000000000000000e+00 0.000000000000000000e+00 3.664209663233997105e-02
1.504757053008343171e-01 0.000000000000000000e+00 0.000000000000000000e+00 0.000000000000000000e+00 4.646797901124433139e-03
1.584839164010265478e-01 2.743554598691355650e-02 0.000000000000000000e+00 0.000000000000000000e+00 0.000000000000000000e+00
1.621380569121844417e-01 8.219090016773122898e-02 0.000000000000000000e+00 0.000000000000000000e+00 0.000000000000000000e+00
1.677465580197590178e-01 1.038463605909267784e-01 0.000000000000000000e+00 0.000000000000000000e+00 0.000000000000000000e+00
1.687132673527425020e-01 1.182364493306486963e-01 0.000000000000000000e+00 0.000000000000000000e+00 0.000000000000000000e+00
1.583343540567772323e-01 1.301458309044845052e-01 3.476198665259833120e-02 0.000000000000000000e+00 0.000000000000000000e+00
1.378879482344785856e-01 1.399676699602525609e-01 7.926878385473123956e-02 0.000000000000000000e+00 0.000000000000000000e+00
1.102271280570432804e-01 1.469294901922113539e-01 1.001793221988256516e-01 0.000000000000000000e+00 0.000000000000000000e+00
7.834184537867550091e-02 1.443646723082548100e-01 1.155807282696863503e-01 0.000000000000000000e+00 0.000000000000000000e+00
4.365271637071455046e-02 1.313766511744085541e-01 1.248342343821073896e-01 1.679919497192594591e-02 0.000000000000000000e+00
6.869099659378985478e-03 1.116923855720841630e-01 1.269921790584982446e-01 6.837672233313440984e-02 0.000000000000000000e+00
0.000000000000000000e+00 8.631285357251217150e-02 1.280058342959655704e-01 8.811119564291036710e-02 0.000000000000000000e+00
0.000000000000000000e+00 6.132916922411801863e-02 1.230677729251983266e-01 9.884022311132945049e-02 0.000000000000000000e+00
0.000000000000000000e+00 3.761945550191603954e-02 1.098952627756477618e-01 1.051281120527947088e-01 6.231183562772635298e-03
0.000000000000000000e+00 9.777014360852209762e-03 9.422557543005138925e-02 1.044728241457182349e-01 5.589970208475403268e-02
0.000000000000000000e+00 0.000000000000000000e+00 7.544349746808177992e-02 1.045836029887570184e-01 7.236892074930167951e-02
0.000000000000000000e+00 0.000000000000000000e+00 5.476333358885199232e-02 1.024240209953242164e-01 8.035750961471689602e-02
0.000000000000000000e+00 0.000000000000000000e+00 3.450531301283588786e-02 9.274278162844763751e-02 8.620624961836798050e-02
0.000000000000000000e+00 0.000000000000000000e+00 1.170022178466734175e-02 7.957086331054075146e-02 8.637655912820285664e-02
0.000000000000000000e+00 0.000000000000000000e+00 0.000000000000000000e+00 6.439009074190815696e-02 8.077547036904332567e-02
0.000000000000000000e+00 0.000000000000000000e+00 0.000000000000000000e+00 4.658131641434692938e-02 7.165323375875054523e-02
0.000000000000000000e+00 0.000000000000000000e+00 0.000000000000000000e+00 2.742937904419706641e-02 6.002523440545859401e-02
2.830493739323980407e-02 0.000000000000000000e+00 0.000000000000000000e+00 6.944049542678687459e-03 4.654883383747865366e-02
5.226171766971710042e-02 0.000000000000000000e+00 0.000000000000000000e+00 0.000000000000000000e+00 3.127981149219971613e-02
6.244578870813422000e-02 0.000000000000000000e+00 0.000000000000000000e+00 0.000000000000000000e+00 1.599668816058219534e-02
6.905784079256793717e-02 0.000000000000000000e+00 0.000000000000000000e+00 0.000000000000000000e+00 1.366688816297756404e-03
7.252047571959520378e-02 1.456826515822129409e-02 0.000000000000000000e+00 0.000000000000000000e+00 0.000000000000000000e+00
7.427830763384379864e-02 3.828205394920569660e-02 0.000000000000000000e+00 0.000000000000000000e+00 0.000000000000000000e+00
7.681142522347085555e-02 4.788748255695196576e-02 0.000000000000000000e+00 0.000000000000000000e+00 0.000000000000000000e+00
7.698135649666371094e-02 5.442591008075758907e-02 0.000000000000000000e+00 0.000000000000000000e+00 0.000000000000000000e+00
7.202008937007953193e-02 5.969600640335804426e-02 1.775064330208797614e-02 0.000000000000000000e+00 0.000000000000000000e+00
6.245683240257315916e-02 6.423652323335860004e-02 3.693325460918828185e-02 0.000000000000000000e+00 0.000000000000000000e+00
4.962408688089503528e-02 6.732187895780672449e-02 4.621503722536779435e-02 0.000000000000000000e+00 0.000000000000000000e+00
3.495260309694714351e-02 6.580753578182996222e-02 5.319884855656820122e-02 0.000000000000000000e+00 0.000000000000000000e+00
1.898550630773820913e-02 5.964577067490096224e-02 5.721219846205549686e-02 9.475515474575146868e-03 0.000000000000000000e+00
2.084015506185199484e-03 5.049008883246442619e-02 5.819921007777395516e-02 3.193736047156559010e-02 0.000000000000000000e+00
0.000000000000000000e+00 3.875549956767532223e-02 5.855347342081485690e-02 4.066809032522434447e-02 0.000000000000000000e+00
0.000000000000000000e+00 2.740344810050476809e-02 5.598992155732673837e-02 4.549448650084109147e-02 0.000000000000000000e+00
0.000000000000000000e+00 1.653206309386812123e-02 4.984525504605707980e-02 4.814861792198366075e-02 4.486027795596037038e-03
0.000000000000000000e+00 3.629676607734833027e-03 4.265189050990825931e-02 4.785619925268491670e-02 2.612908754250575782e-02
0.000000000000000000e+00 0.000000000000000000e+00 3.397064935842575295e-02 4.785959161591524236e-02 3.339547023309741292e-02
0.000000000000000000e+00 0.000000000000000000e+00 2.452527538956195130e-02 4.664731698451607400e-02 3.699512086790424092e-02
0.000000000000000000e+00 0.000000000000000000e+00 1.521426500387779157e-02 4.210966759755851996e-02 3.950861782297421937e-02
0.000000000000000000e+00 0.000000000000000000e+00 4.656357410808276143e-03 3.605303359700996052e-02 3.941714217200021492e-02
0.000000000000000000e+00 0.000000000000000000e+00 0.000000000000000000e+00 2.899483754486675835e-02 3.675795592763764219e-02
0.000000000000000000e+00 0.000000000000000000e+00 0.000000000000000000e+00 2.080767890498824713e-02 3.250504095388740550e-02
0.000000000000000000e+00 0.000000000000000000e+00 0.000000000000000000e+00 1.202727685153615056e-02 2.712283777796642426e-02
1.411303989215850763e-02 0.000000000000000000e+00 0.000000000000000000e+00 2.585503368022212811e-03 2.093277451330033401e-02
2.431454720917658463e-02 0.000000000000000000e+00 0.000000000000000000e+00 0.000000000000000000e+00 1.389305677419683249e-02
2.876355461709723116e-02 0.000000000000000000e+00 0.000000000000000000e+00 0.000000000000000000e+00 6.914768362158429937e-03
3.174264686061079033e-02 0.000000000000000000e+00 0.000000000000000000e+00 0.000000000000000000e+00 2.297308586163282484e-04
3.322438516922154861e-02 7.634214973983866059e-03 0.000000000000000000e+00 0.000000000000000000e+00 0.000000000000000000e+00
3.406256937612318209e-02 1.786078312465022577e-02 0.000000000000000000e+00 0.000000000000000000e+00 0.000000000000000000e+00
3.520400452174499151e-02 2.211484867745250327e-02 0.000000000000000000e+00 0.000000000000000000e+00 0.000000000000000000e+00
3.514708802692779327e-02 2.508714341033169148e-02 0.000000000000000000e+00 0.000000000000000000e+00 0.000000000000000000e+00
3.276463294413112237e-02 2.741484468062438395e-02 8.991653904484309123e-03 0.000000000000000000e+00 0.000000000000000000e+00
2.827930549497592594e-02 2.950986610638528518e-02 1.722896290948350284e-02 0.000000000000000000e+00 0.000000000000000000e+00
2.231812324870796616e-02 3.086776213294672999e-02 2.134809818339578058e-02 0.000000000000000000e+00 0.000000000000000000e+00
1.556656466881856105e-02 3.000634829776416268e-02 2.451499157126502126e-02 0.000000000000000000e+00 0.000000000000000000e+00
8.220483133083433813e-03 2.707686324078917295e-02 2.624363730823864316e-02 5.169701427782946723e-03 0.000000000000000000e+00
4.585172565629846986e-04 2.281405955542936681e-02 2.668698063275076748e-02 1.493105720230758493e-02 0.000000000000000000e+00
0.000000000000000000e+00 1.738594828436301754e-02 2.679405773733378737e-02 1.878751292786695615e-02 0.000000000000000000e+00
0.000000000000000000e+00 1.222948278653213094e-02 2.547621254168408456e-02 2.095548512892841941e-02 0.000000000000000000e+00
0.000000000000000000e+00 7.247613297372001995e-03 2.260594308792995832e-02 2.206404629601088629e-02 2.805663892813115012e-03
0.000000000000000000e+00 1.271273600389477565e-03 1.930170295368460742e-02 2.192884607956857579e-02 1.221689699196559786e-02
0.000000000000000000e+00 0.000000000000000000e+00 1.528783701975733322e-02 2.190670868666977356e-02 1.541826457859052368e-02
0.000000000000000000e+00 0.000000000000000000e+00 1.097380993009933192e-02 2.124715189330883547e-02 1.703915312391446335e-02
0.000000000000000000e+00 0.000000000000000000e+00 6.696591265329399079e-03 1.911829077959614764e-02 1.811361996061799928e-02
0.000000000000000000e+00 0.000000000000000000e+00 1.811880584068337185e-03 1.633184151830890940e-02 1.799151910087504191e-02
0.000000000000000000e+00 0.000000000000000000e+00 0.000000000000000000e+00 1.305076449689135387e-02 1.672748854776751060e-02
0.000000000000000000e+00 0.000000000000000000e+00 0.000000000000000000e+00 9.287079819735311048e-03 1.474296155417054166e-02
0.000000000000000000e+00 0.000000000000000000e+00 0.000000000000000000e+00 5.262585030172406420e-03 1.225023469796138187e-02
6.983402138560634853e-03 0.000000000000000000e+00 0.000000000000000000e+00 9.130944954538477987e-04 9.405842921148543923e-03
1.130998311606790097e-02 0.000000000000000000e+00 0.000000000000000000e+00 0.000000000000000000e+00 6.160402904038519978e-03
1.325039952324136294e-02 0.000000000000000000e+00 0.000000000000000000e+00 0.000000000000000000e+00 2.975007746213176318e-03
1.459194893903781320e-02 0.000000000000000000e+00 0.000000000000000000e+00 0.000000000000000000e+00 0.000000000000000000e+00
1.522299735681853505e-02 3.925725199376284280e-03 0.000000000000000000e+00 0.000000000000000000e+00 0.000000000000000000e+00
1.562420067612535490e-02 8.326258485780169138e-03 0.000000000000000000e+00 0.000000000000000000e+00 0.000000000000000000e+00
1.614080475038415230e-02 1.021032370311925064e-02 0.000000000000000000e+00 0.000000000000000000e+00 0.000000000000000000e+00
1.604899692288386248e-02 1.156521088820472443e-02 0.000000000000000000e+00 0.000000000000000000e+00 0.000000000000000000e+00
1.490128775018417784e-02 1.259431536388078143e-02 4.500912453482275311e-03 0.000000000000000000e+00 0.000000000000000000e+00
1.279839845614638705e-02 1.355636101398438598e-02 8.033223234715780592e-03 0.000000000000000000e+00 0.000000000000000000e+00
1.003233016371174458e-02 1.414924549207663418e-02 9.861992976796241095e-03 0.000000000000000000e+00 0.000000000000000000e+00
6.927022042928498990e-03 1.367892241503243511e-02 1.129559907153243614e-02 0.000000000000000000e+00 0.000000000000000000e+00
3.549377948113274783e-03 1.228933478021332348e-02 1.203587081805457260e-02 2.740044320537204925e-03 0.000000000000000000e+00
0.000000000000000000e+00 1.030543617637658116e-02 1.223444590620736960e-02 6.974135815511761649e-03 0.000000000000000000e+00
0.000000000000000000e+00 7.797081869254096631e-03 1.225865913247137229e-02 8.675645336171378119e-03 0.000000000000000000e+00
0.000000000000000000e+00 5.454758329086484281e-03 1.159066191015467595e-02 9.649429146139087976e-03 0.000000000000000000e+00
0.000000000000000000e+00 3.171360930944722156e-03 1.025093138943278248e-02 1.010909513982749530e-02 1.619012186675483633e-03
0.000000000000000000e+00 4.061131238297654988e-04 8.732497544092776565e-03 1.004602423181122361e-02 5.705978417358537058e-03
0.000000000000000000e+00 0.000000000000000000e+00 6.876773917188216956e-03 1.002487078817448918e-02 7.115518926410491218e-03
0.000000000000000000e+00 0.000000000000000000e+00 4.907383328460745986e-03 9.675404438955759190e-03 7.845219461666275151e-03
0.000000000000000000e+00 0.000000000000000000e+00 2.944471152659389190e-03 8.677274029511572451e-03 8.302557676604926939e-03
0.000000000000000000e+00 0.000000000000000000e+00 6.867475918936882806e-04 7.396011732352381074e-03 8.209960394982562804e-03
0.000000000000000000e+00 0.000000000000000000e+00 0.000000000000000000e+00 5.872521037633138263e-03 7.609965824555420255e-03
0.000000000000000000e+00 0.000000000000000000e+00 0.000000000000000000e+00 4.143156590128427297e-03 6.684829203125186581e-03
0.000000000000000000e+00 0.000000000000000000e+00 0.000000000000000000e+00 2.299381704899960965e-03 5.531076955305191944e-03
3.427734144723082466e-03 0.000000000000000000e+00 0.000000000000000000e+00 2.973059165056746167e-04 4.224402984540631678e-03
5.255546103930530677e-03 0.000000000000000000e+00 0.000000000000000000e+00 0.000000000000000000e+00 2.729028723482684882e-03
6.100847351109273120e-03 0.000000000000000000e+00 0.000000000000000000e+00 0.000000000000000000e+00 1.275640173672432098e-03
6.704789961391455222e-03 0.000000000000000000e+00 0.000000000000000000e+00 0.000000000000000000e+00 0.000000000000000000e+00
6.972591061007449298e-03 1.986503427333641270e-03 0.000000000000000000e+00 0.000000000000000000e+00 0.000000000000000000e+00
7.166037768040478539e-03 3.875784379077096276e-03 0.000000000000000000e+00 0.000000000000000000e+00 0.000000000000000000e+00
7.401408207439175158e-03 4.710327079322507160e-03 0.000000000000000000e+00 0.000000000000000000e+00 0.000000000000000000e+00
