0.000000000000000000e+00 0.000000000000000000e+00 0.000000000000000000e+00 0.000000000000000000e+00 0.000000000000000000e+00
0.000000000000000000e+00 0.000000000000000000e+00 0.000000000000000000e+00 0.000000000000000000e+00 0.000000000000000000e+00
0.000000000000000000e+00 0.000000000000000000e+00 0.000000000000000000e+00 0.000000000000000000e+00 0.000000000000000000e+00
0.000000000000000000e+00 0.000000000000000000e+00 0.000000000000000000e+00 0.000000000000000000e+00 0.000000000000000000e+00
0.000000000000000000e+00 0.000000000000000000e+00 0.000000000000000000e+00 0.000000000000000000e+00 0.000000000000000000e+00
0.000000000000000000e+00 0.000000000000000000e+00 0.000000000000000000e+00 0.000000000000000000e+00 0.000000000000000000e+00
0.000000000000000000e+00 0.000000000000000000e+00 0.000000000000000000e+00 0.000000000000000000e+00 0.000000000000000000e+00
0.000000000000000000e+00 0.000000000000000000e+00 0.000000000000000000e+00 0.000000000000000000e+00 0.000000000000000000e+00
0.000000000000000000e+00 0.000000000000000000e+00 0.000000000000000000e+00 0.000000000000000000e+00 0.000000000000000000e+00
0.000000000000000000e+00 0.000000000000000000e+00 0.000000000000000000e+00 0.000000000000000000e+00 0.000000000000000000e+00
0.000000000000000000e+00 0.000000000000000000e+00 0.000000000000000000e+00 0.000000000000000000e+00 0.000000000000000000e+00
0.000000000000000000e+00 0.000000000000000000e+00 0.000000000000000000e+00 0.000000000000000000e+00 0.000000000000000000e+00
0.000000000000000000e+00 0.000000000000000000e+00 0.000000000000000000e+00 0.000000000000000000e+00 0.000000000000000000e+00
0.000000000000000000e+00 0.000000000000000000e+00 0.000000000000000000e+00 0.000000000000000000e+00 0.000000000000000000e+00
0.000000000000000000e+00 0.000000000000000000e+00 0.000000000000000000e+00 0.000000000000000000e+00 0.000000000000000000e+00
0.000000000000000000e+00 0.000000000000000000e+00 0.000000000000000000e+00 0.000000000000000000e+00 0.000000000000000000e+00
0.000000000000000000e+00 0.000000000000000000e+00 0.000000000000000000e+00 0.000000000000000000e+00 0.000000000000000000e+00
0.000000000000000000e+00 0.000000000000000000e+00 0.000000000000000000e+00 0.000000000000000000e+00 0.000000000000000000e+00
0.000000000000000000e+00 0.000000000000000000e+00 0.000000000000000000e+00 0.000000000000000000e+00 0.000000000000000000e+00
0.000000000000000000e+00 0.000000000000000000e+00 0.000000000000000000e+00 0.000000000000000000e+00 0.000000000000000000e+00
0.000000000000000000e+00 0.000000000000000000e+00 0.000000000000000000e+00 0.000000000000000000e+00 0.000000000000000000e+00
0.000000000000000000e+00 0.000000000000000000e+00 0.000000000000000000e+00 0.000000000000000000e+00 0.000000000000000000e+00
0.000000000000000000e+00 0.000000000000000000e+00 0.000000000000000000e+00 0.000000000000000000e+00 0.000000000000000000e+00
0.000000000000000000e+00 0.000000000000000000e+00 0.000000000000000000e+00 0.000000000000000000e+00 0.000000000000000000e+00
0.000000000000000000e+00 0.000000000000000000e+00 0.000000000000000000e+00 0.000000000000000000e+00 0.000000000000000000e+00
0.000000000000000000e+00 0.000000000000000000e+00 0.000000000000000000e+00 0.000000000000000000e+00 0.000000000000000000e+00
0.000000000000000000e+00 0.000000000000000000e+00 0.000000000000000000e+00 0.000000000000000000e+00 0.000000000000000000e+00
0.000000000000000000e+00 0.000000000000000000e+00 0.000000000000000000e+00 0.000000000000000000e+00 0.000000000000000000e+00
0.000000000000000000e+00 0.000000000000000000e+00 0.000000000000000000e+00 0.000000000000000000e+00 0.000000000000000000e+00
0.000000000000000000e+00 0.000000000000000000e+00 0.000000000000000000e+00 0.000000000000000000e+00 0.000000000000000000e+00
0.000000000000000000e+00 0.000000000000000000e+00 0.000000000000000000e+00 0.000000000000000000e+00 0.000000000000000000e+00
0.000000000000000000e+00 0.000000000000000000e+00 0.000000000000000000e+00 0.000000000000000000e+00 0.000000000000000000e+00
0.000000000000000000e+00 0.000000000000000000e+00 0.000000000000000000e+00 0.000000000000000000e+00 0.000000000000000000e+00
0.000000000000000000e+00 0.000000000000000000e+00 0.000000000000000000e+00 0.000000000000000000e+00 0.000000000000000000e+00
0.000000000000000000e+00 0.000000000000000000e+00 0.000000000000000000e+00 0.000000000000000000e+00 0.000000000000000000e+00
0.000000000000000000e+00 0.000000000000000000e+00 0.000000000000000000e+00 0.000000000000000000e+00 0.000000000000000000e+00
0.000000000000000000e+00 0.000000000000000000e+00 0.000000000000000000e+00 0.000000000000000000e+00 0.000000000000000000e+00
0.000000000000000000e+00 0.000000000000000000e+00 0.000000000000000000e+00 0.000000000000000000e+00 0.000000000000000000e+00
0.000000000000000000e+00 0.000000000000000000e+00 0.000000000000000000e+00 0.000000000000000000e+00 0.000000000000000000e+00
0.000000000000000000e+00 0.000000000000000000e+00 0.000000000000000000e+00 0.000000000000000000e+00 0.000000000000000000e+00
0.000000000000000000e+00 0.000000000000000000e+00 0.000000000000000000e+00 0.000000000000000000e+00 0.000000000000000000e+00
0.000000000000000000e+00 0.000000000000000000e+00 0.000000000000000000e+00 0.000000000000000000e+00 0.000000000000000000e+00
0.000000000000000000e+00 0.000000000000000000e+00 0.000000000000000000e+00 0.000000000000000000e+00 0.000000000000000000e+00
0.000000000000000000e+00 0.000000000000000000e+00 0.000000000000000000e+00 0.000000000000000000e+00 0.000000000000000000e+00
0.000000000000000000e+00 0.000000000000000000e+00 0.000000000000000000e+00 0.000000000000000000e+00 0.000000000000000000e+00
0.000000000000000000e+00 0.000000000000000000e+00 0.000000000000000000e+00 0.000000000000000000e+00 0.000000000000000000e+00
0.000000000000000000e+00 0.000000000000000000e+00 0.000000000000000000e+00 0.000000000000000000e+00 0.000000000000000000e+00
0.000000000000000000e+00 0.000000000000000000e+00 0.000000000000000000e+00 0.000000000000000000e+00 0.000000000000000000e+00
0.000000000000000000e+00 0.000000000000000000e+00 0.000000000000000000e+00 0.000000000000000000e+00 0.000000000000000000e+00
0.000000000000000000e+00 0.000000000000000000e+00 0.000000000000000000e+00 0.000000000000000000e+00 0.000000000000000000e+00
0.000000000000000000e+00 0.000000000000000000e+00 0.000000000000000000e+00 0.000000000000000000e+00 0.000000000000000000e+00
0.000000000000000000e+00 0.000000000000000000e+00 0.000000000000000000e+00 0.000000000000000000e+00 0.000000000000000000e+00
0.000000000000000000e+00 0.000000000000000000e+00 0.000000000000000000e+00 0.000000000000000000e+00 0.000000000000000000e+00
0.000000000000000000e+00 0.000000000000000000e+00 0.000000000000000000e+00 0.000000000000000000e+00 0.000000000000000000e+00
0.000000000000000000e+00 0.000000000000000000e+00 0.000000000000000000e+00 0.000000000000000000e+00 0.000000000000000000e+00
0.000000000000000000e+00 0.000000000000000000e+00 0.000000000000000000e+00 0.000000000000000000e+00 0.000000000000000000e+00
0.000000000000000000e+00 0.000000000000000000e+00 0.000000000000000000e+00 0.000000000000000000e+00 0.000000000000000000e+00
0.000000000000000000e+00 0.000000000000000000e+00 0.000000000000000000e+00 0.000000000000000000e+00 0.000000000000000000e+00
0.000000000000000000e+00 0.000000000000000000e+00 0.000000000000000000e+00 0.000000000000000000e+00 0.000000000000000000e+00
0.000000000000000000e+00 0.000000000000000000e+00 0.000000000000000000e+00 0.000000000000000000e+00 0.000000000000000000e+00
0.000000000000000000e+00 0.000000000000000000e+00 0.000000000000000000e+00 0.000000000000000000e+00 0.000000000000000000e+00
0.000000000000000000e+00 0.000000000000000000e+00 0.000000000000000000e+00 0.000000000000000000e+00 0.000000000000000000e+00
0.000000000000000000e+00 0.000000000000000000e+00 0.000000000000000000e+00 0.000000000000000000e+00 0.000000000000000000e+00
0.000000000000000000e+00 0.000000000000000000e+00 0.000000000000000000e+00 0.000000000000000000e+00 0.000000000000000000e+00
0.000000000000000000e+00 0.000000000000000000e+00 0.000000000000000000e+00 0.000000000000000000e+00 0.000000000000000000e+00
0.000000000000000000e+00 0.000000000000000000e+00 0.000000000000000000e+00 0.000000000000000000e+00 0.000000000000000000e+00
0.000000000000000000e+00 0.000000000000000000e+00 0.000000000000000000e+00 0.000000000000000000e+00 0.000000000000000000e+00
0.000000000000000000e+00 0.000000000000000000e+00 0.000000000000000000e+00 0.000000000000000000e+00 0.000000000000000000e+00
0.000000000000000000e+00 0.000000000000000000e+00 0.000000000000000000e+00 0.000000000000000000e+00 0.000000000000000000e+00
0.000000000000000000e+00 0.000000000000000000e+00 0.000000000000000000e+00 0.000000000000000000e+00 0.000000000000000000e+00
0.000000000000000000e+00 0.000000000000000000e+00 8.186660300091878284e+00 1.419168894907550538e+01 6.393573170556432039e+00
0.000000000000000000e+00 0.000000000000000000e+00 0.000000000000000000e+00 1.058934821629207512e+01 1.092903107193367518e+01
0.000000000000000000e+00 0.000000000000000000e+00 0.000000000000000000e+00 5.957449522098379191e+00 1.200534396627026901e+01
0.000000000000000000e+00 0.000000000000000000e+00 0.000000000000000000e+00 5.957449522098379191e+00 1.200534396627026901e+01
0.000000000000000000e+00 0.000000000000000000e+00 0.000000000000000000e+00 5.957449522098379191e+00 1.200534396627026901e+01
0.000000000000000000e+00 0.000000000000000000e+00 0.000000000000000000e+00 5.957449522098379191e+00 1.200534396627026901e+01
0.000000000000000000e+00 0.000000000000000000e+00 0.000000000000000000e+00 5.958253498464524789e+00 1.200346431604575592e+01
0.000000000000000000e+00 0.000000000000000000e+00 0.000000000000000000e+00 5.958253498464524789e+00 1.200346431604575592e+01
0.000000000000000000e+00 0.000000000000000000e+00 0.000000000000000000e+00 5.958253498464524789e+00 1.200346431604575592e+01
0.000000000000000000e+00 0.000000000000000000e+00 0.000000000000000000e+00 5.958253498464524789e+00 1.200346431604575592e+01
0.000000000000000000e+00 0.000000000000000000e+00 0.000000000000000000e+00 5.958253498464524789e+00 1.200346431604575592e+01
0.000000000000000000e+00 0.000000000000000000e+00 0.000000000000000000e+00 5.958253498464524789e+00 1.200346431604575592e+01
0.000000000000000000e+00 0.000000000000000000e+00 0.000000000000000000e+00 5.958253498464524789e+00 1.200346431604575592e+01
0.000000000000000000e+00 0.000000000000000000e+00 0.000000000000000000e+00 5.958253498464524789e+00 1.200346431604575592e+01
0.000000000000000000e+00 0.000000000000000000e+00 0.000000000000000000e+00 5.958253498464524789e+00 1.200346431604575592e+01
0.000000000000000000e+00 0.000000000000000000e+00 0.000000000000000000e+00 5.958253498464524789e+00 1.200346431604575592e+01
0.000000000000000000e+00 0.000000000000000000e+00 0.000000000000000000e+00 5.958253498464524789e+00 1.200346431604575592e+01
0.000000000000000000e+00 0.000000000000000000e+00 0.000000000000000000e+00 5.958253498464524789e+00 1.200346431604575592e+01
0.000000000000000000e+00 0.000000000000000000e+00 0.000000000000000000e+00 5.958253498464524789e+00 1.200346431604575592e+01
0.000000000000000000e+00 0.000000000000000000e+00 0.000000000000000000e+00 5.958253498464524789e+00 1.200346431604575592e+01
0.000000000000000000e+00 0.000000000000000000e+00 0.000000000000000000e+00 5.958253498464524789e+00 1.200346431604575592e+01
0.000000000000000000e+00 0.000000000000000000e+00 0.000000000000000000e+00 5.958253498464524789e+00 1.200346431604575592e+01
0.000000000000000000e+00 0.000000000000000000e+00 0.000000000000000000e+00 5.958253498464524789e+00 1.200346431604575592e+01
0.000000000000000000e+00 0.000000000000000000e+00 0.000000000000000000e+00 5.958253498464524789e+00 1.200346431604575592e+01
0.000000000000000000e+00 0.000000000000000000e+00 0.000000000000000000e+00 5.958253498464524789e+00 1.200346431604575592e+01
0.000000000000000000e+00 0.000000000000000000e+00 0.000000000000000000e+00 5.958253498464524789e+00 1.200346431604575592e+01
0.000000000000000000e+00 0.000000000000000000e+00 0.000000000000000000e+00 5.958253498464524789e+00 1.200346431604575592e+01
0.000000000000000000e+00 0.000000000000000000e+00 0.000000000000000000e+00 5.958253498464524789e+00 1.200346431604575592e+01
0.000000000000000000e+00 0.000000000000000000e+00 0.000000000000000000e+00 5.958253498464524789e+00 1.200346431604575592e+01
0.000000000000000000e+00 0.000000000000000000e+00 0.000000000000000000e+00 5.958253498464524789e+00 1.200346431604575592e+01
0.000000000000000000e+00 0.000000000000000000e+00 0.000000000000000000e+00 5.958253498464524789e+00 1.200346431604575592e+01
0.000000000000000000e+00 0.000000000000000000e+00 0.000000000000000000e+00 5.958253498464524789e+00 1.200346431604575592e+01
0.000000000000000000e+00 0.000000000000000000e+00 0.000000000000000000e+00 5.958253498464524789e+00 1.200346431604575592e+01
0.000000000000000000e+00 0.000000000000000000e+00 0.000000000000000000e+00 5.958253498464524789e+00 1.200346431604575592e+01
0.000000000000000000e+00 0.000000000000000000e+00 0.000000000000000000e+00 5.958253498464524789e+00 1.200346431604575592e+01
0.000000000000000000e+00 0.000000000000000000e+00 0.000000000000000000e+00 5.958253498464524789e+00 1.200346431604575592e+01
0.000000000000000000e+00 0.000000000000000000e+00 0.000000000000000000e+00 5.958253498464524789e+00 1.200346431604575592e+01
0.000000000000000000e+00 0.000000000000000000e+00 0.000000000000000000e+00 5.958253498464524789e+00 1.200346431604575592e+01
0.000000000000000000e+00 0.000000000000000000e+00 0.000000000000000000e+00 5.958253498464524789e+00 1.200346431604575592e+01
0.000000000000000000e+00 0.000000000000000000e+00 0.000000000000000000e+00 5.958253498464524789e+00 1.200346431604575592e+01
0.000000000000000000e+00 0.000000000000000000e+00 0.000000000000000000e+00 5.958253498464524789e+00 1.200346431604575592e+01
0.000000000000000000e+00 0.000000000000000000e+00 0.000000000000000000e+00 5.958253498464524789e+00 1.200346431604575592e+01
0.000000000000000000e+00 0.000000000000000000e+00 0.000000000000000000e+00 5.958253498464524789e+00 1.200346431604575592e+01
0.000000000000000000e+00 0.000000000000000000e+00 0.000000000000000000e+00 5.958253498464524789e+00 1.200346431604575592e+01
0.000000000000000000e+00 0.000000000000000000e+00 0.000000000000000000e+00 5.958253498464524789e+00 1.200346431604575592e+01
0.000000000000000000e+00 0.000000000000000000e+00 0.000000000000000000e+00 5.958253498464524789e+00 1.200346431604575592e+01
0.000000000000000000e+00 0.000000000000000000e+00 0.000000000000000000e+00 5.958253498464524789e+00 1.200346431604575592e+01
0.000000000000000000e+00 0.000000000000000000e+00 0.000000000000000000e+00 5.958253498464524789e+00 1.200346431604575592e+01
0.000000000000000000e+00 0.000000000000000000e+00 0.000000000000000000e+00 5.958253498464524789e+00 1.200346431604575592e+01
0.000000000000000000e+00 0.000000000000000000e+00 0.000000000000000000e+00 5.958253498464524789e+00 1.200346431604575592e+01
0.000000000000000000e+00 0.000000000000000000e+00 0.000000000000000000e+00 5.958253498464524789e+00 1.200346431604575592e+01
0.000000000000000000e+00 0.000000000000000000e+00 0.000000000000000000e+00 5.958253498464524789e+00 1.200346431604575592e+01
0.000000000000000000e+00 0.000000000000000000e+00 0.000000000000000000e+00 5.958253498464524789e+00 1.200346431604575592e+01
0.000000000000000000e+00 0.000000000000000000e+00 0.000000000000000000e+00 5.958253498464524789e+00 1.200346431604575592e+01
0.000000000000000000e+00 0.000000000000000000e+00 0.000000000000000000e+00 5.958253498464524789e+00 1.200346431604575592e+01
0.000000000000000000e+00 0.000000000000000000e+00 0.000000000000000000e+00 5.958253498464524789e+00 1.200346431604575592e+01
0.000000000000000000e+00 0.000000000000000000e+00 0.000000000000000000e+00 5.958253498464524789e+00 1.200346431604575592e+01
0.000000000000000000e+00 0.000000000000000000e+00 0.000000000000000000e+00 5.958253498464524789e+00 1.200346431604575592e+01
0.000000000000000000e+00 0.000000000000000000e+00 0.000000000000000000e+00 5.958253498464524789e+00 1.200346431604575592e+01
