0.000000000000000000e+00 0.000000000000000000e+00 0.000000000000000000e+00 0.000000000000000000e+00 0.000000000000000000e+00
0.000000000000000000e+00 0.000000000000000000e+00 0.000000000000000000e+00 0.000000000000000000e+00 0.000000000000000000e+00
0.000000000000000000e+00 0.000000000000000000e+00 0.000000000000000000e+00 0.000000000000000000e+00 0.000000000000000000e+00
0.000000000000000000e+00 0.000000000000000000e+00 0.000000000000000000e+00 0.000000000000000000e+00 0.000000000000000000e+00
0.000000000000000000e+00 0.000000000000000000e+00 0.000000000000000000e+00 0.000000000000000000e+00 0.000000000000000000e+00
0.000000000000000000e+00 0.000000000000000000e+00 0.000000000000000000e+00 0.000000000000000000e+00 0.000000000000000000e+00
0.000000000000000000e+00 0.000000000000000000e+00 0.000000000000000000e+00 0.000000000000000000e+00 0.000000000000000000e+00
0.000000000000000000e+00 0.000000000000000000e+00 0.000000000000000000e+00 0.000000000000000000e+00 0.000000000000000000e+00
0.000000000000000000e+00 0.000000000000000000e+00 0.000000000000000000e+00 0.000000000000000000e+00 0.000000000000000000e+00
0.000000000000000000e+00 0.000000000000000000e+00 0.000000000000000000e+00 0.000000000000000000e+00 0.000000000000000000e+00
0.000000000000000000e+00 0.000000000000000000e+00 0.000000000000000000e+00 0.000000000000000000e+00 0.000000000000000000e+00
0.000000000000000000e+00 0.000000000000000000e+00 0.000000000000000000e+00 0.000000000000000000e+00 0.000000000000000000e+00
0.000000000000000000e+00 0.000000000000000000e+00 0.000000000000000000e+00 0.000000000000000000e+00 0.000000000000000000e+00
0.000000000000000000e+00 0.000000000000000000e+00 0.000000000000000000e+00 0.000000000000000000e+00 0.000000000000000000e+00
0.000000000000000000e+00 0.000000000000000000e+00 0.000000000000000000e+00 0.000000000000000000e+00 0.000000000000000000e+00
0.000000000000000000e+00 0.000000000000000000e+00 0.000000000000000000e+00 0.000000000000000000e+00 0.000000000000000000e+00
0.000000000000000000e+00 0.000000000000000000e+00 0.000000000000000000e+00 0.000000000000000000e+00 0.000000000000000000e+00
0.000000000000000000e+00 0.000000000000000000e+00 0.000000000000000000e+00 0.000000000000000000e+00 0.000000000000000000e+00
0.000000000000000000e+00 0.000000000000000000e+00 0.000000000000000000e+00 0.000000000000000000e+00 0.000000000000000000e+00
0.000000000000000000e+00 0.000000000000000000e+00 0.000000000000000000e+00 0.000000000000000000e+00 0.000000000000000000e+00
0.000000000000000000e+00 0.000000000000000000e+00 0.000000000000000000e+00 0.000000000000000000e+00 0.000000000000000000e+00
0.000000000000000000e+00 0.000000000000000000e+00 0.000000000000000000e+00 0.000000000000000000e+00 0.000000000000000000e+00
0.000000000000000000e+00 0.000000000000000000e+00 0.000000000000000000e+00 0.000000000000000000e+00 0.000000000000000000e+00
0.000000000000000000e+00 0.000000000000000000e+00 0.000000000000000000e+00 0.000000000000000000e+00 0.000000000000000000e+00
0.000000000000000000e+00 0.000000000000000000e+00 0.000000000000000000e+00 0.000000000000000000e+00 0.000000000000000000e+00
0.000000000000000000e+00 0.000000000000000000e+00 0.000000000000000000e+00 0.000000000000000000e+00 0.000000000000000000e+00
0.000000000000000000e+00 0.000000000000000000e+00 0.000000000000000000e+00 0.000000000000000000e+00 0.000000000000000000e+00
0.000000000000000000e+00 0.000000000000000000e+00 0.000000000000000000e+00 0.000000000000000000e+00 0.000000000000000000e+00
0.000000000000000000e+00 0.000000000000000000e+00 0.000000000000000000e+00 0.000000000000000000e+00 0.000000000000000000e+00
0.000000000000000000e+00 0.000000000000000000e+00 0.000000000000000000e+00 0.000000000000000000e+00 0.000000000000000000e+00
0.000000000000000000e+00 0.000000000000000000e+00 0.000000000000000000e+00 0.000000000000000000e+00 0.000000000000000000e+00
0.000000000000000000e+00 0.000000000000000000e+00 0.000000000000000000e+00 0.000000000000000000e+00 0.000000000000000000e+00
0.000000000000000000e+00 0.000000000000000000e+00 0.000000000000000000e+00 0.000000000000000000e+00 0.000000000000000000e+00
0.000000000000000000e+00 0.000000000000000000e+00 0.000000000000000000e+00 0.000000000000000000e+00 0.000000000000000000e+00
0.000000000000000000e+00 0.000000000000000000e+00 0.000000000000000000e+00 0.000000000000000000e+00 0.000000000000000000e+00
0.000000000000000000e+00 0.000000000000000000e+00 0.000000000000000000e+00 0.000000000000000000e+00 0.000000000000000000e+00
0.000000000000000000e+00 0.000000000000000000e+00 0.000000000000000000e+00 0.000000000000000000e+00 0.000000000000000000e+00
0.000000000000000000e+00 0.000000000000000000e+00 0.000000000000000000e+00 0.000000000000000000e+00 0.000000000000000000e+00
0.000000000000000000e+00 0.000000000000000000e+00 0.000000000000000000e+00 0.000000000000000000e+00 0.000000000000000000e+00
0.000000000000000000e+00 0.000000000000000000e+00 0.000000000000000000e+00 0.000000000000000000e+00 0.000000000000000000e+00
0.000000000000000000e+00 0.000000000000000000e+00 0.000000000000000000e+00 0.000000000000000000e+00 0.000000000000000000e+00
0.000000000000000000e+00 0.000000000000000000e+00 0.000000000000000000e+00 0.000000000000000000e+00 0.000000000000000000e+00
0.000000000000000000e+00 0.000000000000000000e+00 0.000000000000000000e+00 0.000000000000000000e+00 0.000000000000000000e+00
0.000000000000000000e+00 0.000000000000000000e+00 0.000000000000000000e+00 0.000000000000000000e+00 0.000000000000000000e+00
0.000000000000000000e+00 0.000000000000000000e+00 0.000000000000000000e+00 0.000000000000000000e+00 0.000000000000000000e+00
0.000000000000000000e+00 0.000000000000000000e+00 0.000000000000000000e+00 0.000000000000000000e+00 0.000000000000000000e+00
0.000000000000000000e+00 0.000000000000000000e+00 0.000000000000000000e+00 0.000000000000000000e+00 0.000000000000000000e+00
0.000000000000000000e+00 0.000000000000000000e+00 0.000000000000000000e+00 0.000000000000000000e+00 0.000000000000000000e+00
0.000000000000000000e+00 0.000000000000000000e+00 0.000000000000000000e+00 0.000000000000000000e+00 0.000000000000000000e+00
0.000000000000000000e+00 0.000000000000000000e+00 0.000000000000000000e+00 0.000000000000000000e+00 0.000000000000000000e+00
0.000000000000000000e+00 0.000000000000000000e+00 0.000000000000000000e+00 0.000000000000000000e+00 0.000000000000000000e+00
0.000000000000000000e+00 0.000000000000000000e+00 0.000000000000000000e+00 0.000000000000000000e+00 0.000000000000000000e+00
0.000000000000000000e+00 0.000000000000000000e+00 0.000000000000000000e+00 0.000000000000000000e+00 0.000000000000000000e+00
0.000000000000000000e+00 0.000000000000000000e+00 0.000000000000000000e+00 0.000000000000000000e+00 0.000000000000000000e+00
0.000000000000000000e+00 0.000000000000000000e+00 0.000000000000000000e+00 0.000000000000000000e+00 0.000000000000000000e+00
0.000000000000000000e+00 0.000000000000000000e+00 0.000000000000000000e+00 0.000000000000000000e+00 0.000000000000000000e+00
0.000000000000000000e+00 0.000000000000000000e+00 0.000000000000000000e+00 0.000000000000000000e+00 0.000000000000000000e+00
0.000000000000000000e+00 0.000000000000000000e+00 0.000000000000000000e+00 0.000000000000000000e+00 0.000000000000000000e+00
0.000000000000000000e+00 0.000000000000000000e+00 0.000000000000000000e+00 0.000000000000000000e+00 0.000000000000000000e+00
0.000000000000000000e+00 0.000000000000000000e+00 0.000000000000000000e+00 0.000000000000000000e+00 0.000000000000000000e+00
0.000000000000000000e+00 0.000000000000000000e+00 0.000000000000000000e+00 0.000000000000000000e+00 0.000000000000000000e+00
0.000000000000000000e+00 0.000000000000000000e+00 0.000000000000000000e+00 0.000000000000000000e+00 0.000000000000000000e+00
0.000000000000000000e+00 0.000000000000000000e+00 0.000000000000000000e+00 0.000000000000000000e+00 0.000000000000000000e+00
0.000000000000000000e+00 0.000000000000000000e+00 0.000000000000000000e+00 0.000000000000000000e+00 0.000000000000000000e+00
0.000000000000000000e+00 0.000000000000000000e+00 0.000000000000000000e+00 0.000000000000000000e+00 0.000000000000000000e+00
0.000000000000000000e+00 0.000000000000000000e+00 0.000000000000000000e+00 0.000000000000000000e+00 0.000000000000000000e+00
0.000000000000000000e+00 0.000000000000000000e+00 0.000000000000000000e+00 0.000000000000000000e+00 0.000000000000000000e+00
0.000000000000000000e+00 0.000000000000000000e+00 0.000000000000000000e+00 0.000000000000000000e+00 0.000000000000000000e+00
0.000000000000000000e+00 0.000000000000000000e+00 0.000000000000000000e+00 0.000000000000000000e+00 0.000000000000000000e+00
0.000000000000000000e+00 0.000000000000000000e+00 0.000000000000000000e+00 0.000000000000000000e+00 0.000000000000000000e+00
0.000000000000000000e+00 0.000000000000000000e+00 0.000000000000000000e+00 0.000000000000000000e+00 0.000000000000000000e+00
0.000000000000000000e+00 0.000000000000000000e+00 0.000000000000000000e+00 0.000000000000000000e+00 0.000000000000000000e+00
0.000000000000000000e+00 0.000000000000000000e+00 0.000000000000000000e+00 0.000000000000000000e+00 0.000000000000000000e+00
0.000000000000000000e+00 0.000000000000000000e+00 0.000000000000000000e+00 0.000000000000000000e+00 0.000000000000000000e+00
0.000000000000000000e+00 0.000000000000000000e+00 0.000000000000000000e+00 0.000000000000000000e+00 0.000000000000000000e+00
0.000000000000000000e+00 0.000000000000000000e+00 0.000000000000000000e+00 0.000000000000000000e+00 0.000000000000000000e+00
0.000000000000000000e+00 0.000000000000000000e+00 0.000000000000000000e+00 0.000000000000000000e+00 0.000000000000000000e+00
0.000000000000000000e+00 0.000000000000000000e+00 0.000000000000000000e+00 0.000000000000000000e+00 0.000000000000000000e+00
0.000000000000000000e+00 0.000000000000000000e+00 0.000000000000000000e+00 0.000000000000000000e+00 0.000000000000000000e+00
0.000000000000000000e+00 0.000000000000000000e+00 0.000000000000000000e+00 0.000000000000000000e+00 0.000000000000000000e+00
0.000000000000000000e+00 0.000000000000000000e+00 0.000000000000000000e+00 0.000000000000000000e+00 0.000000000000000000e+00
0.000000000000000000e+00 0.000000000000000000e+00 0.000000000000000000e+00 0.000000000000000000e+00 0.000000000000000000e+00
0.000000000000000000e+00 0.000000000000000000e+00 0.000000000000000000e+00 0.000000000000000000e+00 0.000000000000000000e+00
0.000000000000000000e+00 0.000000000000000000e+00 0.000000000000000000e+00 0.000000000000000000e+00 0.000000000000000000e+00
0.000000000000000000e+00 0.000000000000000000e+00 0.000000000000000000e+00 0.000000000000000000e+00 0.000000000000000000e+00
0.000000000000000000e+00 0.000000000000000000e+00 0.000000000000000000e+00 0.000000000000000000e+00 0.000000000000000000e+00
0.000000000000000000e+00 0.000000000000000000e+00 0.000000000000000000e+00 0.000000000000000000e+00 0.000000000000000000e+00
0.000000000000000000e+00 0.000000000000000000e+00 0.000000000000000000e+00 0.000000000000000000e+00 0.000000000000000000e+00
0.000000000000000000e+00 0.000000000000000000e+00 0.000000000000000000e+00 0.000000000000000000e+00 0.000000000000000000e+00
0.000000000000000000e+00 0.000000000000000000e+00 0.000000000000000000e+00 0.000000000000000000e+00 0.000000000000000000e+00
0.000000000000000000e+00 0.000000000000000000e+00 0.000000000000000000e+00 0.000000000000000000e+00 0.000000000000000000e+00
0.000000000000000000e+00 0.000000000000000000e+00 0.000000000000000000e+00 0.000000000000000000e+00 0.000000000000000000e+00
0.000000000000000000e+00 0.000000000000000000e+00 0.000000000000000000e+00 0.000000000000000000e+00 0.000000000000000000e+00
0.000000000000000000e+00 0.000000000000000000e+00 0.000000000000000000e+00 0.000000000000000000e+00 0.000000000000000000e+00
0.000000000000000000e+00 0.000000000000000000e+00 0.000000000000000000e+00 0.000000000000000000e+00 0.000000000000000000e+00
0.000000000000000000e+00 0.000000000000000000e+00 0.000000000000000000e+00 0.000000000000000000e+00 0.000000000000000000e+00
0.000000000000000000e+00 0.000000000000000000e+00 0.000000000000000000e+00 0.000000000000000000e+00 0.000000000000000000e+00
0.000000000000000000e+00 0.000000000000000000e+00 0.000000000000000000e+00 0.000000000000000000e+00 0.000000000000000000e+00
0.000000000000000000e+00 0.000000000000000000e+00 0.000000000000000000e+00 0.000000000000000000e+00 0.000000000000000000e+00
0.000000000000000000e+00 0.000000000000000000e+00 0.000000000000000000e+00 0.000000000000000000e+00 0.000000000000000000e+00
0.000000000000000000e+00 0.000000000000000000e+00 0.000000000000000000e+00 0.000000000000000000e+00 0.000000000000000000e+00
0.000000000000000000e+00 0.000000000000000000e+00 0.000000000000000000e+00 0.000000000000000000e+00 0.000000000000000000e+00
0.000000000000000000e+00 0.000000000000000000e+00 0.000000000000000000e+00 0.000000000000000000e+00 0.000000000000000000e+00
0.000000000000000000e+00 0.000000000000000000e+00 0.000000000000000000e+00 0.000000000000000000e+00 0.000000000000000000e+00
0.000000000000000000e+00 0.000000000000000000e+00 0.000000000000000000e+00 0.000000000000000000e+00 0.000000000000000000e+00
0.000000000000000000e+00 0.000000000000000000e+00 0.000000000000000000e+00 0.000000000000000000e+00 0.000000000000000000e+00
0.000000000000000000e+00 0.000000000000000000e+00 0.000000000000000000e+00 0.000000000000000000e+00 0.000000000000000000e+00
0.000000000000000000e+00 0.000000000000000000e+00 0.000000000000000000e+00 0.000000000000000000e+00 0.000000000000000000e+00
0.000000000000000000e+00 0.000000000000000000e+00 0.000000000000000000e+00 0.000000000000000000e+00 0.000000000000000000e+00
0.000000000000000000e+00 0.000000000000000000e+00 0.000000000000000000e+00 0.000000000000000000e+00 0.000000000000000000e+00
0.000000000000000000e+00 0.000000000000000000e+00 0.000000000000000000e+00 0.000000000000000000e+00 0.000000000000000000e+00
0.000000000000000000e+00 0.000000000000000000e+00 0.000000000000000000e+00 0.000000000000000000e+00 0.000000000000000000e+00
0.000000000000000000e+00 0.000000000000000000e+00 0.000000000000000000e+00 0.000000000000000000e+00 0.000000000000000000e+00
0.000000000000000000e+00 0.000000000000000000e+00 0.000000000000000000e+00 0.000000000000000000e+00 0.000000000000000000e+00
0.000000000000000000e+00 0.000000000000000000e+00 0.000000000000000000e+00 0.000000000000000000e+00 0.000000000000000000e+00
0.000000000000000000e+00 0.000000000000000000e+00 0.000000000000000000e+00 0.000000000000000000e+00 0.000000000000000000e+00
0.000000000000000000e+00 0.000000000000000000e+00 0.000000000000000000e+00 0.000000000000000000e+00 0.000000000000000000e+00
0.000000000000000000e+00 0.000000000000000000e+00 0.000000000000000000e+00 0.000000000000000000e+00 0.000000000000000000e+00
0.000000000000000000e+00 0.000000000000000000e+00 0.000000000000000000e+00 0.000000000000000000e+00 0.000000000000000000e+00
0.000000000000000000e+00 0.000000000000000000e+00 0.000000000000000000e+00 0.000000000000000000e+00 0.000000000000000000e+00
0.000000000000000000e+00 0.000000000000000000e+00 0.000000000000000000e+00 0.000000000000000000e+00 0.000000000000000000e+00
0.000000000000000000e+00 0.000000000000000000e+00 0.000000000000000000e+00 0.000000000000000000e+00 0.000000000000000000e+00
0.000000000000000000e+00 0.000000000000000000e+00 0.000000000000000000e+00 0.000000000000000000e+00 0.000000000000000000e+00
0.000000000000000000e+00 0.000000000000000000e+00 0.000000000000000000e+00 0.000000000000000000e+00 0.000000000000000000e+00
0.000000000000000000e+00 0.000000000000000000e+00 0.000000000000000000e+00 0.000000000000000000e+00 0.000000000000000000e+00
0.000000000000000000e+00 0.000000000000000000e+00 0.000000000000000000e+00 0.000000000000000000e+00 0.000000000000000000e+00
0.000000000000000000e+00 0.000000000000000000e+00 0.000000000000000000e+00 0.000000000000000000e+00 0.000000000000000000e+00
0.000000000000000000e+00 0.000000000000000000e+00 0.000000000000000000e+00 0.000000000000000000e+00 0.000000000000000000e+00
0.000000000000000000e+00 0.000000000000000000e+00 0.000000000000000000e+00 0.000000000000000000e+00 0.000000000000000000e+00
0.000000000000000000e+00 0.000000000000000000e+00 0.000000000000000000e+00 0.000000000000000000e+00 0.000000000000000000e+00
0.000000000000000000e+00 0.000000000000000000e+00 0.000000000000000000e+00 0.000000000000000000e+00 0.000000000000000000e+00
0.000000000000000000e+00 0.000000000000000000e+00 0.000000000000000000e+00 0.000000000000000000e+00 0.000000000000000000e+00
0.000000000000000000e+00 0.000000000000000000e+00 0.000000000000000000e+00 0.000000000000000000e+00 0.000000000000000000e+00
0.000000000000000000e+00 0.000000000000000000e+00 0.000000000000000000e+00 0.000000000000000000e+00 0.000000000000000000e+00
0.000000000000000000e+00 0.000000000000000000e+00 0.000000000000000000e+00 0.000000000000000000e+00 0.000000000000000000e+00
0.000000000000000000e+00 0.000000000000000000e+00 0.000000000000000000e+00 0.000000000000000000e+00 0.000000000000000000e+00
0.000000000000000000e+00 0.000000000000000000e+00 0.000000000000000000e+00 0.000000000000000000e+00 0.000000000000000000e+00
0.000000000000000000e+00 0.000000000000000000e+00 0.000000000000000000e+00 0.000000000000000000e+00 0.000000000000000000e+00
0.000000000000000000e+00 0.000000000000000000e+00 0.000000000000000000e+00 0.000000000000000000e+00 0.000000000000000000e+00
0.000000000000000000e+00 0.000000000000000000e+00 0.000000000000000000e+00 0.000000000000000000e+00 0.000000000000000000e+00
0.000000000000000000e+00 0.000000000000000000e+00 0.000000000000000000e+00 0.000000000000000000e+00 0.000000000000000000e+00
0.000000000000000000e+00 0.000000000000000000e+00 0.000000000000000000e+00 0.000000000000000000e+00 0.000000000000000000e+00
0.000000000000000000e+00 0.000000000000000000e+00 0.000000000000000000e+00 0.000000000000000000e+00 0.000000000000000000e+00
0.000000000000000000e+00 0.000000000000000000e+00 0.000000000000000000e+00 0.000000000000000000e+00 0.000000000000000000e+00
0.000000000000000000e+00 0.000000000000000000e+00 0.000000000000000000e+00 0.000000000000000000e+00 0.000000000000000000e+00
0.000000000000000000e+00 0.000000000000000000e+00 0.000000000000000000e+00 0.000000000000000000e+00 0.000000000000000000e+00
0.000000000000000000e+00 0.000000000000000000e+00 0.000000000000000000e+00 0.000000000000000000e+00 0.000000000000000000e+00
0.000000000000000000e+00 0.000000000000000000e+00 0.000000000000000000e+00 0.000000000000000000e+00 0.000000000000000000e+00
0.000000000000000000e+00 0.000000000000000000e+00 0.000000000000000000e+00 0.000000000000000000e+00 0.000000000000000000e+00
0.000000000000000000e+00 0.000000000000000000e+00 0.000000000000000000e+00 0.000000000000000000e+00 0.000000000000000000e+00
0.000000000000000000e+00 0.000000000000000000e+00 0.000000000000000000e+00 0.000000000000000000e+00 0.000000000000000000e+00
0.000000000000000000e+00 0.000000000000000000e+00 0.000000000000000000e+00 0.000000000000000000e+00 0.000000000000000000e+00
0.000000000000000000e+00 0.000000000000000000e+00 0.000000000000000000e+00 0.000000000000000000e+00 0.000000000000000000e+00
0.000000000000000000e+00 0.000000000000000000e+00 0.000000000000000000e+00 0.000000000000000000e+00 0.000000000000000000e+00
0.000000000000000000e+00 0.000000000000000000e+00 0.000000000000000000e+00 0.000000000000000000e+00 0.000000000000000000e+00
0.000000000000000000e+00 0.000000000000000000e+00 0.000000000000000000e+00 0.000000000000000000e+00 0.000000000000000000e+00
0.000000000000000000e+00 0.000000000000000000e+00 0.000000000000000000e+00 0.000000000000000000e+00 0.000000000000000000e+00
0.000000000000000000e+00 0.000000000000000000e+00 0.000000000000000000e+00 0.000000000000000000e+00 0.000000000000000000e+00
0.000000000000000000e+00 0.000000000000000000e+00 0.000000000000000000e+00 0.000000000000000000e+00 0.000000000000000000e+00
0.000000000000000000e+00 0.000000000000000000e+00 0.000000000000000000e+00 0.000000000000000000e+00 0.000000000000000000e+00
0.000000000000000000e+00 0.000000000000000000e+00 0.000000000000000000e+00 0.000000000000000000e+00 0.000000000000000000e+00
0.000000000000000000e+00 0.000000000000000000e+00 0.000000000000000000e+00 0.000000000000000000e+00 0.000000000000000000e+00
0.000000000000000000e+00 0.000000000000000000e+00 0.000000000000000000e+00 0.000000000000000000e+00 0.000000000000000000e+00
0.000000000000000000e+00 0.000000000000000000e+00 0.000000000000000000e+00 0.000000000000000000e+00 0.000000000000000000e+00
0.000000000000000000e+00 0.000000000000000000e+00 0.000000000000000000e+00 0.000000000000000000e+00 0.000000000000000000e+00
0.000000000000000000e+00 0.000000000000000000e+00 0.000000000000000000e+00 0.000000000000000000e+00 0.000000000000000000e+00
0.000000000000000000e+00 0.000000000000000000e+00 0.000000000000000000e+00 0.000000000000000000e+00 0.000000000000000000e+00
0.000000000000000000e+00 0.000000000000000000e+00 0.000000000000000000e+00 0.000000000000000000e+00 0.000000000000000000e+00
0.000000000000000000e+00 0.000000000000000000e+00 0.000000000000000000e+00 0.000000000000000000e+00 0.000000000000000000e+00
0.000000000000000000e+00 0.000000000000000000e+00 0.000000000000000000e+00 0.000000000000000000e+00 0.000000000000000000e+00
0.000000000000000000e+00 0.000000000000000000e+00 0.000000000000000000e+00 0.000000000000000000e+00 0.000000000000000000e+00
0.000000000000000000e+00 0.000000000000000000e+00 0.000000000000000000e+00 0.000000000000000000e+00 0.000000000000000000e+00
0.000000000000000000e+00 0.000000000000000000e+00 0.000000000000000000e+00 0.000000000000000000e+00 0.000000000000000000e+00
0.000000000000000000e+00 0.000000000000000000e+00 0.000000000000000000e+00 0.000000000000000000e+00 0.000000000000000000e+00
0.000000000000000000e+00 0.000000000000000000e+00 0.000000000000000000e+00 0.000000000000000000e+00 0.000000000000000000e+00
0.000000000000000000e+00 0.000000000000000000e+00 0.000000000000000000e+00 0.000000000000000000e+00 0.000000000000000000e+00
0.000000000000000000e+00 0.000000000000000000e+00 0.000000000000000000e+00 0.000000000000000000e+00 0.000000000000000000e+00
0.000000000000000000e+00 0.000000000000000000e+00 0.000000000000000000e+00 0.000000000000000000e+00 0.000000000000000000e+00
0.000000000000000000e+00 0.000000000000000000e+00 0.000000000000000000e+00 0.000000000000000000e+00 0.000000000000000000e+00
0.000000000000000000e+00 0.000000000000000000e+00 0.000000000000000000e+00 0.000000000000000000e+00 0.000000000000000000e+00
0.000000000000000000e+00 0.000000000000000000e+00 0.000000000000000000e+00 0.000000000000000000e+00 0.000000000000000000e+00
0.000000000000000000e+00 0.000000000000000000e+00 0.000000000000000000e+00 0.000000000000000000e+00 0.000000000000000000e+00
0.000000000000000000e+00 0.000000000000000000e+00 0.000000000000000000e+00 0.000000000000000000e+00 0.000000000000000000e+00
0.000000000000000000e+00 0.000000000000000000e+00 0.000000000000000000e+00 0.000000000000000000e+00 0.000000000000000000e+00
0.000000000000000000e+00 0.000000000000000000e+00 0.000000000000000000e+00 0.000000000000000000e+00 0.000000000000000000e+00
0.000000000000000000e+00 0.000000000000000000e+00 0.000000000000000000e+00 0.000000000000000000e+00 0.000000000000000000e+00
0.000000000000000000e+00 0.000000000000000000e+00 0.000000000000000000e+00 0.000000000000000000e+00 0.000000000000000000e+00
0.000000000000000000e+00 0.000000000000000000e+00 0.000000000000000000e+00 0.000000000000000000e+00 0.000000000000000000e+00
0.000000000000000000e+00 0.000000000000000000e+00 0.000000000000000000e+00 0.000000000000000000e+00 0.000000000000000000e+00
0.000000000000000000e+00 0.000000000000000000e+00 0.000000000000000000e+00 0.000000000000000000e+00 0.000000000000000000e+00
0.000000000000000000e+00 0.000000000000000000e+00 0.000000000000000000e+00 0.000000000000000000e+00 0.000000000000000000e+00
0.000000000000000000e+00 0.000000000000000000e+00 0.000000000000000000e+00 0.000000000000000000e+00 0.000000000000000000e+00
0.000000000000000000e+00 0.000000000000000000e+00 0.000000000000000000e+00 0.000000000000000000e+00 0.000000000000000000e+00
0.000000000000000000e+00 0.000000000000000000e+00 0.000000000000000000e+00 0.000000000000000000e+00 0.000000000000000000e+00
0.000000000000000000e+00 0.000000000000000000e+00 0.000000000000000000e+00 0.000000000000000000e+00 0.000000000000000000e+00
0.000000000000000000e+00 0.000000000000000000e+00 0.000000000000000000e+00 0.000000000000000000e+00 0.000000000000000000e+00
0.000000000000000000e+00 0.000000000000000000e+00 0.000000000000000000e+00 0.000000000000000000e+00 0.000000000000000000e+00
0.000000000000000000e+00 0.000000000000000000e+00 0.000000000000000000e+00 0.000000000000000000e+00 0.000000000000000000e+00
0.000000000000000000e+00 0.000000000000000000e+00 0.000000000000000000e+00 0.000000000000000000e+00 0.000000000000000000e+00
0.000000000000000000e+00 0.000000000000000000e+00 0.000000000000000000e+00 0.000000000000000000e+00 0.000000000000000000e+00
0.000000000000000000e+00 0.000000000000000000e+00 0.000000000000000000e+00 0.000000000000000000e+00 0.000000000000000000e+00
0.000000000000000000e+00 0.000000000000000000e+00 0.000000000000000000e+00 0.000000000000000000e+00 0.000000000000000000e+00
0.000000000000000000e+00 0.000000000000000000e+00 0.000000000000000000e+00 0.000000000000000000e+00 0.000000000000000000e+00
0.000000000000000000e+00 0.000000000000000000e+00 0.000000000000000000e+00 0.000000000000000000e+00 0.000000000000000000e+00
0.000000000000000000e+00 0.000000000000000000e+00 0.000000000000000000e+00 0.000000000000000000e+00 0.000000000000000000e+00
0.000000000000000000e+00 0.000000000000000000e+00 0.000000000000000000e+00 0.000000000000000000e+00 0.000000000000000000e+00
0.000000000000000000e+00 0.000000000000000000e+00 0.000000000000000000e+00 0.000000000000000000e+00 0.000000000000000000e+00
0.000000000000000000e+00 0.000000000000000000e+00 0.000000000000000000e+00 0.000000000000000000e+00 0.000000000000000000e+00
0.000000000000000000e+00 0.000000000000000000e+00 0.000000000000000000e+00 0.000000000000000000e+00 0.000000000000000000e+00
0.000000000000000000e+00 0.000000000000000000e+00 0.000000000000000000e+00 0.000000000000000000e+00 0.000000000000000000e+00
0.000000000000000000e+00 0.000000000000000000e+00 0.000000000000000000e+00 0.000000000000000000e+00 0.000000000000000000e+00
0.000000000000000000e+00 0.000000000000000000e+00 0.000000000000000000e+00 0.000000000000000000e+00 0.000000000000000000e+00
0.000000000000000000e+00 0.000000000000000000e+00 0.000000000000000000e+00 0.000000000000000000e+00 0.000000000000000000e+00
0.000000000000000000e+00 0.000000000000000000e+00 0.000000000000000000e+00 0.000000000000000000e+00 0.000000000000000000e+00
0.000000000000000000e+00 0.000000000000000000e+00 0.000000000000000000e+00 0.000000000000000000e+00 0.000000000000000000e+00
0.000000000000000000e+00 0.000000000000000000e+00 0.000000000000000000e+00 0.000000000000000000e+00 0.000000000000000000e+00
0.000000000000000000e+00 0.000000000000000000e+00 0.000000000000000000e+00 0.000000000000000000e+00 0.000000000000000000e+00
0.000000000000000000e+00 0.000000000000000000e+00 0.000000000000000000e+00 0.000000000000000000e+00 0.000000000000000000e+00
0.000000000000000000e+00 0.000000000000000000e+00 0.000000000000000000e+00 0.000000000000000000e+00 0.000000000000000000e+00
0.000000000000000000e+00 0.000000000000000000e+00 0.000000000000000000e+00 0.000000000000000000e+00 0.000000000000000000e+00
0.000000000000000000e+00 0.000000000000000000e+00 0.000000000000000000e+00 0.000000000000000000e+00 0.000000000000000000e+00
0.000000000000000000e+00 0.000000000000000000e+00 0.000000000000000000e+00 0.000000000000000000e+00 0.000000000000000000e+00
0.000000000000000000e+00 0.000000000000000000e+00 0.000000000000000000e+00 0.000000000000000000e+00 0.000000000000000000e+00
0.000000000000000000e+00 0.000000000000000000e+00 0.000000000000000000e+00 0.000000000000000000e+00 0.000000000000000000e+00
0.000000000000000000e+00 0.000000000000000000e+00 0.000000000000000000e+00 0.000000000000000000e+00 0.000000000000000000e+00
0.000000000000000000e+00 0.000000000000000000e+00 0.000000000000000000e+00 0.000000000000000000e+00 0.000000000000000000e+00
0.000000000000000000e+00 0.000000000000000000e+00 0.000000000000000000e+00 0.000000000000000000e+00 0.000000000000000000e+00
0.000000000000000000e+00 0.000000000000000000e+00 0.000000000000000000e+00 0.000000000000000000e+00 0.000000000000000000e+00
0.000000000000000000e+00 0.000000000000000000e+00 0.000000000000000000e+00 0.000000000000000000e+00 0.000000000000000000e+00
0.000000000000000000e+00 0.000000000000000000e+00 0.000000000000000000e+00 0.000000000000000000e+00 0.000000000000000000e+00
0.000000000000000000e+00 0.000000000000000000e+00 0.000000000000000000e+00 0.000000000000000000e+00 0.000000000000000000e+00
0.000000000000000000e+00 0.000000000000000000e+00 0.000000000000000000e+00 0.000000000000000000e+00 0.000000000000000000e+00
0.000000000000000000e+00 0.000000000000000000e+00 0.000000000000000000e+00 0.000000000000000000e+00 0.000000000000000000e+00
0.000000000000000000e+00 0.000000000000000000e+00 0.000000000000000000e+00 0.000000000000000000e+00 0.000000000000000000e+00
0.000000000000000000e+00 0.000000000000000000e+00 0.000000000000000000e+00 0.000000000000000000e+00 0.000000000000000000e+00
0.000000000000000000e+00 0.000000000000000000e+00 0.000000000000000000e+00 0.000000000000000000e+00 0.000000000000000000e+00
0.000000000000000000e+00 0.000000000000000000e+00 0.000000000000000000e+00 0.000000000000000000e+00 0.000000000000000000e+00
0.000000000000000000e+00 0.000000000000000000e+00 0.000000000000000000e+00 0.000000000000000000e+00 0.000000000000000000e+00
0.000000000000000000e+00 0.000000000000000000e+00 0.000000000000000000e+00 0.000000000000000000e+00 0.000000000000000000e+00
0.000000000000000000e+00 0.000000000000000000e+00 0.000000000000000000e+00 0.000000000000000000e+00 0.000000000000000000e+00
0.000000000000000000e+00 0.000000000000000000e+00 0.000000000000000000e+00 0.000000000000000000e+00 0.000000000000000000e+00
0.000000000000000000e+00 0.000000000000000000e+00 0.000000000000000000e+00 0.000000000000000000e+00 0.000000000000000000e+00
0.000000000000000000e+00 0.000000000000000000e+00 0.000000000000000000e+00 0.000000000000000000e+00 0.000000000000000000e+00
0.000000000000000000e+00 0.000000000000000000e+00 0.000000000000000000e+00 0.000000000000000000e+00 0.000000000000000000e+00
0.000000000000000000e+00 0.000000000000000000e+00 0.000000000000000000e+00 0.000000000000000000e+00 0.000000000000000000e+00
0.000000000000000000e+00 0.000000000000000000e+00 0.000000000000000000e+00 0.000000000000000000e+00 0.000000000000000000e+00
0.000000000000000000e+00 0.000000000000000000e+00 0.000000000000000000e+00 0.000000000000000000e+00 0.000000000000000000e+00
0.000000000000000000e+00 0.000000000000000000e+00 0.000000000000000000e+00 0.000000000000000000e+00 0.000000000000000000e+00
0.000000000000000000e+00 0.000000000000000000e+00 0.000000000000000000e+00 0.000000000000000000e+00 0.000000000000000000e+00
0.000000000000000000e+00 0.000000000000000000e+00 0.000000000000000000e+00 0.000000000000000000e+00 0.000000000000000000e+00
0.000000000000000000e+00 0.000000000000000000e+00 0.000000000000000000e+00 0.000000000000000000e+00 0.000000000000000000e+00
0.000000000000000000e+00 0.000000000000000000e+00 0.000000000000000000e+00 0.000000000000000000e+00 0.000000000000000000e+00
0.000000000000000000e+00 0.000000000000000000e+00 0.000000000000000000e+00 0.000000000000000000e+00 0.000000000000000000e+00
0.000000000000000000e+00 0.000000000000000000e+00 0.000000000000000000e+00 0.000000000000000000e+00 0.000000000000000000e+00
0.000000000000000000e+00 0.000000000000000000e+00 0.000000000000000000e+00 0.000000000000000000e+00 0.000000000000000000e+00
0.000000000000000000e+00 0.000000000000000000e+00 0.000000000000000000e+00 0.000000000000000000e+00 0.000000000000000000e+00
0.000000000000000000e+00 0.000000000000000000e+00 0.000000000000000000e+00 0.000000000000000000e+00 0.000000000000000000e+00
0.000000000000000000e+00 0.000000000000000000e+00 0.000000000000000000e+00 0.000000000000000000e+00 0.000000000000000000e+00
0.000000000000000000e+00 0.000000000000000000e+00 0.000000000000000000e+00 0.000000000000000000e+00 0.000000000000000000e+00
0.000000000000000000e+00 0.000000000000000000e+00 0.000000000000000000e+00 0.000000000000000000e+00 0.000000000000000000e+00
0.000000000000000000e+00 0.000000000000000000e+00 0.000000000000000000e+00 0.000000000000000000e+00 0.000000000000000000e+00
0.000000000000000000e+00 0.000000000000000000e+00 0.000000000000000000e+00 0.000000000000000000e+00 0.000000000000000000e+00
0.000000000000000000e+00 0.000000000000000000e+00 0.000000000000000000e+00 0.000000000000000000e+00 0.000000000000000000e+00
0.000000000000000000e+00 0.000000000000000000e+00 0.000000000000000000e+00 0.000000000000000000e+00 0.000000000000000000e+00
0.000000000000000000e+00 0.000000000000000000e+00 0.000000000000000000e+00 0.000000000000000000e+00 0.000000000000000000e+00
0.000000000000000000e+00 0.000000000000000000e+00 0.000000000000000000e+00 0.000000000000000000e+00 0.000000000000000000e+00
0.000000000000000000e+00 0.000000000000000000e+00 0.000000000000000000e+00 0.000000000000000000e+00 0.000000000000000000e+00
0.000000000000000000e+00 0.000000000000000000e+00 0.000000000000000000e+00 0.000000000000000000e+00 0.000000000000000000e+00
0.000000000000000000e+00 0.000000000000000000e+00 0.000000000000000000e+00 0.000000000000000000e+00 0.000000000000000000e+00
0.000000000000000000e+00 0.000000000000000000e+00 0.000000000000000000e+00 0.000000000000000000e+00 0.000000000000000000e+00
0.000000000000000000e+00 0.000000000000000000e+00 0.000000000000000000e+00 0.000000000000000000e+00 0.000000000000000000e+00
0.000000000000000000e+00 0.000000000000000000e+00 0.000000000000000000e+00 0.000000000000000000e+00 0.000000000000000000e+00
0.000000000000000000e+00 0.000000000000000000e+00 0.000000000000000000e+00 0.000000000000000000e+00 0.000000000000000000e+00
0.000000000000000000e+00 0.000000000000000000e+00 0.000000000000000000e+00 0.000000000000000000e+00 0.000000000000000000e+00
0.000000000000000000e+00 0.000000000000000000e+00 0.000000000000000000e+00 0.000000000000000000e+00 0.000000000000000000e+00
-6.587294508646807323e+00 -6.525314454902256145e+00 9.747003458928248099e-02 6.585298932658914417e+00 6.536871221643203889e+00
-5.395833359677568275e+00 -7.275068747889424259e+00 -1.853602438421218634e+00 5.387149176700988029e+00 7.287679530011979878e+00
-3.660381265566721609e+00 -7.328228854880830312e+00 -3.652182084518467597e+00 3.647192562294872875e+00 7.337629062114170431e+00
-1.653495140054754620e+00 -6.744374441191794745e+00 -5.083801409233083213e+00 1.639759693020119036e+00 6.747154603771236658e+00
3.489333838548014932e-01 -5.671105674565795063e+00 -6.020134243191287204e+00 -3.591966080663053229e-01 5.666402987810895908e+00
2.151716920831941771e+00 -4.272778344804026851e+00 -6.431483873620527980e+00 -2.156148528864858971e+00 4.262342185745809253e+00
3.642028535846910220e+00 -2.694993186180191458e+00 -6.351639513106071000e+00 -3.640550595257014077e+00 2.682043437616806081e+00
4.761287073468751352e+00 -1.055807550577009479e+00 -5.840039553148084650e+00 -4.755574902058211428e+00 1.043619248148891732e+00
5.479622293267921940e+00 5.456440991208052482e-01 -4.964874766379944404e+00 -5.472099809158690320e+00 -5.547446889476378429e-01
5.784786084980347631e+00 2.018164725478310828e+00 -3.803595783409712716e+00 -5.777732656604588790e+00 -2.023189422297858808e+00
5.683244921473901812e+00 3.276039416289297179e+00 -2.447079940563086087e+00 -5.678229418236106163e+00 -3.277253243480453548e+00
5.204678767778569970e+00 4.245501006209498662e+00 -9.980306595381874812e-01 -5.202311078201446115e+00 -4.244066925921010203e+00
4.403038181924284089e+00 4.873990088630252515e+00 4.370729120443791471e-01 -4.402992775409297010e+00 -4.871480979175902171e+00
3.352656273641920315e+00 5.136436666875352053e+00 1.758153173836165317e+00 -3.353924256307975860e+00 -5.134325169150186774e+00
2.141131606393961384e+00 5.036426446146033520e+00 2.879990885320143690e+00 -2.142424241060528534e+00 -5.035675423259196926e+00
8.612226744380533372e-01 4.603297927235410647e+00 3.737729306540947150e+00 -8.614068309900092535e-01 -4.604154319851606836e+00
-3.965918683642253306e-01 3.887324120452996024e+00 4.289817199836945427e+00 3.981554919856963859e-01 -3.889351764764504171e+00
-1.550177105833205671e+00 2.954444997427478459e+00 4.519042304532435494e+00 1.553483386276775402e+00 -2.956754192410844695e+00
-2.530445360656820686e+00 1.880813986390476478e+00 4.431890027445857250e+00 2.534902259925285950e+00 -1.882392233995815678e+00
-3.284736759411141627e+00 7.469925359002002052e-01 4.056109161462218005e+00 3.289383793144247559e+00 -7.470264303237756920e-01
-3.778651617067387836e+00 -3.678843333120283554e-01 3.436618070343774090e+00 3.782452680876639661e+00 3.697836140908870028e-01
-3.996270683711496741e+00 -1.391219807274225895e+00 2.630481436934357653e+00 3.998390759677664441e+00 1.394931125569744745e+00
-3.939239761238518600e+00 -2.260884483999401784e+00 1.701933382296985764e+00 3.939238155163692578e+00 2.265830798946338209e+00
-3.625490926009855119e+00 -2.928129118817707877e+00 7.180819117769806637e-01 3.623397908449938143e+00 2.933438719777501813e+00
-3.088015162258873847e+00 -3.359899015244239173e+00 -2.546945777274191580e-01 3.084290491524493749e+00 3.364624784856331541e+00
-2.373322942526008283e+00 -3.540632536165197131e+00 -1.154103493896620813e+00 2.368718481719348290e+00 3.543973873175530809e+00
-1.538733266738994354e+00 -3.473066760963231303e+00 -1.925435611967353244e+00 1.534099396988322539e+00 3.474541099508107411e+00
-6.479630099933715304e-01 -3.177364390835287100e+00 -2.525056443057332345e+00 6.440501436411928404e-01 3.176888313218654059e+00
2.345383684798069412e-01 -2.688315814518509761e+00 -2.923215396442074621e+00 -2.372316536964328704e-01 2.686181074911180300e+00
1.049246619597572039e+00 -2.051165494414509460e+00 -3.105479805062020482e+00 -1.050543557115382054e+00 2.047926792881551883e+00
1.745949479263535942e+00 -1.317111507082029620e+00 -3.072597999255374024e+00 -1.745976142621788352e+00 1.313427570306660908e+00
2.286335282094515531e+00 -5.393588285830951401e-01 -2.839153749089681877e+00 -2.285432704713345586e+00 5.358355880976993779e-01
2.645071113095196047e+00 2.299986121348814028e-01 -2.431570192298162070e+00 -2.643673375301320405e+00 -2.329242801542829866e-01
2.809982398525260106e+00 9.425103865196092778e-01 -1.885817976766560822e+00 -2.808496275909118545e+00 -9.446268450039665421e-01
2.781747858941353790e+00 1.555671274190217446e+00 -1.244870284348080558e+00 -2.780461433255721815e+00 -1.556986850266101730e+00
2.573165184554761176e+00 2.035116614764550302e+00 -5.558208873956982377e-01 -2.572201475462454034e+00 -2.035804634276034975e+00
2.207853570992938330e+00 2.356538456074265042e+00 1.333069263113473291e-01 -2.207173566062064829e+00 -2.356852622090022997e+00
1.718305422087983647e+00 2.507010224128594533e+00 7.768416728016118711e-01 -1.717753724789734981e+00 -2.507194352693996819e+00
1.143358380474453151e+00 2.485472226162403597e+00 1.334514808475618430e+00 -1.142735271502626881e+00 -2.485687501556337775e+00
5.252959972516882958e-01 2.302303994170937340e+00 1.773990354708148143e+00 -5.244342012504410455e-01 -2.302590698482877229e+00
-9.315581255058671961e-02 1.978069641132243817e+00 2.072678130908987004e+00 9.433104534513540862e-02 -1.978349876427429654e+00
-6.716796727688063573e-01 1.541606857653949225e+00 2.218730041448221613e+00 6.731223350826401886e-01 -1.541723111562594895e+00
-1.174855379051370941e+00 1.027652915785188803e+00 2.211192659614440892e+00 1.176407441141746446e+00 -1.027428036396566435e+00
-1.574136740070527063e+00 4.742057102790748768e-01 2.059360273088897131e+00 1.575568425075684953e+00 -4.735055614804092872e-01
-1.849232968251528719e+00 -8.017710892353324681e-02 1.781449540627848771e+00 1.850301264619074626e+00 8.139569770470206356e-02
-1.988879485587933926e+00 -5.989476293709569132e-01 1.402779978019399687e+00 1.989388241530130275e+00 6.006152568073253040e-01
-1.991038986924873022e+00 -1.049849973301397288e+00 9.536648439928483434e-01 1.990885300146883807e+00 1.051793147274407092e+00
-1.862594373139498716e+00 -1.406808689787504729e+00 4.671882305342049957e-01 1.861790935958938631e+00 1.408784379298214873e+00
-1.618574945736221737e+00 -1.651347570664048803e+00 -2.300905439197698313e-02 1.617244777413329837e+00 1.653093863046711798e+00
-1.280923691188545988e+00 -1.773467028643285204e+00 -4.848522475226985651e-01 1.279270555140281207e+00 1.774756779173510601e+00
-8.768130539271410395e-01 -1.771908630124649608e+00 -8.897850431614399147e-01 8.750763795240138476e-01 1.772593092348777155e+00
-4.365758194168130601e-01 -1.653767718797200414e+00 -1.214448098584983260e+00 4.349820026699938724e-01 1.653800408023719859e+00
8.585471737464633532e-03 -1.433491224160696742e+00 -1.441961043931206943e+00 -9.863615798772536886e-03 1.432927888751826195e+00
4.288716751928345894e-01 -1.131390754163799972e+00 -1.562703510270019747e+00 -4.297387144425985350e-01 1.130367731160978995e+00
7.978998553366386526e-01 -7.718639267485014610e-01 -1.574548858009721775e+00 -7.983414028725196454e-01 7.705624067311782621e-01
1.094282808811527063e+00 -3.815197865081828565e-01 -1.482575331086886328e+00 -1.094351148698263332e+00 3.801261129117097792e-01
1.302703036874237608e+00 1.264357979122390958e-02 -1.298330007583382573e+00 -1.302490961980262929e+00 -1.397192099956390612e-02
1.414488800939838420e+00 3.849220985838677778e-01 -1.038737798268081436e+00 -1.414099790140448398e+00 -3.860780110151357802e-01
1.427735462883844342e+00 7.124015875458442615e-01 -7.247428444260870517e-01 -1.427257905289810225e+00 -7.133346587265778638e-01
1.347017613275822923e+00 9.762259029855596681e-01 -3.797645251366034147e-01 -1.346508633540832500e+00 -9.769346868520786265e-01
1.182732419102113797e+00 1.162586129789261902e+00 -2.805668489499314050e-02 -1.182213752947474994e+00 -1.163100728434837139e+00
9.501201917234193273e-01 1.263372940240599762e+00 3.069275830684398687e-01 -9.495852885699559431e-01 -1.263733886119570382e+00
6.680261890891935339e-01 1.276445255857696415e+00 6.040543873357466786e-01 -6.674549918561057948e-01 -1.276684797575733610e+00
3.574893534433478681e-01 1.205496585629419304e+00 8.458042861248559197e-01 -3.568656015616037958e-01 -1.205627101341029350e+00
4.025918700219873608e-02 1.059536278320483360e+00 1.019257040136064996e+00 -3.958493002446445558e-02 -1.059548109332732135e+00
-2.626541126348743149e-01 8.520361518869169482e-01 1.116707540514122687e+00 2.633508619183303479e-01 -8.519043519869421432e-01
-5.322991726543156998e-01 5.998177832648111663e-01 1.135888006368657832e+00 5.329654993943482300e-01 -5.995148807926111711e-01
-7.528928576231235237e-01 3.217709624230905563e-01 1.079805314712078523e+00 7.534600539241189665e-01 -3.212814386529579957e-01
-9.126625438934888868e-01 3.750008895609856230e-02 9.562328028742494990e-01 9.130604792469521058e-01 -3.683216103658591700e-02
-1.004388213262505936e+00 -2.340065252661700512e-01 7.769193565663233825e-01 1.004560981588938251e+00 2.348151719582662333e-01
-1.025632741600313258e+00 -4.755980290722106596e-01 5.565923138938440040e-01 1.025551536195575153e+00 4.764820875664109723e-01
-9.786652523930027270e-01 -6.729995740554990391e-01 3.118345810409668406e-01 9.783353836025141526e-01 6.738750150470637079e-01
-8.700944072685736774e-01 -8.156093579196438403e-01 5.991329540258999442e-02 8.695550210054489026e-01 8.163870988248514982e-01
-7.102392584493593120e-01 -8.970114400550753819e-01 -1.823683872121003025e-01 7.095561694982223111e-01 8.976124394865525602e-01
-5.122786619473888026e-01 -9.151798575341777431e-01 -3.997304155229972067e-01 5.115323177166003488e-01 9.155481255019985998e-01
-2.912373789783512246e-01 -8.723716454893613026e-01 -5.793255498772291734e-01 2.905089495474571515e-01 8.724823693416386972e-01
-6.288441383650428262e-02 -7.747315070500737644e-01 -7.114475500781933803e-01 6.224317032256966586e-02 7.745928435745941254e-01
1.573697139836778003e-01 -6.316550905197176879e-01 -7.899990124218221332e-01 -1.578751939872588828e-01 6.313037761289425065e-01
3.554907302121775303e-01 -4.549756282736384660e-01 -8.126983717150747522e-01 -3.558361730024308667e-01 4.544679754640009173e-01
5.196807019201308275e-01 -2.580463352742031202e-01 -7.810261816240728905e-01 -5.198645836461489589e-01 2.574470624964004251e-01
6.410295210374346020e-01 -5.478867679368032428e-02 -6.999297255336683898e-01 -6.410675638916556451e-01 5.416019414704912466e-02
7.139304480163880529e-01 1.412319061351055005e-01 -5.773196116408626510e-01 -7.138481156420126705e-01 -1.418376138692944988e-01
7.362527879878844050e-01 3.176513832247246372e-01 -4.234019156065513823e-01 -7.360778859136498653e-01 -3.181970586632528741e-01
7.092802577813149822e-01 4.640311485004300351e-01 -2.498958961794120470e-01 -7.090373699224281623e-01 -4.644946082484194272e-01
6.374352337125087642e-01 5.724257652298936350e-01 -6.919153948051069702e-02 -6.371429846954251852e-01 -5.727971016422832573e-01
5.278186828781245010e-01 6.377674065381002677e-01 1.064966582054694966e-01 -5.274899336247496073e-01 -6.380444741087129001e-01
3.896041395495827286e-01 6.580497566378165075e-01 2.659239883820982975e-01 -3.892484291625580850e-01 -6.582335553475878731e-01
2.333312602202154418e-01 6.343063437843482477e-01 3.995067645470772866e-01 -2.329582850031545194e-01 -6.343976667467827735e-01
7.014919885089875018e-02 5.703919612183653287e-01 4.998679610345233559e-01 -6.977197203231275124e-02 -5.703901089515550638e-01
-8.893871158798206944e-02 4.725893099611165882e-01 5.622068076647184220e-01 8.930214615924957078e-02 -4.724929648034339458e-01
-2.337801034539569445e-01 3.490745849106346999e-01 5.844761814897039276e-01 2.341070174729454334e-01 -3.488842836469577269e-01
-3.556858262749215127e-01 2.092842388925802988e-01 5.673665765029510810e-01 3.559511901978080761e-01 -2.090054455895719310e-01
-4.479153811437487920e-01 6.323001803821291789e-02 5.141094674448831725e-01 4.480956793779006242e-01 -6.287567600686395919e-02
-5.060119054715368492e-01 -7.918950190636772635e-02 4.301247008120684945e-01 5.060893982227759880e-01 7.959786707185380339e-02
-5.279737818876020228e-01 -2.088349270701768956e-01 3.225452801562214700e-01 5.279401313690248454e-01 2.092680510849489750e-01
-5.142602970971523746e-01 -3.178888113778253754e-01 1.996582797109932861e-01 5.141186628017786475e-01 3.183124430226570989e-01
-4.676384443477437092e-01 -4.003018274989356140e-01 7.030287268287441216e-02 4.674035519832275276e-01 4.006808534407059752e-01
-3.928869472756722492e-01 -4.520982032533654715e-01 -5.673385660436514738e-02 3.925831314406704187e-01 4.524012759299441688e-01
-2.963819009954154482e-01 -4.715268095638505130e-01 -1.732850189809253261e-01 2.960395827405542524e-01 4.717305067040932220e-01
-1.855957657896500357e-01 -4.590555926074134097e-01 -2.723017951720523300e-01 1.852471429669808600e-01 4.591472772443123129e-01
-6.854703699107700388e-02 -4.172183331908107529e-01 -3.482527783186163961e-01 6.822187312889381461e-02 4.171972124444470187e-01
4.675925255852821094e-02 -3.503329233268270282e-01 -3.974039364506766758e-01 -4.703696318532446519e-02 3.502092267451910046e-01
1.528607214894070476e-01 -2.641183741247109529e-01 -4.179670491920532416e-01 -1.530747111507936298e-01 2.639109762928342207e-01
2.433013200114707286e-01 -1.652428449985429704e-01 -4.101137516243019698e-01 -2.434434848420768405e-01 1.649759457107322358e-01
3.130014771851694078e-01 -6.083694484155047905e-02 -3.758613416534427598e-01 -3.130709973633091781e-01 6.053653590801010703e-02
3.585155690443455612e-01 4.199419171204870488e-02 -3.188445225525852189e-01 -3.585171640892440559e-01 -4.230340838462983560e-02
3.781669000671052383e-01 1.366292822448360589e-01 -2.439937807532744640e-01 -3.781087775992256206e-01 -1.369260667189657887e-01
3.720592654667936872e-01 2.173329976402341435e-01 -1.571459191291759705e-01 -3.719512785425252988e-01 -2.176006549551833535e-01
3.419720753619967524e-01 2.795799759031216136e-01 -6.461531454816132891e-02 -3.418244423016159605e-01 -2.798064465598070760e-01
2.911527683354901419e-01 3.202845659342261064e-01 2.724429717737118437e-02 -2.909754856766778586e-01 -3.204618268142140902e-01
2.240257290856732530e-01 3.379263803618852702e-01 1.124583311044954209e-01 -2.238285870160117985e-01 -3.380495557579712429e-01
1.458410172864960941e-01 3.325684745059657166e-01 1.858034761974303173e-01 -1.456339634799850569e-01 -3.326350353121170222e-01
6.228874429471831231e-02 3.057718605100521736e-01 2.431109962907201660e-01 -6.208227180017776570e-02 -3.057811710689055662e-01
-2.089424597923325924e-02 2.604166454550208010e-01 2.814844744214919370e-01 2.108898022632751251e-02 -2.603699452319445107e-01
-9.829966444312561447e-02 2.004458317738852802e-01 2.994219508785273542e-01 9.847117045368548871e-02 -2.003465650180799029e-01
-1.651818578771691859e-01 1.305522936619015195e-01 2.968394996055764290e-01 1.653191149581110242e-01 -1.304065715482303212e-01
-2.177314185288452275e-01 5.583232694504964427e-02 2.750001864649939121e-01 2.178250154670841598e-01 -5.564925391398078958e-02
-2.532739527277666491e-01 -1.856968417271777014e-02 2.363585139683619107e-01 2.533173198931213954e-01 1.877805726559794719e-02
-2.703851200748755290e-01 -8.780152124537303482e-02 1.843354650824651497e-01 2.703755656777103722e-01 8.802075478300659672e-02
-2.689187488739760989e-01 -1.476065140880687687e-01 1.230428611969004993e-01 2.688580465198738279e-01 1.478208485157332386e-01
-2.499504264748517168e-01 -1.945717871208312855e-01 5.697785376728724260e-02 2.498447990815370057e-01 1.947655870729660399e-01
-2.156441925287866934e-01 -2.263076986123278012e-01 -9.290992739166861053e-03 2.155036701059414028e-01 2.264670364378130185e-01
-1.690545863108538494e-01 -2.415501211219801547e-01 -7.142529003045428038e-02 1.688918472880751587e-01 2.416642234099706243e-01
-1.138800631746320208e-01 -2.401828733302494301e-01 -1.255872869671703640e-01 1.137089690976898354e-01 2.402451797687348567e-01
-5.418643603108515283e-02 -2.231831995224729803e-01 -1.686633843951143019e-01 5.402051632436363771e-02 2.231918650938060078e-01
5.879716603289498328e-03 -1.924982776060512046e-01 -1.984287098572641572e-01 -6.028585806730886454e-03 1.924560634631757305e-01
6.236793626271307234e-02 -1.508649378391865026e-01 -2.136451688049114672e-01 -6.249047876998074791e-02 1.507785539640692507e-01
1.117729865110029114e-01 -1.015878163805792878e-01 -2.140900838125420480e-01 -1.118630119739566775e-01 1.014668726712125435e-01
1.512410176734331479e-01 -4.829291386939420921e-02 -2.005171837804365920e-01 -1.512954601629365459e-01 4.814868704743519717e-02
1.787214885614114290e-01 5.326002741034958909e-03 -1.745560003087714140e-01 -1.787400925981733335e-01 -5.481777817861474035e-03
1.930579132637404161e-01 5.575140354832629902e-02 -1.385594038419542262e-01 -1.930427089207195634e-01 -5.590755174456418786e-02
1.940150127619924836e-01 9.986130945531698777e-02 -9.541187124846185752e-02 -1.939697279304088418e-01 -1.000079458111626241e-01
1.822441740456424430e-01 1.351112532570201141e-01 -4.831299043883009736e-02 -1.821737027696390121e-01 -1.352402067062198621e-01
1.591929979251087701e-01 1.596692444780530851e-01 -5.516054618830694856e-04 -1.591029918471572879e-01 -1.597742210112662598e-01
1.269679647291074576e-01 1.724975239379958336e-01 4.471412768300420809e-02 -1.268645567592876500e-01 -1.725740953602496741e-01
8.816172481851111686e-02 1.733785455523295105e-01 8.465662952803763852e-02 -8.805134625180804919e-02 -1.734240589045726866e-01
4.565813387252330713e-02 1.628862907313545494e-01 1.169466003593785525e-01 -4.554735974776283336e-02 -1.628997742819490724e-01
2.428850265757605785e-03 1.423074864210481238e-01 1.398791540418581059e-01 -2.324207333235848213e-03 -1.422895906750344663e-01
-3.866490187321310057e-02 1.135203387197491059e-01 1.524522499224981453e-01 3.875720765588050454e-02 -1.134733083359720646e-01
-7.505286742971127578e-02 7.884082022790289690e-02 1.543947999230730617e-01 7.512731004794816203e-02 -7.876845815844860099e-02
-1.046078618486035866e-01 4.084821010956257020e-02 1.461453252111779288e-01 1.046600077777667948e-01 -4.075577811402924383e-02
-1.257610959346723289e-01 2.202394877942655520e-03 1.287852722716698040e-01 1.257880063840517981e-01 -2.096398613648238745e-03
-1.375751670106913904e-01 -3.453462573998349744e-02 1.039338604643699343e-01 1.375757129163459602e-01 3.464679590224689631e-02
-1.397721524799053205e-01 -6.706147737893349003e-02 7.361346565574736212e-02 1.397471723761435636e-01 6.717204407872759409e-02
-1.327172511054786896e-01 -9.347446924491575881e-02 4.009595174253836186e-02 1.326695070567516233e-01 9.357586232369474732e-02
-1.173612642911462667e-01 -1.123712623043779529e-01 5.741006358838017347e-03 1.172951873337593626e-01 1.124567391159632945e-01
-9.514772822401505736e-02 -1.229160628966978613e-01 -2.716256634800611955e-02 9.506898308475437986e-02 1.229802712597889980e-01
-6.789255268407189126e-02 -1.248640950223633278e-01 -5.654243930440594479e-02 6.780748292305983915e-02 1.249035003483543599e-01
-3.764547076145435822e-02 -1.185459452102310546e-01 -8.066648440915284712e-02 3.756050322729451857e-02 1.185590647593006419e-01
-6.543370098681352762e-03 -1.048150163906456239e-01 -9.823774679986375935e-02 6.464458761111627899e-03 1.048024358862656297e-01
2.333437665163389657e-02 -8.496359459250885093e-02 -1.084560195066014837e-01 -2.340220160603117758e-02 8.492777783797211821e-02
5.009911649468313383e-02 -6.061478764018594229e-02 -1.110437748413481002e-01 -5.015205331646713227e-02 6.055972051406782047e-02
7.216646296026628382e-02 -3.359875228708715522e-02 -1.062366381702719853e-01 -7.220208477941075786e-02 3.352948253697455444e-02
8.834375821791472239e-02 -5.822153079463623232e-03 -9.474088223487786564e-02 -8.836101572364433998e-02 5.744293740686549563e-03
9.788712310262215333e-02 2.086029085092626356e-02 -7.766243500216402085e-02 -9.788623644908060750e-02 -2.094103332191077360e-02
1.005260287568331690e-01 4.476396090441488868e-02 -5.641351563037400735e-02 -1.005083096592630787e-01 -4.484218917031014551e-02
9.645557946511891523e-02 6.447510882309778757e-02 -3.260415759336716263e-02 -9.642322207099945919e-02 -6.454604433458413504e-02
8.629879710839290230e-02 7.892865414295094362e-02 -7.926494416745581695e-03 -8.625466614148263877e-02 -7.898835062600675916e-02
7.104301986346769904e-02 8.745918904782441772e-02 1.596024307493262850e-02 -7.099045088861183350e-02 -8.750466152846232692e-02
5.195597460045849048e-02 8.982328590568880444e-02 3.753652007041388683e-02 -5.189858842428808627e-02 -8.985257443148600420e-02
3.048808745426682953e-02 8.619314550220133486e-02 5.551450680240378049e-02 -3.042961215117502213e-02 -8.620533248397919956e-02
8.168124201114158878e-03 7.712347353408825767e-02 6.891004159962674236e-02 -8.112215845238661058e-03 -7.711866763621115506e-02
-1.350070405081825291e-02 6.349511640415382574e-02 7.709088327865705470e-02 1.355064730094906328e-02 -6.347440732476297698e-02
-3.313744918232930381e-02 4.644032677069058479e-02 7.979934658161959293e-02 3.317847729944915086e-02 -4.640570749292560748e-02
-4.956705433450116216e-02 2.725549055665328624e-02 7.714921210974631793e-02 4.959684866822734045e-02 -2.720973950632261940e-02
-6.188614048657380129e-02 7.307668681125257561e-03 6.959846946078541985e-02 6.190317138079323017e-02 -7.254184926238646872e-03
-6.950764277554564996e-02 -1.205857887406951677e-02 5.790103550996559406e-02 6.951128030533799962e-02 1.211598843094647063e-02
-7.218246696121703720e-02 -2.960800082988164841e-02 4.304170052634030685e-02 7.217302542347817096e-02 2.966537478594221192e-02
-6.999794940484471706e-02 -4.428971945452677555e-02 2.615946942163145661e-02 6.997665351751471141e-02 4.434321876424016790e-02
-6.335441983511830299e-02 -5.529623282068179407e-02 8.464935280313645380e-03 6.332329125972235850e-02 5.534241660478633057e-02
-5.292252652892445036e-02 -6.210332571409473562e-02 -8.842602494720654821e-03 5.288420091948510537e-02 6.213939793795186795e-02
-3.958510827809359756e-02 -6.448928447511528828e-02 -2.465285945393781708e-02 3.954260305892200178e-02 6.451328497532779482e-02
-2.436822304608285070e-02 -6.253326518524204847e-02 -3.801233849531310272e-02 2.432468251366549233e-02 6.254418490883399684e-02
-8.366424860832989002e-03 -5.659404851266643804e-02 -4.817826765188656934e-02 8.324870881952961890e-03 5.659185871042695520e-02
7.332499905656928059e-03 -4.727163915369371472e-02 -5.465592348126187966e-02 -7.369386358395796886e-03 4.725723557955926329e-02
2.171836106890953980e-02 -3.535515847678567108e-02 -5.721778756352741135e-02 -2.174840901874864479e-02 3.533023216629675028e-02
3.392053836829452690e-02 -2.176118458210792375e-02 -5.590424708057500913e-02 -3.394219674408515547e-02 2.172803861072094417e-02
4.325750341572660168e-02 -7.467085437545259614e-03 -5.100676689936461949e-02 -4.326989070112320646e-02 7.428421058670423710e-03
4.927131024388778369e-02 6.556037239742046330e-03 -4.303555346090692790e-02 -4.927420996538244696e-02 -6.597341718220130560e-03
5.174560618960719754e-02 1.940640646853717885e-02 -3.267463621844818311e-02 -5.173941886458566231e-02 -1.944750413531478803e-02
5.070687708246438691e-02 3.030674366399607397e-02 -2.072796118114923411e-02 -5.069254083531900962e-02 -3.034500039321144302e-02
4.640975466238788510e-02 3.864839114399708925e-02 -8.060491562667663687e-03 -4.638864580628653672e-02 -3.868153170004626218e-02
3.930820967009047290e-02 4.402210136405530078e-02 4.461570371543985454e-03 -3.928203208064246638e-02 -4.404831745203541954e-02
3.001527359165334294e-02 4.623419401034013082e-02 1.602748249350706075e-02 -2.998594279336782784e-02 -4.625221533854527445e-02
1.925453380250137167e-02 4.530779799430918048e-02 2.593203332619031451e-02 -1.922405935596477669e-02 -4.531692932681446323e-02
7.807004734838823672e-03 4.146987805227253521e-02 3.361605488669740238e-02 -7.777373379631215972e-03 -4.147000547818337907e-02
-3.542917026977461525e-03 3.512563399313442525e-02 3.869523035536798217e-02 3.569854814135681956e-03 -3.511720289147698265e-02
-1.405884554644830017e-02 2.682260234711748154e-02 4.097593152730903687e-02 1.408148170186781026e-02 -2.680656861000460175e-02
-2.309794238046182502e-02 1.720734391696740820e-02 4.045774245135535380e-02 2.311500468464604621e-02 -1.718509964913403354e-02
-3.014793481474888764e-02 6.977932029052610202e-03 3.732320314842624276e-02 3.015856089831014941e-02 -6.951207535413937190e-03
-3.485365991632548288e-02 -3.164419768922544039e-03 3.191614474471579643e-02 3.485744515314311703e-02 3.193674115107954931e-03
-3.703195241380670411e-02 -1.256138179106930895e-02 2.471063716426337778e-02 3.702896615778146494e-02 1.259112791282498804e-02
-3.667451507308380765e-02 -2.063829269545941827e-02 1.627307990855493200e-02 3.666528223151337834e-02 2.066654308512866009e-02
-3.393921272345182955e-02 -2.693730654434977473e-02 7.220280621071288943e-03 3.392466117466853837e-02 2.696225824917473576e-02
-2.913096248051679632e-02 -3.114113063791171254e-02 -1.823524386945180736e-03 2.911234068733065811e-02 3.116128404514696693e-02
-2.267402176633483146e-02 -3.308630773309931272e-02 -1.026784700040286012e-02 2.265279422913597795e-02 3.310056016553651614e-02
-1.507792666644375106e-02 -3.276571797444361583e-02 -1.759272973227187301e-02 1.505565733318107828e-02 3.277342422257051302e-02
-6.899650316926761971e-03 -3.032071838644951126e-02 -2.337896649858639195e-02 6.877884933711152574e-03 3.032171380747308853e-02
1.295338868815094132e-03 -2.602399448101940654e-02 -2.733014099257524004e-02 -1.315181133076973822e-03 2.601858031642806032e-02
8.970508267685540701e-03 -2.025473772152537252e-02 -2.928547047695410910e-02 -8.987225369172622755e-03 2.024363206950133276e-02
1.565180926230333794e-02 -1.346819546321348544e-02 -2.922311579060499903e-02 -1.566448336518676265e-02 1.345245662713329994e-02
2.095535236858325767e-02 -6.161879708988599914e-03 -2.725424156532633979e-02 -2.096339077467125264e-02 6.142810595088781488e-03
2.460771004463166434e-02 1.159181487022921354e-03 -2.360870157621599436e-02 -2.461086007084429053e-02 -1.180138514269147730e-03
2.645791211038622456e-02 8.015830869506114509e-03 -1.861372655629846620e-02 -2.645625223541281379e-02 -8.037199689932281524e-03
2.648079412514990974e-02 1.398470188563567633e-02 -1.266737673884513367e-02 -2.647470514875178982e-02 -1.400507123721290992e-02
2.477194393359878274e-02 1.872290579621046017e-02 -6.208770586568531334e-03 -2.476206451050295965e-02 -1.874101501743932405e-02
2.153502772249253974e-02 2.198615513076808414e-02 3.127939663365986427e-04 -2.152219862359948041e-02 -2.200096322301523313e-02
1.706273215160374751e-02 2.363949004787582048e-02 6.467748195463128916e-03 -1.704793323893188245e-02 -2.365022600165789593e-02
1.171290863237989602e-02 2.366029917128196353e-02 1.187328628439479790e-02 -1.169719208226297977e-02 -2.366649284997249594e-02
5.881733040565615203e-03 2.213384419185918453e-02 1.621590767027308866e-02 -5.866156009451293021e-03 -2.213533799009207576e-02
-2.420881154277222886e-05 1.924197502466066037e-02 1.926823120470879530e-02 3.864903110388122543e-05 -1.923891711865167997e-02
-5.615031868416896048e-03 1.524613066084883756e-02 2.089928507669577482e-02 5.627457145251568357e-03 -1.523895111058558467e-02
-1.054213303441780235e-02 1.046603691240004762e-02 2.107794612620035937e-02 1.055183505729143101e-02 -1.045540832667347410e-02
-1.451877351038166099e-02 5.255719953754174438e-03 1.986966821566498245e-02 1.452525281919090673e-02 -5.242504996761326516e-03
-1.733553098155221628e-02 -2.145430653963481291e-05 1.742707119694040380e-02 1.733852177499876218e-02 3.626558572658642696e-05
-1.886988419526330549e-02 -5.017030624768913268e-03 1.397533315341149829e-02 1.886936307995159753e-02 5.032389897396991746e-03
-1.908961370649996450e-02 -9.419455054975075028e-03 9.793617960535050057e-03 1.908579166698723406e-02 9.434326836501426977e-03
-1.805012137296792274e-02 -1.297248491454923783e-02 5.193963156346477657e-03 1.804341960661994676e-02 1.298591487143374232e-02
-1.588617015952641098e-02 -1.548900769327953182e-02 4.991440000850648527e-04 1.587718179286290096e-02 1.550018333062498470e-02
-1.279886579330467844e-02 -1.685959798793218792e-02 -3.978987996699423317e-03 1.278830685130441860e-02 1.686789731205887849e-02
-9.038995623059162612e-03 -1.705554532585889377e-02 -7.959302346188920976e-03 9.027649427146764577e-03 1.706057017321438787e-02
-4.887997885461251892e-03 -1.612643703270417658e-02 -1.120812550831319816e-02 4.876657580244414536e-03 1.612802898922029854e-02
-6.379367324772206678e-04 -1.419275319758689369e-02 -1.355198874000135972e-02 6.273505085018450580e-04 1.419099166848742342e-02
3.428155205655405904e-03 -1.143422265894467743e-02 -1.488576672151194560e-02 -3.437332181548861422e-03 1.142940619311993283e-02
7.054300242165683667e-03 -8.074926866750230248e-03 -1.517591960579146339e-02 -7.061544100560181170e-03 8.067540191908906949e-03
1.002687224356772072e-02 -4.366298865210348906e-03 -1.445888618582514412e-02 -1.003181692929512592e-02 4.356969098215223747e-03
1.218631041533098716e-02 -5.692406758617538694e-04 -1.283499002788198590e-02 -1.218876164382225354e-02 5.586867441533820058e-04
1.343467483517131814e-02 3.063425949765533410e-03 -1.045849430952656110e-02 -1.343461172702543893e-02 -3.074446519229136893e-03
1.373877149880727878e-02 6.303047498059511158e-03 -7.524659054641031665e-03 -1.373633696286969894e-02 -6.313790536548661951e-03
1.312887915094110812e-02 8.958793138896244818e-03 -4.254805215961004680e-03 -1.312436066858273936e-02 -8.968575209091500522e-03
1.169339529165715034e-02 1.088811299040066613e-02 -8.804674835380549855e-04 -1.168719811092978553e-02 -1.089635154864828336e-02
9.569972568755477985e-03 1.200349155798672435e-02 2.372280810151552229e-03 -9.562587426983629874e-03 -1.200973610150057359e-02
6.933904760211466976e-03 1.227524384465970668e-02 5.297313929784680346e-03 -6.925872381815303784e-03 -1.227919684674734675e-02
3.984673351202235037e-03 1.173038743220677568e-02 7.720867481330277032e-03 -3.976547851647060580e-03 -1.173191463520621876e-02
9.316299229874934083e-04 1.044787046389932840e-02 9.511177800962000717e-03 -9.239431833906944355e-04 -1.044700064027520234e-02
-2.020205415332689859e-03 8.550658511977237558e-03 1.058486311721213054e-02 2.026976431396319053e-03 -8.547573276656143457e-03
-4.683309735098648702e-03 6.195366190043676870e-03 1.090980638383336199e-02 4.688770958706580359e-03 -6.190380907268316565e-03
-6.898980610636611457e-03 3.560235150766333581e-03 1.050452952776850454e-02 6.902842513060930725e-03 -3.553772353326023568e-03
