0.000000000000000000e+00 0.000000000000000000e+00 0.000000000000000000e+00 0.000000000000000000e+00 0.000000000000000000e+00
0.000000000000000000e+00 0.000000000000000000e+00 0.000000000000000000e+00 0.000000000000000000e+00 0.000000000000000000e+00
0.000000000000000000e+00 0.000000000000000000e+00 0.000000000000000000e+00 0.000000000000000000e+00 0.000000000000000000e+00
0.000000000000000000e+00 0.000000000000000000e+00 0.000000000000000000e+00 0.000000000000000000e+00 0.000000000000000000e+00
0.000000000000000000e+00 0.000000000000000000e+00 0.000000000000000000e+00 0.000000000000000000e+00 0.000000000000000000e+00
0.000000000000000000e+00 0.000000000000000000e+00 0.000000000000000000e+00 0.000000000000000000e+00 0.000000000000000000e+00
0.000000000000000000e+00 0.000000000000000000e+00 0.000000000000000000e+00 0.000000000000000000e+00 0.000000000000000000e+00
0.000000000000000000e+00 0.000000000000000000e+00 0.000000000000000000e+00 0.000000000000000000e+00 0.000000000000000000e+00
0.000000000000000000e+00 0.000000000000000000e+00 0.000000000000000000e+00 0.000000000000000000e+00 0.000000000000000000e+00
0.000000000000000000e+00 0.000000000000000000e+00 0.000000000000000000e+00 0.000000000000000000e+00 0.000000000000000000e+00
0.000000000000000000e+00 0.000000000000000000e+00 0.000000000000000000e+00 0.000000000000000000e+00 0.000000000000000000e+00
0.000000000000000000e+00 0.000000000000000000e+00 0.000000000000000000e+00 0.000000000000000000e+00 0.000000000000000000e+00
0.000000000000000000e+00 0.000000000000000000e+00 0.000000000000000000e+00 0.000000000000000000e+00 0.000000000000000000e+00
0.000000000000000000e+00 0.000000000000000000e+00 0.000000000000000000e+00 0.000000000000000000e+00 0.000000000000000000e+00
0.000000000000000000e+00 0.000000000000000000e+00 0.000000000000000000e+00 0.000000000000000000e+00 0.000000000000000000e+00
0.000000000000000000e+00 0.000000000000000000e+00 0.000000000000000000e+00 0.000000000000000000e+00 0.000000000000000000e+00
0.000000000000000000e+00 0.000000000000000000e+00 0.000000000000000000e+00 0.000000000000000000e+00 0.000000000000000000e+00
0.000000000000000000e+00 0.000000000000000000e+00 0.000000000000000000e+00 0.000000000000000000e+00 0.000000000000000000e+00
0.000000000000000000e+00 0.000000000000000000e+00 0.000000000000000000e+00 0.000000000000000000e+00 0.000000000000000000e+00
0.000000000000000000e+00 0.000000000000000000e+00 0.000000000000000000e+00 0.000000000000000000e+00 0.000000000000000000e+00
0.000000000000000000e+00 0.000000000000000000e+00 0.000000000000000000e+00 0.000000000000000000e+00 0.000000000000000000e+00
0.000000000000000000e+00 0.000000000000000000e+00 0.000000000000000000e+00 0.000000000000000000e+00 0.000000000000000000e+00
0.000000000000000000e+00 0.000000000000000000e+00 0.000000000000000000e+00 0.000000000000000000e+00 0.000000000000000000e+00
0.000000000000000000e+00 0.000000000000000000e+00 0.000000000000000000e+00 0.000000000000000000e+00 0.000000000000000000e+00
0.000000000000000000e+00 0.000000000000000000e+00 0.000000000000000000e+00 0.000000000000000000e+00 0.000000000000000000e+00
0.000000000000000000e+00 0.000000000000000000e+00 0.000000000000000000e+00 0.000000000000000000e+00 0.000000000000000000e+00
0.000000000000000000e+00 0.000000000000000000e+00 0.000000000000000000e+00 0.000000000000000000e+00 0.000000000000000000e+00
0.000000000000000000e+00 0.000000000000000000e+00 0.000000000000000000e+00 0.000000000000000000e+00 0.000000000000000000e+00
0.000000000000000000e+00 0.000000000000000000e+00 0.000000000000000000e+00 0.000000000000000000e+00 0.000000000000000000e+00
0.000000000000000000e+00 0.000000000000000000e+00 0.000000000000000000e+00 0.000000000000000000e+00 0.000000000000000000e+00
0.000000000000000000e+00 0.000000000000000000e+00 0.000000000000000000e+00 0.000000000000000000e+00 0.000000000000000000e+00
0.000000000000000000e+00 0.000000000000000000e+00 0.000000000000000000e+00 0.000000000000000000e+00 0.000000000000000000e+00
0.000000000000000000e+00 0.000000000000000000e+00 0.000000000000000000e+00 0.000000000000000000e+00 0.000000000000000000e+00
0.000000000000000000e+00 0.000000000000000000e+00 0.000000000000000000e+00 0.000000000000000000e+00 0.000000000000000000e+00
0.000000000000000000e+00 0.000000000000000000e+00 0.000000000000000000e+00 0.000000000000000000e+00 0.000000000000000000e+00
0.000000000000000000e+00 0.000000000000000000e+00 0.000000000000000000e+00 0.000000000000000000e+00 0.000000000000000000e+00
0.000000000000000000e+00 0.000000000000000000e+00 0.000000000000000000e+00 0.000000000000000000e+00 0.000000000000000000e+00
0.000000000000000000e+00 0.000000000000000000e+00 0.000000000000000000e+00 0.000000000000000000e+00 0.000000000000000000e+00
0.000000000000000000e+00 0.000000000000000000e+00 0.000000000000000000e+00 0.000000000000000000e+00 0.000000000000000000e+00
0.000000000000000000e+00 0.000000000000000000e+00 0.000000000000000000e+00 0.000000000000000000e+00 0.000000000000000000e+00
0.000000000000000000e+00 0.000000000000000000e+00 0.000000000000000000e+00 0.000000000000000000e+00 0.000000000000000000e+00
0.000000000000000000e+00 0.000000000000000000e+00 0.000000000000000000e+00 0.000000000000000000e+00 0.000000000000000000e+00
0.000000000000000000e+00 0.000000000000000000e+00 0.000000000000000000e+00 0.000000000000000000e+00 0.000000000000000000e+00
0.000000000000000000e+00 0.000000000000000000e+00 0.000000000000000000e+00 0.000000000000000000e+00 0.000000000000000000e+00
0.000000000000000000e+00 0.000000000000000000e+00 0.000000000000000000e+00 0.000000000000000000e+00 0.000000000000000000e+00
0.000000000000000000e+00 0.000000000000000000e+00 0.000000000000000000e+00 0.000000000000000000e+00 0.000000000000000000e+00
0.000000000000000000e+00 0.000000000000000000e+00 0.000000000000000000e+00 0.000000000000000000e+00 0.000000000000000000e+00
0.000000000000000000e+00 0.000000000000000000e+00 0.000000000000000000e+00 0.000000000000000000e+00 0.000000000000000000e+00
0.000000000000000000e+00 0.000000000000000000e+00 0.000000000000000000e+00 0.000000000000000000e+00 0.000000000000000000e+00
0.000000000000000000e+00 0.000000000000000000e+00 0.000000000000000000e+00 0.000000000000000000e+00 0.000000000000000000e+00
0.000000000000000000e+00 0.000000000000000000e+00 0.000000000000000000e+00 0.000000000000000000e+00 0.000000000000000000e+00
0.000000000000000000e+00 0.000000000000000000e+00 0.000000000000000000e+00 0.000000000000000000e+00 0.000000000000000000e+00
0.000000000000000000e+00 0.000000000000000000e+00 0.000000000000000000e+00 0.000000000000000000e+00 0.000000000000000000e+00
0.000000000000000000e+00 0.000000000000000000e+00 0.000000000000000000e+00 0.000000000000000000e+00 0.000000000000000000e+00
0.000000000000000000e+00 0.000000000000000000e+00 0.000000000000000000e+00 0.000000000000000000e+00 0.000000000000000000e+00
0.000000000000000000e+00 0.000000000000000000e+00 0.000000000000000000e+00 0.000000000000000000e+00 0.000000000000000000e+00
0.000000000000000000e+00 0.000000000000000000e+00 0.000000000000000000e+00 0.000000000000000000e+00 0.000000000000000000e+00
0.000000000000000000e+00 0.000000000000000000e+00 0.000000000000000000e+00 0.000000000000000000e+00 0.000000000000000000e+00
0.000000000000000000e+00 0.000000000000000000e+00 0.000000000000000000e+00 0.000000000000000000e+00 0.000000000000000000e+00
0.000000000000000000e+00 0.000000000000000000e+00 0.000000000000000000e+00 0.000000000000000000e+00 0.000000000000000000e+00
0.000000000000000000e+00 0.000000000000000000e+00 0.000000000000000000e+00 0.000000000000000000e+00 0.000000000000000000e+00
0.000000000000000000e+00 0.000000000000000000e+00 0.000000000000000000e+00 0.000000000000000000e+00 0.000000000000000000e+00
0.000000000000000000e+00 0.000000000000000000e+00 0.000000000000000000e+00 0.000000000000000000e+00 0.000000000000000000e+00
0.000000000000000000e+00 0.000000000000000000e+00 0.000000000000000000e+00 0.000000000000000000e+00 0.000000000000000000e+00
0.000000000000000000e+00 0.000000000000000000e+00 0.000000000000000000e+00 0.000000000000000000e+00 0.000000000000000000e+00
0.000000000000000000e+00 0.000000000000000000e+00 0.000000000000000000e+00 0.000000000000000000e+00 0.000000000000000000e+00
0.000000000000000000e+00 0.000000000000000000e+00 0.000000000000000000e+00 0.000000000000000000e+00 0.000000000000000000e+00
0.000000000000000000e+00 0.000000000000000000e+00 0.000000000000000000e+00 0.000000000000000000e+00 0.000000000000000000e+00
0.000000000000000000e+00 0.000000000000000000e+00 0.000000000000000000e+00 0.000000000000000000e+00 0.000000000000000000e+00
0.000000000000000000e+00 0.000000000000000000e+00 0.000000000000000000e+00 0.000000000000000000e+00 0.000000000000000000e+00
0.000000000000000000e+00 0.000000000000000000e+00 0.000000000000000000e+00 0.000000000000000000e+00 0.000000000000000000e+00
0.000000000000000000e+00 0.000000000000000000e+00 0.000000000000000000e+00 0.000000000000000000e+00 0.000000000000000000e+00
0.000000000000000000e+00 0.000000000000000000e+00 0.000000000000000000e+00 0.000000000000000000e+00 0.000000000000000000e+00
0.000000000000000000e+00 0.000000000000000000e+00 0.000000000000000000e+00 0.000000000000000000e+00 0.000000000000000000e+00
0.000000000000000000e+00 0.000000000000000000e+00 0.000000000000000000e+00 0.000000000000000000e+00 0.000000000000000000e+00
0.000000000000000000e+00 0.000000000000000000e+00 0.000000000000000000e+00 0.000000000000000000e+00 0.000000000000000000e+00
0.000000000000000000e+00 0.000000000000000000e+00 0.000000000000000000e+00 0.000000000000000000e+00 0.000000000000000000e+00
0.000000000000000000e+00 0.000000000000000000e+00 0.000000000000000000e+00 0.000000000000000000e+00 0.000000000000000000e+00
0.000000000000000000e+00 0.000000000000000000e+00 0.000000000000000000e+00 0.000000000000000000e+00 0.000000000000000000e+00
0.000000000000000000e+00 0.000000000000000000e+00 0.000000000000000000e+00 0.000000000000000000e+00 0.000000000000000000e+00
0.000000000000000000e+00 0.000000000000000000e+00 0.000000000000000000e+00 0.000000000000000000e+00 0.000000000000000000e+00
0.000000000000000000e+00 0.000000000000000000e+00 0.000000000000000000e+00 0.000000000000000000e+00 0.000000000000000000e+00
0.000000000000000000e+00 0.000000000000000000e+00 0.000000000000000000e+00 0.000000000000000000e+00 0.000000000000000000e+00
0.000000000000000000e+00 0.000000000000000000e+00 0.000000000000000000e+00 0.000000000000000000e+00 0.000000000000000000e+00
0.000000000000000000e+00 0.000000000000000000e+00 0.000000000000000000e+00 0.000000000000000000e+00 0.000000000000000000e+00
0.000000000000000000e+00 0.000000000000000000e+00 0.000000000000000000e+00 0.000000000000000000e+00 0.000000000000000000e+00
0.000000000000000000e+00 0.000000000000000000e+00 0.000000000000000000e+00 0.000000000000000000e+00 0.000000000000000000e+00
0.000000000000000000e+00 0.000000000000000000e+00 0.000000000000000000e+00 0.000000000000000000e+00 0.000000000000000000e+00
0.000000000000000000e+00 0.000000000000000000e+00 0.000000000000000000e+00 0.000000000000000000e+00 0.000000000000000000e+00
0.000000000000000000e+00 0.000000000000000000e+00 0.000000000000000000e+00 0.000000000000000000e+00 0.000000000000000000e+00
0.000000000000000000e+00 0.000000000000000000e+00 0.000000000000000000e+00 0.000000000000000000e+00 0.000000000000000000e+00
0.000000000000000000e+00 0.000000000000000000e+00 0.000000000000000000e+00 0.000000000000000000e+00 0.000000000000000000e+00
0.000000000000000000e+00 0.000000000000000000e+00 0.000000000000000000e+00 0.000000000000000000e+00 0.000000000000000000e+00
0.000000000000000000e+00 0.000000000000000000e+00 0.000000000000000000e+00 0.000000000000000000e+00 0.000000000000000000e+00
0.000000000000000000e+00 0.000000000000000000e+00 0.000000000000000000e+00 0.000000000000000000e+00 0.000000000000000000e+00
0.000000000000000000e+00 0.000000000000000000e+00 0.000000000000000000e+00 0.000000000000000000e+00 0.000000000000000000e+00
0.000000000000000000e+00 0.000000000000000000e+00 0.000000000000000000e+00 0.000000000000000000e+00 0.000000000000000000e+00
0.000000000000000000e+00 0.000000000000000000e+00 0.000000000000000000e+00 0.000000000000000000e+00 0.000000000000000000e+00
0.000000000000000000e+00 0.000000000000000000e+00 0.000000000000000000e+00 0.000000000000000000e+00 0.000000000000000000e+00
0.000000000000000000e+00 0.000000000000000000e+00 0.000000000000000000e+00 0.000000000000000000e+00 0.000000000000000000e+00
0.000000000000000000e+00 0.000000000000000000e+00 0.000000000000000000e+00 0.000000000000000000e+00 0.000000000000000000e+00
0.000000000000000000e+00 0.000000000000000000e+00 0.000000000000000000e+00 0.000000000000000000e+00 0.000000000000000000e+00
0.000000000000000000e+00 0.000000000000000000e+00 0.000000000000000000e+00 0.000000000000000000e+00 0.000000000000000000e+00
0.000000000000000000e+00 0.000000000000000000e+00 0.000000000000000000e+00 0.000000000000000000e+00 0.000000000000000000e+00
0.000000000000000000e+00 0.000000000000000000e+00 0.000000000000000000e+00 0.000000000000000000e+00 0.000000000000000000e+00
0.000000000000000000e+00 0.000000000000000000e+00 0.000000000000000000e+00 0.000000000000000000e+00 0.000000000000000000e+00
0.000000000000000000e+00 0.000000000000000000e+00 0.000000000000000000e+00 0.000000000000000000e+00 0.000000000000000000e+00
0.000000000000000000e+00 0.000000000000000000e+00 0.000000000000000000e+00 0.000000000000000000e+00 0.000000000000000000e+00
0.000000000000000000e+00 0.000000000000000000e+00 0.000000000000000000e+00 0.000000000000000000e+00 0.000000000000000000e+00
0.000000000000000000e+00 0.000000000000000000e+00 0.000000000000000000e+00 0.000000000000000000e+00 0.000000000000000000e+00
0.000000000000000000e+00 0.000000000000000000e+00 0.000000000000000000e+00 0.000000000000000000e+00 0.000000000000000000e+00
0.000000000000000000e+00 0.000000000000000000e+00 0.000000000000000000e+00 0.000000000000000000e+00 0.000000000000000000e+00
0.000000000000000000e+00 0.000000000000000000e+00 0.000000000000000000e+00 0.000000000000000000e+00 0.000000000000000000e+00
0.000000000000000000e+00 0.000000000000000000e+00 0.000000000000000000e+00 0.000000000000000000e+00 0.000000000000000000e+00
0.000000000000000000e+00 0.000000000000000000e+00 0.000000000000000000e+00 0.000000000000000000e+00 0.000000000000000000e+00
0.000000000000000000e+00 0.000000000000000000e+00 0.000000000000000000e+00 0.000000000000000000e+00 0.000000000000000000e+00
0.000000000000000000e+00 0.000000000000000000e+00 0.000000000000000000e+00 0.000000000000000000e+00 0.000000000000000000e+00
0.000000000000000000e+00 0.000000000000000000e+00 0.000000000000000000e+00 0.000000000000000000e+00 0.000000000000000000e+00
0.000000000000000000e+00 0.000000000000000000e+00 0.000000000000000000e+00 0.000000000000000000e+00 0.000000000000000000e+00
0.000000000000000000e+00 0.000000000000000000e+00 0.000000000000000000e+00 0.000000000000000000e+00 0.000000000000000000e+00
0.000000000000000000e+00 0.000000000000000000e+00 0.000000000000000000e+00 0.000000000000000000e+00 0.000000000000000000e+00
0.000000000000000000e+00 0.000000000000000000e+00 0.000000000000000000e+00 0.000000000000000000e+00 0.000000000000000000e+00
0.000000000000000000e+00 0.000000000000000000e+00 0.000000000000000000e+00 0.000000000000000000e+00 0.000000000000000000e+00
0.000000000000000000e+00 0.000000000000000000e+00 0.000000000000000000e+00 0.000000000000000000e+00 0.000000000000000000e+00
0.000000000000000000e+00 0.000000000000000000e+00 0.000000000000000000e+00 0.000000000000000000e+00 0.000000000000000000e+00
0.000000000000000000e+00 0.000000000000000000e+00 0.000000000000000000e+00 0.000000000000000000e+00 0.000000000000000000e+00
0.000000000000000000e+00 0.000000000000000000e+00 0.000000000000000000e+00 0.000000000000000000e+00 0.000000000000000000e+00
0.000000000000000000e+00 0.000000000000000000e+00 0.000000000000000000e+00 0.000000000000000000e+00 0.000000000000000000e+00
0.000000000000000000e+00 0.000000000000000000e+00 0.000000000000000000e+00 0.000000000000000000e+00 0.000000000000000000e+00
0.000000000000000000e+00 0.000000000000000000e+00 0.000000000000000000e+00 0.000000000000000000e+00 0.000000000000000000e+00
0.000000000000000000e+00 0.000000000000000000e+00 0.000000000000000000e+00 0.000000000000000000e+00 0.000000000000000000e+00
0.000000000000000000e+00 0.000000000000000000e+00 0.000000000000000000e+00 0.000000000000000000e+00 0.000000000000000000e+00
0.000000000000000000e+00 0.000000000000000000e+00 0.000000000000000000e+00 0.000000000000000000e+00 0.000000000000000000e+00
0.000000000000000000e+00 0.000000000000000000e+00 0.000000000000000000e+00 0.000000000000000000e+00 0.000000000000000000e+00
0.000000000000000000e+00 0.000000000000000000e+00 0.000000000000000000e+00 0.000000000000000000e+00 0.000000000000000000e+00
0.000000000000000000e+00 0.000000000000000000e+00 0.000000000000000000e+00 0.000000000000000000e+00 0.000000000000000000e+00
0.000000000000000000e+00 0.000000000000000000e+00 0.000000000000000000e+00 0.000000000000000000e+00 0.000000000000000000e+00
0.000000000000000000e+00 0.000000000000000000e+00 0.000000000000000000e+00 0.000000000000000000e+00 0.000000000000000000e+00
0.000000000000000000e+00 0.000000000000000000e+00 0.000000000000000000e+00 0.000000000000000000e+00 0.000000000000000000e+00
0.000000000000000000e+00 0.000000000000000000e+00 0.000000000000000000e+00 0.000000000000000000e+00 0.000000000000000000e+00
0.000000000000000000e+00 0.000000000000000000e+00 0.000000000000000000e+00 0.000000000000000000e+00 0.000000000000000000e+00
0.000000000000000000e+00 0.000000000000000000e+00 0.000000000000000000e+00 0.000000000000000000e+00 0.000000000000000000e+00
0.000000000000000000e+00 0.000000000000000000e+00 0.000000000000000000e+00 0.000000000000000000e+00 0.000000000000000000e+00
0.000000000000000000e+00 0.000000000000000000e+00 0.000000000000000000e+00 0.000000000000000000e+00 0.000000000000000000e+00
0.000000000000000000e+00 0.000000000000000000e+00 0.000000000000000000e+00 0.000000000000000000e+00 0.000000000000000000e+00
0.000000000000000000e+00 0.000000000000000000e+00 0.000000000000000000e+00 0.000000000000000000e+00 0.000000000000000000e+00
0.000000000000000000e+00 0.000000000000000000e+00 0.000000000000000000e+00 0.000000000000000000e+00 0.000000000000000000e+00
0.000000000000000000e+00 0.000000000000000000e+00 0.000000000000000000e+00 0.000000000000000000e+00 0.000000000000000000e+00
0.000000000000000000e+00 0.000000000000000000e+00 0.000000000000000000e+00 0.000000000000000000e+00 0.000000000000000000e+00
0.000000000000000000e+00 0.000000000000000000e+00 0.000000000000000000e+00 0.000000000000000000e+00 0.000000000000000000e+00
0.000000000000000000e+00 0.000000000000000000e+00 0.000000000000000000e+00 0.000000000000000000e+00 0.000000000000000000e+00
0.000000000000000000e+00 0.000000000000000000e+00 0.000000000000000000e+00 0.000000000000000000e+00 0.000000000000000000e+00
0.000000000000000000e+00 0.000000000000000000e+00 0.000000000000000000e+00 0.000000000000000000e+00 0.000000000000000000e+00
0.000000000000000000e+00 0.000000000000000000e+00 0.000000000000000000e+00 0.000000000000000000e+00 0.000000000000000000e+00
0.000000000000000000e+00 0.000000000000000000e+00 0.000000000000000000e+00 0.000000000000000000e+00 0.000000000000000000e+00
0.000000000000000000e+00 0.000000000000000000e+00 0.000000000000000000e+00 0.000000000000000000e+00 0.000000000000000000e+00
0.000000000000000000e+00 0.000000000000000000e+00 0.000000000000000000e+00 0.000000000000000000e+00 0.000000000000000000e+00
0.000000000000000000e+00 0.000000000000000000e+00 0.000000000000000000e+00 0.000000000000000000e+00 0.000000000000000000e+00
0.000000000000000000e+00 0.000000000000000000e+00 0.000000000000000000e+00 0.000000000000000000e+00 0.000000000000000000e+00
0.000000000000000000e+00 0.000000000000000000e+00 0.000000000000000000e+00 0.000000000000000000e+00 0.000000000000000000e+00
0.000000000000000000e+00 0.000000000000000000e+00 0.000000000000000000e+00 0.000000000000000000e+00 0.000000000000000000e+00
0.000000000000000000e+00 0.000000000000000000e+00 0.000000000000000000e+00 0.000000000000000000e+00 0.000000000000000000e+00
0.000000000000000000e+00 0.000000000000000000e+00 0.000000000000000000e+00 0.000000000000000000e+00 0.000000000000000000e+00
0.000000000000000000e+00 0.000000000000000000e+00 0.000000000000000000e+00 0.000000000000000000e+00 0.000000000000000000e+00
0.000000000000000000e+00 0.000000000000000000e+00 0.000000000000000000e+00 0.000000000000000000e+00 0.000000000000000000e+00
0.000000000000000000e+00 0.000000000000000000e+00 0.000000000000000000e+00 0.000000000000000000e+00 0.000000000000000000e+00
0.000000000000000000e+00 0.000000000000000000e+00 0.000000000000000000e+00 0.000000000000000000e+00 0.000000000000000000e+00
0.000000000000000000e+00 0.000000000000000000e+00 0.000000000000000000e+00 0.000000000000000000e+00 0.000000000000000000e+00
0.000000000000000000e+00 0.000000000000000000e+00 0.000000000000000000e+00 0.000000000000000000e+00 0.000000000000000000e+00
0.000000000000000000e+00 0.000000000000000000e+00 0.000000000000000000e+00 0.000000000000000000e+00 0.000000000000000000e+00
0.000000000000000000e+00 0.000000000000000000e+00 0.000000000000000000e+00 0.000000000000000000e+00 0.000000000000000000e+00
0.000000000000000000e+00 0.000000000000000000e+00 0.000000000000000000e+00 0.000000000000000000e+00 0.000000000000000000e+00
0.000000000000000000e+00 0.000000000000000000e+00 0.000000000000000000e+00 0.000000000000000000e+00 0.000000000000000000e+00
0.000000000000000000e+00 0.000000000000000000e+00 0.000000000000000000e+00 0.000000000000000000e+00 0.000000000000000000e+00
0.000000000000000000e+00 0.000000000000000000e+00 0.000000000000000000e+00 0.000000000000000000e+00 0.000000000000000000e+00
0.000000000000000000e+00 0.000000000000000000e+00 0.000000000000000000e+00 0.000000000000000000e+00 0.000000000000000000e+00
0.000000000000000000e+00 0.000000000000000000e+00 0.000000000000000000e+00 0.000000000000000000e+00 0.000000000000000000e+00
0.000000000000000000e+00 0.000000000000000000e+00 0.000000000000000000e+00 0.000000000000000000e+00 0.000000000000000000e+00
0.000000000000000000e+00 0.000000000000000000e+00 0.000000000000000000e+00 0.000000000000000000e+00 0.000000000000000000e+00
0.000000000000000000e+00 0.000000000000000000e+00 0.000000000000000000e+00 0.000000000000000000e+00 0.000000000000000000e+00
0.000000000000000000e+00 0.000000000000000000e+00 0.000000000000000000e+00 0.000000000000000000e+00 0.000000000000000000e+00
0.000000000000000000e+00 0.000000000000000000e+00 0.000000000000000000e+00 0.000000000000000000e+00 0.000000000000000000e+00
0.000000000000000000e+00 0.000000000000000000e+00 0.000000000000000000e+00 0.000000000000000000e+00 0.000000000000000000e+00
0.000000000000000000e+00 0.000000000000000000e+00 0.000000000000000000e+00 0.000000000000000000e+00 0.000000000000000000e+00
0.000000000000000000e+00 0.000000000000000000e+00 0.000000000000000000e+00 0.000000000000000000e+00 0.000000000000000000e+00
0.000000000000000000e+00 0.000000000000000000e+00 0.000000000000000000e+00 0.000000000000000000e+00 0.000000000000000000e+00
0.000000000000000000e+00 0.000000000000000000e+00 0.000000000000000000e+00 0.000000000000000000e+00 0.000000000000000000e+00
0.000000000000000000e+00 0.000000000000000000e+00 0.000000000000000000e+00 0.000000000000000000e+00 0.000000000000000000e+00
0.000000000000000000e+00 0.000000000000000000e+00 0.000000000000000000e+00 0.000000000000000000e+00 0.000000000000000000e+00
0.000000000000000000e+00 0.000000000000000000e+00 0.000000000000000000e+00 0.000000000000000000e+00 0.000000000000000000e+00
0.000000000000000000e+00 0.000000000000000000e+00 0.000000000000000000e+00 0.000000000000000000e+00 0.000000000000000000e+00
0.000000000000000000e+00 0.000000000000000000e+00 0.000000000000000000e+00 0.000000000000000000e+00 0.000000000000000000e+00
0.000000000000000000e+00 0.000000000000000000e+00 0.000000000000000000e+00 0.000000000000000000e+00 0.000000000000000000e+00
0.000000000000000000e+00 0.000000000000000000e+00 0.000000000000000000e+00 0.000000000000000000e+00 0.000000000000000000e+00
0.000000000000000000e+00 0.000000000000000000e+00 0.000000000000000000e+00 0.000000000000000000e+00 0.000000000000000000e+00
0.000000000000000000e+00 0.000000000000000000e+00 0.000000000000000000e+00 0.000000000000000000e+00 0.000000000000000000e+00
0.000000000000000000e+00 0.000000000000000000e+00 0.000000000000000000e+00 0.000000000000000000e+00 0.000000000000000000e+00
0.000000000000000000e+00 0.000000000000000000e+00 0.000000000000000000e+00 0.000000000000000000e+00 0.000000000000000000e+00
0.000000000000000000e+00 0.000000000000000000e+00 0.000000000000000000e+00 0.000000000000000000e+00 0.000000000000000000e+00
0.000000000000000000e+00 0.000000000000000000e+00 0.000000000000000000e+00 0.000000000000000000e+00 0.000000000000000000e+00
0.000000000000000000e+00 0.000000000000000000e+00 0.000000000000000000e+00 0.000000000000000000e+00 0.000000000000000000e+00
0.000000000000000000e+00 0.000000000000000000e+00 0.000000000000000000e+00 0.000000000000000000e+00 0.000000000000000000e+00
0.000000000000000000e+00 0.000000000000000000e+00 0.000000000000000000e+00 0.000000000000000000e+00 0.000000000000000000e+00
0.000000000000000000e+00 0.000000000000000000e+00 0.000000000000000000e+00 0.000000000000000000e+00 0.000000000000000000e+00
0.000000000000000000e+00 0.000000000000000000e+00 0.000000000000000000e+00 0.000000000000000000e+00 0.000000000000000000e+00
0.000000000000000000e+00 0.000000000000000000e+00 0.000000000000000000e+00 0.000000000000000000e+00 0.000000000000000000e+00
0.000000000000000000e+00 0.000000000000000000e+00 0.000000000000000000e+00 0.000000000000000000e+00 0.000000000000000000e+00
0.000000000000000000e+00 0.000000000000000000e+00 0.000000000000000000e+00 0.000000000000000000e+00 0.000000000000000000e+00
0.000000000000000000e+00 0.000000000000000000e+00 0.000000000000000000e+00 0.000000000000000000e+00 0.000000000000000000e+00
0.000000000000000000e+00 0.000000000000000000e+00 0.000000000000000000e+00 0.000000000000000000e+00 0.000000000000000000e+00
0.000000000000000000e+00 0.000000000000000000e+00 0.000000000000000000e+00 0.000000000000000000e+00 0.000000000000000000e+00
0.000000000000000000e+00 0.000000000000000000e+00 0.000000000000000000e+00 0.000000000000000000e+00 0.000000000000000000e+00
0.000000000000000000e+00 0.000000000000000000e+00 0.000000000000000000e+00 0.000000000000000000e+00 0.000000000000000000e+00
0.000000000000000000e+00 0.000000000000000000e+00 0.000000000000000000e+00 0.000000000000000000e+00 0.000000000000000000e+00
0.000000000000000000e+00 0.000000000000000000e+00 0.000000000000000000e+00 0.000000000000000000e+00 0.000000000000000000e+00
0.000000000000000000e+00 0.000000000000000000e+00 0.000000000000000000e+00 0.000000000000000000e+00 0.000000000000000000e+00
0.000000000000000000e+00 0.000000000000000000e+00 0.000000000000000000e+00 0.000000000000000000e+00 0.000000000000000000e+00
0.000000000000000000e+00 0.000000000000000000e+00 0.000000000000000000e+00 0.000000000000000000e+00 0.000000000000000000e+00
0.000000000000000000e+00 0.000000000000000000e+00 0.000000000000000000e+00 0.000000000000000000e+00 0.000000000000000000e+00
0.000000000000000000e+00 0.000000000000000000e+00 0.000000000000000000e+00 0.000000000000000000e+00 0.000000000000000000e+00
0.000000000000000000e+00 0.000000000000000000e+00 0.000000000000000000e+00 0.000000000000000000e+00 0.000000000000000000e+00
0.000000000000000000e+00 0.000000000000000000e+00 0.000000000000000000e+00 0.000000000000000000e+00 0.000000000000000000e+00
0.000000000000000000e+00 0.000000000000000000e+00 0.000000000000000000e+00 0.000000000000000000e+00 0.000000000000000000e+00
0.000000000000000000e+00 0.000000000000000000e+00 0.000000000000000000e+00 0.000000000000000000e+00 0.000000000000000000e+00
0.000000000000000000e+00 0.000000000000000000e+00 0.000000000000000000e+00 0.000000000000000000e+00 0.000000000000000000e+00
0.000000000000000000e+00 0.000000000000000000e+00 0.000000000000000000e+00 0.000000000000000000e+00 0.000000000000000000e+00
0.000000000000000000e+00 0.000000000000000000e+00 0.000000000000000000e+00 0.000000000000000000e+00 0.000000000000000000e+00
0.000000000000000000e+00 0.000000000000000000e+00 0.000000000000000000e+00 0.000000000000000000e+00 0.000000000000000000e+00
0.000000000000000000e+00 0.000000000000000000e+00 0.000000000000000000e+00 0.000000000000000000e+00 0.000000000000000000e+00
0.000000000000000000e+00 0.000000000000000000e+00 0.000000000000000000e+00 0.000000000000000000e+00 0.000000000000000000e+00
0.000000000000000000e+00 0.000000000000000000e+00 0.000000000000000000e+00 0.000000000000000000e+00 0.000000000000000000e+00
0.000000000000000000e+00 0.000000000000000000e+00 0.000000000000000000e+00 0.000000000000000000e+00 0.000000000000000000e+00
0.000000000000000000e+00 0.000000000000000000e+00 0.000000000000000000e+00 0.000000000000000000e+00 0.000000000000000000e+00
0.000000000000000000e+00 0.000000000000000000e+00 0.000000000000000000e+00 0.000000000000000000e+00 0.000000000000000000e+00
0.000000000000000000e+00 0.000000000000000000e+00 0.000000000000000000e+00 0.000000000000000000e+00 0.000000000000000000e+00
0.000000000000000000e+00 0.000000000000000000e+00 0.000000000000000000e+00 0.000000000000000000e+00 0.000000000000000000e+00
0.000000000000000000e+00 0.000000000000000000e+00 0.000000000000000000e+00 0.000000000000000000e+00 0.000000000000000000e+00
0.000000000000000000e+00 0.000000000000000000e+00 0.000000000000000000e+00 0.000000000000000000e+00 0.000000000000000000e+00
0.000000000000000000e+00 0.000000000000000000e+00 0.000000000000000000e+00 0.000000000000000000e+00 0.000000000000000000e+00
0.000000000000000000e+00 0.000000000000000000e+00 0.000000000000000000e+00 0.000000000000000000e+00 0.000000000000000000e+00
0.000000000000000000e+00 0.000000000000000000e+00 0.000000000000000000e+00 0.000000000000000000e+00 0.000000000000000000e+00
0.000000000000000000e+00 0.000000000000000000e+00 0.000000000000000000e+00 0.000000000000000000e+00 0.000000000000000000e+00
0.000000000000000000e+00 0.000000000000000000e+00 0.000000000000000000e+00 0.000000000000000000e+00 0.000000000000000000e+00
0.000000000000000000e+00 0.000000000000000000e+00 0.000000000000000000e+00 0.000000000000000000e+00 0.000000000000000000e+00
0.000000000000000000e+00 0.000000000000000000e+00 0.000000000000000000e+00 0.000000000000000000e+00 0.000000000000000000e+00
0.000000000000000000e+00 0.000000000000000000e+00 0.000000000000000000e+00 0.000000000000000000e+00 0.000000000000000000e+00
0.000000000000000000e+00 0.000000000000000000e+00 0.000000000000000000e+00 0.000000000000000000e+00 0.000000000000000000e+00
0.000000000000000000e+00 0.000000000000000000e+00 0.000000000000000000e+00 0.000000000000000000e+00 0.000000000000000000e+00
0.000000000000000000e+00 0.000000000000000000e+00 0.000000000000000000e+00 0.000000000000000000e+00 0.000000000000000000e+00
0.000000000000000000e+00 0.000000000000000000e+00 0.000000000000000000e+00 0.000000000000000000e+00 0.000000000000000000e+00
0.000000000000000000e+00 0.000000000000000000e+00 0.000000000000000000e+00 0.000000000000000000e+00 0.000000000000000000e+00
0.000000000000000000e+00 0.000000000000000000e+00 0.000000000000000000e+00 0.000000000000000000e+00 0.000000000000000000e+00
0.000000000000000000e+00 0.000000000000000000e+00 0.000000000000000000e+00 0.000000000000000000e+00 0.000000000000000000e+00
0.000000000000000000e+00 0.000000000000000000e+00 0.000000000000000000e+00 0.000000000000000000e+00 0.000000000000000000e+00
0.000000000000000000e+00 0.000000000000000000e+00 0.000000000000000000e+00 0.000000000000000000e+00 0.000000000000000000e+00
0.000000000000000000e+00 0.000000000000000000e+00 0.000000000000000000e+00 0.000000000000000000e+00 0.000000000000000000e+00
0.000000000000000000e+00 0.000000000000000000e+00 0.000000000000000000e+00 0.000000000000000000e+00 0.000000000000000000e+00
0.000000000000000000e+00 0.000000000000000000e+00 0.000000000000000000e+00 0.000000000000000000e+00 0.000000000000000000e+00
0.000000000000000000e+00 0.000000000000000000e+00 0.000000000000000000e+00 0.000000000000000000e+00 0.000000000000000000e+00
0.000000000000000000e+00 0.000000000000000000e+00 0.000000000000000000e+00 0.000000000000000000e+00 0.000000000000000000e+00
0.000000000000000000e+00 0.000000000000000000e+00 0.000000000000000000e+00 0.000000000000000000e+00 0.000000000000000000e+00
0.000000000000000000e+00 0.000000000000000000e+00 0.000000000000000000e+00 0.000000000000000000e+00 0.000000000000000000e+00
0.000000000000000000e+00 0.000000000000000000e+00 0.000000000000000000e+00 0.000000000000000000e+00 0.000000000000000000e+00
0.000000000000000000e+00 0.000000000000000000e+00 0.000000000000000000e+00 0.000000000000000000e+00 0.000000000000000000e+00
0.000000000000000000e+00 0.000000000000000000e+00 0.000000000000000000e+00 0.000000000000000000e+00 0.000000000000000000e+00
0.000000000000000000e+00 0.000000000000000000e+00 0.000000000000000000e+00 0.000000000000000000e+00 0.000000000000000000e+00
0.000000000000000000e+00 0.000000000000000000e+00 0.000000000000000000e+00 0.000000000000000000e+00 0.000000000000000000e+00
0.000000000000000000e+00 0.000000000000000000e+00 0.000000000000000000e+00 0.000000000000000000e+00 0.000000000000000000e+00
0.000000000000000000e+00 0.000000000000000000e+00 0.000000000000000000e+00 0.000000000000000000e+00 0.000000000000000000e+00
0.000000000000000000e+00 0.000000000000000000e+00 0.000000000000000000e+00 0.000000000000000000e+00 0.000000000000000000e+00
0.000000000000000000e+00 0.000000000000000000e+00 0.000000000000000000e+00 0.000000000000000000e+00 0.000000000000000000e+00
0.000000000000000000e+00 0.000000000000000000e+00 0.000000000000000000e+00 0.000000000000000000e+00 0.000000000000000000e+00
0.000000000000000000e+00 0.000000000000000000e+00 0.000000000000000000e+00 0.000000000000000000e+00 0.000000000000000000e+00
0.000000000000000000e+00 0.000000000000000000e+00 0.000000000000000000e+00 0.000000000000000000e+00 0.000000000000000000e+00
0.000000000000000000e+00 0.000000000000000000e+00 0.000000000000000000e+00 0.000000000000000000e+00 0.000000000000000000e+00
-7.732582652559546688e+00 -7.568530204653478144e+00 6.560833971688233637e-03 7.691018189260721449e+00 7.788730190224616656e+00
-6.362934148001332169e+00 -8.403641197742802049e+00 -2.232882794982292030e+00 6.193367823717608189e+00 8.640140723796619682e+00
-4.317079613466305865e+00 -8.409711472149140832e+00 -4.250287781223292427e+00 4.065008765433471005e+00 8.578285064266834681e+00
-1.936732924470591533e+00 -7.678161177908081392e+00 -5.804349518632070826e+00 1.681453162165424731e+00 7.715259024594977255e+00
4.242133398774537989e-01 -6.399913810331948838e+00 -6.770915299618309291e+00 -6.065981865992174926e-01 6.295785160123548607e+00
2.513157587176195307e+00 -4.773356390129117166e+00 -7.144418482520279667e+00 -2.583910777074896359e+00 4.568994006830573440e+00
4.190639798060515453e+00 -2.965440184756241049e+00 -6.982934397422719819e+00 -4.156664211709915513e+00 2.725519313136670174e+00
5.397255916248733243e+00 -1.109719713003953778e+00 -6.360295718087512817e+00 -5.295622081450900964e+00 8.934000319938945056e-01
6.116561862115892367e+00 6.787835947862227437e-01 -5.352284233338171049e+00 -5.992335125362147963e+00 -8.351715914687375397e-01
6.355329445803574728e+00 2.292901887936916960e+00 -4.044630525848712743e+00 -6.245335444551172621e+00 -2.379145361609980025e+00
6.141489376530374855e+00 3.635408042723318189e+00 -2.540817425053810030e+00 -6.066784154474427204e+00 -3.661882806948206337e+00
5.527521746443420980e+00 4.629262584213617693e+00 -9.589240505492627742e-01 -5.492305475240840451e+00 -4.618177645032838008e+00
4.589292805860202940e+00 5.227723160501331456e+00 5.800795724390448438e-01 -4.583959778764245208e+00 -5.204152010640291870e+00
3.419046806099024227e+00 5.418901570987544325e+00 1.965629967819064516e+00 -3.425906643407537366e+00 -5.403148210245152683e+00
2.116028090271217632e+00 5.223715350773118438e+00 3.107917906936397134e+00 -2.116210889132605466e+00 -5.226356919400228840e+00
7.779694255386809809e-01 4.689482570197508693e+00 3.944086627409986168e+00 -7.576793133893294785e-01 -4.710010786784196490e+00
-5.052405835260023181e-01 3.882237139852404262e+00 4.440648398860543189e+00 5.508416056013707429e-01 -3.911202031239177757e+00
-1.655899319072938969e+00 2.879576986632985225e+00 4.592834194205820175e+00 1.722065323918913204e+00 -2.903085065239123796e+00
-2.611449794182817641e+00 1.764331811744324963e+00 4.421485745438876513e+00 2.686191812937310797e+00 -1.769188777181489147e+00
-3.326328208211601467e+00 6.188657974329039302e-01 3.968044682822652991e+00 3.394519322010860041e+00 -5.967509574881839640e-01
-3.772706742400469437e+00 -4.798484725442789256e-01 3.288471269637574412e+00 3.820461903885795873e+00 5.301753185492872333e-01
-3.940315445441299858e+00 -1.464093350942548666e+00 2.447191780820813456e+00 3.958428848395787458e+00 1.536777431077287481e+00
-3.835791558618074415e+00 -2.278234064635314304e+00 1.511958280423108647e+00 3.821553901605724057e+00 2.362120768153470163e+00
-3.481907514957618410e+00 -2.880873793549295403e+00 5.498739750624860312e-01 3.439160794991167780e+00 2.962405071186195560e+00
-2.916527828755651086e+00 -3.246613413937187609e+00 -3.757582932608287685e-01 2.854213464327215899e+00 3.313018265486192160e+00
-2.190636450268673929e+00 -3.367253615231420305e+00 -1.208290015742963464e+00 2.120351402314513134e+00 3.409270191823285057e+00
-1.364765921253513703e+00 -3.251902413419907933e+00 -1.900522022775286146e+00 1.297997022628400110e+00 3.265431286814409972e+00
-5.037969243662094865e-01 -2.925511306898234132e+00 -2.417207313906406085e+00 4.495377482489980592e-01 2.911889869166287337e+00
3.290314925938160884e-01 -2.425858490281649349e+00 -2.736774892079967714e+00 -3.657229712221288787e-01 2.390832604922649818e+00
1.077606965274632289e+00 -1.799553195047014498e+00 -2.851925193660670210e+00 -1.095872954944598909e+00 1.751384029579418522e+00
1.696904548895190823e+00 -1.097845098344039982e+00 -2.769101592225095221e+00 -1.699312609833555365e+00 1.045178830459632335e+00
2.155124080714187595e+00 -3.728060343950355682e-01 -2.507107059735063537e+00 -2.146260081991328672e+00 3.228876682649621244e-01
2.434317303324180948e+00 3.259367654779941059e-01 -2.095156389431707566e+00 -2.419233012546504913e+00 -3.683435224464084445e-01
2.530002088143662675e+00 9.539890719534389607e-01 -1.570514320326078739e+00 -2.512923547093733667e+00 -9.868784828230473538e-01
2.450108194320463451e+00 1.474578535715254546e+00 -9.757541492559232976e-01 -2.433653311509342387e+00 -1.498290375233485960e+00
2.213388908960477242e+00 1.860482784632570219e+00 -3.556890515643336692e-01 -2.198376317961655335e+00 -1.876841818610711865e+00
1.847348721382421788e+00 2.095318351500517817e+00 2.458536903569042698e-01 -1.833135854884447857e+00 -2.106617209910069288e+00
1.385779281494116777e+00 2.174015651926008541e+00 7.891331485571492221e-01 -1.370957107590935253e+00 -2.182119904589316928e+00
8.660731999872468556e-01 2.102416584782397013e+00 1.241157576571618071e+00 -8.492804081343653388e-01 -2.108202844566491763e+00
3.265252546783850018e-01 1.896073659171361614e+00 1.577654676419125934e+00 -3.071399792244005056e-01 -1.899300762401697540e+00
-1.961825872904917056e-01 1.578432656257771294e+00 1.784199693693272915e+00 2.176571509253981962e-01 -1.578018868115966589e+00
-6.691619391721346233e-01 1.178620774466009768e+00 1.856465645190957359e+00 6.910978446640684281e-01 -1.173192069388429015e+00
-1.065068339502149408e+00 7.290550354520596299e-01 1.799662324500937327e+00 1.085063184797213198e+00 -7.175708399424158834e-01
-1.363373687665022871e+00 2.630571169529695164e-01 1.627312181987283779e+00 1.378822913436835274e+00 -2.453222940874876801e-01
-1.551151897413361569e+00 -1.873749862269748490e-01 1.359561581866262525e+00 1.559870319435838537e+00 2.104489303730497085e-01
-1.623393929875672104e+00 -5.935262986190151802e-01 1.021236158233825853e+00 1.624121168282053551e+00 6.199651154730688729e-01
-1.582876295740330841e+00 -9.315779458531088242e-01 6.398212941648941943e-01 1.575549378087317542e+00 9.586632102172686354e-01
-1.439600746540371956e+00 -1.183820246648726426e+00 2.435005638042876674e-01 1.425347599907282214e+00 1.208586272690970409e+00
-1.209816256380902733e+00 -1.339422380133822976e+00 -1.406598231597815940e-01 1.190695950918985169e+00 1.359200406572435904e+00
-9.146470666369179714e-01 -1.394722202369147457e+00 -4.883177575885250254e-01 8.932200399494312215e-01 1.407600950367804193e+00
-5.783926877841298886e-01 -1.353018834073045573e+00 -7.791959362608033013e-01 5.572355016089022284e-01 1.358122317999088224e+00
-2.266264442350995056e-01 -1.223889303692393904e+00 -9.980985721649719977e-01 2.079058224959254575e-01 1.221426238211081428e+00
1.157299414152795497e-01 -1.022100805261632717e+00 -1.135554158686356896e+00 -1.305375682039056073e-01 1.013199967254783562e+00
4.261647107274896262e-01 -7.662332920670175129e-01 -1.188057049009568322e+00 -4.363690696845903272e-01 7.526290316581538686e-01
6.860084281009865004e-01 -4.771471081075323029e-01 -1.157912234264112161e+00 -6.916283067252948502e-01 4.608060249475497416e-01
8.814436983307313289e-01 -1.764242860600649943e-01 -1.052717352041692367e+00 -8.830082211334372433e-01 1.592034537874019162e-01
1.004061831123934212e+00 1.151099608040851568e-01 -8.845365821535172701e-01 -1.002361137959559390e+00 -1.317062695634400038e-01
1.050986129851679607e+00 3.787033812818781375e-01 -6.688332047039153849e-01 -1.046840766056390537e+00 -3.936372470816090208e-01
1.024610288546715653e+00 5.987668365087962519e-01 -4.232361142397684795e-01 -1.018710234857535646e+00 -6.114557885420612848e-01
9.320141453437217338e-01 7.636881629246652370e-01 -1.662240182167591396e-01 -9.248511254288641625e-01 -7.739033608306230549e-01
7.841263806956956239e-01 8.663331185432620041e-01 8.418160090111891092e-02 -7.760148961204419438e-01 -8.740552438793760537e-01
5.947092866735199657e-01 9.042153635022006641e-01 3.116216293567094509e-01 -5.858693732147075561e-01 -9.094975936660941729e-01
3.792444058597383982e-01 8.793411342907054840e-01 5.024166170362375228e-01 -3.699068081639967365e-01 -8.822170431107898558e-01
1.537975943092855236e-01 7.977593857988887205e-01 6.463276938101147895e-01 -1.442916183916604367e-01 -7.982142606995489276e-01
-6.606342038255011428e-02 6.688698238857033740e-01 7.370180478353792752e-01 7.526894139399573080e-02 -6.668725126133404624e-01
-2.662362607528978575e-01 5.045559513787816197e-01 7.722012448586804689e-01 2.745514728988960873e-01 -5.001306946454345814e-01
-4.348867221375301573e-01 3.182169216980370030e-01 7.534912635876743758e-01 4.416727848574672488e-01 -3.115248915564196586e-01
-5.630527249070403917e-01 1.237714831763334078e-01 6.859930267024101358e-01 5.677264800447214821e-01 -1.151715608377749944e-01
-6.450290871290699224e-01 -6.529859587883865557e-02 5.776888004105193986e-01 6.471716706244233785e-01 7.523202517050472937e-02
-6.785254587536055926e-01 -2.368075406301048402e-01 4.386842225024702446e-01 6.779667224444749785e-01 2.473185319139482308e-01
-6.646008357684257684e-01 -3.805800281635030036e-01 2.803787555228163253e-01 6.614592226842406220e-01 3.908109632950489964e-01
-6.073883092017053897e-01 -4.889859641151566572e-01 1.146211502238924790e-01 6.020579865895904215e-01 4.980858026473876099e-01
-5.136341126499897047e-01 -5.572728334773422443e-01 -4.709654598989866658e-02 5.067241652861503853e-01 5.645098157528406491e-01
-3.920860866349777929e-01 -5.836859791389580332e-01 -1.943610135574235787e-01 3.843271100857864608e-01 5.885409974448173598e-01
-2.527776132546368237e-01 -5.693810374538409436e-01 -3.184387719896625835e-01 2.449168227869503167e-01 5.716037979641415134e-01
-1.062618479879495759e-01 -5.181467866835715030e-01 -4.127284201057737079e-01 9.896796760582066144e-02 5.177665235643232888e-01
3.714482031569375092e-02 -4.359694375425061108e-01 -4.730459013239187160e-01 -4.335046832900803920e-02 4.332625301120569539e-01
1.680534417542564884e-01 -3.304792255879769325e-01 -4.977353852936694523e-01 -1.728312378036578334e-01 3.259048791014850233e-01
2.785793850743640832e-01 -2.103258224833336465e-01 -4.876093301449715978e-01 -2.817714635435832338e-01 2.044460488085320105e-01
3.627709327001183426e-01 -8.453029132317073369e-02 -4.457316881448006307e-01 -3.643745948549153568e-01 7.793103551554535213e-02
4.168706135810225644e-01 3.814129732688085334e-02 -3.770672790538287522e-01 -4.169969047446144828e-01 -4.491436795355417677e-02
4.394053898952826054e-01 1.497428314406611116e-01 -2.880276098341313373e-01 -4.382352611669159126e-01 -1.562261789345511798e-01
4.311148319274561991e-01 2.436190883806103047e-01 -1.859486293841634552e-01 -4.288628224794207577e-01 -2.494495787142423648e-01
3.947366640898327672e-01 3.147583172943861363e-01 -7.853888569275216391e-02 -3.916276139086299901e-01 -3.196721614175736526e-01
3.346764900715271107e-01 3.600112826544882294e-01 2.666294020716099972e-02 -3.309358646315488928e-01 -3.638311930241974190e-01
2.565932936862306279e-01 3.781711950453154891e-01 1.227843398063323821e-01 -2.524475988232349200e-01 -3.807900339328854078e-01
1.669346586537504562e-01 3.699185664908840043e-01 2.040372622034094252e-01 -1.626160648362346695e-01 -3.712861856563514640e-01
7.245572490501878127e-02 3.376439478982985465e-01 2.660338666877951064e-01 -6.820475560577675400e-02 -3.377608377719715227e-01
-2.024608122660249976e-02 2.851690145387572040e-01 3.059843232498111743e-01 2.418434081504223718e-02 -2.840868530015292492e-01
-1.051522237743174326e-01 2.173919717293756326e-01 3.227711196746405609e-01 1.085401557327034805e-01 -2.152182116479151031e-01
-1.771768538048206776e-01 1.398864545566195772e-01 3.169039590530507988e-01 1.798032694782677465e-01 -1.367884494603291423e-01
-2.324358264631678495e-01 5.848396708306012604e-02 2.903677648036149250e-01 2.341380902111517559e-01 -5.468809923763507524e-02
-2.684198531879972149e-01 -2.113133538169936418e-02 2.463828759248443134e-01 2.691041412373988417e-01 2.534866018643008173e-02
-2.840671029943453996e-01 -9.378971973483576918e-02 1.891008720071853944e-01 2.837219534184212688e-01 9.812004184322636879e-02
-2.797368043396271653e-01 -1.551433669914289160e-01 1.232615988969410908e-01 2.784365622171773857e-01 1.592714389087297178e-01
-2.570912881364211811e-01 -2.018981853892660716e-01 5.383709763524863884e-02 2.549882841558884783e-01 2.055308562926778659e-01
-2.188992608444039478e-01 -2.319598083001181421e-01 -1.431337717033161379e-02 2.162059557658855824e-01 2.348538156385173159e-01
-1.687776507538279736e-01 -2.444898802558791717e-01 -7.675585755760525042e-02 1.657419344262542060e-01 2.464739688947251428e-01
-1.108928023596706114e-01 -2.398748953331514833e-01 -1.297440351606907183e-01 1.077707314249689158e-01 2.408628595420883312e-01
-4.964375687604648951e-02 -2.196155492243419272e-01 -1.704182797053493958e-01 4.667408451576576800e-02 2.196086401974548241e-01
1.064942012311867296e-02 -1.861494150038549844e-01 -1.969329263658078644e-01 -1.326541953138583169e-02 1.852285824402038483e-01
6.603089489738991902e-02 -1.426234184939370042e-01 -2.085084758534350713e-01 -6.814226158766589769e-02 1.409335745559114339e-01
1.131497824580508516e-01 -9.263485402433560556e-02 -2.054102813601677568e-01 -1.146609705764354420e-01 9.036441168346957820e-02
1.494427110234928802e-01 -3.996047263798382237e-02 -1.888598641720389271e-01 -1.503119884183276578e-01 3.731967091209920789e-02
1.732498666086634276e-01 1.170743698415181201e-02 -1.608889534243203301e-01 -1.734829827962350302e-01 -1.450638578130805829e-02
1.838615771152559697e-01 5.900089202232639690e-02 -1.241494720525102707e-01 -1.835029731866885672e-01 -6.175978261230672534e-02
1.814976157590845462e-01 9.907772486359923969e-02 -8.169482727172636127e-02 -1.806211820820224356e-01 -1.016235952440875667e-01
1.672258506338383244e-01 1.297740458847203571e-01 -3.674890289431642643e-02 -1.659265786844654200e-01 -1.319658647398692652e-01
1.428304026420393613e-01 1.497009409735781948e-01 7.520952168682596556e-03 -1.412174730193015149e-01 -1.514326726792639133e-01
1.106419733788486931e-01 1.582828507661998285e-01 4.821186038806139079e-02 -1.088331146511094388e-01 -1.594841167968922280e-01
7.334443118998956734e-02 1.557391355023903523e-01 8.286141640666115638e-02 -7.146094542238252967e-02 -1.563745736794353303e-01
3.377213288731457236e-02 1.430140184277614301e-01 1.095819131843835947e-01 -3.193388882035262666e-02 -1.430820385535130912e-01
-5.288103100159737002e-03 1.216631898727597721e-01 1.271465183298770563e-01 6.968189821253595144e-03 -1.211943170592047481e-01
-4.127783431137371783e-02 9.370766584748543848e-02 1.350249120543654813e-01 4.269989703189241981e-02 -9.276222784813384359e-02
-7.202014090093558640e-02 6.146692712931636077e-02 1.333695990798944575e-01 7.310363330321061059e-02 -6.013160998051236827e-02
-9.583709394776963875e-02 2.738388459345497683e-02 1.229574297087431267e-01 9.652647593601235143e-02 -2.576670559749404815e-02
-1.116263693637289112e-01 -6.146136714334075359e-03 1.050935869365178937e-01 1.118952958361689315e-01 7.922634302507886375e-03
-1.188947637623457981e-01 -3.693133339218124256e-02 8.148727126587425318e-02 1.187479623429181647e-01 3.873846340489314755e-02
-1.177492568668130068e-01 -6.311499141551912828e-02 5.410947955780682356e-02 1.172215959824753628e-01 6.482726987323729484e-02
-1.088489532742622362e-01 -8.327565172057928289e-02 2.504363629726001281e-02 1.080016496561373995e-01 8.478017311774066478e-02
-9.332358186470950112e-02 -9.649139757084204683e-02 -3.660539044954565658e-03 9.223796430004430058e-02 9.769618036674061756e-02
-7.266610295751757542e-02 -1.023664676883189184e-01 -3.012055492095884468e-02 7.143572874947230755e-02 1.032067917491747838e-01
-4.860826233263709079e-02 -1.010210214245532562e-01 -5.273420784651432214e-02 4.733039670792568709e-02 1.014630566776096449e-01
-2.298856136815953174e-02 -9.304727825311502609e-02 -7.026622147490192705e-02 2.175604643733852067e-02 9.308870377189085166e-02
2.377945750651280950e-03 -7.943727680693800364e-02 -8.190463384927612611e-02 -3.483570039168491870e-03 7.910502158069421252e-02
2.581933707959874549e-02 -6.148903414867645800e-02 -8.728532087335956480e-02 -2.673288687987581541e-02 6.083464508059476666e-02
4.590859807544113436e-02 -4.069886042599246689e-02 -8.648521680319538885e-02 -4.658424021451865876e-02 3.979225262901529142e-02
6.154183897349543159e-02 -1.864796916703936533e-02 -7.998679144577271194e-02 -6.195410505033868004e-02 1.757040710301450634e-02
7.198933184299398380e-02 3.108664861557063237e-03 -6.861805608269869183e-02 -7.213246116743116110e-02 -4.271562500301199355e-03
7.691787499428075214e-02 2.314395524628920162e-02 -5.347370397264288033e-02 -7.680391503342692827e-02 -2.430856091212752618e-02
7.638505956287192089e-02 4.024475596748396111e-02 -3.582388074009713874e-02 -7.604116332637443632e-02 -4.133472578841727862e-02
7.080787204640129340e-02 5.347767648104093802e-02 -1.701748808825787398e-02 -7.027316118005787204e-02 -5.442800923584087402e-02
6.090960583668062617e-02 6.223169150644906888e-02 1.613152523371359564e-03 -6.023185704842497212e-02 -6.299155064978882723e-02
4.765019865630658324e-02 6.623632889481172181e-02 1.883998314725470608e-02 -4.688250127813058804e-02 -6.677073270404539074e-02
3.214582213275186257e-02 6.555592961998704671e-02 3.361387678620410269e-02 -3.134327797128924620e-02 -6.584645289548736458e-02
1.558381856259047175e-02 6.056203248550805912e-02 4.512216652735247940e-02 -1.480032692462644392e-02 -6.060664878361510938e-02
-8.610690613152496495e-04 5.188724888484901043e-02 5.282635783331676022e-02 1.575880905876218645e-03 -5.169940277453263094e-02
-1.610374846683526248e-02 4.036498913319371690e-02 5.647887659717866493e-02 1.670734322129764984e-02 -3.997195222892905436e-02
-2.921451456741263469e-02 2.696003712344382727e-02 5.611920775007840645e-02 2.967385528690880472e-02 -2.640059116402088818e-02
-3.946993610194626106e-02 1.269522818322441939e-02 5.205114747827034594e-02 3.976330343874494300e-02 -1.201674231411849030e-02
-4.638657263053147517e-02 -1.420624871933959385e-03 4.480404197560240720e-02 4.650461091691319299e-02 2.165601697867053713e-03
-4.973646277470765431e-02 -1.445885462217177952e-02 3.508173388089615152e-02 4.968232550708128609e-02 1.521629600802043916e-02
-4.954461236443073735e-02 -2.562712595178627539e-02 2.370351531168861381e-02 4.933316516332874463e-02 2.634527143373842362e-02
-4.606987388651384574e-02 -3.431265389488211831e-02 1.154157991256122943e-02 4.572601480833522747e-02 3.494550434804338801e-02
-3.977158172153021087e-02 -4.011047348508839372e-02 -5.406402935747143439e-04 3.932784168265015395e-02 4.062074765987963576e-02
-3.126512749369977223e-02 -4.283592001221164097e-02 -1.174522581078136195e-02 3.075879471066398502e-02 4.319722583711842895e-02
-2.127018552784549002e-02 -4.252158573495216226e-02 -2.138819842390476608e-02 2.074024223236307918e-02 4.271964126697153780e-02
-1.055554406780416683e-02 -3.940003325596181522e-02 -2.893701109626022408e-02 1.003970551621630528e-02 3.943287594305691646e-02
1.155363388538737794e-04 -3.387440505517980149e-02 -3.403538551638206344e-02 -5.834279374178669327e-04 3.375163627564699981e-02
1.003581452230113691e-02 -2.647972807104860549e-02 -3.651473652248763552e-02 -1.042785494768792322e-02 2.622093525749054702e-02
1.859730946832362924e-02 -1.783812904223685061e-02 -3.639234218274255833e-02 -1.889294773778872269e-02 1.747069469548465787e-02
2.532489638195052975e-02 -8.611376242329417396e-03 -3.385730499687446965e-02 -2.551167422482254407e-02 8.167919601509643357e-03
2.989869159346500785e-02 5.459114580266418403e-04 -2.924607617352702540e-02 -2.997234801781134203e-02 -1.030214231294823138e-03
3.216450230225260942e-02 9.029323772215377270e-03 -2.300985888202652929e-02 -3.212852412841390309e-02 -9.519326312307953633e-03
3.213249887426294915e-02 1.632137743649980308e-02 -1.567663083092096787e-02 -3.199722767385999173e-02 -1.678428324762045939e-02
2.996503206506308595e-02 2.201989183936940014e-02 -7.810679393631406175e-03 -2.974644350635425802e-02 -2.242718713366655472e-02
2.595517778048178625e-02 2.585671546452777275e-02 2.748552488235701840e-05 -2.567344241877247968e-02 -2.618564411675729578e-02
2.049809514824922282e-02 2.770622791608337576e-02 7.318191543126665970e-03 -2.017601852498793202e-02 -2.794077837842647363e-02
1.405761820966902088e-02 2.758377477822597165e-02 1.361437711080139799e-02 -1.371904329076354019e-02 -2.771518145785992204e-02
7.130622630461607922e-03 2.563482248447071857e-02 1.856630971273760464e-02 -6.798876968450548626e-03 -2.566159850953251761e-02
2.116986565767820568e-04 2.211621669342058588e-02 2.193809659728047923e-02 9.184189554531443651e-05 -2.204375506249228733e-02
-6.239553388937465681e-03 1.737133879632163022e-02 2.361545581749453088e-02 6.496714083456330176e-03 -1.721112924085565349e-02
-1.182662480031393751e-02 1.180123671056187810e-02 2.360483957563065671e-02 1.202342781295264590e-02 -1.156975694893669013e-02
-1.623805778259487104e-02 5.833930342166205284e-03 2.202457546490596552e-02 1.636540700096649967e-02 -5.551284259999500308e-03
-1.926223394616196488e-02 -1.059394534235896801e-04 1.908917814337565688e-02 1.931624782520441341e-02 4.175493437304075503e-04
-2.079450761250203894e-02 -5.625123687790941490e-03 1.508835789421748841e-02 2.077648266774278357e-02 5.942989413502844896e-03
-2.083673855828280241e-02 -1.038573969184143284e-02 1.036249704442467057e-02 2.075275435027134144e-02 1.068819921394364124e-02
-1.948977800241599029e-02 -1.412389393026585241e-02 5.276473901676862789e-03 1.934998403794621624e-02 1.439173429699414086e-02
-1.693989107416747283e-02 -1.666208699066241625e-02 1.936898257842660086e-04 1.675754273143688008e-02 1.687970350573131037e-02
-1.344043506503435001e-02 -1.791500812146574681e-02 -4.547990097817656771e-03 1.323076553465531505e-02 1.807124417690363083e-02
-9.290339142374282391e-03 -1.788879354966028262e-02 -8.656919965693227539e-03 9.069364692035456615e-03 1.797741392832182331e-02
-4.811039604498790027e-03 -1.667425244440917317e-02 -1.190384313335008867e-02 4.594395132402114695e-03 1.669403544217852586e-02
-3.235152391451368210e-04 -1.443493078221640656e-02 -1.413279122726113571e-02 1.254067968936593488e-04 1.438939730341799728e-02
3.873051975787869094e-03 -1.139116644703422679e-02 -1.526635549185391752e-02 -4.040709005766261568e-03 1.128799324927459366e-02
7.519679467218526488e-03 -7.801475539131454313e-03 -1.530537114980151311e-02 -7.647890410611367894e-03 7.651661861020953026e-03
1.041202613056561171e-02 -3.942694303529203567e-03 -1.432342274863825267e-02 -1.049509290557076868e-02 3.759564366601518201e-03
1.241018656709975791e-02 -9.028478925645662271e-05 -1.245689377163966896e-02 -1.244582908413305669e-02 -1.115872079834606006e-04
1.344350935871191192e-02 3.499896595504686098e-03 -9.891529862831417025e-03 -1.343275038915174927e-02 -3.705756384189688030e-03
1.351046698200119439e-02 6.607256348680236313e-03 -6.846650183296585507e-03 -1.345731198924183386e-02 -6.803162030796855268e-03
1.267393340641708582e-02 9.058684454342606079e-03 -3.558220038675320284e-03 -1.258488560336681883e-02 -9.232363284681759444e-03
1.105250641360708448e-02 1.073676459448529019e-02 -2.619904551005390451e-04 -1.093596197053391117e-02 -1.087829181456360927e-02
8.808729901115870675e-03 1.158370713764878511e-02 2.822176980653139447e-03 -8.674299745897283073e-03 -1.168598047432408728e-02
6.135217022464423652e-03 1.160104122611401757e-02 5.503837818163266442e-03 -5.993020985202548827e-03 -1.166003945682974989e-02
3.239743690593817598e-03 1.084538191153572653e-02 7.632592593065554674e-03 -3.099720502851453004e-03 -1.086020906771831794e-02
3.303748498064106574e-04 9.420827401960436831e-03 9.105308215418543571e-03 -2.016480046011116648e-04 -9.393555656581356605e-03
-2.398390990397658226e-03 7.468726983033470782e-03 9.869688969662492387e-03 2.508056301454799752e-03 -7.404061167763993645e-03
-4.777610054591102315e-03 5.155683459550872497e-03 9.924213896525178186e-03 4.862229961565945821e-03 -5.060478572280370860e-03
-6.673348558837991461e-03 2.660711184684100977e-03 9.314698596893282792e-03 6.729002364349539675e-03 -2.543381092725434042e-03
-7.993153253719298412e-03 1.624627240748287586e-04 8.127946486975751866e-03 8.018112315556397834e-03 -3.232323820345589743e-05
-8.689314757979188161e-03 -2.172630968401155320e-03 6.483115805955886463e-03 8.684017000513757911e-03 2.306038831382507381e-03
-8.758929284568664139e-03 -4.200581583760348327e-03 4.521536728114752129e-03 8.725808660617008841e-03 4.328142474263698726e-03
-8.240976454690114236e-03 -5.807859912728281261e-03 2.395764395036826047e-03 8.184166777497050779e-03 5.921466701579615813e-03
-7.210814081009437292e-03 -6.916827937032574321e-03 2.586492386309873219e-04 7.135755113255992828e-03 7.009859779340663413e-03
-5.772634909280505502e-03 -7.488405077303732053e-03 -1.746850038960410297e-03 5.685614565039031482e-03 7.556073783469063887e-03
-4.050528394010500730e-03 -7.521983706300360527e-03 -3.496485610031274324e-03 3.958197808596324550e-03 7.561532111086881162e-03
-2.178839180728511273e-03 -7.052790972661391287e-03 -4.891681106261539652e-03 2.087737052806942079e-03 7.063538797512309945e-03
-2.925131179809686323e-04 -6.147050179559631310e-03 -5.864300577626183238e-03 2.086323565911750899e-04 6.130294462427738136e-03
1.481925308149577725e-03 -4.895416804800499337e-03 -6.379061442611409435e-03 -1.553501417475138327e-03 4.854204248009653597e-03
3.034206967010240775e-03 -3.405246000467242358e-03 -6.433594893603796806e-03 -3.089579327616800725e-03 3.344042694847886889e-03
4.276524354958193344e-03 -1.792287412466321127e-03 -6.056313209307054996e-03 -4.313151835307962867e-03 1.716576786465607738e-03
5.147810162900897692e-03 -1.723997903729923423e-04 -5.302378067789167461e-03 -5.164579228467827861e-03 8.824211371987126097e-05
5.615937660167242586e-03 1.346164712559488148e-03 -4.248169802688451721e-03 -5.613131937488849942e-03 -1.432578230520971559e-03
5.677841486981756447e-03 2.669432859392945490e-03 -2.984729544034738901e-03 -5.657021575198164197e-03 -2.752201000258560661e-03
5.357696115678205195e-03 3.722968008477075923e-03 -1.610681850117955506e-03 -5.321504763228702799e-03 -3.796849614119780347e-03
4.703408959786740604e-03 4.455461880973113006e-03 -2.251448686002268577e-04 -4.655320026759380420e-03 -4.516174877444637317e-03
3.781779247429317356e-03 4.840537483048391876e-03 1.078899223490334880e-03 -3.725810737541192588e-03 -4.884973030406776842e-03
2.672737902646637673e-03 4.876767818315096842e-03 2.220364171724712853e-03 -2.613149896681700619e-03 -4.903112278737671234e-03
1.463115651411389315e-03 4.586033127138329155e-03 3.134626691039701755e-03 -1.404113422090699434e-03 -4.593796796248297148e-03
2.403868774394203416e-04 4.010443067858355908e-03 3.776681022624686027e-03 -1.858474031845017604e-04 -4.000400722151561082e-03
-9.131937754099002120e-04 3.208125847538345534e-03 4.122766639290677618e-03 9.599554560069076562e-04 -3.182178575690825222e-03
-1.925699034078930116e-03 2.248245573677651234e-03 4.170469300138645273e-03 1.962111230545155773e-03 -2.209218198723690053e-03
-2.739594123137368935e-03 1.205632617826111336e-03 3.937394765169400374e-03 2.763949094314960709e-03 -1.157024013398594503e-03
-3.314561838410018651e-03 1.554108784504013734e-04 3.458602754961365849e-03 3.326071291137169383e-03 -1.011163613917007706e-04
-3.628986026197488900e-03 -8.320204555797263346e-04 2.783058396732669866e-03 3.627771710203408790e-03 8.879947422600837151e-04
-3.680088060307280633e-03 -1.695341430628178247e-03 1.969405887977921689e-03 3.667112029032544747e-03 1.749152747323083753e-03
-3.482800811742009419e-03 -2.385758635848805008e-03 1.081392869240256410e-03 3.459743815932779607e-03 2.433972877905242384e-03
-3.067542703133275487e-03 -2.869379125767367467e-03 1.832742212403551992e-04 3.036642305471695669e-03 2.909172380745039029e-03
-2.477116329351308939e-03 -3.128427770970972858e-03 -6.644976133615690048e-04 2.440978449713766991e-03 3.157733363009477320e-03
-1.762998807878296591e-03 -3.161307569533367869e-03 -1.409029164537800713e-03 1.724397401930086345e-03 3.178902171251603119e-03
-9.813129827099288660e-04 -2.981579449572635456e-03 -2.007978063189506685e-03 9.429924001492241128e-04 2.987106480194959106e-03
-1.887698000786002222e-04 -2.616004652633863083e-03 -2.431635030515852999e-03 1.532631476224075701e-04 2.609937669401458417e-03
5.611460575682540889e-04 -2.101845200551109329e-03 -2.664020642242816671e-03 -5.916713328800080572e-04 2.085397987158169996e-03
1.221510300198541243e-03 -1.483653704990359201e-03 -2.702992498567466373e-03 -1.245371147168197008e-03 1.458646985648002093e-03
1.754624413542875275e-03 -8.098016565530304425e-04 -2.559424521927442485e-03 -1.770699897943924872e-03 7.784986255498927820e-04
2.133881457562242234e-03 -1.289953845336505210e-04 -2.255577507522629321e-03 -2.141647354820335435e-03 9.391944854277539765e-05
2.344763812077665238e-03 5.129876533601616679e-04 -1.822825557803451355e-03 -2.344285028382902137e-03 -5.492393604634845591e-04
2.384966981245518081e-03 1.076140455650718281e-03 -1.298934439389390610e-03 -2.376851480939058681e-03 -1.111075014430801386e-03
2.263702161382553837e-03 1.528486282911854007e-03 -7.251040917050139865e-04 -2.249022307684951129e-03 -1.559873199624592279e-03
2.000281252485058923e-03 1.847646858648024958e-03 -1.429884644950535930e-04 -1.980470119087776332e-03 -1.873647545885220476e-03
1.622128494738338429e-03 2.021662797462849687e-03 4.081074411988862912e-04 -1.598859739001508859e-03 -2.040924905937353730e-03
1.162390984343200174e-03 2.049063748793781160e-03 8.936791361901828086e-04 -1.137451289597140583e-03 -2.060776706048734943e-03
6.573349775218369998e-04 1.938235833661013227e-03 1.285984116649500388e-03 -6.324979035119931807e-04 -1.942146724048781064e-03
1.437160944713833843e-04 1.706177390792306629e-03 1.565416826920795323e-03 -1.206254764211996149e-04 -1.702568929058400748e-03
-3.436998513318322772e-04 1.376768407420345727e-03 1.721246448457926237e-03 3.636299686646546976e-04 -1.366403076209329187e-03
-7.743110098042620777e-04 9.787026333485208951e-04 1.751712798320070961e-03 7.899744348857266419e-04 -9.627389603654447044e-04
-1.123425285050001993e-03 5.432434408777669140e-04 1.663518677391009285e-03 1.134076046831917388e-03 -5.231317993757986576e-04
-1.373491477661409896e-03 1.019650018039177367e-04 1.470794506736108464e-03 1.378768719949762401e-03 -7.933117257789243674e-05
-1.514769607302147601e-03 -3.153698903410957397e-04 1.193640850023554951e-03 1.514695161596603867e-03 3.388448716670000105e-04
