0.000000000000000000e+00 0.000000000000000000e+00 0.000000000000000000e+00 0.000000000000000000e+00 0.000000000000000000e+00
0.000000000000000000e+00 0.000000000000000000e+00 0.000000000000000000e+00 0.000000000000000000e+00 0.000000000000000000e+00
0.000000000000000000e+00 0.000000000000000000e+00 0.000000000000000000e+00 0.000000000000000000e+00 0.000000000000000000e+00
0.000000000000000000e+00 0.000000000000000000e+00 0.000000000000000000e+00 0.000000000000000000e+00 0.000000000000000000e+00
0.000000000000000000e+00 0.000000000000000000e+00 0.000000000000000000e+00 0.000000000000000000e+00 0.000000000000000000e+00
0.000000000000000000e+00 0.000000000000000000e+00 0.000000000000000000e+00 0.000000000000000000e+00 0.000000000000000000e+00
0.000000000000000000e+00 0.000000000000000000e+00 0.000000000000000000e+00 0.000000000000000000e+00 0.000000000000000000e+00
0.000000000000000000e+00 0.000000000000000000e+00 0.000000000000000000e+00 0.000000000000000000e+00 0.000000000000000000e+00
0.000000000000000000e+00 0.000000000000000000e+00 0.000000000000000000e+00 0.000000000000000000e+00 0.000000000000000000e+00
0.000000000000000000e+00 0.000000000000000000e+00 0.000000000000000000e+00 0.000000000000000000e+00 0.000000000000000000e+00
0.000000000000000000e+00 0.000000000000000000e+00 0.000000000000000000e+00 0.000000000000000000e+00 0.000000000000000000e+00
0.000000000000000000e+00 0.000000000000000000e+00 0.000000000000000000e+00 0.000000000000000000e+00 0.000000000000000000e+00
0.000000000000000000e+00 0.000000000000000000e+00 0.000000000000000000e+00 0.000000000000000000e+00 0.000000000000000000e+00
0.000000000000000000e+00 0.000000000000000000e+00 0.000000000000000000e+00 0.000000000000000000e+00 0.000000000000000000e+00
0.000000000000000000e+00 0.000000000000000000e+00 0.000000000000000000e+00 0.000000000000000000e+00 0.000000000000000000e+00
0.000000000000000000e+00 0.000000000000000000e+00 0.000000000000000000e+00 0.000000000000000000e+00 0.000000000000000000e+00
0.000000000000000000e+00 0.000000000000000000e+00 0.000000000000000000e+00 0.000000000000000000e+00 0.000000000000000000e+00
0.000000000000000000e+00 0.000000000000000000e+00 0.000000000000000000e+00 0.000000000000000000e+00 0.000000000000000000e+00
0.000000000000000000e+00 0.000000000000000000e+00 0.000000000000000000e+00 0.000000000000000000e+00 0.000000000000000000e+00
0.000000000000000000e+00 0.000000000000000000e+00 0.000000000000000000e+00 0.000000000000000000e+00 0.000000000000000000e+00
0.000000000000000000e+00 0.000000000000000000e+00 0.000000000000000000e+00 0.000000000000000000e+00 0.000000000000000000e+00
0.000000000000000000e+00 0.000000000000000000e+00 0.000000000000000000e+00 0.000000000000000000e+00 0.000000000000000000e+00
0.000000000000000000e+00 0.000000000000000000e+00 0.000000000000000000e+00 0.000000000000000000e+00 0.000000000000000000e+00
0.000000000000000000e+00 0.000000000000000000e+00 0.000000000000000000e+00 0.000000000000000000e+00 0.000000000000000000e+00
0.000000000000000000e+00 0.000000000000000000e+00 0.000000000000000000e+00 0.000000000000000000e+00 0.000000000000000000e+00
0.000000000000000000e+00 0.000000000000000000e+00 0.000000000000000000e+00 0.000000000000000000e+00 0.000000000000000000e+00
0.000000000000000000e+00 0.000000000000000000e+00 0.000000000000000000e+00 0.000000000000000000e+00 0.000000000000000000e+00
0.000000000000000000e+00 0.000000000000000000e+00 0.000000000000000000e+00 0.000000000000000000e+00 0.000000000000000000e+00
0.000000000000000000e+00 0.000000000000000000e+00 0.000000000000000000e+00 0.000000000000000000e+00 0.000000000000000000e+00
0.000000000000000000e+00 0.000000000000000000e+00 0.000000000000000000e+00 0.000000000000000000e+00 0.000000000000000000e+00
0.000000000000000000e+00 0.000000000000000000e+00 0.000000000000000000e+00 0.000000000000000000e+00 0.000000000000000000e+00
0.000000000000000000e+00 0.000000000000000000e+00 0.000000000000000000e+00 0.000000000000000000e+00 0.000000000000000000e+00
0.000000000000000000e+00 0.000000000000000000e+00 0.000000000000000000e+00 0.000000000000000000e+00 0.000000000000000000e+00
0.000000000000000000e+00 0.000000000000000000e+00 0.000000000000000000e+00 0.000000000000000000e+00 0.000000000000000000e+00
0.000000000000000000e+00 0.000000000000000000e+00 0.000000000000000000e+00 0.000000000000000000e+00 0.000000000000000000e+00
0.000000000000000000e+00 0.000000000000000000e+00 0.000000000000000000e+00 0.000000000000000000e+00 0.000000000000000000e+00
0.000000000000000000e+00 0.000000000000000000e+00 0.000000000000000000e+00 0.000000000000000000e+00 0.000000000000000000e+00
0.000000000000000000e+00 0.000000000000000000e+00 0.000000000000000000e+00 0.000000000000000000e+00 0.000000000000000000e+00
0.000000000000000000e+00 0.000000000000000000e+00 0.000000000000000000e+00 0.000000000000000000e+00 0.000000000000000000e+00
0.000000000000000000e+00 0.000000000000000000e+00 0.000000000000000000e+00 0.000000000000000000e+00 0.000000000000000000e+00
0.000000000000000000e+00 0.000000000000000000e+00 0.000000000000000000e+00 0.000000000000000000e+00 0.000000000000000000e+00
0.000000000000000000e+00 0.000000000000000000e+00 0.000000000000000000e+00 0.000000000000000000e+00 0.000000000000000000e+00
0.000000000000000000e+00 0.000000000000000000e+00 0.000000000000000000e+00 0.000000000000000000e+00 0.000000000000000000e+00
0.000000000000000000e+00 0.000000000000000000e+00 0.000000000000000000e+00 0.000000000000000000e+00 0.000000000000000000e+00
0.000000000000000000e+00 0.000000000000000000e+00 0.000000000000000000e+00 0.000000000000000000e+00 0.000000000000000000e+00
0.000000000000000000e+00 0.000000000000000000e+00 0.000000000000000000e+00 0.000000000000000000e+00 0.000000000000000000e+00
0.000000000000000000e+00 0.000000000000000000e+00 0.000000000000000000e+00 0.000000000000000000e+00 0.000000000000000000e+00
0.000000000000000000e+00 0.000000000000000000e+00 0.000000000000000000e+00 0.000000000000000000e+00 0.000000000000000000e+00
0.000000000000000000e+00 0.000000000000000000e+00 0.000000000000000000e+00 0.000000000000000000e+00 0.000000000000000000e+00
0.000000000000000000e+00 0.000000000000000000e+00 0.000000000000000000e+00 0.000000000000000000e+00 0.000000000000000000e+00
0.000000000000000000e+00 0.000000000000000000e+00 0.000000000000000000e+00 0.000000000000000000e+00 0.000000000000000000e+00
0.000000000000000000e+00 0.000000000000000000e+00 0.000000000000000000e+00 0.000000000000000000e+00 0.000000000000000000e+00
0.000000000000000000e+00 0.000000000000000000e+00 0.000000000000000000e+00 0.000000000000000000e+00 0.000000000000000000e+00
0.000000000000000000e+00 0.000000000000000000e+00 0.000000000000000000e+00 0.000000000000000000e+00 0.000000000000000000e+00
0.000000000000000000e+00 0.000000000000000000e+00 0.000000000000000000e+00 0.000000000000000000e+00 0.000000000000000000e+00
0.000000000000000000e+00 0.000000000000000000e+00 0.000000000000000000e+00 0.000000000000000000e+00 0.000000000000000000e+00
0.000000000000000000e+00 0.000000000000000000e+00 0.000000000000000000e+00 0.000000000000000000e+00 0.000000000000000000e+00
0.000000000000000000e+00 0.000000000000000000e+00 0.000000000000000000e+00 0.000000000000000000e+00 0.000000000000000000e+00
0.000000000000000000e+00 0.000000000000000000e+00 0.000000000000000000e+00 0.000000000000000000e+00 0.000000000000000000e+00
0.000000000000000000e+00 0.000000000000000000e+00 0.000000000000000000e+00 0.000000000000000000e+00 0.000000000000000000e+00
0.000000000000000000e+00 0.000000000000000000e+00 0.000000000000000000e+00 0.000000000000000000e+00 0.000000000000000000e+00
0.000000000000000000e+00 0.000000000000000000e+00 0.000000000000000000e+00 0.000000000000000000e+00 0.000000000000000000e+00
0.000000000000000000e+00 0.000000000000000000e+00 0.000000000000000000e+00 0.000000000000000000e+00 0.000000000000000000e+00
0.000000000000000000e+00 0.000000000000000000e+00 0.000000000000000000e+00 0.000000000000000000e+00 0.000000000000000000e+00
0.000000000000000000e+00 0.000000000000000000e+00 0.000000000000000000e+00 0.000000000000000000e+00 0.000000000000000000e+00
0.000000000000000000e+00 0.000000000000000000e+00 0.000000000000000000e+00 0.000000000000000000e+00 0.000000000000000000e+00
0.000000000000000000e+00 0.000000000000000000e+00 0.000000000000000000e+00 0.000000000000000000e+00 0.000000000000000000e+00
0.000000000000000000e+00 0.000000000000000000e+00 0.000000000000000000e+00 0.000000000000000000e+00 0.000000000000000000e+00
0.000000000000000000e+00 0.000000000000000000e+00 0.000000000000000000e+00 0.000000000000000000e+00 0.000000000000000000e+00
0.000000000000000000e+00 0.000000000000000000e+00 0.000000000000000000e+00 0.000000000000000000e+00 0.000000000000000000e+00
0.000000000000000000e+00 0.000000000000000000e+00 0.000000000000000000e+00 0.000000000000000000e+00 0.000000000000000000e+00
0.000000000000000000e+00 0.000000000000000000e+00 0.000000000000000000e+00 0.000000000000000000e+00 0.000000000000000000e+00
0.000000000000000000e+00 0.000000000000000000e+00 0.000000000000000000e+00 0.000000000000000000e+00 0.000000000000000000e+00
0.000000000000000000e+00 0.000000000000000000e+00 0.000000000000000000e+00 0.000000000000000000e+00 0.000000000000000000e+00
0.000000000000000000e+00 0.000000000000000000e+00 0.000000000000000000e+00 0.000000000000000000e+00 0.000000000000000000e+00
0.000000000000000000e+00 0.000000000000000000e+00 0.000000000000000000e+00 0.000000000000000000e+00 0.000000000000000000e+00
0.000000000000000000e+00 0.000000000000000000e+00 0.000000000000000000e+00 0.000000000000000000e+00 0.000000000000000000e+00
0.000000000000000000e+00 0.000000000000000000e+00 0.000000000000000000e+00 0.000000000000000000e+00 0.000000000000000000e+00
0.000000000000000000e+00 0.000000000000000000e+00 0.000000000000000000e+00 0.000000000000000000e+00 0.000000000000000000e+00
0.000000000000000000e+00 0.000000000000000000e+00 0.000000000000000000e+00 0.000000000000000000e+00 0.000000000000000000e+00
0.000000000000000000e+00 0.000000000000000000e+00 0.000000000000000000e+00 0.000000000000000000e+00 0.000000000000000000e+00
0.000000000000000000e+00 0.000000000000000000e+00 0.000000000000000000e+00 0.000000000000000000e+00 0.000000000000000000e+00
0.000000000000000000e+00 0.000000000000000000e+00 0.000000000000000000e+00 0.000000000000000000e+00 0.000000000000000000e+00
0.000000000000000000e+00 0.000000000000000000e+00 0.000000000000000000e+00 0.000000000000000000e+00 0.000000000000000000e+00
0.000000000000000000e+00 0.000000000000000000e+00 0.000000000000000000e+00 0.000000000000000000e+00 0.000000000000000000e+00
0.000000000000000000e+00 0.000000000000000000e+00 0.000000000000000000e+00 0.000000000000000000e+00 0.000000000000000000e+00
0.000000000000000000e+00 0.000000000000000000e+00 0.000000000000000000e+00 0.000000000000000000e+00 0.000000000000000000e+00
0.000000000000000000e+00 0.000000000000000000e+00 0.000000000000000000e+00 0.000000000000000000e+00 0.000000000000000000e+00
0.000000000000000000e+00 0.000000000000000000e+00 0.000000000000000000e+00 0.000000000000000000e+00 0.000000000000000000e+00
0.000000000000000000e+00 0.000000000000000000e+00 0.000000000000000000e+00 0.000000000000000000e+00 0.000000000000000000e+00
0.000000000000000000e+00 0.000000000000000000e+00 0.000000000000000000e+00 0.000000000000000000e+00 0.000000000000000000e+00
0.000000000000000000e+00 0.000000000000000000e+00 0.000000000000000000e+00 0.000000000000000000e+00 0.000000000000000000e+00
0.000000000000000000e+00 0.000000000000000000e+00 0.000000000000000000e+00 0.000000000000000000e+00 0.000000000000000000e+00
0.000000000000000000e+00 0.000000000000000000e+00 0.000000000000000000e+00 0.000000000000000000e+00 0.000000000000000000e+00
0.000000000000000000e+00 0.000000000000000000e+00 0.000000000000000000e+00 0.000000000000000000e+00 0.000000000000000000e+00
0.000000000000000000e+00 0.000000000000000000e+00 0.000000000000000000e+00 0.000000000000000000e+00 0.000000000000000000e+00
0.000000000000000000e+00 0.000000000000000000e+00 0.000000000000000000e+00 0.000000000000000000e+00 0.000000000000000000e+00
0.000000000000000000e+00 0.000000000000000000e+00 0.000000000000000000e+00 0.000000000000000000e+00 0.000000000000000000e+00
0.000000000000000000e+00 0.000000000000000000e+00 0.000000000000000000e+00 0.000000000000000000e+00 0.000000000000000000e+00
0.000000000000000000e+00 0.000000000000000000e+00 0.000000000000000000e+00 0.000000000000000000e+00 0.000000000000000000e+00
0.000000000000000000e+00 0.000000000000000000e+00 0.000000000000000000e+00 0.000000000000000000e+00 0.000000000000000000e+00
0.000000000000000000e+00 0.000000000000000000e+00 0.000000000000000000e+00 0.000000000000000000e+00 0.000000000000000000e+00
0.000000000000000000e+00 0.000000000000000000e+00 0.000000000000000000e+00 0.000000000000000000e+00 0.000000000000000000e+00
0.000000000000000000e+00 0.000000000000000000e+00 0.000000000000000000e+00 0.000000000000000000e+00 0.000000000000000000e+00
0.000000000000000000e+00 0.000000000000000000e+00 0.000000000000000000e+00 0.000000000000000000e+00 0.000000000000000000e+00
0.000000000000000000e+00 0.000000000000000000e+00 0.000000000000000000e+00 0.000000000000000000e+00 0.000000000000000000e+00
0.000000000000000000e+00 0.000000000000000000e+00 0.000000000000000000e+00 0.000000000000000000e+00 0.000000000000000000e+00
0.000000000000000000e+00 0.000000000000000000e+00 0.000000000000000000e+00 0.000000000000000000e+00 0.000000000000000000e+00
0.000000000000000000e+00 0.000000000000000000e+00 0.000000000000000000e+00 0.000000000000000000e+00 0.000000000000000000e+00
0.000000000000000000e+00 0.000000000000000000e+00 0.000000000000000000e+00 0.000000000000000000e+00 0.000000000000000000e+00
0.000000000000000000e+00 0.000000000000000000e+00 0.000000000000000000e+00 0.000000000000000000e+00 0.000000000000000000e+00
0.000000000000000000e+00 0.000000000000000000e+00 0.000000000000000000e+00 0.000000000000000000e+00 0.000000000000000000e+00
0.000000000000000000e+00 0.000000000000000000e+00 0.000000000000000000e+00 0.000000000000000000e+00 0.000000000000000000e+00
0.000000000000000000e+00 0.000000000000000000e+00 0.000000000000000000e+00 0.000000000000000000e+00 0.000000000000000000e+00
0.000000000000000000e+00 0.000000000000000000e+00 0.000000000000000000e+00 0.000000000000000000e+00 0.000000000000000000e+00
0.000000000000000000e+00 0.000000000000000000e+00 0.000000000000000000e+00 0.000000000000000000e+00 0.000000000000000000e+00
0.000000000000000000e+00 0.000000000000000000e+00 0.000000000000000000e+00 0.000000000000000000e+00 0.000000000000000000e+00
0.000000000000000000e+00 0.000000000000000000e+00 0.000000000000000000e+00 0.000000000000000000e+00 0.000000000000000000e+00
0.000000000000000000e+00 0.000000000000000000e+00 0.000000000000000000e+00 0.000000000000000000e+00 0.000000000000000000e+00
0.000000000000000000e+00 0.000000000000000000e+00 0.000000000000000000e+00 0.000000000000000000e+00 0.000000000000000000e+00
0.000000000000000000e+00 0.000000000000000000e+00 0.000000000000000000e+00 0.000000000000000000e+00 0.000000000000000000e+00
0.000000000000000000e+00 0.000000000000000000e+00 0.000000000000000000e+00 0.000000000000000000e+00 0.000000000000000000e+00
0.000000000000000000e+00 0.000000000000000000e+00 0.000000000000000000e+00 0.000000000000000000e+00 0.000000000000000000e+00
0.000000000000000000e+00 0.000000000000000000e+00 0.000000000000000000e+00 0.000000000000000000e+00 0.000000000000000000e+00
0.000000000000000000e+00 0.000000000000000000e+00 0.000000000000000000e+00 0.000000000000000000e+00 0.000000000000000000e+00
0.000000000000000000e+00 0.000000000000000000e+00 0.000000000000000000e+00 0.000000000000000000e+00 0.000000000000000000e+00
0.000000000000000000e+00 0.000000000000000000e+00 0.000000000000000000e+00 0.000000000000000000e+00 0.000000000000000000e+00
0.000000000000000000e+00 0.000000000000000000e+00 0.000000000000000000e+00 0.000000000000000000e+00 0.000000000000000000e+00
0.000000000000000000e+00 0.000000000000000000e+00 0.000000000000000000e+00 0.000000000000000000e+00 0.000000000000000000e+00
0.000000000000000000e+00 0.000000000000000000e+00 0.000000000000000000e+00 0.000000000000000000e+00 0.000000000000000000e+00
0.000000000000000000e+00 0.000000000000000000e+00 0.000000000000000000e+00 0.000000000000000000e+00 0.000000000000000000e+00
0.000000000000000000e+00 0.000000000000000000e+00 0.000000000000000000e+00 0.000000000000000000e+00 0.000000000000000000e+00
0.000000000000000000e+00 0.000000000000000000e+00 0.000000000000000000e+00 0.000000000000000000e+00 0.000000000000000000e+00
0.000000000000000000e+00 0.000000000000000000e+00 0.000000000000000000e+00 0.000000000000000000e+00 0.000000000000000000e+00
0.000000000000000000e+00 0.000000000000000000e+00 0.000000000000000000e+00 0.000000000000000000e+00 0.000000000000000000e+00
0.000000000000000000e+00 0.000000000000000000e+00 0.000000000000000000e+00 0.000000000000000000e+00 0.000000000000000000e+00
0.000000000000000000e+00 0.000000000000000000e+00 0.000000000000000000e+00 0.000000000000000000e+00 0.000000000000000000e+00
0.000000000000000000e+00 0.000000000000000000e+00 0.000000000000000000e+00 0.000000000000000000e+00 0.000000000000000000e+00
0.000000000000000000e+00 0.000000000000000000e+00 0.000000000000000000e+00 0.000000000000000000e+00 0.000000000000000000e+00
0.000000000000000000e+00 0.000000000000000000e+00 0.000000000000000000e+00 0.000000000000000000e+00 0.000000000000000000e+00
0.000000000000000000e+00 0.000000000000000000e+00 0.000000000000000000e+00 0.000000000000000000e+00 0.000000000000000000e+00
0.000000000000000000e+00 0.000000000000000000e+00 0.000000000000000000e+00 0.000000000000000000e+00 0.000000000000000000e+00
0.000000000000000000e+00 0.000000000000000000e+00 0.000000000000000000e+00 0.000000000000000000e+00 0.000000000000000000e+00
0.000000000000000000e+00 0.000000000000000000e+00 0.000000000000000000e+00 0.000000000000000000e+00 0.000000000000000000e+00
0.000000000000000000e+00 0.000000000000000000e+00 0.000000000000000000e+00 0.000000000000000000e+00 0.000000000000000000e+00
0.000000000000000000e+00 0.000000000000000000e+00 0.000000000000000000e+00 0.000000000000000000e+00 0.000000000000000000e+00
0.000000000000000000e+00 0.000000000000000000e+00 0.000000000000000000e+00 0.000000000000000000e+00 0.000000000000000000e+00
0.000000000000000000e+00 0.000000000000000000e+00 0.000000000000000000e+00 0.000000000000000000e+00 0.000000000000000000e+00
0.000000000000000000e+00 0.000000000000000000e+00 0.000000000000000000e+00 0.000000000000000000e+00 0.000000000000000000e+00
0.000000000000000000e+00 0.000000000000000000e+00 0.000000000000000000e+00 0.000000000000000000e+00 0.000000000000000000e+00
0.000000000000000000e+00 0.000000000000000000e+00 0.000000000000000000e+00 0.000000000000000000e+00 0.000000000000000000e+00
0.000000000000000000e+00 0.000000000000000000e+00 0.000000000000000000e+00 0.000000000000000000e+00 0.000000000000000000e+00
0.000000000000000000e+00 0.000000000000000000e+00 0.000000000000000000e+00 0.000000000000000000e+00 0.000000000000000000e+00
0.000000000000000000e+00 0.000000000000000000e+00 0.000000000000000000e+00 0.000000000000000000e+00 0.000000000000000000e+00
0.000000000000000000e+00 0.000000000000000000e+00 0.000000000000000000e+00 0.000000000000000000e+00 0.000000000000000000e+00
0.000000000000000000e+00 0.000000000000000000e+00 0.000000000000000000e+00 0.000000000000000000e+00 0.000000000000000000e+00
0.000000000000000000e+00 0.000000000000000000e+00 0.000000000000000000e+00 0.000000000000000000e+00 0.000000000000000000e+00
0.000000000000000000e+00 0.000000000000000000e+00 0.000000000000000000e+00 0.000000000000000000e+00 0.000000000000000000e+00
0.000000000000000000e+00 0.000000000000000000e+00 0.000000000000000000e+00 0.000000000000000000e+00 0.000000000000000000e+00
0.000000000000000000e+00 0.000000000000000000e+00 0.000000000000000000e+00 0.000000000000000000e+00 0.000000000000000000e+00
0.000000000000000000e+00 0.000000000000000000e+00 0.000000000000000000e+00 0.000000000000000000e+00 0.000000000000000000e+00
0.000000000000000000e+00 0.000000000000000000e+00 0.000000000000000000e+00 0.000000000000000000e+00 0.000000000000000000e+00
0.000000000000000000e+00 0.000000000000000000e+00 0.000000000000000000e+00 0.000000000000000000e+00 0.000000000000000000e+00
0.000000000000000000e+00 0.000000000000000000e+00 0.000000000000000000e+00 0.000000000000000000e+00 0.000000000000000000e+00
0.000000000000000000e+00 0.000000000000000000e+00 0.000000000000000000e+00 0.000000000000000000e+00 0.000000000000000000e+00
0.000000000000000000e+00 0.000000000000000000e+00 0.000000000000000000e+00 0.000000000000000000e+00 0.000000000000000000e+00
0.000000000000000000e+00 0.000000000000000000e+00 0.000000000000000000e+00 0.000000000000000000e+00 0.000000000000000000e+00
0.000000000000000000e+00 0.000000000000000000e+00 0.000000000000000000e+00 0.000000000000000000e+00 0.000000000000000000e+00
0.000000000000000000e+00 0.000000000000000000e+00 0.000000000000000000e+00 0.000000000000000000e+00 0.000000000000000000e+00
0.000000000000000000e+00 0.000000000000000000e+00 0.000000000000000000e+00 0.000000000000000000e+00 0.000000000000000000e+00
0.000000000000000000e+00 0.000000000000000000e+00 0.000000000000000000e+00 0.000000000000000000e+00 0.000000000000000000e+00
0.000000000000000000e+00 0.000000000000000000e+00 0.000000000000000000e+00 0.000000000000000000e+00 0.000000000000000000e+00
0.000000000000000000e+00 0.000000000000000000e+00 0.000000000000000000e+00 0.000000000000000000e+00 0.000000000000000000e+00
0.000000000000000000e+00 0.000000000000000000e+00 0.000000000000000000e+00 0.000000000000000000e+00 0.000000000000000000e+00
0.000000000000000000e+00 0.000000000000000000e+00 0.000000000000000000e+00 0.000000000000000000e+00 0.000000000000000000e+00
0.000000000000000000e+00 0.000000000000000000e+00 0.000000000000000000e+00 0.000000000000000000e+00 0.000000000000000000e+00
0.000000000000000000e+00 0.000000000000000000e+00 0.000000000000000000e+00 0.000000000000000000e+00 0.000000000000000000e+00
0.000000000000000000e+00 0.000000000000000000e+00 0.000000000000000000e+00 0.000000000000000000e+00 0.000000000000000000e+00
0.000000000000000000e+00 0.000000000000000000e+00 0.000000000000000000e+00 0.000000000000000000e+00 0.000000000000000000e+00
0.000000000000000000e+00 0.000000000000000000e+00 0.000000000000000000e+00 0.000000000000000000e+00 0.000000000000000000e+00
0.000000000000000000e+00 0.000000000000000000e+00 0.000000000000000000e+00 0.000000000000000000e+00 0.000000000000000000e+00
0.000000000000000000e+00 0.000000000000000000e+00 0.000000000000000000e+00 0.000000000000000000e+00 0.000000000000000000e+00
0.000000000000000000e+00 0.000000000000000000e+00 0.000000000000000000e+00 0.000000000000000000e+00 0.000000000000000000e+00
0.000000000000000000e+00 0.000000000000000000e+00 0.000000000000000000e+00 0.000000000000000000e+00 0.000000000000000000e+00
0.000000000000000000e+00 0.000000000000000000e+00 0.000000000000000000e+00 0.000000000000000000e+00 0.000000000000000000e+00
0.000000000000000000e+00 0.000000000000000000e+00 0.000000000000000000e+00 0.000000000000000000e+00 0.000000000000000000e+00
0.000000000000000000e+00 0.000000000000000000e+00 0.000000000000000000e+00 0.000000000000000000e+00 0.000000000000000000e+00
0.000000000000000000e+00 0.000000000000000000e+00 0.000000000000000000e+00 0.000000000000000000e+00 0.000000000000000000e+00
0.000000000000000000e+00 0.000000000000000000e+00 0.000000000000000000e+00 0.000000000000000000e+00 0.000000000000000000e+00
0.000000000000000000e+00 0.000000000000000000e+00 0.000000000000000000e+00 0.000000000000000000e+00 0.000000000000000000e+00
0.000000000000000000e+00 0.000000000000000000e+00 0.000000000000000000e+00 0.000000000000000000e+00 0.000000000000000000e+00
0.000000000000000000e+00 0.000000000000000000e+00 0.000000000000000000e+00 0.000000000000000000e+00 0.000000000000000000e+00
0.000000000000000000e+00 0.000000000000000000e+00 0.000000000000000000e+00 0.000000000000000000e+00 0.000000000000000000e+00
0.000000000000000000e+00 0.000000000000000000e+00 0.000000000000000000e+00 0.000000000000000000e+00 0.000000000000000000e+00
0.000000000000000000e+00 0.000000000000000000e+00 0.000000000000000000e+00 0.000000000000000000e+00 0.000000000000000000e+00
0.000000000000000000e+00 0.000000000000000000e+00 0.000000000000000000e+00 0.000000000000000000e+00 0.000000000000000000e+00
0.000000000000000000e+00 0.000000000000000000e+00 0.000000000000000000e+00 0.000000000000000000e+00 0.000000000000000000e+00
0.000000000000000000e+00 0.000000000000000000e+00 0.000000000000000000e+00 0.000000000000000000e+00 0.000000000000000000e+00
0.000000000000000000e+00 0.000000000000000000e+00 0.000000000000000000e+00 0.000000000000000000e+00 0.000000000000000000e+00
0.000000000000000000e+00 0.000000000000000000e+00 0.000000000000000000e+00 0.000000000000000000e+00 0.000000000000000000e+00
0.000000000000000000e+00 0.000000000000000000e+00 0.000000000000000000e+00 0.000000000000000000e+00 0.000000000000000000e+00
0.000000000000000000e+00 0.000000000000000000e+00 0.000000000000000000e+00 0.000000000000000000e+00 0.000000000000000000e+00
0.000000000000000000e+00 0.000000000000000000e+00 0.000000000000000000e+00 0.000000000000000000e+00 0.000000000000000000e+00
0.000000000000000000e+00 0.000000000000000000e+00 0.000000000000000000e+00 0.000000000000000000e+00 0.000000000000000000e+00
0.000000000000000000e+00 0.000000000000000000e+00 0.000000000000000000e+00 0.000000000000000000e+00 0.000000000000000000e+00
0.000000000000000000e+00 0.000000000000000000e+00 0.000000000000000000e+00 0.000000000000000000e+00 0.000000000000000000e+00
0.000000000000000000e+00 0.000000000000000000e+00 0.000000000000000000e+00 0.000000000000000000e+00 0.000000000000000000e+00
0.000000000000000000e+00 0.000000000000000000e+00 0.000000000000000000e+00 0.000000000000000000e+00 0.000000000000000000e+00
0.000000000000000000e+00 0.000000000000000000e+00 0.000000000000000000e+00 0.000000000000000000e+00 0.000000000000000000e+00
0.000000000000000000e+00 0.000000000000000000e+00 0.000000000000000000e+00 0.000000000000000000e+00 0.000000000000000000e+00
0.000000000000000000e+00 0.000000000000000000e+00 0.000000000000000000e+00 0.000000000000000000e+00 0.000000000000000000e+00
0.000000000000000000e+00 0.000000000000000000e+00 0.000000000000000000e+00 0.000000000000000000e+00 0.000000000000000000e+00
0.000000000000000000e+00 0.000000000000000000e+00 0.000000000000000000e+00 0.000000000000000000e+00 0.000000000000000000e+00
0.000000000000000000e+00 0.000000000000000000e+00 0.000000000000000000e+00 0.000000000000000000e+00 0.000000000000000000e+00
0.000000000000000000e+00 0.000000000000000000e+00 0.000000000000000000e+00 0.000000000000000000e+00 0.000000000000000000e+00
0.000000000000000000e+00 0.000000000000000000e+00 0.000000000000000000e+00 0.000000000000000000e+00 0.000000000000000000e+00
0.000000000000000000e+00 0.000000000000000000e+00 0.000000000000000000e+00 0.000000000000000000e+00 0.000000000000000000e+00
0.000000000000000000e+00 0.000000000000000000e+00 0.000000000000000000e+00 0.000000000000000000e+00 0.000000000000000000e+00
0.000000000000000000e+00 0.000000000000000000e+00 0.000000000000000000e+00 0.000000000000000000e+00 0.000000000000000000e+00
0.000000000000000000e+00 0.000000000000000000e+00 0.000000000000000000e+00 0.000000000000000000e+00 0.000000000000000000e+00
0.000000000000000000e+00 0.000000000000000000e+00 0.000000000000000000e+00 0.000000000000000000e+00 0.000000000000000000e+00
0.000000000000000000e+00 0.000000000000000000e+00 0.000000000000000000e+00 0.000000000000000000e+00 0.000000000000000000e+00
0.000000000000000000e+00 0.000000000000000000e+00 0.000000000000000000e+00 0.000000000000000000e+00 0.000000000000000000e+00
0.000000000000000000e+00 0.000000000000000000e+00 0.000000000000000000e+00 0.000000000000000000e+00 0.000000000000000000e+00
0.000000000000000000e+00 0.000000000000000000e+00 0.000000000000000000e+00 0.000000000000000000e+00 0.000000000000000000e+00
0.000000000000000000e+00 0.000000000000000000e+00 0.000000000000000000e+00 0.000000000000000000e+00 0.000000000000000000e+00
0.000000000000000000e+00 0.000000000000000000e+00 0.000000000000000000e+00 0.000000000000000000e+00 0.000000000000000000e+00
0.000000000000000000e+00 0.000000000000000000e+00 0.000000000000000000e+00 0.000000000000000000e+00 0.000000000000000000e+00
0.000000000000000000e+00 0.000000000000000000e+00 0.000000000000000000e+00 0.000000000000000000e+00 0.000000000000000000e+00
0.000000000000000000e+00 0.000000000000000000e+00 0.000000000000000000e+00 0.000000000000000000e+00 0.000000000000000000e+00
0.000000000000000000e+00 0.000000000000000000e+00 0.000000000000000000e+00 0.000000000000000000e+00 0.000000000000000000e+00
0.000000000000000000e+00 0.000000000000000000e+00 0.000000000000000000e+00 0.000000000000000000e+00 0.000000000000000000e+00
0.000000000000000000e+00 0.000000000000000000e+00 0.000000000000000000e+00 0.000000000000000000e+00 0.000000000000000000e+00
0.000000000000000000e+00 0.000000000000000000e+00 0.000000000000000000e+00 0.000000000000000000e+00 0.000000000000000000e+00
0.000000000000000000e+00 0.000000000000000000e+00 0.000000000000000000e+00 0.000000000000000000e+00 0.000000000000000000e+00
0.000000000000000000e+00 0.000000000000000000e+00 0.000000000000000000e+00 0.000000000000000000e+00 0.000000000000000000e+00
0.000000000000000000e+00 0.000000000000000000e+00 0.000000000000000000e+00 0.000000000000000000e+00 0.000000000000000000e+00
0.000000000000000000e+00 0.000000000000000000e+00 0.000000000000000000e+00 0.000000000000000000e+00 0.000000000000000000e+00
0.000000000000000000e+00 0.000000000000000000e+00 0.000000000000000000e+00 0.000000000000000000e+00 0.000000000000000000e+00
0.000000000000000000e+00 0.000000000000000000e+00 0.000000000000000000e+00 0.000000000000000000e+00 0.000000000000000000e+00
0.000000000000000000e+00 0.000000000000000000e+00 0.000000000000000000e+00 0.000000000000000000e+00 0.000000000000000000e+00
0.000000000000000000e+00 0.000000000000000000e+00 0.000000000000000000e+00 0.000000000000000000e+00 0.000000000000000000e+00
0.000000000000000000e+00 0.000000000000000000e+00 0.000000000000000000e+00 0.000000000000000000e+00 0.000000000000000000e+00
0.000000000000000000e+00 0.000000000000000000e+00 0.000000000000000000e+00 0.000000000000000000e+00 0.000000000000000000e+00
0.000000000000000000e+00 0.000000000000000000e+00 0.000000000000000000e+00 0.000000000000000000e+00 0.000000000000000000e+00
0.000000000000000000e+00 0.000000000000000000e+00 0.000000000000000000e+00 0.000000000000000000e+00 0.000000000000000000e+00
0.000000000000000000e+00 0.000000000000000000e+00 0.000000000000000000e+00 0.000000000000000000e+00 0.000000000000000000e+00
0.000000000000000000e+00 0.000000000000000000e+00 0.000000000000000000e+00 0.000000000000000000e+00 0.000000000000000000e+00
0.000000000000000000e+00 0.000000000000000000e+00 0.000000000000000000e+00 0.000000000000000000e+00 0.000000000000000000e+00
0.000000000000000000e+00 0.000000000000000000e+00 0.000000000000000000e+00 0.000000000000000000e+00 0.000000000000000000e+00
0.000000000000000000e+00 0.000000000000000000e+00 0.000000000000000000e+00 0.000000000000000000e+00 0.000000000000000000e+00
0.000000000000000000e+00 0.000000000000000000e+00 0.000000000000000000e+00 0.000000000000000000e+00 0.000000000000000000e+00
0.000000000000000000e+00 0.000000000000000000e+00 0.000000000000000000e+00 0.000000000000000000e+00 0.000000000000000000e+00
0.000000000000000000e+00 0.000000000000000000e+00 0.000000000000000000e+00 0.000000000000000000e+00 0.000000000000000000e+00
0.000000000000000000e+00 0.000000000000000000e+00 0.000000000000000000e+00 0.000000000000000000e+00 0.000000000000000000e+00
0.000000000000000000e+00 0.000000000000000000e+00 0.000000000000000000e+00 0.000000000000000000e+00 0.000000000000000000e+00
0.000000000000000000e+00 0.000000000000000000e+00 0.000000000000000000e+00 0.000000000000000000e+00 0.000000000000000000e+00
0.000000000000000000e+00 0.000000000000000000e+00 0.000000000000000000e+00 0.000000000000000000e+00 0.000000000000000000e+00
0.000000000000000000e+00 0.000000000000000000e+00 0.000000000000000000e+00 0.000000000000000000e+00 0.000000000000000000e+00
0.000000000000000000e+00 0.000000000000000000e+00 0.000000000000000000e+00 0.000000000000000000e+00 0.000000000000000000e+00
0.000000000000000000e+00 0.000000000000000000e+00 0.000000000000000000e+00 0.000000000000000000e+00 0.000000000000000000e+00
0.000000000000000000e+00 0.000000000000000000e+00 0.000000000000000000e+00 0.000000000000000000e+00 0.000000000000000000e+00
0.000000000000000000e+00 0.000000000000000000e+00 0.000000000000000000e+00 0.000000000000000000e+00 0.000000000000000000e+00
0.000000000000000000e+00 0.000000000000000000e+00 0.000000000000000000e+00 0.000000000000000000e+00 0.000000000000000000e+00
0.000000000000000000e+00 0.000000000000000000e+00 0.000000000000000000e+00 0.000000000000000000e+00 0.000000000000000000e+00
0.000000000000000000e+00 0.000000000000000000e+00 0.000000000000000000e+00 0.000000000000000000e+00 0.000000000000000000e+00
0.000000000000000000e+00 0.000000000000000000e+00 0.000000000000000000e+00 0.000000000000000000e+00 0.000000000000000000e+00
0.000000000000000000e+00 0.000000000000000000e+00 0.000000000000000000e+00 0.000000000000000000e+00 0.000000000000000000e+00
0.000000000000000000e+00 0.000000000000000000e+00 0.000000000000000000e+00 0.000000000000000000e+00 0.000000000000000000e+00
0.000000000000000000e+00 0.000000000000000000e+00 0.000000000000000000e+00 0.000000000000000000e+00 0.000000000000000000e+00
0.000000000000000000e+00 0.000000000000000000e+00 0.000000000000000000e+00 0.000000000000000000e+00 0.000000000000000000e+00
0.000000000000000000e+00 0.000000000000000000e+00 0.000000000000000000e+00 0.000000000000000000e+00 0.000000000000000000e+00
0.000000000000000000e+00 0.000000000000000000e+00 0.000000000000000000e+00 0.000000000000000000e+00 0.000000000000000000e+00
0.000000000000000000e+00 0.000000000000000000e+00 0.000000000000000000e+00 0.000000000000000000e+00 0.000000000000000000e+00
0.000000000000000000e+00 0.000000000000000000e+00 0.000000000000000000e+00 0.000000000000000000e+00 0.000000000000000000e+00
0.000000000000000000e+00 0.000000000000000000e+00 0.000000000000000000e+00 3.307610701774449602e+00 4.537666684256004501e+00
0.000000000000000000e+00 0.000000000000000000e+00 0.000000000000000000e+00 2.020918175141924511e+00 4.786592862525594683e+00
0.000000000000000000e+00 0.000000000000000000e+00 0.000000000000000000e+00 1.036628833066607358e+00 4.431546412198736462e+00
0.000000000000000000e+00 0.000000000000000000e+00 0.000000000000000000e+00 2.589501171275587765e-01 3.575260038402253482e+00
0.000000000000000000e+00 0.000000000000000000e+00 0.000000000000000000e+00 0.000000000000000000e+00 2.528309040993273804e+00
5.509617714653780585e-01 0.000000000000000000e+00 0.000000000000000000e+00 0.000000000000000000e+00 1.520315312569283650e+00
2.144997007437865477e+00 0.000000000000000000e+00 0.000000000000000000e+00 0.000000000000000000e+00 6.279192308224346153e-01
3.438132357379350967e+00 0.000000000000000000e+00 0.000000000000000000e+00 0.000000000000000000e+00 0.000000000000000000e+00
4.318319143303325447e+00 0.000000000000000000e+00 0.000000000000000000e+00 0.000000000000000000e+00 0.000000000000000000e+00
4.705512949599710559e+00 2.679863293221373399e-01 0.000000000000000000e+00 0.000000000000000000e+00 0.000000000000000000e+00
4.577590754862240985e+00 1.852914985578696383e+00 0.000000000000000000e+00 0.000000000000000000e+00 0.000000000000000000e+00
4.057048909526901781e+00 3.202680781289551692e+00 0.000000000000000000e+00 0.000000000000000000e+00 0.000000000000000000e+00
3.285106062324887333e+00 4.159683751346010538e+00 0.000000000000000000e+00 0.000000000000000000e+00 0.000000000000000000e+00
2.387879011848959010e+00 4.603659859198647730e+00 1.598559408978916796e-01 0.000000000000000000e+00 0.000000000000000000e+00
1.482394989796643525e+00 4.497181805309467428e+00 1.768184930948752953e+00 0.000000000000000000e+00 0.000000000000000000e+00
6.455935778645892631e-01 3.984010569155325587e+00 3.131236659590778793e+00 0.000000000000000000e+00 0.000000000000000000e+00
0.000000000000000000e+00 3.233189717606291591e+00 4.089977500221162465e+00 0.000000000000000000e+00 0.000000000000000000e+00
0.000000000000000000e+00 2.376368424232419674e+00 4.541716787729747296e+00 4.307503205313589767e-02 0.000000000000000000e+00
0.000000000000000000e+00 1.526638777399303759e+00 4.463220676602199788e+00 1.633283539343434176e+00 0.000000000000000000e+00
0.000000000000000000e+00 7.381980360263630248e-01 4.006000941150432482e+00 2.973004952510727161e+00 0.000000000000000000e+00
0.000000000000000000e+00 3.617616078702035054e-02 3.323000623327589942e+00 3.928225047274429116e+00 0.000000000000000000e+00
0.000000000000000000e+00 0.000000000000000000e+00 2.516271641978583773e+00 4.417345962062927178e+00 0.000000000000000000e+00
0.000000000000000000e+00 0.000000000000000000e+00 1.688025203678904518e+00 4.409689805259836781e+00 1.394789213822736906e+00
0.000000000000000000e+00 0.000000000000000000e+00 9.013833217741329396e-01 4.021514549567014818e+00 2.740715272462833418e+00
0.000000000000000000e+00 0.000000000000000000e+00 1.902163769816977990e-01 3.391519361278140021e+00 3.734382433894494202e+00
0.000000000000000000e+00 0.000000000000000000e+00 0.000000000000000000e+00 2.620778541912522908e+00 4.289351740417396641e+00
0.000000000000000000e+00 0.000000000000000000e+00 0.000000000000000000e+00 1.809147936953204860e+00 4.363620752062481678e+00
0.000000000000000000e+00 0.000000000000000000e+00 0.000000000000000000e+00 1.031226017114700522e+00 3.993398359962929689e+00
0.000000000000000000e+00 0.000000000000000000e+00 0.000000000000000000e+00 3.220015648095864158e-01 3.291305009346943145e+00
0.000000000000000000e+00 0.000000000000000000e+00 0.000000000000000000e+00 0.000000000000000000e+00 2.404626545411457705e+00
7.342011311206242397e-01 0.000000000000000000e+00 0.000000000000000000e+00 0.000000000000000000e+00 1.478613185437522848e+00
2.226693915684674341e+00 0.000000000000000000e+00 0.000000000000000000e+00 0.000000000000000000e+00 6.166001038371982101e-01
3.462783160512989067e+00 0.000000000000000000e+00 0.000000000000000000e+00 0.000000000000000000e+00 0.000000000000000000e+00
4.310015595249605980e+00 0.000000000000000000e+00 0.000000000000000000e+00 0.000000000000000000e+00 0.000000000000000000e+00
4.670558868410367381e+00 3.421069449303737464e-01 0.000000000000000000e+00 0.000000000000000000e+00 0.000000000000000000e+00
4.528915901393209431e+00 1.902848285227468628e+00 0.000000000000000000e+00 0.000000000000000000e+00 0.000000000000000000e+00
4.009277523512888131e+00 3.223369997407097287e+00 0.000000000000000000e+00 0.000000000000000000e+00 0.000000000000000000e+00
3.246142229133489820e+00 4.152803143445152223e+00 0.000000000000000000e+00 0.000000000000000000e+00 0.000000000000000000e+00
2.359292060666225321e+00 4.577485614399231295e+00 2.072866868718592492e-01 0.000000000000000000e+00 0.000000000000000000e+00
1.462570958031885748e+00 4.464069301955266411e+00 1.797381462244643791e+00 0.000000000000000000e+00 0.000000000000000000e+00
6.328316948485314120e-01 3.951935752440412397e+00 3.141119822038028975e+00 0.000000000000000000e+00 0.000000000000000000e+00
0.000000000000000000e+00 3.205255852314974785e+00 4.083077513947150905e+00 0.000000000000000000e+00 0.000000000000000000e+00
0.000000000000000000e+00 2.354074341367322631e+00 4.521959287406075667e+00 7.828376703701289685e-02 0.000000000000000000e+00
0.000000000000000000e+00 1.509987695851739975e+00 4.437404930749748289e+00 1.655764940521505579e+00 0.000000000000000000e+00
0.000000000000000000e+00 7.264965874519957456e-01 3.979524569552667312e+00 2.981453974499134407e+00 0.000000000000000000e+00
0.000000000000000000e+00 2.851200611363347015e-02 3.298762031037391296e+00 3.923349872809009042e+00 0.000000000000000000e+00
0.000000000000000000e+00 0.000000000000000000e+00 2.495893132284437765e+00 4.401433564505829565e+00 0.000000000000000000e+00
0.000000000000000000e+00 0.000000000000000000e+00 1.672214570100073461e+00 4.386594380055460540e+00 1.418729475337425772e+00
0.000000000000000000e+00 0.000000000000000000e+00 8.897774868287666727e-01 3.996868685889980455e+00 2.751396006467285105e+00
0.000000000000000000e+00 0.000000000000000000e+00 1.820799449536170123e-01 3.368876049243093806e+00 3.732178452785410716e+00
0.000000000000000000e+00 0.000000000000000000e+00 0.000000000000000000e+00 2.601437360186100722e+00 4.276532969237521797e+00
0.000000000000000000e+00 0.000000000000000000e+00 0.000000000000000000e+00 1.793722272584137301e+00 4.343586558021601540e+00
0.000000000000000000e+00 0.000000000000000000e+00 0.000000000000000000e+00 1.019650853867954954e+00 3.970256965719765052e+00
0.000000000000000000e+00 0.000000000000000000e+00 0.000000000000000000e+00 3.136272187286836544e-01 3.268902369980334122e+00
0.000000000000000000e+00 0.000000000000000000e+00 0.000000000000000000e+00 0.000000000000000000e+00 2.385624413525992082e+00
7.587817096047766441e-01 0.000000000000000000e+00 0.000000000000000000e+00 0.000000000000000000e+00 1.464324098033112920e+00
2.241525351052870096e+00 0.000000000000000000e+00 0.000000000000000000e+00 0.000000000000000000e+00 6.068544370679219702e-01
3.466704285807708175e+00 0.000000000000000000e+00 0.000000000000000000e+00 0.000000000000000000e+00 0.000000000000000000e+00
4.303359922556861505e+00 0.000000000000000000e+00 0.000000000000000000e+00 0.000000000000000000e+00 0.000000000000000000e+00
4.655127133325676958e+00 3.674588828452052258e-01 0.000000000000000000e+00 0.000000000000000000e+00 0.000000000000000000e+00
4.509080459251943118e+00 1.919210313685708602e+00 0.000000000000000000e+00 0.000000000000000000e+00 0.000000000000000000e+00
3.988753345788515148e+00 3.229270137033419807e+00 0.000000000000000000e+00 0.000000000000000000e+00 0.000000000000000000e+00
3.227259297930318294e+00 4.148291442722355171e+00 0.000000000000000000e+00 0.000000000000000000e+00 0.000000000000000000e+00
2.343567009319714511e+00 4.564156296269890056e+00 2.314034541862441952e-01 0.000000000000000000e+00 0.000000000000000000e+00
1.450478452273440411e+00 4.446243378859597861e+00 1.813151337040675992e+00 0.000000000000000000e+00 0.000000000000000000e+00
6.242213269899332673e-01 3.933472868451681315e+00 3.147150379963494782e+00 0.000000000000000000e+00 0.000000000000000000e+00
0.000000000000000000e+00 3.188391175037982972e+00 4.079551985141551818e+00 0.000000000000000000e+00 0.000000000000000000e+00
0.000000000000000000e+00 2.340112460750680246e+00 4.510482209435381584e+00 1.005858796384395681e-01 0.000000000000000000e+00
0.000000000000000000e+00 1.499084457021294670e+00 4.421890383399208702e+00 1.670584130915016896e+00 0.000000000000000000e+00
0.000000000000000000e+00 7.183675472969053288e-01 3.963196689630070324e+00 2.987738313948319124e+00 0.000000000000000000e+00
0.000000000000000000e+00 2.279256619042491563e-02 3.283370055155963474e+00 3.921331728011455020e+00 0.000000000000000000e+00
0.000000000000000000e+00 0.000000000000000000e+00 2.482525919152403837e+00 4.392272681861943084e+00 0.000000000000000000e+00
0.000000000000000000e+00 0.000000000000000000e+00 1.661501096102369068e+00 4.372454925192029052e+00 1.435279792733400450e+00
0.000000000000000000e+00 0.000000000000000000e+00 8.816343567105067169e-01 3.981279808163420864e+00 2.759590709257351282e+00
0.000000000000000000e+00 0.000000000000000000e+00 1.761217148492466578e-01 3.354181002388710642e+00 3.732032425703517564e+00
0.000000000000000000e+00 0.000000000000000000e+00 0.000000000000000000e+00 2.588569170798703301e+00 4.269289970238532739e+00
0.000000000000000000e+00 0.000000000000000000e+00 0.000000000000000000e+00 1.783191357506240804e+00 4.331280265350406999e+00
0.000000000000000000e+00 0.000000000000000000e+00 0.000000000000000000e+00 1.011505521006637043e+00 3.955475866384897898e+00
0.000000000000000000e+00 0.000000000000000000e+00 0.000000000000000000e+00 3.075117463294985143e-01 3.254161435002297598e+00
0.000000000000000000e+00 0.000000000000000000e+00 0.000000000000000000e+00 0.000000000000000000e+00 2.372742850997643149e+00
7.760263263528921485e-01 0.000000000000000000e+00 0.000000000000000000e+00 0.000000000000000000e+00 1.454297651261471369e+00
2.252604659532238873e+00 0.000000000000000000e+00 0.000000000000000000e+00 0.000000000000000000e+00 5.996940795218741460e-01
3.470702312284009938e+00 0.000000000000000000e+00 0.000000000000000000e+00 0.000000000000000000e+00 0.000000000000000000e+00
4.300303671413084672e+00 0.000000000000000000e+00 0.000000000000000000e+00 0.000000000000000000e+00 0.000000000000000000e+00
4.645995722933990102e+00 3.852033157976985644e-01 0.000000000000000000e+00 0.000000000000000000e+00 0.000000000000000000e+00
4.496630965711772454e+00 1.931308800301070328e+00 0.000000000000000000e+00 0.000000000000000000e+00 0.000000000000000000e+00
3.975388213415869121e+00 3.234599893438797835e+00 0.000000000000000000e+00 0.000000000000000000e+00 0.000000000000000000e+00
3.214554595234728307e+00 4.146663193867452080e+00 0.000000000000000000e+00 0.000000000000000000e+00 0.000000000000000000e+00
2.332642821070542993e+00 4.556369448194185878e+00 2.484416320342219819e-01 0.000000000000000000e+00 0.000000000000000000e+00
1.441782604785231126e+00 4.435016972498098120e+00 1.824948063011379018e+00 0.000000000000000000e+00 0.000000000000000000e+00
6.177675538368876396e-01 3.921352077263561497e+00 3.152597073475114087e+00 0.000000000000000000e+00 0.000000000000000000e+00
0.000000000000000000e+00 3.176936771367886436e+00 4.078537305106957334e+00 0.000000000000000000e+00 0.000000000000000000e+00
0.000000000000000000e+00 2.330331250542918564e+00 4.503844833744731879e+00 1.165160341316628934e-01 0.000000000000000000e+00
0.000000000000000000e+00 1.491188655647549544e+00 4.412137934818611384e+00 1.681778746235385036e+00 0.000000000000000000e+00
0.000000000000000000e+00 7.122449976789091419e-01 3.952477834376840526e+00 2.993325503970960089e+00 0.000000000000000000e+00
0.000000000000000000e+00 1.827339379874448611e-02 3.272901773442461693e+00 3.921271886901850579e+00 0.000000000000000000e+00
0.000000000000000000e+00 0.000000000000000000e+00 2.473129979265398237e+00 4.387139391211283268e+00 0.000000000000000000e+00
0.000000000000000000e+00 0.000000000000000000e+00 1.653723009004230970e+00 4.363542714573314107e+00 1.447737241667491626e+00
0.000000000000000000e+00 0.000000000000000000e+00 8.755072926990382642e-01 3.970976637096227613e+00 2.766490067315127366e+00
0.000000000000000000e+00 0.000000000000000000e+00 1.714474230416840328e-01 3.344138770237955693e+00 3.733201886619317289e+00
0.000000000000000000e+00 0.000000000000000000e+00 0.000000000000000000e+00 2.579494673186981224e+00 4.265398637669906456e+00
0.000000000000000000e+00 0.000000000000000000e+00 0.000000000000000000e+00 1.775532610373755649e+00 4.323566289303683696e+00
0.000000000000000000e+00 0.000000000000000000e+00 0.000000000000000000e+00 1.005380533423521072e+00 3.945636996820549580e+00
0.000000000000000000e+00 0.000000000000000000e+00 0.000000000000000000e+00 3.027362051710591473e-01 3.243938859890810100e+00
0.000000000000000000e+00 0.000000000000000000e+00 0.000000000000000000e+00 0.000000000000000000e+00 2.363469767741908978e+00
7.889593526471226914e-01 0.000000000000000000e+00 0.000000000000000000e+00 0.000000000000000000e+00 1.446787239641163181e+00
2.261505165069859213e+00 0.000000000000000000e+00 0.000000000000000000e+00 0.000000000000000000e+00 5.940629307577692808e-01
3.474791770198291996e+00 0.000000000000000000e+00 0.000000000000000000e+00 0.000000000000000000e+00 0.000000000000000000e+00
4.299421359745431381e+00 0.000000000000000000e+00 0.000000000000000000e+00 0.000000000000000000e+00 0.000000000000000000e+00
4.640628741334061225e+00 3.984533063132822961e-01 0.000000000000000000e+00 0.000000000000000000e+00 0.000000000000000000e+00
4.488578374488710665e+00 1.940910172769818587e+00 0.000000000000000000e+00 0.000000000000000000e+00 0.000000000000000000e+00
3.966278214757267939e+00 3.239628802042917588e+00 0.000000000000000000e+00 0.000000000000000000e+00 0.000000000000000000e+00
3.205520892902867569e+00 4.146780257906587330e+00 0.000000000000000000e+00 0.000000000000000000e+00 0.000000000000000000e+00
2.324572939001225969e+00 4.551896971746437259e+00 2.612874868753300994e-01 0.000000000000000000e+00 0.000000000000000000e+00
1.435108679172023560e+00 4.427723658931983941e+00 1.834408070744729669e+00 0.000000000000000000e+00 0.000000000000000000e+00
6.126004001229945484e-01 3.913007122783255021e+00 3.157724646822316572e+00 0.000000000000000000e+00 0.000000000000000000e+00
0.000000000000000000e+00 3.168704083760711665e+00 4.079040675183011722e+00 0.000000000000000000e+00 0.000000000000000000e+00
0.000000000000000000e+00 2.323041669993096470e+00 4.500104521755985409e+00 1.286621615750471737e-01 0.000000000000000000e+00
0.000000000000000000e+00 1.485087392450445964e+00 4.405825635915686433e+00 1.690832599157585658e+00 0.000000000000000000e+00
0.000000000000000000e+00 7.073220168174765288e-01 3.945105084882344570e+00 2.998518005971103850e+00 0.000000000000000000e+00
0.000000000000000000e+00 1.447452854032027503e-02 3.265371052930850837e+00 3.922397910652185793e+00 0.000000000000000000e+00
0.000000000000000000e+00 0.000000000000000000e+00 2.466104905798859548e+00 4.384421006777730057e+00 0.000000000000000000e+00
0.000000000000000000e+00 0.000000000000000000e+00 1.647699178804115094e+00 4.357755723762715583e+00 1.457766380866124534e+00
0.000000000000000000e+00 0.000000000000000000e+00 8.705869544034283702e-01 3.963830990300511115e+00 2.772632667378633897e+00
0.000000000000000000e+00 0.000000000000000000e+00 1.675437657671885461e-01 3.336876262868983645e+00 3.735171780452437584e+00
0.000000000000000000e+00 0.000000000000000000e+00 0.000000000000000000e+00 2.572688026269157380e+00 4.263519931646856165e+00
0.000000000000000000e+00 0.000000000000000000e+00 0.000000000000000000e+00 1.769592441783453207e+00 4.318601773611986161e+00
0.000000000000000000e+00 0.000000000000000000e+00 0.000000000000000000e+00 1.000466127104097991e+00 3.938753561747368348e+00
0.000000000000000000e+00 0.000000000000000000e+00 0.000000000000000000e+00 2.987653457358341313e-01 3.236417234896988848e+00
0.000000000000000000e+00 0.000000000000000000e+00 0.000000000000000000e+00 0.000000000000000000e+00 2.356354290127352868e+00
7.993199722271593366e-01 0.000000000000000000e+00 0.000000000000000000e+00 0.000000000000000000e+00 1.440782631061505725e+00
2.269112562259423260e+00 0.000000000000000000e+00 0.000000000000000000e+00 0.000000000000000000e+00 5.893488273932057098e-01
3.478947378375352173e+00 0.000000000000000000e+00 0.000000000000000000e+00 0.000000000000000000e+00 0.000000000000000000e+00
4.299849788827086350e+00 0.000000000000000000e+00 0.000000000000000000e+00 0.000000000000000000e+00 0.000000000000000000e+00
4.637521114573811332e+00 4.090172291807170346e-01 0.000000000000000000e+00 0.000000000000000000e+00 0.000000000000000000e+00
4.483160726198179624e+00 1.949025008700429051e+00 0.000000000000000000e+00 0.000000000000000000e+00 0.000000000000000000e+00
3.959717182040991990e+00 3.244487122972032012e+00 0.000000000000000000e+00 0.000000000000000000e+00 0.000000000000000000e+00
3.198687109527632799e+00 4.147950384023268100e+00 0.000000000000000000e+00 0.000000000000000000e+00 0.000000000000000000e+00
2.318215261697365026e+00 4.549414478513091886e+00 2.716240356870047168e-01 0.000000000000000000e+00 0.000000000000000000e+00
1.429649527447443003e+00 4.422788895098885398e+00 1.842473404720961438e+00 0.000000000000000000e+00 0.000000000000000000e+00
6.082082542102896783e-01 3.906926345914878418e+00 3.162667193557154199e+00 0.000000000000000000e+00 0.000000000000000000e+00
0.000000000000000000e+00 3.162404681435420084e+00 4.080459184434176656e+00 0.000000000000000000e+00 0.000000000000000000e+00
0.000000000000000000e+00 2.317249011095301459e+00 4.498104470205221084e+00 1.385393613050800443e-01 0.000000000000000000e+00
0.000000000000000000e+00 1.480065972084222192e+00 4.401578261407039783e+00 1.698605180871451958e+00 0.000000000000000000e+00
0.000000000000000000e+00 7.031226058225437114e-01 3.939741073745491651e+00 3.003477294387478569e+00 0.000000000000000000e+00
0.000000000000000000e+00 1.111205231465572929e-02 3.259605039223873124e+00 3.924238696820999461e+00 0.000000000000000000e+00
0.000000000000000000e+00 0.000000000000000000e+00 2.460505693888286327e+00 4.383154157259867567e+00 0.000000000000000000e+00
0.000000000000000000e+00 0.000000000000000000e+00 1.642731978596237985e+00 4.353846039540225199e+00 1.466338444753384485e+00
0.000000000000000000e+00 0.000000000000000000e+00 8.663949798080150533e-01 3.958582449789522784e+00 2.778322593093837778e+00
0.000000000000000000e+00 0.000000000000000000e+00 1.641068733825556958e-01 3.331285053402448959e+00 3.737624182937444584e+00
0.000000000000000000e+00 0.000000000000000000e+00 0.000000000000000000e+00 2.567246377550981506e+00 4.262851494541918917e+00
0.000000000000000000e+00 0.000000000000000000e+00 0.000000000000000000e+00 1.764688119554509216e+00 4.315289976873041056e+00
0.000000000000000000e+00 0.000000000000000000e+00 0.000000000000000000e+00 9.962828267622868550e-01 3.933646915685673484e+00
0.000000000000000000e+00 0.000000000000000000e+00 0.000000000000000000e+00 2.952819603375489432e-01 3.230520343833385155e+00
0.000000000000000000e+00 0.000000000000000000e+00 0.000000000000000000e+00 0.000000000000000000e+00 2.350538136697871039e+00
8.081320009291447226e-01 0.000000000000000000e+00 0.000000000000000000e+00 0.000000000000000000e+00 1.435686521534496052e+00
2.275941611877172477e+00 0.000000000000000000e+00 0.000000000000000000e+00 0.000000000000000000e+00 5.851898572921899744e-01
3.483142590308223596e+00 0.000000000000000000e+00 0.000000000000000000e+00 0.000000000000000000e+00 0.000000000000000000e+00
4.301066461223474136e+00 0.000000000000000000e+00 0.000000000000000000e+00 0.000000000000000000e+00 0.000000000000000000e+00
4.635772222686824762e+00 4.179626717559548066e-01 0.000000000000000000e+00 0.000000000000000000e+00 0.000000000000000000e+00
4.479328104407502842e+00 1.956243989798246208e+00 0.000000000000000000e+00 0.000000000000000000e+00 0.000000000000000000e+00
3.954690602235455099e+00 3.249241642582405998e+00 0.000000000000000000e+00 0.000000000000000000e+00 0.000000000000000000e+00
3.193179376861878804e+00 4.149752940783780986e+00 0.000000000000000000e+00 0.000000000000000000e+00 0.000000000000000000e+00
2.312891527904502365e+00 4.548128474711814029e+00 2.804468463776221832e-01 0.000000000000000000e+00 0.000000000000000000e+00
1.424925748058690766e+00 4.419273371616803558e+00 1.849696399085098086e+00 0.000000000000000000e+00 0.000000000000000000e+00
6.042870361037522287e-01 3.902209575251432305e+00 3.167495813692003725e+00 0.000000000000000000e+00 0.000000000000000000e+00
0.000000000000000000e+00 3.157271793663190884e+00 4.082426434493620526e+00 0.000000000000000000e+00 0.000000000000000000e+00
0.000000000000000000e+00 2.312361306720637000e+00 4.497150721054775424e+00 1.470458576784417215e-01 0.000000000000000000e+00
0.000000000000000000e+00 1.475698943197889523e+00 4.398573924306151461e+00 1.705602138757104091e+00 0.000000000000000000e+00
0.000000000000000000e+00 6.993633466964265244e-01 3.935587811343492781e+00 3.008292633005942296e+00 0.000000000000000000e+00
0.000000000000000000e+00 8.016728546520468512e-03 3.254904409836346435e+00 3.926507087359713211e+00 0.000000000000000000e+00
0.000000000000000000e+00 0.000000000000000000e+00 2.455769041929744212e+00 4.382759724493352493e+00 0.000000000000000000e+00
0.000000000000000000e+00 0.000000000000000000e+00 1.638405527763469038e+00 4.351066804786126951e+00 1.474027488460418978e+00
0.000000000000000000e+00 0.000000000000000000e+00 8.626461853072775465e-01 3.954477950955004317e+00 2.783735325169694352e+00
0.000000000000000000e+00 0.000000000000000000e+00 1.609554849219319295e-01 3.326703350290389771e+00 3.740363784639590072e+00
0.000000000000000000e+00 0.000000000000000000e+00 0.000000000000000000e+00 2.562630887967634941e+00 4.262910000487877049e+00
0.000000000000000000e+00 0.000000000000000000e+00 0.000000000000000000e+00 1.760412252968035274e+00 4.312973380517543198e+00
0.000000000000000000e+00 0.000000000000000000e+00 0.000000000000000000e+00 9.925445334283722332e-01 3.929612141642172762e+00
0.000000000000000000e+00 0.000000000000000000e+00 0.000000000000000000e+00 2.920966536929270330e-01 3.225605470896483862e+00
0.000000000000000000e+00 0.000000000000000000e+00 0.000000000000000000e+00 0.000000000000000000e+00 2.345509249956079234e+00
8.160042107353303598e-01 0.000000000000000000e+00 0.000000000000000000e+00 0.000000000000000000e+00 1.431142805080159786e+00
2.282295605659558912e+00 0.000000000000000000e+00 0.000000000000000000e+00 0.000000000000000000e+00 5.813704038960243459e-01
3.487356634234163533e+00 0.000000000000000000e+00 0.000000000000000000e+00 0.000000000000000000e+00 0.000000000000000000e+00
4.302754458540207771e+00 0.000000000000000000e+00 0.000000000000000000e+00 0.000000000000000000e+00 0.000000000000000000e+00
4.634840224045362334e+00 4.259257932120352752e-01 0.000000000000000000e+00 0.000000000000000000e+00 0.000000000000000000e+00
4.476450763912978914e+00 1.962916500345179838e+00 0.000000000000000000e+00 0.000000000000000000e+00 0.000000000000000000e+00
3.950590951807003481e+00 3.253927752062638401e+00 0.000000000000000000e+00 0.000000000000000000e+00 0.000000000000000000e+00
3.188474848136143347e+00 4.151932155843762295e+00 0.000000000000000000e+00 0.000000000000000000e+00 0.000000000000000000e+00
2.308196140070533975e+00 4.547561107139348024e+00 2.883498885427038250e-01 0.000000000000000000e+00 0.000000000000000000e+00
1.420650739639374160e+00 4.416613244170054742e+00 1.856404365093920816e+00 0.000000000000000000e+00 0.000000000000000000e+00
6.006549945056938178e-01 3.898317306841415419e+00 3.172249258489825419e+00 0.000000000000000000e+00 0.000000000000000000e+00
0.000000000000000000e+00 3.152846180082065963e+00 4.084719511144234261e+00 0.000000000000000000e+00 0.000000000000000000e+00
0.000000000000000000e+00 2.308024095255952535e+00 4.496825058661628738e+00 1.547182241753464194e-01 0.000000000000000000e+00
0.000000000000000000e+00 1.471731669312051904e+00 4.396318704635787888e+00 1.712123899191011489e+00 0.000000000000000000e+00
0.000000000000000000e+00 6.958746292351170037e-01 3.932166399713987737e+00 3.013014412654667407e+00 0.000000000000000000e+00
0.000000000000000000e+00 5.087241664981645428e-03 3.250849808745897906e+00 3.929028006216462643e+00 0.000000000000000000e+00
0.000000000000000000e+00 0.000000000000000000e+00 2.451557317224470012e+00 4.382888185802056746e+00 0.000000000000000000e+00
0.000000000000000000e+00 0.000000000000000000e+00 1.634470657819710793e+00 4.348968754260894798e+00 1.481175639604837002e+00
0.000000000000000000e+00 0.000000000000000000e+00 8.591697620239835409e-01 3.951065197940613949e+00 2.788973440288219585e+00
0.000000000000000000e+00 0.000000000000000000e+00 1.579810809352877321e-01 3.322733998789522136e+00 3.743270749211943915e+00
0.000000000000000000e+00 0.000000000000000000e+00 0.000000000000000000e+00 2.558518295862283409e+00 4.263403358246300456e+00
0.000000000000000000e+00 0.000000000000000000e+00 0.000000000000000000e+00 1.756520480554775387e+00 4.311256131623655286e+00
0.000000000000000000e+00 0.000000000000000000e+00 0.000000000000000000e+00 9.890796806413194586e-01 3.926225601975291468e+00
0.000000000000000000e+00 0.000000000000000000e+00 0.000000000000000000e+00 2.890959423679684281e-01 3.221286837761444755e+00
0.000000000000000000e+00 0.000000000000000000e+00 0.000000000000000000e+00 0.000000000000000000e+00 2.340960590257978868e+00
8.233008804076380471e-01 0.000000000000000000e+00 0.000000000000000000e+00 0.000000000000000000e+00 1.426938130027903817e+00
2.288354627657004148e+00 0.000000000000000000e+00 0.000000000000000000e+00 0.000000000000000000e+00 5.777614994531909964e-01
3.491574689564764356e+00 0.000000000000000000e+00 0.000000000000000000e+00 0.000000000000000000e+00 0.000000000000000000e+00
4.304721226990449345e+00 0.000000000000000000e+00 0.000000000000000000e+00 0.000000000000000000e+00 0.000000000000000000e+00
4.634397987303099598e+00 4.332876900201254600e-01 0.000000000000000000e+00 0.000000000000000000e+00 0.000000000000000000e+00
4.474149437225194426e+00 1.969250567568503696e+00 0.000000000000000000e+00 0.000000000000000000e+00 0.000000000000000000e+00
3.947052892915472455e+00 3.258564505531283739e+00 0.000000000000000000e+00 0.000000000000000000e+00 0.000000000000000000e+00
3.184259447297121959e+00 4.154332155264525817e+00 0.000000000000000000e+00 0.000000000000000000e+00 0.000000000000000000e+00
2.303885558131777422e+00 4.547423776546419383e+00 2.956890335712303308e-01 0.000000000000000000e+00 0.000000000000000000e+00
1.416652501636709305e+00 4.414468868292417802e+00 1.862792419390992826e+00 0.000000000000000000e+00 0.000000000000000000e+00
5.972031352735063248e-01 3.894924948119647290e+00 3.176948936526626799e+00 0.000000000000000000e+00 0.000000000000000000e+00
0.000000000000000000e+00 3.148851762049974745e+00 4.087202657581678444e+00 0.000000000000000000e+00 0.000000000000000000e+00
0.000000000000000000e+00 2.304024415683274096e+00 4.496874697887804473e+00 1.618782884026648272e-01 0.000000000000000000e+00
0.000000000000000000e+00 1.468011240678942508e+00 4.394514797661742023e+00 1.718349746744663120e+00 0.000000000000000000e+00
0.000000000000000000e+00 6.925546680805161337e-01 3.929188465144447751e+00 3.017671329242594069e+00 0.000000000000000000e+00
0.000000000000000000e+00 2.262865824707027684e-03 3.247188941673854856e+00 3.931694588618045216e+00 0.000000000000000000e+00
0.000000000000000000e+00 0.000000000000000000e+00 2.447667542861441170e+00 4.383328082987404173e+00 0.000000000000000000e+00
0.000000000000000000e+00 0.000000000000000000e+00 1.630777671057550560e+00 4.347280868654304520e+00 1.487987506888270861e+00
0.000000000000000000e+00 0.000000000000000000e+00 8.558631568008201462e-01 3.948071707985224776e+00 2.794097212731453617e+00
0.000000000000000000e+00 0.000000000000000000e+00 1.551185092743534444e-01 3.319137924385823446e+00 3.746271616124176251e+00
0.000000000000000000e+00 0.000000000000000000e+00 0.000000000000000000e+00 2.554714197559384559e+00 4.264154615339601051e+00
0.000000000000000000e+00 0.000000000000000000e+00 0.000000000000000000e+00 1.752865998980882578e+00 4.309899166025535244e+00
0.000000000000000000e+00 0.000000000000000000e+00 0.000000000000000000e+00 9.857852530372356314e-01 3.923232008771628365e+00
0.000000000000000000e+00 0.000000000000000000e+00 0.000000000000000000e+00 2.862117162405342086e-01 3.217332301799196159e+00
0.000000000000000000e+00 0.000000000000000000e+00 0.000000000000000000e+00 0.000000000000000000e+00 2.336707590280164837e+00
8.302403271499225745e-01 0.000000000000000000e+00 0.000000000000000000e+00 0.000000000000000000e+00 1.422944446719364153e+00
2.294225958777529328e+00 0.000000000000000000e+00 0.000000000000000000e+00 0.000000000000000000e+00 5.742857806718303371e-01
3.495786548246086145e+00 0.000000000000000000e+00 0.000000000000000000e+00 0.000000000000000000e+00 0.000000000000000000e+00
4.306849602945985289e+00 0.000000000000000000e+00 0.000000000000000000e+00 0.000000000000000000e+00 0.000000000000000000e+00
4.634247624090448880e+00 4.402771690341888977e-01 0.000000000000000000e+00 0.000000000000000000e+00 0.000000000000000000e+00
4.472195212368170303e+00 1.975370479038546012e+00 0.000000000000000000e+00 0.000000000000000000e+00 0.000000000000000000e+00
3.943856228607840464e+00 3.263162169079945496e+00 0.000000000000000000e+00 0.000000000000000000e+00 0.000000000000000000e+00
3.180344058421648690e+00 4.156858031013554999e+00 0.000000000000000000e+00 0.000000000000000000e+00 0.000000000000000000e+00
