0.000000000000000000e+00 0.000000000000000000e+00 0.000000000000000000e+00 0.000000000000000000e+00 0.000000000000000000e+00
0.000000000000000000e+00 0.000000000000000000e+00 0.000000000000000000e+00 0.000000000000000000e+00 0.000000000000000000e+00
0.000000000000000000e+00 0.000000000000000000e+00 0.000000000000000000e+00 0.000000000000000000e+00 0.000000000000000000e+00
0.000000000000000000e+00 0.000000000000000000e+00 0.000000000000000000e+00 0.000000000000000000e+00 0.000000000000000000e+00
0.000000000000000000e+00 0.000000000000000000e+00 0.000000000000000000e+00 0.000000000000000000e+00 0.000000000000000000e+00
0.000000000000000000e+00 0.000000000000000000e+00 0.000000000000000000e+00 0.000000000000000000e+00 0.000000000000000000e+00
0.000000000000000000e+00 0.000000000000000000e+00 0.000000000000000000e+00 0.000000000000000000e+00 0.000000000000000000e+00
0.000000000000000000e+00 0.000000000000000000e+00 0.000000000000000000e+00 0.000000000000000000e+00 0.000000000000000000e+00
0.000000000000000000e+00 0.000000000000000000e+00 0.000000000000000000e+00 0.000000000000000000e+00 0.000000000000000000e+00
0.000000000000000000e+00 0.000000000000000000e+00 0.000000000000000000e+00 0.000000000000000000e+00 0.000000000000000000e+00
0.000000000000000000e+00 0.000000000000000000e+00 0.000000000000000000e+00 0.000000000000000000e+00 0.000000000000000000e+00
0.000000000000000000e+00 0.000000000000000000e+00 0.000000000000000000e+00 0.000000000000000000e+00 0.000000000000000000e+00
0.000000000000000000e+00 0.000000000000000000e+00 0.000000000000000000e+00 0.000000000000000000e+00 0.000000000000000000e+00
0.000000000000000000e+00 0.000000000000000000e+00 0.000000000000000000e+00 0.000000000000000000e+00 0.000000000000000000e+00
0.000000000000000000e+00 0.000000000000000000e+00 0.000000000000000000e+00 0.000000000000000000e+00 0.000000000000000000e+00
0.000000000000000000e+00 0.000000000000000000e+00 0.000000000000000000e+00 0.000000000000000000e+00 0.000000000000000000e+00
0.000000000000000000e+00 0.000000000000000000e+00 0.000000000000000000e+00 0.000000000000000000e+00 0.000000000000000000e+00
0.000000000000000000e+00 0.000000000000000000e+00 0.000000000000000000e+00 0.000000000000000000e+00 0.000000000000000000e+00
0.000000000000000000e+00 0.000000000000000000e+00 0.000000000000000000e+00 0.000000000000000000e+00 0.000000000000000000e+00
0.000000000000000000e+00 0.000000000000000000e+00 0.000000000000000000e+00 0.000000000000000000e+00 0.000000000000000000e+00
0.000000000000000000e+00 0.000000000000000000e+00 0.000000000000000000e+00 0.000000000000000000e+00 0.000000000000000000e+00
0.000000000000000000e+00 0.000000000000000000e+00 0.000000000000000000e+00 0.000000000000000000e+00 0.000000000000000000e+00
0.000000000000000000e+00 0.000000000000000000e+00 0.000000000000000000e+00 0.000000000000000000e+00 0.000000000000000000e+00
0.000000000000000000e+00 0.000000000000000000e+00 0.000000000000000000e+00 0.000000000000000000e+00 0.000000000000000000e+00
0.000000000000000000e+00 0.000000000000000000e+00 0.000000000000000000e+00 0.000000000000000000e+00 0.000000000000000000e+00
0.000000000000000000e+00 0.000000000000000000e+00 0.000000000000000000e+00 0.000000000000000000e+00 0.000000000000000000e+00
0.000000000000000000e+00 0.000000000000000000e+00 0.000000000000000000e+00 0.000000000000000000e+00 0.000000000000000000e+00
0.000000000000000000e+00 0.000000000000000000e+00 0.000000000000000000e+00 0.000000000000000000e+00 0.000000000000000000e+00
0.000000000000000000e+00 0.000000000000000000e+00 0.000000000000000000e+00 0.000000000000000000e+00 0.000000000000000000e+00
0.000000000000000000e+00 0.000000000000000000e+00 0.000000000000000000e+00 0.000000000000000000e+00 0.000000000000000000e+00
0.000000000000000000e+00 0.000000000000000000e+00 0.000000000000000000e+00 0.000000000000000000e+00 0.000000000000000000e+00
0.000000000000000000e+00 0.000000000000000000e+00 0.000000000000000000e+00 0.000000000000000000e+00 0.000000000000000000e+00
0.000000000000000000e+00 0.000000000000000000e+00 0.000000000000000000e+00 0.000000000000000000e+00 0.000000000000000000e+00
0.000000000000000000e+00 0.000000000000000000e+00 0.000000000000000000e+00 0.000000000000000000e+00 0.000000000000000000e+00
0.000000000000000000e+00 0.000000000000000000e+00 0.000000000000000000e+00 0.000000000000000000e+00 0.000000000000000000e+00
0.000000000000000000e+00 0.000000000000000000e+00 0.000000000000000000e+00 0.000000000000000000e+00 0.000000000000000000e+00
0.000000000000000000e+00 0.000000000000000000e+00 0.000000000000000000e+00 0.000000000000000000e+00 0.000000000000000000e+00
0.000000000000000000e+00 0.000000000000000000e+00 0.000000000000000000e+00 0.000000000000000000e+00 0.000000000000000000e+00
0.000000000000000000e+00 0.000000000000000000e+00 0.000000000000000000e+00 0.000000000000000000e+00 0.000000000000000000e+00
0.000000000000000000e+00 0.000000000000000000e+00 0.000000000000000000e+00 0.000000000000000000e+00 0.000000000000000000e+00
0.000000000000000000e+00 0.000000000000000000e+00 0.000000000000000000e+00 0.000000000000000000e+00 0.000000000000000000e+00
0.000000000000000000e+00 0.000000000000000000e+00 0.000000000000000000e+00 0.000000000000000000e+00 0.000000000000000000e+00
0.000000000000000000e+00 0.000000000000000000e+00 0.000000000000000000e+00 0.000000000000000000e+00 0.000000000000000000e+00
0.000000000000000000e+00 0.000000000000000000e+00 0.000000000000000000e+00 0.000000000000000000e+00 0.000000000000000000e+00
0.000000000000000000e+00 0.000000000000000000e+00 0.000000000000000000e+00 0.000000000000000000e+00 0.000000000000000000e+00
0.000000000000000000e+00 0.000000000000000000e+00 0.000000000000000000e+00 0.000000000000000000e+00 0.000000000000000000e+00
0.000000000000000000e+00 0.000000000000000000e+00 0.000000000000000000e+00 0.000000000000000000e+00 0.000000000000000000e+00
0.000000000000000000e+00 0.000000000000000000e+00 0.000000000000000000e+00 0.000000000000000000e+00 0.000000000000000000e+00
0.000000000000000000e+00 0.000000000000000000e+00 0.000000000000000000e+00 0.000000000000000000e+00 0.000000000000000000e+00
0.000000000000000000e+00 0.000000000000000000e+00 0.000000000000000000e+00 0.000000000000000000e+00 0.000000000000000000e+00
0.000000000000000000e+00 0.000000000000000000e+00 0.000000000000000000e+00 0.000000000000000000e+00 0.000000000000000000e+00
0.000000000000000000e+00 0.000000000000000000e+00 0.000000000000000000e+00 0.000000000000000000e+00 0.000000000000000000e+00
0.000000000000000000e+00 0.000000000000000000e+00 0.000000000000000000e+00 0.000000000000000000e+00 0.000000000000000000e+00
0.000000000000000000e+00 0.000000000000000000e+00 0.000000000000000000e+00 0.000000000000000000e+00 0.000000000000000000e+00
0.000000000000000000e+00 0.000000000000000000e+00 0.000000000000000000e+00 0.000000000000000000e+00 0.000000000000000000e+00
0.000000000000000000e+00 0.000000000000000000e+00 0.000000000000000000e+00 0.000000000000000000e+00 0.000000000000000000e+00
0.000000000000000000e+00 0.000000000000000000e+00 0.000000000000000000e+00 0.000000000000000000e+00 0.000000000000000000e+00
0.000000000000000000e+00 0.000000000000000000e+00 0.000000000000000000e+00 0.000000000000000000e+00 0.000000000000000000e+00
0.000000000000000000e+00 0.000000000000000000e+00 0.000000000000000000e+00 0.000000000000000000e+00 0.000000000000000000e+00
0.000000000000000000e+00 0.000000000000000000e+00 0.000000000000000000e+00 0.000000000000000000e+00 0.000000000000000000e+00
0.000000000000000000e+00 0.000000000000000000e+00 0.000000000000000000e+00 0.000000000000000000e+00 0.000000000000000000e+00
0.000000000000000000e+00 0.000000000000000000e+00 0.000000000000000000e+00 0.000000000000000000e+00 0.000000000000000000e+00
0.000000000000000000e+00 0.000000000000000000e+00 0.000000000000000000e+00 0.000000000000000000e+00 0.000000000000000000e+00
0.000000000000000000e+00 0.000000000000000000e+00 0.000000000000000000e+00 0.000000000000000000e+00 0.000000000000000000e+00
0.000000000000000000e+00 0.000000000000000000e+00 0.000000000000000000e+00 0.000000000000000000e+00 0.000000000000000000e+00
0.000000000000000000e+00 0.000000000000000000e+00 0.000000000000000000e+00 0.000000000000000000e+00 0.000000000000000000e+00
0.000000000000000000e+00 0.000000000000000000e+00 0.000000000000000000e+00 0.000000000000000000e+00 0.000000000000000000e+00
0.000000000000000000e+00 0.000000000000000000e+00 0.000000000000000000e+00 0.000000000000000000e+00 0.000000000000000000e+00
0.000000000000000000e+00 0.000000000000000000e+00 0.000000000000000000e+00 0.000000000000000000e+00 0.000000000000000000e+00
0.000000000000000000e+00 0.000000000000000000e+00 0.000000000000000000e+00 0.000000000000000000e+00 0.000000000000000000e+00
0.000000000000000000e+00 0.000000000000000000e+00 0.000000000000000000e+00 0.000000000000000000e+00 0.000000000000000000e+00
0.000000000000000000e+00 0.000000000000000000e+00 0.000000000000000000e+00 0.000000000000000000e+00 0.000000000000000000e+00
0.000000000000000000e+00 0.000000000000000000e+00 0.000000000000000000e+00 0.000000000000000000e+00 0.000000000000000000e+00
0.000000000000000000e+00 0.000000000000000000e+00 0.000000000000000000e+00 0.000000000000000000e+00 0.000000000000000000e+00
0.000000000000000000e+00 0.000000000000000000e+00 0.000000000000000000e+00 0.000000000000000000e+00 0.000000000000000000e+00
0.000000000000000000e+00 0.000000000000000000e+00 0.000000000000000000e+00 0.000000000000000000e+00 0.000000000000000000e+00
0.000000000000000000e+00 0.000000000000000000e+00 0.000000000000000000e+00 0.000000000000000000e+00 0.000000000000000000e+00
0.000000000000000000e+00 0.000000000000000000e+00 0.000000000000000000e+00 0.000000000000000000e+00 0.000000000000000000e+00
0.000000000000000000e+00 0.000000000000000000e+00 0.000000000000000000e+00 0.000000000000000000e+00 0.000000000000000000e+00
0.000000000000000000e+00 0.000000000000000000e+00 0.000000000000000000e+00 0.000000000000000000e+00 0.000000000000000000e+00
0.000000000000000000e+00 0.000000000000000000e+00 0.000000000000000000e+00 0.000000000000000000e+00 0.000000000000000000e+00
0.000000000000000000e+00 0.000000000000000000e+00 0.000000000000000000e+00 0.000000000000000000e+00 0.000000000000000000e+00
0.000000000000000000e+00 0.000000000000000000e+00 0.000000000000000000e+00 0.000000000000000000e+00 0.000000000000000000e+00
0.000000000000000000e+00 0.000000000000000000e+00 0.000000000000000000e+00 0.000000000000000000e+00 0.000000000000000000e+00
0.000000000000000000e+00 0.000000000000000000e+00 0.000000000000000000e+00 0.000000000000000000e+00 0.000000000000000000e+00
0.000000000000000000e+00 0.000000000000000000e+00 0.000000000000000000e+00 0.000000000000000000e+00 0.000000000000000000e+00
0.000000000000000000e+00 0.000000000000000000e+00 0.000000000000000000e+00 0.000000000000000000e+00 0.000000000000000000e+00
0.000000000000000000e+00 0.000000000000000000e+00 0.000000000000000000e+00 0.000000000000000000e+00 0.000000000000000000e+00
0.000000000000000000e+00 0.000000000000000000e+00 0.000000000000000000e+00 0.000000000000000000e+00 0.000000000000000000e+00
0.000000000000000000e+00 0.000000000000000000e+00 0.000000000000000000e+00 0.000000000000000000e+00 0.000000000000000000e+00
0.000000000000000000e+00 0.000000000000000000e+00 0.000000000000000000e+00 0.000000000000000000e+00 0.000000000000000000e+00
0.000000000000000000e+00 0.000000000000000000e+00 0.000000000000000000e+00 0.000000000000000000e+00 0.000000000000000000e+00
0.000000000000000000e+00 0.000000000000000000e+00 0.000000000000000000e+00 0.000000000000000000e+00 0.000000000000000000e+00
0.000000000000000000e+00 0.000000000000000000e+00 0.000000000000000000e+00 0.000000000000000000e+00 0.000000000000000000e+00
0.000000000000000000e+00 0.000000000000000000e+00 0.000000000000000000e+00 0.000000000000000000e+00 0.000000000000000000e+00
0.000000000000000000e+00 0.000000000000000000e+00 0.000000000000000000e+00 0.000000000000000000e+00 0.000000000000000000e+00
0.000000000000000000e+00 0.000000000000000000e+00 0.000000000000000000e+00 0.000000000000000000e+00 0.000000000000000000e+00
0.000000000000000000e+00 0.000000000000000000e+00 0.000000000000000000e+00 0.000000000000000000e+00 0.000000000000000000e+00
0.000000000000000000e+00 0.000000000000000000e+00 0.000000000000000000e+00 0.000000000000000000e+00 0.000000000000000000e+00
0.000000000000000000e+00 0.000000000000000000e+00 0.000000000000000000e+00 0.000000000000000000e+00 0.000000000000000000e+00
0.000000000000000000e+00 0.000000000000000000e+00 0.000000000000000000e+00 0.000000000000000000e+00 0.000000000000000000e+00
0.000000000000000000e+00 0.000000000000000000e+00 0.000000000000000000e+00 0.000000000000000000e+00 0.000000000000000000e+00
0.000000000000000000e+00 0.000000000000000000e+00 0.000000000000000000e+00 0.000000000000000000e+00 0.000000000000000000e+00
0.000000000000000000e+00 0.000000000000000000e+00 0.000000000000000000e+00 0.000000000000000000e+00 0.000000000000000000e+00
0.000000000000000000e+00 0.000000000000000000e+00 0.000000000000000000e+00 0.000000000000000000e+00 0.000000000000000000e+00
0.000000000000000000e+00 0.000000000000000000e+00 0.000000000000000000e+00 0.000000000000000000e+00 0.000000000000000000e+00
0.000000000000000000e+00 0.000000000000000000e+00 0.000000000000000000e+00 0.000000000000000000e+00 0.000000000000000000e+00
0.000000000000000000e+00 0.000000000000000000e+00 0.000000000000000000e+00 0.000000000000000000e+00 0.000000000000000000e+00
0.000000000000000000e+00 0.000000000000000000e+00 0.000000000000000000e+00 0.000000000000000000e+00 0.000000000000000000e+00
0.000000000000000000e+00 0.000000000000000000e+00 0.000000000000000000e+00 0.000000000000000000e+00 0.000000000000000000e+00
0.000000000000000000e+00 0.000000000000000000e+00 0.000000000000000000e+00 0.000000000000000000e+00 0.000000000000000000e+00
0.000000000000000000e+00 0.000000000000000000e+00 0.000000000000000000e+00 0.000000000000000000e+00 0.000000000000000000e+00
0.000000000000000000e+00 0.000000000000000000e+00 0.000000000000000000e+00 0.000000000000000000e+00 0.000000000000000000e+00
0.000000000000000000e+00 0.000000000000000000e+00 0.000000000000000000e+00 0.000000000000000000e+00 0.000000000000000000e+00
0.000000000000000000e+00 0.000000000000000000e+00 0.000000000000000000e+00 0.000000000000000000e+00 0.000000000000000000e+00
0.000000000000000000e+00 0.000000000000000000e+00 0.000000000000000000e+00 0.000000000000000000e+00 0.000000000000000000e+00
0.000000000000000000e+00 0.000000000000000000e+00 0.000000000000000000e+00 0.000000000000000000e+00 0.000000000000000000e+00
0.000000000000000000e+00 0.000000000000000000e+00 0.000000000000000000e+00 0.000000000000000000e+00 0.000000000000000000e+00
0.000000000000000000e+00 0.000000000000000000e+00 0.000000000000000000e+00 0.000000000000000000e+00 0.000000000000000000e+00
0.000000000000000000e+00 0.000000000000000000e+00 0.000000000000000000e+00 0.000000000000000000e+00 0.000000000000000000e+00
0.000000000000000000e+00 0.000000000000000000e+00 0.000000000000000000e+00 0.000000000000000000e+00 0.000000000000000000e+00
0.000000000000000000e+00 0.000000000000000000e+00 0.000000000000000000e+00 0.000000000000000000e+00 0.000000000000000000e+00
0.000000000000000000e+00 0.000000000000000000e+00 0.000000000000000000e+00 0.000000000000000000e+00 0.000000000000000000e+00
0.000000000000000000e+00 0.000000000000000000e+00 0.000000000000000000e+00 0.000000000000000000e+00 0.000000000000000000e+00
0.000000000000000000e+00 0.000000000000000000e+00 0.000000000000000000e+00 0.000000000000000000e+00 0.000000000000000000e+00
0.000000000000000000e+00 0.000000000000000000e+00 0.000000000000000000e+00 0.000000000000000000e+00 0.000000000000000000e+00
0.000000000000000000e+00 0.000000000000000000e+00 0.000000000000000000e+00 0.000000000000000000e+00 0.000000000000000000e+00
0.000000000000000000e+00 0.000000000000000000e+00 0.000000000000000000e+00 0.000000000000000000e+00 0.000000000000000000e+00
0.000000000000000000e+00 0.000000000000000000e+00 0.000000000000000000e+00 0.000000000000000000e+00 0.000000000000000000e+00
0.000000000000000000e+00 0.000000000000000000e+00 0.000000000000000000e+00 0.000000000000000000e+00 0.000000000000000000e+00
0.000000000000000000e+00 0.000000000000000000e+00 0.000000000000000000e+00 0.000000000000000000e+00 0.000000000000000000e+00
0.000000000000000000e+00 0.000000000000000000e+00 0.000000000000000000e+00 0.000000000000000000e+00 0.000000000000000000e+00
0.000000000000000000e+00 0.000000000000000000e+00 0.000000000000000000e+00 0.000000000000000000e+00 0.000000000000000000e+00
0.000000000000000000e+00 0.000000000000000000e+00 0.000000000000000000e+00 0.000000000000000000e+00 0.000000000000000000e+00
0.000000000000000000e+00 0.000000000000000000e+00 0.000000000000000000e+00 0.000000000000000000e+00 0.000000000000000000e+00
0.000000000000000000e+00 0.000000000000000000e+00 0.000000000000000000e+00 0.000000000000000000e+00 0.000000000000000000e+00
0.000000000000000000e+00 0.000000000000000000e+00 0.000000000000000000e+00 0.000000000000000000e+00 0.000000000000000000e+00
0.000000000000000000e+00 0.000000000000000000e+00 0.000000000000000000e+00 0.000000000000000000e+00 0.000000000000000000e+00
0.000000000000000000e+00 0.000000000000000000e+00 0.000000000000000000e+00 0.000000000000000000e+00 0.000000000000000000e+00
0.000000000000000000e+00 0.000000000000000000e+00 0.000000000000000000e+00 0.000000000000000000e+00 0.000000000000000000e+00
0.000000000000000000e+00 0.000000000000000000e+00 0.000000000000000000e+00 0.000000000000000000e+00 0.000000000000000000e+00
0.000000000000000000e+00 0.000000000000000000e+00 0.000000000000000000e+00 0.000000000000000000e+00 0.000000000000000000e+00
0.000000000000000000e+00 0.000000000000000000e+00 0.000000000000000000e+00 0.000000000000000000e+00 0.000000000000000000e+00
0.000000000000000000e+00 0.000000000000000000e+00 0.000000000000000000e+00 0.000000000000000000e+00 0.000000000000000000e+00
0.000000000000000000e+00 0.000000000000000000e+00 0.000000000000000000e+00 0.000000000000000000e+00 0.000000000000000000e+00
0.000000000000000000e+00 0.000000000000000000e+00 0.000000000000000000e+00 0.000000000000000000e+00 0.000000000000000000e+00
0.000000000000000000e+00 0.000000000000000000e+00 0.000000000000000000e+00 0.000000000000000000e+00 0.000000000000000000e+00
0.000000000000000000e+00 0.000000000000000000e+00 0.000000000000000000e+00 0.000000000000000000e+00 0.000000000000000000e+00
0.000000000000000000e+00 0.000000000000000000e+00 0.000000000000000000e+00 0.000000000000000000e+00 0.000000000000000000e+00
0.000000000000000000e+00 0.000000000000000000e+00 0.000000000000000000e+00 0.000000000000000000e+00 0.000000000000000000e+00
0.000000000000000000e+00 0.000000000000000000e+00 0.000000000000000000e+00 0.000000000000000000e+00 0.000000000000000000e+00
0.000000000000000000e+00 0.000000000000000000e+00 0.000000000000000000e+00 0.000000000000000000e+00 0.000000000000000000e+00
0.000000000000000000e+00 0.000000000000000000e+00 0.000000000000000000e+00 0.000000000000000000e+00 0.000000000000000000e+00
0.000000000000000000e+00 0.000000000000000000e+00 0.000000000000000000e+00 0.000000000000000000e+00 0.000000000000000000e+00
0.000000000000000000e+00 0.000000000000000000e+00 0.000000000000000000e+00 0.000000000000000000e+00 0.000000000000000000e+00
0.000000000000000000e+00 0.000000000000000000e+00 0.000000000000000000e+00 0.000000000000000000e+00 0.000000000000000000e+00
0.000000000000000000e+00 0.000000000000000000e+00 0.000000000000000000e+00 0.000000000000000000e+00 0.000000000000000000e+00
0.000000000000000000e+00 0.000000000000000000e+00 0.000000000000000000e+00 0.000000000000000000e+00 0.000000000000000000e+00
0.000000000000000000e+00 0.000000000000000000e+00 0.000000000000000000e+00 0.000000000000000000e+00 0.000000000000000000e+00
0.000000000000000000e+00 0.000000000000000000e+00 0.000000000000000000e+00 0.000000000000000000e+00 0.000000000000000000e+00
0.000000000000000000e+00 0.000000000000000000e+00 0.000000000000000000e+00 0.000000000000000000e+00 0.000000000000000000e+00
0.000000000000000000e+00 0.000000000000000000e+00 0.000000000000000000e+00 0.000000000000000000e+00 0.000000000000000000e+00
0.000000000000000000e+00 0.000000000000000000e+00 0.000000000000000000e+00 0.000000000000000000e+00 0.000000000000000000e+00
0.000000000000000000e+00 0.000000000000000000e+00 0.000000000000000000e+00 0.000000000000000000e+00 0.000000000000000000e+00
0.000000000000000000e+00 0.000000000000000000e+00 0.000000000000000000e+00 0.000000000000000000e+00 0.000000000000000000e+00
0.000000000000000000e+00 0.000000000000000000e+00 0.000000000000000000e+00 0.000000000000000000e+00 0.000000000000000000e+00
0.000000000000000000e+00 0.000000000000000000e+00 0.000000000000000000e+00 0.000000000000000000e+00 0.000000000000000000e+00
0.000000000000000000e+00 0.000000000000000000e+00 0.000000000000000000e+00 0.000000000000000000e+00 0.000000000000000000e+00
0.000000000000000000e+00 0.000000000000000000e+00 0.000000000000000000e+00 0.000000000000000000e+00 0.000000000000000000e+00
0.000000000000000000e+00 0.000000000000000000e+00 0.000000000000000000e+00 0.000000000000000000e+00 0.000000000000000000e+00
0.000000000000000000e+00 0.000000000000000000e+00 0.000000000000000000e+00 0.000000000000000000e+00 0.000000000000000000e+00
0.000000000000000000e+00 0.000000000000000000e+00 0.000000000000000000e+00 0.000000000000000000e+00 0.000000000000000000e+00
0.000000000000000000e+00 0.000000000000000000e+00 0.000000000000000000e+00 0.000000000000000000e+00 0.000000000000000000e+00
0.000000000000000000e+00 0.000000000000000000e+00 0.000000000000000000e+00 0.000000000000000000e+00 0.000000000000000000e+00
0.000000000000000000e+00 0.000000000000000000e+00 0.000000000000000000e+00 0.000000000000000000e+00 0.000000000000000000e+00
0.000000000000000000e+00 0.000000000000000000e+00 0.000000000000000000e+00 0.000000000000000000e+00 0.000000000000000000e+00
0.000000000000000000e+00 0.000000000000000000e+00 0.000000000000000000e+00 0.000000000000000000e+00 0.000000000000000000e+00
0.000000000000000000e+00 0.000000000000000000e+00 0.000000000000000000e+00 0.000000000000000000e+00 0.000000000000000000e+00
0.000000000000000000e+00 0.000000000000000000e+00 0.000000000000000000e+00 0.000000000000000000e+00 0.000000000000000000e+00
0.000000000000000000e+00 0.000000000000000000e+00 0.000000000000000000e+00 0.000000000000000000e+00 0.000000000000000000e+00
0.000000000000000000e+00 0.000000000000000000e+00 0.000000000000000000e+00 0.000000000000000000e+00 0.000000000000000000e+00
0.000000000000000000e+00 0.000000000000000000e+00 0.000000000000000000e+00 0.000000000000000000e+00 0.000000000000000000e+00
0.000000000000000000e+00 0.000000000000000000e+00 0.000000000000000000e+00 0.000000000000000000e+00 0.000000000000000000e+00
0.000000000000000000e+00 0.000000000000000000e+00 0.000000000000000000e+00 0.000000000000000000e+00 0.000000000000000000e+00
0.000000000000000000e+00 0.000000000000000000e+00 0.000000000000000000e+00 0.000000000000000000e+00 0.000000000000000000e+00
0.000000000000000000e+00 0.000000000000000000e+00 0.000000000000000000e+00 0.000000000000000000e+00 0.000000000000000000e+00
0.000000000000000000e+00 0.000000000000000000e+00 0.000000000000000000e+00 0.000000000000000000e+00 0.000000000000000000e+00
0.000000000000000000e+00 0.000000000000000000e+00 0.000000000000000000e+00 0.000000000000000000e+00 0.000000000000000000e+00
0.000000000000000000e+00 0.000000000000000000e+00 0.000000000000000000e+00 0.000000000000000000e+00 0.000000000000000000e+00
0.000000000000000000e+00 0.000000000000000000e+00 0.000000000000000000e+00 0.000000000000000000e+00 0.000000000000000000e+00
0.000000000000000000e+00 0.000000000000000000e+00 0.000000000000000000e+00 0.000000000000000000e+00 0.000000000000000000e+00
0.000000000000000000e+00 0.000000000000000000e+00 0.000000000000000000e+00 0.000000000000000000e+00 0.000000000000000000e+00
0.000000000000000000e+00 0.000000000000000000e+00 0.000000000000000000e+00 0.000000000000000000e+00 0.000000000000000000e+00
0.000000000000000000e+00 0.000000000000000000e+00 0.000000000000000000e+00 0.000000000000000000e+00 0.000000000000000000e+00
0.000000000000000000e+00 0.000000000000000000e+00 0.000000000000000000e+00 0.000000000000000000e+00 0.000000000000000000e+00
0.000000000000000000e+00 0.000000000000000000e+00 0.000000000000000000e+00 0.000000000000000000e+00 0.000000000000000000e+00
0.000000000000000000e+00 0.000000000000000000e+00 0.000000000000000000e+00 0.000000000000000000e+00 0.000000000000000000e+00
0.000000000000000000e+00 0.000000000000000000e+00 0.000000000000000000e+00 0.000000000000000000e+00 0.000000000000000000e+00
0.000000000000000000e+00 0.000000000000000000e+00 0.000000000000000000e+00 0.000000000000000000e+00 0.000000000000000000e+00
0.000000000000000000e+00 0.000000000000000000e+00 0.000000000000000000e+00 0.000000000000000000e+00 0.000000000000000000e+00
0.000000000000000000e+00 0.000000000000000000e+00 0.000000000000000000e+00 0.000000000000000000e+00 0.000000000000000000e+00
0.000000000000000000e+00 0.000000000000000000e+00 0.000000000000000000e+00 0.000000000000000000e+00 0.000000000000000000e+00
0.000000000000000000e+00 0.000000000000000000e+00 0.000000000000000000e+00 0.000000000000000000e+00 0.000000000000000000e+00
0.000000000000000000e+00 0.000000000000000000e+00 0.000000000000000000e+00 0.000000000000000000e+00 0.000000000000000000e+00
0.000000000000000000e+00 0.000000000000000000e+00 0.000000000000000000e+00 0.000000000000000000e+00 0.000000000000000000e+00
0.000000000000000000e+00 0.000000000000000000e+00 0.000000000000000000e+00 0.000000000000000000e+00 0.000000000000000000e+00
0.000000000000000000e+00 0.000000000000000000e+00 0.000000000000000000e+00 0.000000000000000000e+00 0.000000000000000000e+00
0.000000000000000000e+00 0.000000000000000000e+00 0.000000000000000000e+00 0.000000000000000000e+00 0.000000000000000000e+00
0.000000000000000000e+00 0.000000000000000000e+00 0.000000000000000000e+00 0.000000000000000000e+00 0.000000000000000000e+00
0.000000000000000000e+00 0.000000000000000000e+00 0.000000000000000000e+00 0.000000000000000000e+00 0.000000000000000000e+00
0.000000000000000000e+00 0.000000000000000000e+00 0.000000000000000000e+00 0.000000000000000000e+00 0.000000000000000000e+00
0.000000000000000000e+00 0.000000000000000000e+00 0.000000000000000000e+00 0.000000000000000000e+00 0.000000000000000000e+00
0.000000000000000000e+00 0.000000000000000000e+00 0.000000000000000000e+00 0.000000000000000000e+00 0.000000000000000000e+00
0.000000000000000000e+00 0.000000000000000000e+00 0.000000000000000000e+00 0.000000000000000000e+00 0.000000000000000000e+00
0.000000000000000000e+00 0.000000000000000000e+00 0.000000000000000000e+00 0.000000000000000000e+00 0.000000000000000000e+00
0.000000000000000000e+00 0.000000000000000000e+00 0.000000000000000000e+00 0.000000000000000000e+00 0.000000000000000000e+00
0.000000000000000000e+00 0.000000000000000000e+00 0.000000000000000000e+00 0.000000000000000000e+00 0.000000000000000000e+00
0.000000000000000000e+00 0.000000000000000000e+00 0.000000000000000000e+00 0.000000000000000000e+00 0.000000000000000000e+00
0.000000000000000000e+00 0.000000000000000000e+00 0.000000000000000000e+00 0.000000000000000000e+00 0.000000000000000000e+00
0.000000000000000000e+00 0.000000000000000000e+00 0.000000000000000000e+00 0.000000000000000000e+00 0.000000000000000000e+00
0.000000000000000000e+00 0.000000000000000000e+00 0.000000000000000000e+00 0.000000000000000000e+00 0.000000000000000000e+00
0.000000000000000000e+00 0.000000000000000000e+00 0.000000000000000000e+00 0.000000000000000000e+00 0.000000000000000000e+00
0.000000000000000000e+00 0.000000000000000000e+00 0.000000000000000000e+00 0.000000000000000000e+00 0.000000000000000000e+00
0.000000000000000000e+00 0.000000000000000000e+00 0.000000000000000000e+00 0.000000000000000000e+00 0.000000000000000000e+00
0.000000000000000000e+00 0.000000000000000000e+00 0.000000000000000000e+00 0.000000000000000000e+00 0.000000000000000000e+00
0.000000000000000000e+00 0.000000000000000000e+00 0.000000000000000000e+00 0.000000000000000000e+00 0.000000000000000000e+00
0.000000000000000000e+00 0.000000000000000000e+00 0.000000000000000000e+00 0.000000000000000000e+00 0.000000000000000000e+00
0.000000000000000000e+00 0.000000000000000000e+00 0.000000000000000000e+00 0.000000000000000000e+00 0.000000000000000000e+00
0.000000000000000000e+00 0.000000000000000000e+00 0.000000000000000000e+00 0.000000000000000000e+00 0.000000000000000000e+00
0.000000000000000000e+00 0.000000000000000000e+00 0.000000000000000000e+00 0.000000000000000000e+00 0.000000000000000000e+00
0.000000000000000000e+00 0.000000000000000000e+00 0.000000000000000000e+00 0.000000000000000000e+00 0.000000000000000000e+00
0.000000000000000000e+00 0.000000000000000000e+00 0.000000000000000000e+00 0.000000000000000000e+00 0.000000000000000000e+00
0.000000000000000000e+00 0.000000000000000000e+00 0.000000000000000000e+00 0.000000000000000000e+00 0.000000000000000000e+00
0.000000000000000000e+00 0.000000000000000000e+00 0.000000000000000000e+00 0.000000000000000000e+00 0.000000000000000000e+00
0.000000000000000000e+00 0.000000000000000000e+00 0.000000000000000000e+00 0.000000000000000000e+00 0.000000000000000000e+00
0.000000000000000000e+00 0.000000000000000000e+00 0.000000000000000000e+00 0.000000000000000000e+00 0.000000000000000000e+00
0.000000000000000000e+00 0.000000000000000000e+00 0.000000000000000000e+00 0.000000000000000000e+00 0.000000000000000000e+00
0.000000000000000000e+00 0.000000000000000000e+00 0.000000000000000000e+00 0.000000000000000000e+00 0.000000000000000000e+00
0.000000000000000000e+00 0.000000000000000000e+00 0.000000000000000000e+00 0.000000000000000000e+00 0.000000000000000000e+00
0.000000000000000000e+00 0.000000000000000000e+00 0.000000000000000000e+00 0.000000000000000000e+00 0.000000000000000000e+00
0.000000000000000000e+00 0.000000000000000000e+00 0.000000000000000000e+00 0.000000000000000000e+00 0.000000000000000000e+00
0.000000000000000000e+00 0.000000000000000000e+00 0.000000000000000000e+00 0.000000000000000000e+00 0.000000000000000000e+00
0.000000000000000000e+00 0.000000000000000000e+00 0.000000000000000000e+00 0.000000000000000000e+00 0.000000000000000000e+00
0.000000000000000000e+00 0.000000000000000000e+00 0.000000000000000000e+00 0.000000000000000000e+00 0.000000000000000000e+00
0.000000000000000000e+00 0.000000000000000000e+00 0.000000000000000000e+00 0.000000000000000000e+00 0.000000000000000000e+00
0.000000000000000000e+00 0.000000000000000000e+00 0.000000000000000000e+00 0.000000000000000000e+00 0.000000000000000000e+00
0.000000000000000000e+00 0.000000000000000000e+00 0.000000000000000000e+00 0.000000000000000000e+00 0.000000000000000000e+00
0.000000000000000000e+00 0.000000000000000000e+00 0.000000000000000000e+00 0.000000000000000000e+00 0.000000000000000000e+00
0.000000000000000000e+00 0.000000000000000000e+00 0.000000000000000000e+00 0.000000000000000000e+00 0.000000000000000000e+00
0.000000000000000000e+00 0.000000000000000000e+00 0.000000000000000000e+00 0.000000000000000000e+00 0.000000000000000000e+00
0.000000000000000000e+00 0.000000000000000000e+00 0.000000000000000000e+00 0.000000000000000000e+00 0.000000000000000000e+00
0.000000000000000000e+00 0.000000000000000000e+00 0.000000000000000000e+00 0.000000000000000000e+00 0.000000000000000000e+00
0.000000000000000000e+00 0.000000000000000000e+00 0.000000000000000000e+00 0.000000000000000000e+00 0.000000000000000000e+00
0.000000000000000000e+00 0.000000000000000000e+00 0.000000000000000000e+00 0.000000000000000000e+00 0.000000000000000000e+00
0.000000000000000000e+00 0.000000000000000000e+00 0.000000000000000000e+00 0.000000000000000000e+00 0.000000000000000000e+00
0.000000000000000000e+00 0.000000000000000000e+00 0.000000000000000000e+00 0.000000000000000000e+00 0.000000000000000000e+00
0.000000000000000000e+00 0.000000000000000000e+00 0.000000000000000000e+00 0.000000000000000000e+00 0.000000000000000000e+00
0.000000000000000000e+00 0.000000000000000000e+00 0.000000000000000000e+00 0.000000000000000000e+00 0.000000000000000000e+00
0.000000000000000000e+00 0.000000000000000000e+00 0.000000000000000000e+00 0.000000000000000000e+00 0.000000000000000000e+00
0.000000000000000000e+00 0.000000000000000000e+00 0.000000000000000000e+00 0.000000000000000000e+00 0.000000000000000000e+00
0.000000000000000000e+00 0.000000000000000000e+00 0.000000000000000000e+00 0.000000000000000000e+00 0.000000000000000000e+00
0.000000000000000000e+00 0.000000000000000000e+00 0.000000000000000000e+00 0.000000000000000000e+00 0.000000000000000000e+00
0.000000000000000000e+00 0.000000000000000000e+00 0.000000000000000000e+00 0.000000000000000000e+00 0.000000000000000000e+00
0.000000000000000000e+00 0.000000000000000000e+00 0.000000000000000000e+00 0.000000000000000000e+00 0.000000000000000000e+00
0.000000000000000000e+00 0.000000000000000000e+00 0.000000000000000000e+00 0.000000000000000000e+00 0.000000000000000000e+00
0.000000000000000000e+00 0.000000000000000000e+00 0.000000000000000000e+00 0.000000000000000000e+00 0.000000000000000000e+00
0.000000000000000000e+00 0.000000000000000000e+00 0.000000000000000000e+00 0.000000000000000000e+00 0.000000000000000000e+00
0.000000000000000000e+00 0.000000000000000000e+00 0.000000000000000000e+00 0.000000000000000000e+00 0.000000000000000000e+00
0.000000000000000000e+00 0.000000000000000000e+00 0.000000000000000000e+00 0.000000000000000000e+00 0.000000000000000000e+00
0.000000000000000000e+00 0.000000000000000000e+00 0.000000000000000000e+00 0.000000000000000000e+00 0.000000000000000000e+00
0.000000000000000000e+00 0.000000000000000000e+00 0.000000000000000000e+00 0.000000000000000000e+00 0.000000000000000000e+00
0.000000000000000000e+00 0.000000000000000000e+00 0.000000000000000000e+00 0.000000000000000000e+00 0.000000000000000000e+00
0.000000000000000000e+00 0.000000000000000000e+00 0.000000000000000000e+00 0.000000000000000000e+00 0.000000000000000000e+00
0.000000000000000000e+00 0.000000000000000000e+00 0.000000000000000000e+00 0.000000000000000000e+00 0.000000000000000000e+00
0.000000000000000000e+00 0.000000000000000000e+00 0.000000000000000000e+00 0.000000000000000000e+00 0.000000000000000000e+00
0.000000000000000000e+00 0.000000000000000000e+00 0.000000000000000000e+00 8.820295204731865013e+00 1.210044449134934474e+01
0.000000000000000000e+00 0.000000000000000000e+00 0.000000000000000000e+00 4.732677815536288080e+00 1.082752949412884469e+01
0.000000000000000000e+00 0.000000000000000000e+00 0.000000000000000000e+00 2.769675106578226575e+00 8.767918558997598311e+00
0.000000000000000000e+00 0.000000000000000000e+00 0.000000000000000000e+00 1.322927174001175876e+00 6.221756572671131025e+00
0.000000000000000000e+00 0.000000000000000000e+00 0.000000000000000000e+00 0.000000000000000000e+00 4.053491868608070092e+00
2.836541189933416973e+00 0.000000000000000000e+00 0.000000000000000000e+00 0.000000000000000000e+00 2.394113601583365281e+00
5.716546217171033284e+00 0.000000000000000000e+00 0.000000000000000000e+00 0.000000000000000000e+00 9.819005972662965265e-01
7.289168235326819456e+00 0.000000000000000000e+00 0.000000000000000000e+00 0.000000000000000000e+00 0.000000000000000000e+00
8.116689185899348402e+00 0.000000000000000000e+00 0.000000000000000000e+00 0.000000000000000000e+00 0.000000000000000000e+00
8.367832031189887942e+00 1.197139729128444685e+00 0.000000000000000000e+00 0.000000000000000000e+00 0.000000000000000000e+00
8.144494161341269134e+00 3.980519520739322914e+00 0.000000000000000000e+00 0.000000000000000000e+00 0.000000000000000000e+00
7.654972317116648384e+00 5.837904248503225979e+00 0.000000000000000000e+00 0.000000000000000000e+00 0.000000000000000000e+00
6.847854510148864371e+00 6.987807863196024982e+00 0.000000000000000000e+00 0.000000000000000000e+00 0.000000000000000000e+00
5.691374569710880849e+00 7.486581972150352371e+00 8.028427171212815239e-01 0.000000000000000000e+00 0.000000000000000000e+00
4.330632681605512957e+00 7.374553159498900001e+00 3.617475126031175048e+00 0.000000000000000000e+00 0.000000000000000000e+00
2.908448849133824510e+00 6.937082844638702284e+00 5.458896103562445035e+00 0.000000000000000000e+00 0.000000000000000000e+00
1.549207757783594985e+00 6.238448339592288505e+00 6.535021455655432021e+00 0.000000000000000000e+00 0.000000000000000000e+00
3.131488452338260231e-01 5.260173611790897041e+00 6.977260447065845028e+00 2.338319878987604739e-01 0.000000000000000000e+00
0.000000000000000000e+00 4.108205787410312837e+00 6.842516701778177612e+00 2.976276693886204416e+00 0.000000000000000000e+00
0.000000000000000000e+00 2.916486348422501873e+00 6.461627039995710753e+00 4.718638962347939447e+00 0.000000000000000000e+00
0.000000000000000000e+00 1.767966779169070080e+00 5.913544790856875011e+00 5.733917860921363463e+00 0.000000000000000000e+00
0.000000000000000000e+00 6.716446042865165111e-01 5.135722312532680078e+00 6.217766385436567234e+00 0.000000000000000000e+00
0.000000000000000000e+00 0.000000000000000000e+00 4.178811156106823077e+00 6.217528247997386792e+00 2.089343167476460650e+00
0.000000000000000000e+00 0.000000000000000000e+00 3.116602137359061775e+00 5.972590770261767545e+00 3.859722387258530674e+00
0.000000000000000000e+00 0.000000000000000000e+00 2.045478519922596661e+00 5.569144008172912663e+00 4.939658657089038840e+00
0.000000000000000000e+00 0.000000000000000000e+00 1.012120665583200463e+00 4.944015115099249513e+00 5.530095604667657483e+00
0.000000000000000000e+00 0.000000000000000000e+00 0.000000000000000000e+00 4.126403096268695947e+00 5.681503828800478217e+00
0.000000000000000000e+00 0.000000000000000000e+00 0.000000000000000000e+00 3.184622560390844459e+00 5.422304955724913889e+00
0.000000000000000000e+00 0.000000000000000000e+00 0.000000000000000000e+00 2.212318276081646218e+00 4.824065597193580857e+00
0.000000000000000000e+00 0.000000000000000000e+00 0.000000000000000000e+00 1.220222050636206035e+00 4.001630456034881433e+00
2.842693485875536497e-01 0.000000000000000000e+00 0.000000000000000000e+00 1.888951399824012611e-01 3.057978229540880832e+00
2.443511239309970051e+00 0.000000000000000000e+00 0.000000000000000000e+00 0.000000000000000000e+00 2.044866269180580787e+00
3.900830898505250222e+00 0.000000000000000000e+00 0.000000000000000000e+00 0.000000000000000000e+00 1.033596928044131280e+00
4.825147350559345405e+00 0.000000000000000000e+00 0.000000000000000000e+00 0.000000000000000000e+00 8.210291637553268629e-02
5.340883909455619083e+00 0.000000000000000000e+00 0.000000000000000000e+00 0.000000000000000000e+00 0.000000000000000000e+00
5.474110074245519542e+00 1.509363422657932219e+00 0.000000000000000000e+00 0.000000000000000000e+00 0.000000000000000000e+00
5.395515368475631846e+00 3.045446384791992145e+00 0.000000000000000000e+00 0.000000000000000000e+00 0.000000000000000000e+00
5.173999867447252043e+00 4.056036263983102685e+00 0.000000000000000000e+00 0.000000000000000000e+00 0.000000000000000000e+00
4.709948257178853126e+00 4.703457605581018441e+00 0.000000000000000000e+00 0.000000000000000000e+00 0.000000000000000000e+00
3.983499178044604516e+00 5.006171468944345726e+00 1.215991426187272850e+00 0.000000000000000000e+00 0.000000000000000000e+00
3.073785715267103757e+00 5.024751191671263939e+00 2.798245126001877026e+00 0.000000000000000000e+00 0.000000000000000000e+00
2.078793100162394936e+00 4.823134549386978165e+00 3.864314618707274107e+00 0.000000000000000000e+00 0.000000000000000000e+00
1.082787702425553888e+00 4.380751504207340830e+00 4.524921877079615129e+00 0.000000000000000000e+00 0.000000000000000000e+00
1.182638864046392513e-01 3.719206310503473389e+00 4.803172860228803742e+00 7.707449527443887005e-01 0.000000000000000000e+00
0.000000000000000000e+00 2.910113802388707427e+00 4.767690057327671482e+00 2.412565623452813668e+00 0.000000000000000000e+00
0.000000000000000000e+00 2.058718562048902356e+00 4.553104393690761142e+00 3.469740050416553867e+00 0.000000000000000000e+00
0.000000000000000000e+00 1.211894142694687204e+00 4.178344152043393933e+00 4.097233915348859057e+00 0.000000000000000000e+00
0.000000000000000000e+00 3.534775216374530515e-01 3.636043399022357292e+00 4.383328144741076571e+00 3.016477417497753777e-01
0.000000000000000000e+00 0.000000000000000000e+00 2.954600859352476849e+00 4.381896952815695911e+00 1.941761035258933177e+00
0.000000000000000000e+00 0.000000000000000000e+00 2.184338479482814233e+00 4.242513267941578015e+00 2.990192996005447856e+00
0.000000000000000000e+00 0.000000000000000000e+00 1.387444605186365365e+00 3.970424133185117554e+00 3.635432937971438516e+00
0.000000000000000000e+00 0.000000000000000000e+00 5.850673352375501679e-01 3.517868651439046701e+00 3.985978951609308485e+00
0.000000000000000000e+00 0.000000000000000000e+00 0.000000000000000000e+00 2.917704870099093739e+00 4.050821773694934791e+00
0.000000000000000000e+00 0.000000000000000000e+00 0.000000000000000000e+00 2.225038665859688791e+00 3.845368941538751528e+00
0.000000000000000000e+00 0.000000000000000000e+00 0.000000000000000000e+00 1.489036889371018191e+00 3.419178503860802909e+00
0.000000000000000000e+00 0.000000000000000000e+00 0.000000000000000000e+00 7.129647802189164052e-01 2.840528231257230640e+00
8.470713050501199604e-01 0.000000000000000000e+00 0.000000000000000000e+00 0.000000000000000000e+00 2.163716911708881696e+00
2.181821302887252401e+00 0.000000000000000000e+00 0.000000000000000000e+00 0.000000000000000000e+00 1.418417239552480780e+00
3.076555095130766304e+00 0.000000000000000000e+00 0.000000000000000000e+00 0.000000000000000000e+00 6.697372251668820553e-01
3.642439157420707563e+00 0.000000000000000000e+00 0.000000000000000000e+00 0.000000000000000000e+00 0.000000000000000000e+00
3.933583881434161711e+00 2.713658024540865910e-01 0.000000000000000000e+00 0.000000000000000000e+00 0.000000000000000000e+00
3.988303520527454182e+00 1.642974239305514894e+00 0.000000000000000000e+00 0.000000000000000000e+00 0.000000000000000000e+00
3.932782426342829041e+00 2.554927118174550316e+00 0.000000000000000000e+00 0.000000000000000000e+00 0.000000000000000000e+00
3.758866422655078310e+00 3.157089612304382342e+00 0.000000000000000000e+00 0.000000000000000000e+00 0.000000000000000000e+00
3.384998981270008755e+00 3.538824931697588383e+00 1.263044907584287557e-01 0.000000000000000000e+00 0.000000000000000000e+00
2.819206420118547829e+00 3.695639320767982738e+00 1.484516029369800094e+00 0.000000000000000000e+00 0.000000000000000000e+00
2.117315444803339997e+00 3.697188968560185529e+00 2.418785277300585790e+00 0.000000000000000000e+00 0.000000000000000000e+00
1.350022575953184756e+00 3.534739421219077471e+00 3.053584752365496424e+00 0.000000000000000000e+00 0.000000000000000000e+00
5.758098909308007052e-01 3.168757385629473067e+00 3.443323236964470624e+00 0.000000000000000000e+00 0.000000000000000000e+00
0.000000000000000000e+00 2.640991471775375743e+00 3.569695313376266554e+00 1.192733443736884169e+00 0.000000000000000000e+00
0.000000000000000000e+00 2.012936650524084214e+00 3.527487214238105739e+00 2.169961454066742235e+00 0.000000000000000000e+00
0.000000000000000000e+00 1.354905696185975117e+00 3.359022077302133980e+00 2.798194843652801023e+00 0.000000000000000000e+00
0.000000000000000000e+00 6.883794899380911714e-01 3.043885392665561795e+00 3.167887216767226732e+00 0.000000000000000000e+00
0.000000000000000000e+00 0.000000000000000000e+00 2.601693032676157813e+00 3.302488957496869215e+00 8.482594886814176505e-01
0.000000000000000000e+00 0.000000000000000000e+00 2.052226908111913772e+00 3.282963731036598887e+00 1.845178893318752955e+00
0.000000000000000000e+00 0.000000000000000000e+00 1.453310111555810025e+00 3.159682109438959330e+00 2.482667163375840147e+00
0.000000000000000000e+00 0.000000000000000000e+00 8.354313714989114459e-01 2.909394409014334659e+00 2.871683143097580881e+00
0.000000000000000000e+00 0.000000000000000000e+00 1.863015212600593884e-01 2.531795230409565889e+00 3.049641170296570891e+00
0.000000000000000000e+00 0.000000000000000000e+00 0.000000000000000000e+00 2.048457265989540588e+00 3.024969327007092090e+00
0.000000000000000000e+00 0.000000000000000000e+00 0.000000000000000000e+00 1.500670988045973431e+00 2.817736242320956652e+00
0.000000000000000000e+00 0.000000000000000000e+00 0.000000000000000000e+00 9.100254217009684510e-01 2.465240312156069535e+00
6.205883591019478729e-02 0.000000000000000000e+00 0.000000000000000000e+00 2.760277601155003424e-01 2.008855581616977304e+00
1.227479374234858867e+00 0.000000000000000000e+00 0.000000000000000000e+00 0.000000000000000000e+00 1.475179911863948590e+00
2.028932932768423569e+00 0.000000000000000000e+00 0.000000000000000000e+00 0.000000000000000000e+00 8.966703319260282967e-01
2.560264200912474308e+00 0.000000000000000000e+00 0.000000000000000000e+00 0.000000000000000000e+00 3.127040921869284062e-01
2.890684585643184423e+00 0.000000000000000000e+00 0.000000000000000000e+00 0.000000000000000000e+00 0.000000000000000000e+00
3.030164473516317347e+00 8.075144418932467261e-01 0.000000000000000000e+00 0.000000000000000000e+00 0.000000000000000000e+00
3.050929052739955072e+00 1.640800201250867341e+00 0.000000000000000000e+00 0.000000000000000000e+00 0.000000000000000000e+00
2.988978917679636638e+00 2.199561329930936893e+00 0.000000000000000000e+00 0.000000000000000000e+00 0.000000000000000000e+00
2.797146681762763265e+00 2.574224548012313818e+00 0.000000000000000000e+00 0.000000000000000000e+00 0.000000000000000000e+00
2.448778502898862897e+00 2.785309934006114485e+00 6.927191265725073377e-01 0.000000000000000000e+00 0.000000000000000000e+00
1.964227087121699356e+00 2.864978769379415979e+00 1.538623810846591056e+00 0.000000000000000000e+00 0.000000000000000000e+00
1.388572822269216189e+00 2.826063901681532542e+00 2.122886523501801292e+00 0.000000000000000000e+00 0.000000000000000000e+00
7.734274171958243072e-01 2.636487419079349248e+00 2.515154510848356395e+00 0.000000000000000000e+00 0.000000000000000000e+00
1.493988135882862167e-01 2.297154903652254276e+00 2.721574897939822435e+00 4.564392256979221685e-01 0.000000000000000000e+00
0.000000000000000000e+00 1.844510546809896345e+00 2.764001826503905246e+00 1.356801476281930263e+00 0.000000000000000000e+00
0.000000000000000000e+00 1.338998089892644350e+00 2.694421946698408732e+00 1.954722093379039904e+00 0.000000000000000000e+00
0.000000000000000000e+00 8.135416513592286236e-01 2.516845407825538672e+00 2.330835756858853358e+00 0.000000000000000000e+00
0.000000000000000000e+00 2.623923661584104394e-01 2.229109898981080917e+00 2.525395683248818912e+00 2.284409409314047956e-01
0.000000000000000000e+00 0.000000000000000000e+00 1.845287605995240554e+00 2.566487296628024328e+00 1.141135435449287305e+00
0.000000000000000000e+00 0.000000000000000000e+00 1.390758724211780262e+00 2.523346070820711162e+00 1.732487298533271769e+00
0.000000000000000000e+00 0.000000000000000000e+00 9.005153202397053747e-01 2.394117178016053060e+00 2.107880760812310683e+00
0.000000000000000000e+00 0.000000000000000000e+00 3.868700725759044445e-01 2.152018076054895701e+00 2.325312584567704732e+00
0.000000000000000000e+00 0.000000000000000000e+00 0.000000000000000000e+00 1.811008268687048783e+00 2.388157129787638056e+00
0.000000000000000000e+00 0.000000000000000000e+00 0.000000000000000000e+00 1.398233387751171009e+00 2.300972483441192651e+00
0.000000000000000000e+00 0.000000000000000000e+00 0.000000000000000000e+00 9.438856195780509495e-01 2.084612149062197162e+00
0.000000000000000000e+00 0.000000000000000000e+00 0.000000000000000000e+00 4.516191922506518353e-01 1.771029177281180145e+00
6.069884808467662651e-01 0.000000000000000000e+00 0.000000000000000000e+00 0.000000000000000000e+00 1.386147056018165680e+00
1.342252371136831712e+00 0.000000000000000000e+00 0.000000000000000000e+00 0.000000000000000000e+00 9.428765101598468590e-01
1.840340221701781465e+00 0.000000000000000000e+00 0.000000000000000000e+00 0.000000000000000000e+00 4.798676248225230978e-01
2.165160028719865792e+00 0.000000000000000000e+00 0.000000000000000000e+00 0.000000000000000000e+00 1.490801446216494242e-02
2.340699306198139595e+00 3.048938116692934130e-01 0.000000000000000000e+00 0.000000000000000000e+00 0.000000000000000000e+00
2.394768428940219351e+00 1.061026192440488458e+00 0.000000000000000000e+00 0.000000000000000000e+00 0.000000000000000000e+00
2.382543641052015104e+00 1.567607395814913929e+00 0.000000000000000000e+00 0.000000000000000000e+00 0.000000000000000000e+00
2.292935796254358394e+00 1.908068563781109006e+00 0.000000000000000000e+00 0.000000000000000000e+00 0.000000000000000000e+00
2.083104636415651356e+00 2.127531100443009748e+00 2.371780750192087339e-01 0.000000000000000000e+00 0.000000000000000000e+00
1.749953619083965961e+00 2.236810117200560999e+00 9.871135839543309087e-01 0.000000000000000000e+00 0.000000000000000000e+00
1.320567943106576436e+00 2.259270772456992038e+00 1.505083977401327155e+00 0.000000000000000000e+00 0.000000000000000000e+00
8.356537800700181151e-01 2.174617984467346332e+00 1.865321134330208963e+00 0.000000000000000000e+00 0.000000000000000000e+00
3.300508764522369631e-01 1.960854740812205677e+00 2.092138143845545528e+00 5.461630509707937620e-02 0.000000000000000000e+00
0.000000000000000000e+00 1.640052372811506842e+00 2.175230439962616558e+00 8.500633663734191714e-01 0.000000000000000000e+00
0.000000000000000000e+00 1.249114057488913687e+00 2.166071630447996554e+00 1.386606517117083825e+00 0.000000000000000000e+00
0.000000000000000000e+00 8.294933529093473368e-01 2.075081323534337496e+00 1.737887321184290457e+00 0.000000000000000000e+00
0.000000000000000000e+00 3.923681289127056715e-01 1.885875157366196930e+00 1.950129223700267644e+00 0.000000000000000000e+00
0.000000000000000000e+00 0.000000000000000000e+00 1.612689903838520289e+00 2.028230592189004255e+00 6.775807280587820003e-01
0.000000000000000000e+00 0.000000000000000000e+00 1.268282586703195491e+00 2.027235544304080150e+00 1.220099475547806733e+00
0.000000000000000000e+00 0.000000000000000000e+00 8.847212505706458785e-01 1.961981783440549520e+00 1.571377456726344102e+00
0.000000000000000000e+00 0.000000000000000000e+00 4.791002157804236106e-01 1.808021705383087152e+00 1.791809389482308390e+00
0.000000000000000000e+00 0.000000000000000000e+00 4.568932250220036906e-02 1.569638901082912597e+00 1.891626392156133818e+00
0.000000000000000000e+00 0.000000000000000000e+00 0.000000000000000000e+00 1.260260972311426420e+00 1.872210296287768472e+00
0.000000000000000000e+00 0.000000000000000000e+00 0.000000000000000000e+00 9.083349850696809114e-01 1.744064255486712511e+00
0.000000000000000000e+00 0.000000000000000000e+00 0.000000000000000000e+00 5.226759466602537429e-01 1.528861669282983726e+00
2.362171993205564036e-01 0.000000000000000000e+00 0.000000000000000000e+00 1.008057850257682020e-01 1.248827633971076878e+00
8.919498828617644648e-01 0.000000000000000000e+00 0.000000000000000000e+00 0.000000000000000000e+00 9.128573799962326207e-01
1.341644041013401178e+00 0.000000000000000000e+00 0.000000000000000000e+00 0.000000000000000000e+00 5.453149731009165890e-01
1.641926177578429957e+00 0.000000000000000000e+00 0.000000000000000000e+00 0.000000000000000000e+00 1.667784042845799064e-01
1.825546953188421639e+00 1.862511059865568086e-02 0.000000000000000000e+00 0.000000000000000000e+00 0.000000000000000000e+00
1.898566255651763734e+00 6.862711105961949443e-01 0.000000000000000000e+00 0.000000000000000000e+00 0.000000000000000000e+00
1.915133826889583446e+00 1.134372523915541109e+00 0.000000000000000000e+00 0.000000000000000000e+00 0.000000000000000000e+00
1.879618879838709233e+00 1.438024689376780074e+00 0.000000000000000000e+00 0.000000000000000000e+00 0.000000000000000000e+00
1.751420544116770506e+00 1.647323526706259145e+00 0.000000000000000000e+00 0.000000000000000000e+00 0.000000000000000000e+00
1.521170739663713078e+00 1.761963532772599095e+00 6.338716198029992199e-01 0.000000000000000000e+00 0.000000000000000000e+00
1.202266994218943452e+00 1.811132554070633560e+00 1.086393875650353280e+00 0.000000000000000000e+00 0.000000000000000000e+00
8.219287086180759871e-01 1.786396734270905284e+00 1.404350504866513916e+00 0.000000000000000000e+00 0.000000000000000000e+00
4.130330880842870145e-01 1.655771837833661664e+00 1.622939517657782327e+00 0.000000000000000000e+00 0.000000000000000000e+00
0.000000000000000000e+00 1.427560036175172797e+00 1.731754975890149595e+00 4.946933651136653509e-01 0.000000000000000000e+00
0.000000000000000000e+00 1.125656133869030739e+00 1.755292706136897252e+00 9.842203414958028418e-01 0.000000000000000000e+00
0.000000000000000000e+00 7.935987998743332383e-01 1.708085493307764935e+00 1.312524758527846336e+00 0.000000000000000000e+00
0.000000000000000000e+00 4.457096854914510686e-01 1.583298957525833828e+00 1.520930652543146522e+00 0.000000000000000000e+00
0.000000000000000000e+00 7.075815404459007141e-02 1.389220542228919442e+00 1.620097138044300777e+00 3.572146028080602775e-01
0.000000000000000000e+00 0.000000000000000000e+00 1.131532720818828608e+00 1.641207465493659257e+00 8.586796885624625730e-01
0.000000000000000000e+00 0.000000000000000000e+00 8.305697858098959330e-01 1.610162803461401282e+00 1.184832979072156789e+00
0.000000000000000000e+00 0.000000000000000000e+00 5.042247920151066154e-01 1.514681895628395836e+00 1.393578941377189073e+00
0.000000000000000000e+00 0.000000000000000000e+00 1.531566776840165289e-01 1.347184258758309383e+00 1.507137977072811941e+00
0.000000000000000000e+00 0.000000000000000000e+00 0.000000000000000000e+00 1.115738822272049902e+00 1.526382192976036833e+00
0.000000000000000000e+00 0.000000000000000000e+00 0.000000000000000000e+00 8.390989243499014094e-01 1.455496301837770678e+00
0.000000000000000000e+00 0.000000000000000000e+00 0.000000000000000000e+00 5.311254973285972625e-01 1.307623596511255926e+00
2.013312997963367934e-02 0.000000000000000000e+00 0.000000000000000000e+00 1.928425784287579881e-01 1.099925352822452851e+00
5.942869467745115486e-01 0.000000000000000000e+00 0.000000000000000000e+00 0.000000000000000000e+00 8.435375658131949450e-01
9.912191153859505333e-01 0.000000000000000000e+00 0.000000000000000000e+00 0.000000000000000000e+00 5.504293118788972095e-01
1.260094130072140217e+00 0.000000000000000000e+00 0.000000000000000000e+00 0.000000000000000000e+00 2.413646075444386974e-01
1.436536992802226465e+00 0.000000000000000000e+00 0.000000000000000000e+00 0.000000000000000000e+00 0.000000000000000000e+00
1.524357989120490364e+00 4.110046415718926482e-01 0.000000000000000000e+00 0.000000000000000000e+00 0.000000000000000000e+00
1.554161768236168584e+00 8.199891693262006953e-01 0.000000000000000000e+00 0.000000000000000000e+00 0.000000000000000000e+00
1.541712497477005783e+00 1.097667530136225977e+00 0.000000000000000000e+00 0.000000000000000000e+00 0.000000000000000000e+00
1.465047509750680987e+00 1.288913149826305338e+00 0.000000000000000000e+00 0.000000000000000000e+00 0.000000000000000000e+00
1.307142573107338279e+00 1.405644667680476800e+00 3.714194622416489011e-01 0.000000000000000000e+00 0.000000000000000000e+00
1.070414877279208810e+00 1.465383333702084068e+00 7.819321883499696924e-01 0.000000000000000000e+00 0.000000000000000000e+00
7.731236806261777561e-01 1.468358629404455939e+00 1.068778213673455824e+00 0.000000000000000000e+00 0.000000000000000000e+00
4.419670114392193483e-01 1.391199827100510822e+00 1.270051221522416895e+00 0.000000000000000000e+00 0.000000000000000000e+00
9.630557351705704150e-02 1.230174619844603967e+00 1.387138980946423183e+00 2.586069204807728283e-01 0.000000000000000000e+00
0.000000000000000000e+00 1.001384117265802232e+00 1.427742941998380033e+00 7.001998024891609163e-01 0.000000000000000000e+00
0.000000000000000000e+00 7.357306967705222744e-01 1.409357175220904645e+00 9.988794843964399206e-01 0.000000000000000000e+00
0.000000000000000000e+00 4.516855373828310150e-01 1.330139714343445689e+00 1.193803583152988068e+00 0.000000000000000000e+00
0.000000000000000000e+00 1.468384420936352797e-01 1.189826437425427486e+00 1.301209024258769276e+00 1.544653569851295316e-01
0.000000000000000000e+00 0.000000000000000000e+00 9.945587483421469699e-01 1.335295175566333148e+00 6.064101668024246550e-01
0.000000000000000000e+00 0.000000000000000000e+00 7.562305407846281469e-01 1.325118541820309304e+00 9.018440477289946244e-01
0.000000000000000000e+00 0.000000000000000000e+00 4.920272622037469290e-01 1.267096551187272269e+00 1.093374095819692471e+00
0.000000000000000000e+00 0.000000000000000000e+00 2.076981979721193305e-01 1.148161754623462372e+00 1.208179186343301126e+00
0.000000000000000000e+00 0.000000000000000000e+00 0.000000000000000000e+00 9.735070841567061706e-01 1.247310932443550513e+00
0.000000000000000000e+00 0.000000000000000000e+00 0.000000000000000000e+00 7.554189075271811049e-01 1.211810802116674912e+00
0.000000000000000000e+00 0.000000000000000000e+00 0.000000000000000000e+00 5.093636459226047464e-01 1.109832736716160895e+00
0.000000000000000000e+00 0.000000000000000000e+00 0.000000000000000000e+00 2.376824893844187159e-01 9.549465425928183038e-01
3.709657282806322343e-01 0.000000000000000000e+00 0.000000000000000000e+00 0.000000000000000000e+00 7.580352982528815176e-01
7.301425950801743170e-01 0.000000000000000000e+00 0.000000000000000000e+00 0.000000000000000000e+00 5.244882150325747006e-01
9.754589360296428424e-01 0.000000000000000000e+00 0.000000000000000000e+00 0.000000000000000000e+00 2.737867441498220700e-01
1.139475925964914538e+00 0.000000000000000000e+00 0.000000000000000000e+00 0.000000000000000000e+00 1.474866123829521314e-02
1.230960256394331154e+00 2.266157389167400560e-01 0.000000000000000000e+00 0.000000000000000000e+00 0.000000000000000000e+00
1.266634501956751535e+00 5.955874085239276639e-01 0.000000000000000000e+00 0.000000000000000000e+00 0.000000000000000000e+00
1.267511351460646196e+00 8.450127635216819755e-01 0.000000000000000000e+00 0.000000000000000000e+00 0.000000000000000000e+00
1.223979036622635519e+00 1.015907433800951054e+00 0.000000000000000000e+00 0.000000000000000000e+00 0.000000000000000000e+00
1.116051083165263691e+00 1.127342016249262002e+00 2.000299655864257176e-01 0.000000000000000000e+00 0.000000000000000000e+00
9.399573018045880302e-01 1.189576610195040018e+00 5.659580879272763099e-01 0.000000000000000000e+00 0.000000000000000000e+00
7.074966341159516503e-01 1.208075362291225474e+00 8.201497037252902800e-01 0.000000000000000000e+00 0.000000000000000000e+00
4.395930786665314116e-01 1.166193084629085774e+00 1.000527269708797462e+00 0.000000000000000000e+00 0.000000000000000000e+00
1.548147553476653115e-01 1.053368608944742491e+00 1.115724855543573701e+00 1.079298895979174944e-01 0.000000000000000000e+00
0.000000000000000000e+00 8.799460649666103196e-01 1.164166972585878312e+00 4.995133091943238512e-01 0.000000000000000000e+00
0.000000000000000000e+00 6.669920332032397425e-01 1.163944116304262977e+00 7.656252609454748947e-01 0.000000000000000000e+00
0.000000000000000000e+00 4.348973106858533555e-01 1.115748561420986107e+00 9.426472933825280620e-01 0.000000000000000000e+00
0.000000000000000000e+00 1.869308816741099832e-01 1.014202503272860767e+00 1.049389925371828625e+00 2.730828310800070824e-02
0.000000000000000000e+00 0.000000000000000000e+00 8.656707010554498538e-01 1.089477651825259130e+00 4.282404416461282892e-01
0.000000000000000000e+00 0.000000000000000000e+00 6.765595829036373798e-01 1.092036410589809492e+00 6.912171455586513247e-01
0.000000000000000000e+00 0.000000000000000000e+00 4.627163459768901532e-01 1.058934817754559887e+00 8.631146268565004220e-01
0.000000000000000000e+00 0.000000000000000000e+00 2.323337475693687815e-01 9.747835478214028626e-01 9.727207725380537795e-01
0.000000000000000000e+00 0.000000000000000000e+00 0.000000000000000000e+00 8.427835557830665181e-01 1.021353104969282555e+00
0.000000000000000000e+00 0.000000000000000000e+00 0.000000000000000000e+00 6.704637533089830015e-01 1.008351332582684279e+00
0.000000000000000000e+00 0.000000000000000000e+00 0.000000000000000000e+00 4.735266982453278928e-01 9.385481927600026753e-01
0.000000000000000000e+00 0.000000000000000000e+00 0.000000000000000000e+00 2.550103099375800042e-01 8.226879779311513374e-01
2.178173215469669799e-01 0.000000000000000000e+00 0.000000000000000000e+00 1.393070925439943153e-02 6.709548662058306689e-01
5.391853366868382125e-01 0.000000000000000000e+00 0.000000000000000000e+00 0.000000000000000000e+00 4.853161043455855861e-01
7.597424063376934100e-01 0.000000000000000000e+00 0.000000000000000000e+00 0.000000000000000000e+00 2.817739990248657733e-01
9.085813530933428694e-01 0.000000000000000000e+00 0.000000000000000000e+00 0.000000000000000000e+00 6.937231135372812219e-02
9.980240421176489463e-01 1.049752882604604309e-01 0.000000000000000000e+00 0.000000000000000000e+00 0.000000000000000000e+00
1.036820129210109798e+00 4.331086383836524334e-01 0.000000000000000000e+00 0.000000000000000000e+00 0.000000000000000000e+00
1.046433269293531865e+00 6.543840654454946559e-01 0.000000000000000000e+00 0.000000000000000000e+00 0.000000000000000000e+00
1.023389587324610162e+00 8.061624755057915648e-01 0.000000000000000000e+00 0.000000000000000000e+00 0.000000000000000000e+00
9.486564530779606486e-01 9.096483208439032353e-01 8.788255269528200131e-02 0.000000000000000000e+00 0.000000000000000000e+00
8.169808479310169957e-01 9.695528390122198914e-01 4.112177316416865125e-01 0.000000000000000000e+00 0.000000000000000000e+00
6.352768487607995951e-01 9.952157617877688267e-01 6.345542293006101175e-01 0.000000000000000000e+00 0.000000000000000000e+00
4.186784342499016986e-01 9.761160612532382430e-01 7.933894282212161642e-01 0.000000000000000000e+00 0.000000000000000000e+00
1.840234765632953462e-01 8.979672701086194309e-01 9.010463173156146865e-01 1.361821968916210324e-02 0.000000000000000000e+00
0.000000000000000000e+00 7.663567605594767684e-01 9.515879826692151822e-01 3.569615011238358449e-01 0.000000000000000000e+00
0.000000000000000000e+00 5.952341435340624543e-01 9.623823345163716736e-01 5.907158056534811408e-01 0.000000000000000000e+00
0.000000000000000000e+00 4.054652550124071553e-01 9.351249602663624927e-01 7.484460733691467027e-01 0.000000000000000000e+00
0.000000000000000000e+00 2.035534923107374106e-01 8.616287481629569811e-01 8.496354371777047332e-01 0.000000000000000000e+00
0.000000000000000000e+00 0.000000000000000000e+00 7.479508300427806233e-01 8.946421710746310652e-01 2.903551324098253006e-01
0.000000000000000000e+00 0.000000000000000000e+00 5.979200386981986526e-01 9.044551404598166755e-01 5.285654682713314401e-01
0.000000000000000000e+00 0.000000000000000000e+00 4.254556498705319711e-01 8.850562219636781691e-01 6.851741104722020026e-01
0.000000000000000000e+00 0.000000000000000000e+00 2.381682850358668724e-01 8.254733380518786134e-01 7.868420786380170284e-01
0.000000000000000000e+00 0.000000000000000000e+00 3.368554650627686442e-02 7.261202676209864704e-01 8.382720360497319945e-01
0.000000000000000000e+00 0.000000000000000000e+00 0.000000000000000000e+00 5.911791873558946975e-01 8.393842915262349491e-01
0.000000000000000000e+00 0.000000000000000000e+00 0.000000000000000000e+00 4.320366234146888473e-01 7.932144427978027323e-01
0.000000000000000000e+00 0.000000000000000000e+00 0.000000000000000000e+00 2.535844119470631597e-01 7.069711937584076678e-01
1.147575066101946817e-01 0.000000000000000000e+00 0.000000000000000000e+00 5.559860797052174064e-02 5.886539879292129740e-01
3.989482113185527368e-01 0.000000000000000000e+00 0.000000000000000000e+00 0.000000000000000000e+00 4.411615343777430809e-01
5.948949961388905194e-01 0.000000000000000000e+00 0.000000000000000000e+00 0.000000000000000000e+00 2.745944727298432753e-01
7.281946734917087438e-01 0.000000000000000000e+00 0.000000000000000000e+00 0.000000000000000000e+00 9.817738242661633308e-02
8.127743839293977146e-01 2.653906747129397559e-02 0.000000000000000000e+00 0.000000000000000000e+00 0.000000000000000000e+00
