0.000000000000000000e+00 0.000000000000000000e+00 0.000000000000000000e+00 0.000000000000000000e+00 0.000000000000000000e+00
0.000000000000000000e+00 0.000000000000000000e+00 0.000000000000000000e+00 0.000000000000000000e+00 0.000000000000000000e+00
0.000000000000000000e+00 0.000000000000000000e+00 0.000000000000000000e+00 0.000000000000000000e+00 0.000000000000000000e+00
0.000000000000000000e+00 0.000000000000000000e+00 0.000000000000000000e+00 0.000000000000000000e+00 0.000000000000000000e+00
0.000000000000000000e+00 0.000000000000000000e+00 0.000000000000000000e+00 0.000000000000000000e+00 0.000000000000000000e+00
0.000000000000000000e+00 0.000000000000000000e+00 0.000000000000000000e+00 0.000000000000000000e+00 0.000000000000000000e+00
0.000000000000000000e+00 0.000000000000000000e+00 0.000000000000000000e+00 0.000000000000000000e+00 0.000000000000000000e+00
0.000000000000000000e+00 0.000000000000000000e+00 0.000000000000000000e+00 0.000000000000000000e+00 0.000000000000000000e+00
0.000000000000000000e+00 0.000000000000000000e+00 0.000000000000000000e+00 0.000000000000000000e+00 0.000000000000000000e+00
0.000000000000000000e+00 0.000000000000000000e+00 0.000000000000000000e+00 0.000000000000000000e+00 0.000000000000000000e+00
0.000000000000000000e+00 0.000000000000000000e+00 0.000000000000000000e+00 0.000000000000000000e+00 0.000000000000000000e+00
0.000000000000000000e+00 0.000000000000000000e+00 0.000000000000000000e+00 0.000000000000000000e+00 0.000000000000000000e+00
0.000000000000000000e+00 0.000000000000000000e+00 0.000000000000000000e+00 0.000000000000000000e+00 0.000000000000000000e+00
0.000000000000000000e+00 0.000000000000000000e+00 0.000000000000000000e+00 0.000000000000000000e+00 0.000000000000000000e+00
0.000000000000000000e+00 0.000000000000000000e+00 0.000000000000000000e+00 0.000000000000000000e+00 0.000000000000000000e+00
0.000000000000000000e+00 0.000000000000000000e+00 0.000000000000000000e+00 0.000000000000000000e+00 0.000000000000000000e+00
0.000000000000000000e+00 0.000000000000000000e+00 0.000000000000000000e+00 0.000000000000000000e+00 0.000000000000000000e+00
0.000000000000000000e+00 0.000000000000000000e+00 0.000000000000000000e+00 0.000000000000000000e+00 0.000000000000000000e+00
0.000000000000000000e+00 0.000000000000000000e+00 0.000000000000000000e+00 0.000000000000000000e+00 0.000000000000000000e+00
0.000000000000000000e+00 0.000000000000000000e+00 0.000000000000000000e+00 0.000000000000000000e+00 0.000000000000000000e+00
0.000000000000000000e+00 0.000000000000000000e+00 0.000000000000000000e+00 0.000000000000000000e+00 0.000000000000000000e+00
0.000000000000000000e+00 0.000000000000000000e+00 0.000000000000000000e+00 0.000000000000000000e+00 0.000000000000000000e+00
0.000000000000000000e+00 0.000000000000000000e+00 0.000000000000000000e+00 0.000000000000000000e+00 0.000000000000000000e+00
0.000000000000000000e+00 0.000000000000000000e+00 0.000000000000000000e+00 0.000000000000000000e+00 0.000000000000000000e+00
0.000000000000000000e+00 0.000000000000000000e+00 0.000000000000000000e+00 0.000000000000000000e+00 0.000000000000000000e+00
0.000000000000000000e+00 0.000000000000000000e+00 0.000000000000000000e+00 0.000000000000000000e+00 0.000000000000000000e+00
0.000000000000000000e+00 0.000000000000000000e+00 0.000000000000000000e+00 0.000000000000000000e+00 0.000000000000000000e+00
0.000000000000000000e+00 0.000000000000000000e+00 0.000000000000000000e+00 0.000000000000000000e+00 0.000000000000000000e+00
0.000000000000000000e+00 0.000000000000000000e+00 0.000000000000000000e+00 0.000000000000000000e+00 0.000000000000000000e+00
0.000000000000000000e+00 0.000000000000000000e+00 0.000000000000000000e+00 0.000000000000000000e+00 0.000000000000000000e+00
0.000000000000000000e+00 0.000000000000000000e+00 0.000000000000000000e+00 0.000000000000000000e+00 0.000000000000000000e+00
0.000000000000000000e+00 0.000000000000000000e+00 0.000000000000000000e+00 0.000000000000000000e+00 0.000000000000000000e+00
0.000000000000000000e+00 0.000000000000000000e+00 0.000000000000000000e+00 0.000000000000000000e+00 0.000000000000000000e+00
0.000000000000000000e+00 0.000000000000000000e+00 0.000000000000000000e+00 0.000000000000000000e+00 0.000000000000000000e+00
0.000000000000000000e+00 0.000000000000000000e+00 0.000000000000000000e+00 0.000000000000000000e+00 0.000000000000000000e+00
0.000000000000000000e+00 0.000000000000000000e+00 0.000000000000000000e+00 0.000000000000000000e+00 0.000000000000000000e+00
0.000000000000000000e+00 0.000000000000000000e+00 0.000000000000000000e+00 0.000000000000000000e+00 0.000000000000000000e+00
0.000000000000000000e+00 0.000000000000000000e+00 0.000000000000000000e+00 0.000000000000000000e+00 0.000000000000000000e+00
0.000000000000000000e+00 0.000000000000000000e+00 0.000000000000000000e+00 0.000000000000000000e+00 0.000000000000000000e+00
0.000000000000000000e+00 0.000000000000000000e+00 0.000000000000000000e+00 0.000000000000000000e+00 0.000000000000000000e+00
0.000000000000000000e+00 0.000000000000000000e+00 0.000000000000000000e+00 0.000000000000000000e+00 0.000000000000000000e+00
0.000000000000000000e+00 0.000000000000000000e+00 0.000000000000000000e+00 0.000000000000000000e+00 0.000000000000000000e+00
0.000000000000000000e+00 0.000000000000000000e+00 0.000000000000000000e+00 0.000000000000000000e+00 0.000000000000000000e+00
0.000000000000000000e+00 0.000000000000000000e+00 0.000000000000000000e+00 0.000000000000000000e+00 0.000000000000000000e+00
0.000000000000000000e+00 0.000000000000000000e+00 0.000000000000000000e+00 0.000000000000000000e+00 0.000000000000000000e+00
0.000000000000000000e+00 0.000000000000000000e+00 0.000000000000000000e+00 0.000000000000000000e+00 0.000000000000000000e+00
0.000000000000000000e+00 0.000000000000000000e+00 0.000000000000000000e+00 0.000000000000000000e+00 0.000000000000000000e+00
0.000000000000000000e+00 0.000000000000000000e+00 0.000000000000000000e+00 0.000000000000000000e+00 0.000000000000000000e+00
0.000000000000000000e+00 0.000000000000000000e+00 0.000000000000000000e+00 0.000000000000000000e+00 0.000000000000000000e+00
0.000000000000000000e+00 0.000000000000000000e+00 0.000000000000000000e+00 0.000000000000000000e+00 0.000000000000000000e+00
0.000000000000000000e+00 0.000000000000000000e+00 0.000000000000000000e+00 0.000000000000000000e+00 0.000000000000000000e+00
0.000000000000000000e+00 0.000000000000000000e+00 0.000000000000000000e+00 0.000000000000000000e+00 0.000000000000000000e+00
0.000000000000000000e+00 0.000000000000000000e+00 0.000000000000000000e+00 0.000000000000000000e+00 0.000000000000000000e+00
0.000000000000000000e+00 0.000000000000000000e+00 0.000000000000000000e+00 0.000000000000000000e+00 0.000000000000000000e+00
0.000000000000000000e+00 0.000000000000000000e+00 0.000000000000000000e+00 0.000000000000000000e+00 0.000000000000000000e+00
0.000000000000000000e+00 0.000000000000000000e+00 0.000000000000000000e+00 0.000000000000000000e+00 0.000000000000000000e+00
0.000000000000000000e+00 0.000000000000000000e+00 0.000000000000000000e+00 0.000000000000000000e+00 0.000000000000000000e+00
0.000000000000000000e+00 0.000000000000000000e+00 0.000000000000000000e+00 0.000000000000000000e+00 0.000000000000000000e+00
0.000000000000000000e+00 0.000000000000000000e+00 0.000000000000000000e+00 0.000000000000000000e+00 0.000000000000000000e+00
0.000000000000000000e+00 0.000000000000000000e+00 0.000000000000000000e+00 0.000000000000000000e+00 0.000000000000000000e+00
0.000000000000000000e+00 0.000000000000000000e+00 0.000000000000000000e+00 0.000000000000000000e+00 0.000000000000000000e+00
0.000000000000000000e+00 0.000000000000000000e+00 0.000000000000000000e+00 0.000000000000000000e+00 0.000000000000000000e+00
0.000000000000000000e+00 0.000000000000000000e+00 0.000000000000000000e+00 0.000000000000000000e+00 0.000000000000000000e+00
0.000000000000000000e+00 0.000000000000000000e+00 0.000000000000000000e+00 0.000000000000000000e+00 0.000000000000000000e+00
0.000000000000000000e+00 0.000000000000000000e+00 0.000000000000000000e+00 0.000000000000000000e+00 0.000000000000000000e+00
0.000000000000000000e+00 0.000000000000000000e+00 0.000000000000000000e+00 0.000000000000000000e+00 0.000000000000000000e+00
0.000000000000000000e+00 0.000000000000000000e+00 0.000000000000000000e+00 0.000000000000000000e+00 0.000000000000000000e+00
0.000000000000000000e+00 0.000000000000000000e+00 0.000000000000000000e+00 0.000000000000000000e+00 0.000000000000000000e+00
0.000000000000000000e+00 0.000000000000000000e+00 0.000000000000000000e+00 0.000000000000000000e+00 0.000000000000000000e+00
0.000000000000000000e+00 0.000000000000000000e+00 0.000000000000000000e+00 0.000000000000000000e+00 0.000000000000000000e+00
0.000000000000000000e+00 0.000000000000000000e+00 0.000000000000000000e+00 0.000000000000000000e+00 0.000000000000000000e+00
0.000000000000000000e+00 0.000000000000000000e+00 0.000000000000000000e+00 0.000000000000000000e+00 0.000000000000000000e+00
0.000000000000000000e+00 0.000000000000000000e+00 0.000000000000000000e+00 0.000000000000000000e+00 0.000000000000000000e+00
0.000000000000000000e+00 0.000000000000000000e+00 0.000000000000000000e+00 0.000000000000000000e+00 0.000000000000000000e+00
0.000000000000000000e+00 0.000000000000000000e+00 0.000000000000000000e+00 0.000000000000000000e+00 0.000000000000000000e+00
0.000000000000000000e+00 0.000000000000000000e+00 0.000000000000000000e+00 0.000000000000000000e+00 0.000000000000000000e+00
0.000000000000000000e+00 0.000000000000000000e+00 0.000000000000000000e+00 0.000000000000000000e+00 0.000000000000000000e+00
0.000000000000000000e+00 0.000000000000000000e+00 0.000000000000000000e+00 0.000000000000000000e+00 0.000000000000000000e+00
0.000000000000000000e+00 0.000000000000000000e+00 0.000000000000000000e+00 0.000000000000000000e+00 0.000000000000000000e+00
0.000000000000000000e+00 0.000000000000000000e+00 0.000000000000000000e+00 0.000000000000000000e+00 0.000000000000000000e+00
0.000000000000000000e+00 0.000000000000000000e+00 0.000000000000000000e+00 0.000000000000000000e+00 0.000000000000000000e+00
0.000000000000000000e+00 0.000000000000000000e+00 0.000000000000000000e+00 0.000000000000000000e+00 0.000000000000000000e+00
0.000000000000000000e+00 0.000000000000000000e+00 0.000000000000000000e+00 0.000000000000000000e+00 0.000000000000000000e+00
0.000000000000000000e+00 0.000000000000000000e+00 0.000000000000000000e+00 0.000000000000000000e+00 0.000000000000000000e+00
0.000000000000000000e+00 0.000000000000000000e+00 0.000000000000000000e+00 0.000000000000000000e+00 0.000000000000000000e+00
0.000000000000000000e+00 0.000000000000000000e+00 0.000000000000000000e+00 0.000000000000000000e+00 0.000000000000000000e+00
0.000000000000000000e+00 0.000000000000000000e+00 0.000000000000000000e+00 0.000000000000000000e+00 0.000000000000000000e+00
0.000000000000000000e+00 0.000000000000000000e+00 0.000000000000000000e+00 0.000000000000000000e+00 0.000000000000000000e+00
0.000000000000000000e+00 0.000000000000000000e+00 0.000000000000000000e+00 0.000000000000000000e+00 0.000000000000000000e+00
0.000000000000000000e+00 0.000000000000000000e+00 0.000000000000000000e+00 0.000000000000000000e+00 0.000000000000000000e+00
0.000000000000000000e+00 0.000000000000000000e+00 0.000000000000000000e+00 0.000000000000000000e+00 0.000000000000000000e+00
0.000000000000000000e+00 0.000000000000000000e+00 0.000000000000000000e+00 0.000000000000000000e+00 0.000000000000000000e+00
0.000000000000000000e+00 0.000000000000000000e+00 0.000000000000000000e+00 0.000000000000000000e+00 0.000000000000000000e+00
0.000000000000000000e+00 0.000000000000000000e+00 0.000000000000000000e+00 0.000000000000000000e+00 0.000000000000000000e+00
0.000000000000000000e+00 0.000000000000000000e+00 0.000000000000000000e+00 0.000000000000000000e+00 0.000000000000000000e+00
0.000000000000000000e+00 0.000000000000000000e+00 0.000000000000000000e+00 0.000000000000000000e+00 0.000000000000000000e+00
0.000000000000000000e+00 0.000000000000000000e+00 0.000000000000000000e+00 0.000000000000000000e+00 0.000000000000000000e+00
0.000000000000000000e+00 0.000000000000000000e+00 0.000000000000000000e+00 0.000000000000000000e+00 0.000000000000000000e+00
0.000000000000000000e+00 0.000000000000000000e+00 0.000000000000000000e+00 0.000000000000000000e+00 0.000000000000000000e+00
0.000000000000000000e+00 0.000000000000000000e+00 0.000000000000000000e+00 0.000000000000000000e+00 0.000000000000000000e+00
0.000000000000000000e+00 0.000000000000000000e+00 0.000000000000000000e+00 0.000000000000000000e+00 0.000000000000000000e+00
0.000000000000000000e+00 0.000000000000000000e+00 0.000000000000000000e+00 0.000000000000000000e+00 0.000000000000000000e+00
0.000000000000000000e+00 0.000000000000000000e+00 0.000000000000000000e+00 0.000000000000000000e+00 0.000000000000000000e+00
0.000000000000000000e+00 0.000000000000000000e+00 0.000000000000000000e+00 0.000000000000000000e+00 0.000000000000000000e+00
0.000000000000000000e+00 0.000000000000000000e+00 0.000000000000000000e+00 0.000000000000000000e+00 0.000000000000000000e+00
0.000000000000000000e+00 0.000000000000000000e+00 0.000000000000000000e+00 0.000000000000000000e+00 0.000000000000000000e+00
0.000000000000000000e+00 0.000000000000000000e+00 0.000000000000000000e+00 0.000000000000000000e+00 0.000000000000000000e+00
0.000000000000000000e+00 0.000000000000000000e+00 0.000000000000000000e+00 0.000000000000000000e+00 0.000000000000000000e+00
0.000000000000000000e+00 0.000000000000000000e+00 0.000000000000000000e+00 0.000000000000000000e+00 0.000000000000000000e+00
0.000000000000000000e+00 0.000000000000000000e+00 0.000000000000000000e+00 0.000000000000000000e+00 0.000000000000000000e+00
0.000000000000000000e+00 0.000000000000000000e+00 0.000000000000000000e+00 0.000000000000000000e+00 0.000000000000000000e+00
0.000000000000000000e+00 0.000000000000000000e+00 0.000000000000000000e+00 0.000000000000000000e+00 0.000000000000000000e+00
0.000000000000000000e+00 0.000000000000000000e+00 0.000000000000000000e+00 0.000000000000000000e+00 0.000000000000000000e+00
0.000000000000000000e+00 0.000000000000000000e+00 0.000000000000000000e+00 0.000000000000000000e+00 0.000000000000000000e+00
0.000000000000000000e+00 0.000000000000000000e+00 0.000000000000000000e+00 0.000000000000000000e+00 0.000000000000000000e+00
0.000000000000000000e+00 0.000000000000000000e+00 0.000000000000000000e+00 0.000000000000000000e+00 0.000000000000000000e+00
0.000000000000000000e+00 0.000000000000000000e+00 0.000000000000000000e+00 0.000000000000000000e+00 0.000000000000000000e+00
0.000000000000000000e+00 0.000000000000000000e+00 0.000000000000000000e+00 0.000000000000000000e+00 0.000000000000000000e+00
0.000000000000000000e+00 0.000000000000000000e+00 0.000000000000000000e+00 0.000000000000000000e+00 0.000000000000000000e+00
0.000000000000000000e+00 0.000000000000000000e+00 0.000000000000000000e+00 0.000000000000000000e+00 0.000000000000000000e+00
0.000000000000000000e+00 0.000000000000000000e+00 0.000000000000000000e+00 0.000000000000000000e+00 0.000000000000000000e+00
0.000000000000000000e+00 0.000000000000000000e+00 0.000000000000000000e+00 0.000000000000000000e+00 0.000000000000000000e+00
0.000000000000000000e+00 0.000000000000000000e+00 0.000000000000000000e+00 0.000000000000000000e+00 0.000000000000000000e+00
0.000000000000000000e+00 0.000000000000000000e+00 0.000000000000000000e+00 0.000000000000000000e+00 0.000000000000000000e+00
0.000000000000000000e+00 0.000000000000000000e+00 0.000000000000000000e+00 0.000000000000000000e+00 0.000000000000000000e+00
0.000000000000000000e+00 0.000000000000000000e+00 0.000000000000000000e+00 0.000000000000000000e+00 0.000000000000000000e+00
0.000000000000000000e+00 0.000000000000000000e+00 0.000000000000000000e+00 0.000000000000000000e+00 0.000000000000000000e+00
0.000000000000000000e+00 0.000000000000000000e+00 0.000000000000000000e+00 0.000000000000000000e+00 0.000000000000000000e+00
0.000000000000000000e+00 0.000000000000000000e+00 0.000000000000000000e+00 0.000000000000000000e+00 0.000000000000000000e+00
0.000000000000000000e+00 0.000000000000000000e+00 0.000000000000000000e+00 0.000000000000000000e+00 0.000000000000000000e+00
0.000000000000000000e+00 0.000000000000000000e+00 0.000000000000000000e+00 0.000000000000000000e+00 0.000000000000000000e+00
0.000000000000000000e+00 0.000000000000000000e+00 0.000000000000000000e+00 0.000000000000000000e+00 0.000000000000000000e+00
0.000000000000000000e+00 0.000000000000000000e+00 0.000000000000000000e+00 0.000000000000000000e+00 0.000000000000000000e+00
0.000000000000000000e+00 0.000000000000000000e+00 0.000000000000000000e+00 0.000000000000000000e+00 0.000000000000000000e+00
0.000000000000000000e+00 0.000000000000000000e+00 0.000000000000000000e+00 0.000000000000000000e+00 0.000000000000000000e+00
0.000000000000000000e+00 0.000000000000000000e+00 0.000000000000000000e+00 0.000000000000000000e+00 0.000000000000000000e+00
0.000000000000000000e+00 0.000000000000000000e+00 0.000000000000000000e+00 0.000000000000000000e+00 0.000000000000000000e+00
0.000000000000000000e+00 0.000000000000000000e+00 0.000000000000000000e+00 0.000000000000000000e+00 0.000000000000000000e+00
0.000000000000000000e+00 0.000000000000000000e+00 0.000000000000000000e+00 0.000000000000000000e+00 0.000000000000000000e+00
0.000000000000000000e+00 0.000000000000000000e+00 0.000000000000000000e+00 0.000000000000000000e+00 0.000000000000000000e+00
0.000000000000000000e+00 0.000000000000000000e+00 0.000000000000000000e+00 0.000000000000000000e+00 0.000000000000000000e+00
0.000000000000000000e+00 0.000000000000000000e+00 0.000000000000000000e+00 0.000000000000000000e+00 0.000000000000000000e+00
0.000000000000000000e+00 0.000000000000000000e+00 0.000000000000000000e+00 0.000000000000000000e+00 0.000000000000000000e+00
0.000000000000000000e+00 0.000000000000000000e+00 0.000000000000000000e+00 0.000000000000000000e+00 0.000000000000000000e+00
0.000000000000000000e+00 0.000000000000000000e+00 0.000000000000000000e+00 0.000000000000000000e+00 0.000000000000000000e+00
0.000000000000000000e+00 0.000000000000000000e+00 0.000000000000000000e+00 0.000000000000000000e+00 0.000000000000000000e+00
0.000000000000000000e+00 0.000000000000000000e+00 0.000000000000000000e+00 0.000000000000000000e+00 0.000000000000000000e+00
0.000000000000000000e+00 0.000000000000000000e+00 0.000000000000000000e+00 0.000000000000000000e+00 0.000000000000000000e+00
0.000000000000000000e+00 0.000000000000000000e+00 0.000000000000000000e+00 0.000000000000000000e+00 0.000000000000000000e+00
0.000000000000000000e+00 0.000000000000000000e+00 0.000000000000000000e+00 0.000000000000000000e+00 0.000000000000000000e+00
0.000000000000000000e+00 0.000000000000000000e+00 0.000000000000000000e+00 0.000000000000000000e+00 0.000000000000000000e+00
0.000000000000000000e+00 0.000000000000000000e+00 0.000000000000000000e+00 0.000000000000000000e+00 0.000000000000000000e+00
0.000000000000000000e+00 0.000000000000000000e+00 0.000000000000000000e+00 0.000000000000000000e+00 0.000000000000000000e+00
0.000000000000000000e+00 0.000000000000000000e+00 0.000000000000000000e+00 0.000000000000000000e+00 0.000000000000000000e+00
0.000000000000000000e+00 0.000000000000000000e+00 0.000000000000000000e+00 0.000000000000000000e+00 0.000000000000000000e+00
0.000000000000000000e+00 0.000000000000000000e+00 0.000000000000000000e+00 0.000000000000000000e+00 0.000000000000000000e+00
0.000000000000000000e+00 0.000000000000000000e+00 0.000000000000000000e+00 0.000000000000000000e+00 0.000000000000000000e+00
0.000000000000000000e+00 0.000000000000000000e+00 0.000000000000000000e+00 0.000000000000000000e+00 0.000000000000000000e+00
0.000000000000000000e+00 0.000000000000000000e+00 0.000000000000000000e+00 0.000000000000000000e+00 0.000000000000000000e+00
0.000000000000000000e+00 0.000000000000000000e+00 0.000000000000000000e+00 0.000000000000000000e+00 0.000000000000000000e+00
0.000000000000000000e+00 0.000000000000000000e+00 0.000000000000000000e+00 0.000000000000000000e+00 0.000000000000000000e+00
0.000000000000000000e+00 0.000000000000000000e+00 0.000000000000000000e+00 0.000000000000000000e+00 0.000000000000000000e+00
0.000000000000000000e+00 0.000000000000000000e+00 0.000000000000000000e+00 0.000000000000000000e+00 0.000000000000000000e+00
0.000000000000000000e+00 0.000000000000000000e+00 0.000000000000000000e+00 0.000000000000000000e+00 0.000000000000000000e+00
0.000000000000000000e+00 0.000000000000000000e+00 0.000000000000000000e+00 0.000000000000000000e+00 0.000000000000000000e+00
0.000000000000000000e+00 0.000000000000000000e+00 0.000000000000000000e+00 0.000000000000000000e+00 0.000000000000000000e+00
0.000000000000000000e+00 0.000000000000000000e+00 0.000000000000000000e+00 0.000000000000000000e+00 0.000000000000000000e+00
0.000000000000000000e+00 0.000000000000000000e+00 0.000000000000000000e+00 0.000000000000000000e+00 0.000000000000000000e+00
0.000000000000000000e+00 0.000000000000000000e+00 0.000000000000000000e+00 0.000000000000000000e+00 0.000000000000000000e+00
0.000000000000000000e+00 0.000000000000000000e+00 0.000000000000000000e+00 0.000000000000000000e+00 0.000000000000000000e+00
0.000000000000000000e+00 0.000000000000000000e+00 0.000000000000000000e+00 0.000000000000000000e+00 0.000000000000000000e+00
0.000000000000000000e+00 0.000000000000000000e+00 0.000000000000000000e+00 0.000000000000000000e+00 0.000000000000000000e+00
0.000000000000000000e+00 0.000000000000000000e+00 0.000000000000000000e+00 0.000000000000000000e+00 0.000000000000000000e+00
0.000000000000000000e+00 0.000000000000000000e+00 0.000000000000000000e+00 0.000000000000000000e+00 0.000000000000000000e+00
0.000000000000000000e+00 0.000000000000000000e+00 0.000000000000000000e+00 0.000000000000000000e+00 0.000000000000000000e+00
0.000000000000000000e+00 0.000000000000000000e+00 0.000000000000000000e+00 0.000000000000000000e+00 0.000000000000000000e+00
0.000000000000000000e+00 0.000000000000000000e+00 0.000000000000000000e+00 0.000000000000000000e+00 0.000000000000000000e+00
0.000000000000000000e+00 0.000000000000000000e+00 0.000000000000000000e+00 0.000000000000000000e+00 0.000000000000000000e+00
0.000000000000000000e+00 0.000000000000000000e+00 0.000000000000000000e+00 0.000000000000000000e+00 0.000000000000000000e+00
0.000000000000000000e+00 0.000000000000000000e+00 0.000000000000000000e+00 0.000000000000000000e+00 0.000000000000000000e+00
0.000000000000000000e+00 0.000000000000000000e+00 0.000000000000000000e+00 0.000000000000000000e+00 0.000000000000000000e+00
0.000000000000000000e+00 0.000000000000000000e+00 0.000000000000000000e+00 0.000000000000000000e+00 0.000000000000000000e+00
0.000000000000000000e+00 0.000000000000000000e+00 0.000000000000000000e+00 0.000000000000000000e+00 0.000000000000000000e+00
0.000000000000000000e+00 0.000000000000000000e+00 0.000000000000000000e+00 0.000000000000000000e+00 0.000000000000000000e+00
0.000000000000000000e+00 0.000000000000000000e+00 0.000000000000000000e+00 0.000000000000000000e+00 0.000000000000000000e+00
0.000000000000000000e+00 0.000000000000000000e+00 0.000000000000000000e+00 0.000000000000000000e+00 0.000000000000000000e+00
0.000000000000000000e+00 0.000000000000000000e+00 0.000000000000000000e+00 0.000000000000000000e+00 0.000000000000000000e+00
0.000000000000000000e+00 0.000000000000000000e+00 0.000000000000000000e+00 0.000000000000000000e+00 0.000000000000000000e+00
0.000000000000000000e+00 0.000000000000000000e+00 0.000000000000000000e+00 0.000000000000000000e+00 0.000000000000000000e+00
0.000000000000000000e+00 0.000000000000000000e+00 0.000000000000000000e+00 0.000000000000000000e+00 0.000000000000000000e+00
0.000000000000000000e+00 0.000000000000000000e+00 0.000000000000000000e+00 0.000000000000000000e+00 0.000000000000000000e+00
0.000000000000000000e+00 0.000000000000000000e+00 0.000000000000000000e+00 0.000000000000000000e+00 0.000000000000000000e+00
0.000000000000000000e+00 0.000000000000000000e+00 0.000000000000000000e+00 0.000000000000000000e+00 0.000000000000000000e+00
0.000000000000000000e+00 0.000000000000000000e+00 0.000000000000000000e+00 0.000000000000000000e+00 0.000000000000000000e+00
0.000000000000000000e+00 0.000000000000000000e+00 0.000000000000000000e+00 0.000000000000000000e+00 0.000000000000000000e+00
0.000000000000000000e+00 0.000000000000000000e+00 0.000000000000000000e+00 0.000000000000000000e+00 0.000000000000000000e+00
0.000000000000000000e+00 0.000000000000000000e+00 0.000000000000000000e+00 0.000000000000000000e+00 0.000000000000000000e+00
0.000000000000000000e+00 0.000000000000000000e+00 0.000000000000000000e+00 0.000000000000000000e+00 0.000000000000000000e+00
0.000000000000000000e+00 0.000000000000000000e+00 0.000000000000000000e+00 0.000000000000000000e+00 0.000000000000000000e+00
0.000000000000000000e+00 0.000000000000000000e+00 0.000000000000000000e+00 0.000000000000000000e+00 0.000000000000000000e+00
0.000000000000000000e+00 0.000000000000000000e+00 0.000000000000000000e+00 0.000000000000000000e+00 0.000000000000000000e+00
0.000000000000000000e+00 0.000000000000000000e+00 0.000000000000000000e+00 0.000000000000000000e+00 0.000000000000000000e+00
0.000000000000000000e+00 0.000000000000000000e+00 0.000000000000000000e+00 0.000000000000000000e+00 0.000000000000000000e+00
0.000000000000000000e+00 0.000000000000000000e+00 0.000000000000000000e+00 0.000000000000000000e+00 0.000000000000000000e+00
0.000000000000000000e+00 0.000000000000000000e+00 0.000000000000000000e+00 0.000000000000000000e+00 0.000000000000000000e+00
0.000000000000000000e+00 0.000000000000000000e+00 0.000000000000000000e+00 0.000000000000000000e+00 0.000000000000000000e+00
0.000000000000000000e+00 0.000000000000000000e+00 0.000000000000000000e+00 0.000000000000000000e+00 0.000000000000000000e+00
0.000000000000000000e+00 0.000000000000000000e+00 0.000000000000000000e+00 0.000000000000000000e+00 0.000000000000000000e+00
0.000000000000000000e+00 0.000000000000000000e+00 0.000000000000000000e+00 0.000000000000000000e+00 0.000000000000000000e+00
0.000000000000000000e+00 0.000000000000000000e+00 0.000000000000000000e+00 0.000000000000000000e+00 0.000000000000000000e+00
0.000000000000000000e+00 0.000000000000000000e+00 0.000000000000000000e+00 0.000000000000000000e+00 0.000000000000000000e+00
0.000000000000000000e+00 0.000000000000000000e+00 0.000000000000000000e+00 0.000000000000000000e+00 0.000000000000000000e+00
0.000000000000000000e+00 0.000000000000000000e+00 0.000000000000000000e+00 0.000000000000000000e+00 0.000000000000000000e+00
0.000000000000000000e+00 0.000000000000000000e+00 0.000000000000000000e+00 0.000000000000000000e+00 0.000000000000000000e+00
0.000000000000000000e+00 0.000000000000000000e+00 0.000000000000000000e+00 0.000000000000000000e+00 0.000000000000000000e+00
0.000000000000000000e+00 0.000000000000000000e+00 0.000000000000000000e+00 0.000000000000000000e+00 0.000000000000000000e+00
0.000000000000000000e+00 0.000000000000000000e+00 0.000000000000000000e+00 0.000000000000000000e+00 0.000000000000000000e+00
0.000000000000000000e+00 0.000000000000000000e+00 0.000000000000000000e+00 0.000000000000000000e+00 0.000000000000000000e+00
0.000000000000000000e+00 0.000000000000000000e+00 0.000000000000000000e+00 0.000000000000000000e+00 0.000000000000000000e+00
0.000000000000000000e+00 0.000000000000000000e+00 0.000000000000000000e+00 0.000000000000000000e+00 0.000000000000000000e+00
0.000000000000000000e+00 0.000000000000000000e+00 0.000000000000000000e+00 0.000000000000000000e+00 0.000000000000000000e+00
0.000000000000000000e+00 0.000000000000000000e+00 0.000000000000000000e+00 0.000000000000000000e+00 0.000000000000000000e+00
0.000000000000000000e+00 0.000000000000000000e+00 0.000000000000000000e+00 0.000000000000000000e+00 0.000000000000000000e+00
0.000000000000000000e+00 0.000000000000000000e+00 0.000000000000000000e+00 0.000000000000000000e+00 0.000000000000000000e+00
0.000000000000000000e+00 0.000000000000000000e+00 0.000000000000000000e+00 0.000000000000000000e+00 0.000000000000000000e+00
0.000000000000000000e+00 0.000000000000000000e+00 0.000000000000000000e+00 0.000000000000000000e+00 0.000000000000000000e+00
0.000000000000000000e+00 0.000000000000000000e+00 0.000000000000000000e+00 0.000000000000000000e+00 0.000000000000000000e+00
0.000000000000000000e+00 0.000000000000000000e+00 0.000000000000000000e+00 0.000000000000000000e+00 0.000000000000000000e+00
0.000000000000000000e+00 0.000000000000000000e+00 0.000000000000000000e+00 0.000000000000000000e+00 0.000000000000000000e+00
0.000000000000000000e+00 0.000000000000000000e+00 0.000000000000000000e+00 0.000000000000000000e+00 0.000000000000000000e+00
0.000000000000000000e+00 0.000000000000000000e+00 0.000000000000000000e+00 0.000000000000000000e+00 0.000000000000000000e+00
0.000000000000000000e+00 0.000000000000000000e+00 0.000000000000000000e+00 0.000000000000000000e+00 0.000000000000000000e+00
0.000000000000000000e+00 0.000000000000000000e+00 0.000000000000000000e+00 0.000000000000000000e+00 0.000000000000000000e+00
0.000000000000000000e+00 0.000000000000000000e+00 0.000000000000000000e+00 0.000000000000000000e+00 0.000000000000000000e+00
0.000000000000000000e+00 0.000000000000000000e+00 0.000000000000000000e+00 0.000000000000000000e+00 0.000000000000000000e+00
0.000000000000000000e+00 0.000000000000000000e+00 0.000000000000000000e+00 0.000000000000000000e+00 0.000000000000000000e+00
0.000000000000000000e+00 0.000000000000000000e+00 0.000000000000000000e+00 0.000000000000000000e+00 0.000000000000000000e+00
0.000000000000000000e+00 0.000000000000000000e+00 0.000000000000000000e+00 0.000000000000000000e+00 0.000000000000000000e+00
0.000000000000000000e+00 0.000000000000000000e+00 0.000000000000000000e+00 0.000000000000000000e+00 0.000000000000000000e+00
0.000000000000000000e+00 0.000000000000000000e+00 0.000000000000000000e+00 0.000000000000000000e+00 0.000000000000000000e+00
0.000000000000000000e+00 0.000000000000000000e+00 0.000000000000000000e+00 0.000000000000000000e+00 0.000000000000000000e+00
0.000000000000000000e+00 0.000000000000000000e+00 0.000000000000000000e+00 0.000000000000000000e+00 0.000000000000000000e+00
0.000000000000000000e+00 0.000000000000000000e+00 0.000000000000000000e+00 0.000000000000000000e+00 0.000000000000000000e+00
0.000000000000000000e+00 0.000000000000000000e+00 0.000000000000000000e+00 0.000000000000000000e+00 0.000000000000000000e+00
0.000000000000000000e+00 0.000000000000000000e+00 0.000000000000000000e+00 0.000000000000000000e+00 0.000000000000000000e+00
0.000000000000000000e+00 0.000000000000000000e+00 0.000000000000000000e+00 0.000000000000000000e+00 0.000000000000000000e+00
0.000000000000000000e+00 0.000000000000000000e+00 0.000000000000000000e+00 0.000000000000000000e+00 0.000000000000000000e+00
0.000000000000000000e+00 0.000000000000000000e+00 0.000000000000000000e+00 0.000000000000000000e+00 0.000000000000000000e+00
0.000000000000000000e+00 0.000000000000000000e+00 0.000000000000000000e+00 0.000000000000000000e+00 0.000000000000000000e+00
0.000000000000000000e+00 0.000000000000000000e+00 0.000000000000000000e+00 0.000000000000000000e+00 0.000000000000000000e+00
0.000000000000000000e+00 0.000000000000000000e+00 0.000000000000000000e+00 0.000000000000000000e+00 0.000000000000000000e+00
0.000000000000000000e+00 0.000000000000000000e+00 0.000000000000000000e+00 0.000000000000000000e+00 0.000000000000000000e+00
0.000000000000000000e+00 0.000000000000000000e+00 0.000000000000000000e+00 0.000000000000000000e+00 0.000000000000000000e+00
0.000000000000000000e+00 0.000000000000000000e+00 0.000000000000000000e+00 0.000000000000000000e+00 0.000000000000000000e+00
0.000000000000000000e+00 0.000000000000000000e+00 0.000000000000000000e+00 0.000000000000000000e+00 0.000000000000000000e+00
0.000000000000000000e+00 0.000000000000000000e+00 0.000000000000000000e+00 0.000000000000000000e+00 0.000000000000000000e+00
0.000000000000000000e+00 0.000000000000000000e+00 0.000000000000000000e+00 0.000000000000000000e+00 0.000000000000000000e+00
0.000000000000000000e+00 0.000000000000000000e+00 0.000000000000000000e+00 0.000000000000000000e+00 0.000000000000000000e+00
0.000000000000000000e+00 0.000000000000000000e+00 0.000000000000000000e+00 0.000000000000000000e+00 0.000000000000000000e+00
0.000000000000000000e+00 0.000000000000000000e+00 0.000000000000000000e+00 0.000000000000000000e+00 0.000000000000000000e+00
0.000000000000000000e+00 0.000000000000000000e+00 0.000000000000000000e+00 0.000000000000000000e+00 0.000000000000000000e+00
0.000000000000000000e+00 0.000000000000000000e+00 0.000000000000000000e+00 0.000000000000000000e+00 0.000000000000000000e+00
0.000000000000000000e+00 0.000000000000000000e+00 0.000000000000000000e+00 0.000000000000000000e+00 0.000000000000000000e+00
0.000000000000000000e+00 0.000000000000000000e+00 0.000000000000000000e+00 0.000000000000000000e+00 0.000000000000000000e+00
0.000000000000000000e+00 0.000000000000000000e+00 0.000000000000000000e+00 0.000000000000000000e+00 0.000000000000000000e+00
0.000000000000000000e+00 0.000000000000000000e+00 0.000000000000000000e+00 0.000000000000000000e+00 0.000000000000000000e+00
0.000000000000000000e+00 0.000000000000000000e+00 0.000000000000000000e+00 0.000000000000000000e+00 0.000000000000000000e+00
0.000000000000000000e+00 0.000000000000000000e+00 0.000000000000000000e+00 0.000000000000000000e+00 0.000000000000000000e+00
0.000000000000000000e+00 0.000000000000000000e+00 0.000000000000000000e+00 0.000000000000000000e+00 0.000000000000000000e+00
0.000000000000000000e+00 0.000000000000000000e+00 0.000000000000000000e+00 0.000000000000000000e+00 0.000000000000000000e+00
0.000000000000000000e+00 0.000000000000000000e+00 0.000000000000000000e+00 0.000000000000000000e+00 0.000000000000000000e+00
0.000000000000000000e+00 0.000000000000000000e+00 0.000000000000000000e+00 0.000000000000000000e+00 0.000000000000000000e+00
0.000000000000000000e+00 0.000000000000000000e+00 0.000000000000000000e+00 0.000000000000000000e+00 0.000000000000000000e+00
0.000000000000000000e+00 0.000000000000000000e+00 0.000000000000000000e+00 0.000000000000000000e+00 0.000000000000000000e+00
0.000000000000000000e+00 0.000000000000000000e+00 0.000000000000000000e+00 0.000000000000000000e+00 0.000000000000000000e+00
0.000000000000000000e+00 0.000000000000000000e+00 0.000000000000000000e+00 3.289970111364985961e+00 4.513465795273305048e+00
0.000000000000000000e+00 0.000000000000000000e+00 0.000000000000000000e+00 2.010917610393271993e+00 4.763400421599080836e+00
0.000000000000000000e+00 0.000000000000000000e+00 0.000000000000000000e+00 1.031054881574639204e+00 4.412051558710425425e+00
0.000000000000000000e+00 0.000000000000000000e+00 0.000000000000000000e+00 2.564828665027461541e-01 3.561204899857316253e+00
0.000000000000000000e+00 0.000000000000000000e+00 0.000000000000000000e+00 0.000000000000000000e+00 2.519334158645592847e+00
5.457751936987268460e-01 0.000000000000000000e+00 0.000000000000000000e+00 0.000000000000000000e+00 1.515241455430148321e+00
2.132717001144599944e+00 0.000000000000000000e+00 0.000000000000000000e+00 0.000000000000000000e+00 6.259354502205108917e-01
3.421770100274800885e+00 0.000000000000000000e+00 0.000000000000000000e+00 0.000000000000000000e+00 0.000000000000000000e+00
4.300221613759307893e+00 0.000000000000000000e+00 0.000000000000000000e+00 0.000000000000000000e+00 0.000000000000000000e+00
4.687326335129816002e+00 2.652699100995120074e-01 0.000000000000000000e+00 0.000000000000000000e+00 0.000000000000000000e+00
4.560366427169833869e+00 1.843889950233041475e+00 0.000000000000000000e+00 0.000000000000000000e+00 0.000000000000000000e+00
4.041092920959459711e+00 3.189633317115581068e+00 0.000000000000000000e+00 0.000000000000000000e+00 0.000000000000000000e+00
3.270710828738011777e+00 4.144559854785121900e+00 0.000000000000000000e+00 0.000000000000000000e+00 0.000000000000000000e+00
2.375591782209998559e+00 4.587960815859855934e+00 1.578153025692064504e-01 0.000000000000000000e+00 0.000000000000000000e+00
1.472714425178589526e+00 4.481974929915998551e+00 1.760186756329995106e+00 0.000000000000000000e+00 0.000000000000000000e+00
6.388316621640981463e-01 3.969599250249930211e+00 3.119567670580000396e+00 0.000000000000000000e+00 0.000000000000000000e+00
0.000000000000000000e+00 3.219775623798426967e+00 4.076525412283714012e+00 0.000000000000000000e+00 0.000000000000000000e+00
0.000000000000000000e+00 2.364506602651144096e+00 4.527759876233288239e+00 4.226259525091156238e-02 0.000000000000000000e+00
0.000000000000000000e+00 1.516704053409894115e+00 4.449581366335912946e+00 1.627033302380101576e+00 0.000000000000000000e+00
0.000000000000000000e+00 7.305019237911978269e-01 3.992665755268905325e+00 2.963568944773425251e+00 0.000000000000000000e+00
0.000000000000000000e+00 3.104965938231633513e-02 3.309891283501255277e+00 3.917254529189138967e+00 0.000000000000000000e+00
0.000000000000000000e+00 0.000000000000000000e+00 2.503862355609461687e+00 4.405653157196748104e+00 0.000000000000000000e+00
0.000000000000000000e+00 0.000000000000000000e+00 1.677054196550709086e+00 4.397621462352899080e+00 1.391058806469839260e+00
0.000000000000000000e+00 0.000000000000000000e+00 8.924640502671331577e-01 4.008998616752547761e+00 2.733945093495534273e+00
0.000000000000000000e+00 0.000000000000000000e+00 1.837451540279567974e-01 3.378630593871146282e+00 3.725872773662171511e+00
0.000000000000000000e+00 0.000000000000000000e+00 0.000000000000000000e+00 2.608096520183637246e+00 4.279673658356278665e+00
0.000000000000000000e+00 0.000000000000000000e+00 0.000000000000000000e+00 1.797519374058144104e+00 4.352981779542525409e+00
0.000000000000000000e+00 0.000000000000000000e+00 0.000000000000000000e+00 1.021303653003333034e+00 3.982044105713705040e+00
0.000000000000000000e+00 0.000000000000000000e+00 0.000000000000000000e+00 3.142878554107777500e-01 3.279697264425660563e+00
0.000000000000000000e+00 0.000000000000000000e+00 0.000000000000000000e+00 0.000000000000000000e+00 2.393459874352172445e+00
7.359462220765115026e-01 0.000000000000000000e+00 0.000000000000000000e+00 0.000000000000000000e+00 1.468794206767535915e+00
2.224825881772934277e+00 0.000000000000000000e+00 0.000000000000000000e+00 0.000000000000000000e+00 6.087839834764992020e-01
3.458373084714708057e+00 0.000000000000000000e+00 0.000000000000000000e+00 0.000000000000000000e+00 0.000000000000000000e+00
4.303487566658046326e+00 0.000000000000000000e+00 0.000000000000000000e+00 0.000000000000000000e+00 0.000000000000000000e+00
4.661745603247149816e+00 3.467984440955024783e-01 0.000000000000000000e+00 0.000000000000000000e+00 0.000000000000000000e+00
4.517656158704343561e+00 1.904153117732035438e+00 0.000000000000000000e+00 0.000000000000000000e+00 0.000000000000000000e+00
3.995402904155480606e+00 3.222250610941729043e+00 0.000000000000000000e+00 0.000000000000000000e+00 0.000000000000000000e+00
3.230300188254707106e+00 4.149219490991367998e+00 0.000000000000000000e+00 0.000000000000000000e+00 0.000000000000000000e+00
2.343048798456059068e+00 4.570686908664656656e+00 2.135716665669006031e-01 0.000000000000000000e+00 0.000000000000000000e+00
1.447535822362410407e+00 4.453869625758668960e+00 1.800401962874924378e+00 0.000000000000000000e+00 0.000000000000000000e+00
6.202266628077665045e-01 3.938606125090367893e+00 3.141512498258839603e+00 0.000000000000000000e+00 0.000000000000000000e+00
0.000000000000000000e+00 3.189746927276007948e+00 4.080706099508335072e+00 0.000000000000000000e+00 0.000000000000000000e+00
0.000000000000000000e+00 2.338127527930041527e+00 4.516199050770200785e+00 8.646820161954148209e-02 0.000000000000000000e+00
0.000000000000000000e+00 1.494853445933841618e+00 4.428326425821378365e+00 1.660603775703048735e+00 0.000000000000000000e+00
0.000000000000000000e+00 7.130951227613812060e-01 3.967237986937619088e+00 2.983701090189104121e+00 0.000000000000000000e+00
0.000000000000000000e+00 1.774576171482461842e-02 3.283711599734516984e+00 3.923003246432149371e+00 0.000000000000000000e+00
0.000000000000000000e+00 0.000000000000000000e+00 2.479388060125074400e+00 4.397657565321060780e+00 0.000000000000000000e+00
0.000000000000000000e+00 0.000000000000000000e+00 1.656024652255628338e+00 4.378559369987054417e+00 1.426807196763321128e+00
0.000000000000000000e+00 0.000000000000000000e+00 8.752215066976870572e-01 3.984873781040910057e+00 2.756526358017114653e+00
0.000000000000000000e+00 0.000000000000000000e+00 1.700135493389363650e-01 3.353814171547195855e+00 3.734115873861906021e+00
0.000000000000000000e+00 0.000000000000000000e+00 0.000000000000000000e+00 2.584630452962771052e+00 4.274507798787335666e+00
0.000000000000000000e+00 0.000000000000000000e+00 0.000000000000000000e+00 1.776899407744214177e+00 4.336859277771806909e+00
0.000000000000000000e+00 0.000000000000000000e+00 0.000000000000000000e+00 1.004148631393499302e+00 3.958896932167546900e+00
0.000000000000000000e+00 0.000000000000000000e+00 0.000000000000000000e+00 3.003617882184308474e-01 3.253961524021348417e+00
0.000000000000000000e+00 0.000000000000000000e+00 0.000000000000000000e+00 0.000000000000000000e+00 2.368828554299488243e+00
7.721831073042126903e-01 0.000000000000000000e+00 0.000000000000000000e+00 0.000000000000000000e+00 1.447813089123245023e+00
2.252016953989397496e+00 0.000000000000000000e+00 0.000000000000000000e+00 0.000000000000000000e+00 5.921661494357475242e-01
3.473944891305591032e+00 0.000000000000000000e+00 0.000000000000000000e+00 0.000000000000000000e+00 0.000000000000000000e+00
4.306272013397281384e+00 0.000000000000000000e+00 0.000000000000000000e+00 0.000000000000000000e+00 0.000000000000000000e+00
4.652168175819111795e+00 3.835950477451064433e-01 0.000000000000000000e+00 0.000000000000000000e+00 0.000000000000000000e+00
4.499772580669778144e+00 1.932996040729684672e+00 0.000000000000000000e+00 0.000000000000000000e+00 0.000000000000000000e+00
3.973199377311638081e+00 3.240182164969203971e+00 0.000000000000000000e+00 0.000000000000000000e+00 0.000000000000000000e+00
3.206843172334886027e+00 4.154504051304384049e+00 0.000000000000000000e+00 0.000000000000000000e+00 0.000000000000000000e+00
2.321019141864187230e+00 4.563190144252359914e+00 2.495935690921691485e-01 0.000000000000000000e+00 0.000000000000000000e+00
1.428479399866761534e+00 4.437563951696525955e+00 1.829050137873184712e+00 0.000000000000000000e+00 0.000000000000000000e+00
6.047935553068103376e-01 3.917988031784484626e+00 3.159665539912601240e+00 0.000000000000000000e+00 0.000000000000000000e+00
0.000000000000000000e+00 3.168098555471640321e+00 4.086748423446808332e+00 0.000000000000000000e+00 0.000000000000000000e+00
0.000000000000000000e+00 2.318049636551747561e+00 4.510276377035193462e+00 1.209061816988045157e-01 0.000000000000000000e+00
0.000000000000000000e+00 1.477328427998564564e+00 4.414347112178640842e+00 1.688179252824439702e+00 0.000000000000000000e+00
0.000000000000000000e+00 6.983481069002184238e-01 3.949094260505094489e+00 3.001809861777803512e+00 0.000000000000000000e+00
0.000000000000000000e+00 5.872713126360631919e-03 3.263926117829825113e+00 3.930401973337853683e+00 0.000000000000000000e+00
0.000000000000000000e+00 0.000000000000000000e+00 2.459995271667474448e+00 4.394196964123224802e+00 0.000000000000000000e+00
0.000000000000000000e+00 0.000000000000000000e+00 1.638702045390383111e+00 4.365702555449778366e+00 1.457078856947293888e+00
0.000000000000000000e+00 0.000000000000000000e+00 8.605170271466426879e-01 3.967104848475375256e+00 2.777076865830794272e+00
0.000000000000000000e+00 0.000000000000000000e+00 1.578979651118510852e-01 3.334625825088217699e+00 3.743546073111724048e+00
0.000000000000000000e+00 0.000000000000000000e+00 0.000000000000000000e+00 2.565788832886866100e+00 4.273050216534001855e+00
0.000000000000000000e+00 0.000000000000000000e+00 0.000000000000000000e+00 1.759807417454637202e+00 4.326033757047433426e+00
0.000000000000000000e+00 0.000000000000000000e+00 0.000000000000000000e+00 9.894903147364553231e-01 3.941579094878155498e+00
0.000000000000000000e+00 0.000000000000000000e+00 0.000000000000000000e+00 2.881005063991032844e-01 3.233640945477757267e+00
0.000000000000000000e+00 0.000000000000000000e+00 0.000000000000000000e+00 0.000000000000000000e+00 2.348580919516511933e+00
8.031381066465053120e-01 0.000000000000000000e+00 0.000000000000000000e+00 0.000000000000000000e+00 1.429932226711610133e+00
2.276381877000043463e+00 0.000000000000000000e+00 0.000000000000000000e+00 0.000000000000000000e+00 5.774718160348224494e-01
3.489346164072505196e+00 0.000000000000000000e+00 0.000000000000000000e+00 0.000000000000000000e+00 0.000000000000000000e+00
4.311360737828940692e+00 0.000000000000000000e+00 0.000000000000000000e+00 0.000000000000000000e+00 0.000000000000000000e+00
4.646831928484749241e+00 4.149488729869109660e-01 0.000000000000000000e+00 0.000000000000000000e+00 0.000000000000000000e+00
4.486966730788767066e+00 1.958667722058638594e+00 0.000000000000000000e+00 0.000000000000000000e+00 0.000000000000000000e+00
3.955995514752283615e+00 3.257487894569191855e+00 0.000000000000000000e+00 0.000000000000000000e+00 0.000000000000000000e+00
3.187761328895279966e+00 4.161583792614284683e+00 0.000000000000000000e+00 0.000000000000000000e+00 0.000000000000000000e+00
2.302434572661739232e+00 4.559400866475668224e+00 2.805464829038980534e-01 0.000000000000000000e+00 0.000000000000000000e+00
1.411895862693729020e+00 4.425789064149605601e+00 1.854734030229028718e+00 0.000000000000000000e+00 0.000000000000000000e+00
5.909611334044478914e-01 3.901799990666257489e+00 3.177192678957483363e+00 0.000000000000000000e+00 0.000000000000000000e+00
0.000000000000000000e+00 3.150282311252471601e+00 4.094338732519304358e+00 0.000000000000000000e+00 0.000000000000000000e+00
0.000000000000000000e+00 2.300969130530476470e+00 4.507578410674319080e+00 1.507772427992234154e-01 0.000000000000000000e+00
0.000000000000000000e+00 1.461989729529234117e+00 4.404308238263322295e+00 1.713050136347272545e+00 0.000000000000000000e+00
0.000000000000000000e+00 6.850883078446821095e-01 3.934851265544959009e+00 3.019232040043804854e+00 0.000000000000000000e+00
0.000000000000000000e+00 0.000000000000000000e+00 3.247613892334467067e+00 3.938974107052473972e+00 0.000000000000000000e+00
0.000000000000000000e+00 0.000000000000000000e+00 2.443546238494618272e+00 4.393408738099587652e+00 0.000000000000000000e+00
0.000000000000000000e+00 0.000000000000000000e+00 1.623556747312280724e+00 4.356504150072261439e+00 1.484317654444185841e+00
0.000000000000000000e+00 0.000000000000000000e+00 8.471834422345229099e-01 3.953149614787520694e+00 2.796552614777831902e+00
0.000000000000000000e+00 0.000000000000000000e+00 1.465843492742398557e-01 3.318770220617395683e+00 3.753809556923837221e+00
0.000000000000000000e+00 0.000000000000000000e+00 0.000000000000000000e+00 2.549581542980969839e+00 4.273918008348947417e+00
0.000000000000000000e+00 0.000000000000000000e+00 0.000000000000000000e+00 1.744671363059198343e+00 4.318389834170726083e+00
0.000000000000000000e+00 0.000000000000000000e+00 0.000000000000000000e+00 9.762160070876665374e-01 3.927648531655883790e+00
0.000000000000000000e+00 0.000000000000000000e+00 0.000000000000000000e+00 2.767698972247442102e-01 3.216412161027658367e+00
0.000000000000000000e+00 0.000000000000000000e+00 0.000000000000000000e+00 0.000000000000000000e+00 2.330824348779067190e+00
8.311248255751052527e-01 0.000000000000000000e+00 0.000000000000000000e+00 0.000000000000000000e+00 1.413809113136679674e+00
2.299201062836591536e+00 0.000000000000000000e+00 0.000000000000000000e+00 0.000000000000000000e+00 5.638567050115639301e-01
3.504729481433905836e+00 0.000000000000000000e+00 0.000000000000000000e+00 0.000000000000000000e+00 0.000000000000000000e+00
4.317848134911873359e+00 0.000000000000000000e+00 0.000000000000000000e+00 0.000000000000000000e+00 0.000000000000000000e+00
4.643989284592594302e+00 4.432266432398672684e-01 0.000000000000000000e+00 0.000000000000000000e+00 0.000000000000000000e+00
4.477111300937803406e+00 1.982588530006724525e+00 0.000000000000000000e+00 0.000000000000000000e+00 0.000000000000000000e+00
3.941675297543928647e+00 3.274511970703980257e+00 0.000000000000000000e+00 0.000000000000000000e+00 0.000000000000000000e+00
3.171188517086870551e+00 4.169762876080596037e+00 0.000000000000000000e+00 0.000000000000000000e+00 0.000000000000000000e+00
2.285814996469435201e+00 4.557786817544389635e+00 3.086434869020058258e-01 0.000000000000000000e+00 0.000000000000000000e+00
1.396712994350476578e+00 4.416639970719304031e+00 1.878785077248137148e+00 0.000000000000000000e+00 0.000000000000000000e+00
5.780256359523123777e-01 3.888162754942680266e+00 3.194431269139589080e+00 0.000000000000000000e+00 0.000000000000000000e+00
0.000000000000000000e+00 3.134661082486049910e+00 4.102877922446282355e+00 0.000000000000000000e+00 0.000000000000000000e+00
0.000000000000000000e+00 2.285596077922484870e+00 4.506772173019846228e+00 1.780808984970894127e-01 0.000000000000000000e+00
0.000000000000000000e+00 1.447887776598034026e+00 4.396552808404627477e+00 1.736433073508739433e+00 0.000000000000000000e+00
0.000000000000000000e+00 6.726613187818615280e-01 3.922853578901324578e+00 3.036324704190139112e+00 0.000000000000000000e+00
0.000000000000000000e+00 0.000000000000000000e+00 3.233289961375790611e+00 3.948274377829630755e+00 0.000000000000000000e+00
0.000000000000000000e+00 0.000000000000000000e+00 2.428822984249011885e+00 4.394198369229351364e+00 0.000000000000000000e+00
0.000000000000000000e+00 0.000000000000000000e+00 1.609666879598882439e+00 4.349468025208133248e+00 1.509875415340199201e+00
0.000000000000000000e+00 0.000000000000000000e+00 8.345613181515764145e-01 3.941454592365567500e+00 2.815483545633497009e+00
0.000000000000000000e+00 0.000000000000000000e+00 1.356299975104944822e-01 3.304847945860258651e+00 3.764650694045598822e+00
0.000000000000000000e+00 0.000000000000000000e+00 0.000000000000000000e+00 2.534838411854588802e+00 4.276220053467029381e+00
0.000000000000000000e+00 0.000000000000000000e+00 0.000000000000000000e+00 1.730582330911508482e+00 4.312619967526081233e+00
0.000000000000000000e+00 0.000000000000000000e+00 0.000000000000000000e+00 9.636678344468967428e-01 3.915642408352710380e+00
0.000000000000000000e+00 0.000000000000000000e+00 0.000000000000000000e+00 2.659168623831414946e-01 3.200897321896716274e+00
0.000000000000000000e+00 0.000000000000000000e+00 0.000000000000000000e+00 0.000000000000000000e+00 2.314426068790381930e+00
8.575513865310344652e-01 0.000000000000000000e+00 0.000000000000000000e+00 0.000000000000000000e+00 1.398625591484800701e+00
2.321264966999283974e+00 0.000000000000000000e+00 0.000000000000000000e+00 0.000000000000000000e+00 5.507954347799524086e-01
3.520208093709376929e+00 0.000000000000000000e+00 0.000000000000000000e+00 0.000000000000000000e+00 0.000000000000000000e+00
4.325206026154516437e+00 0.000000000000000000e+00 0.000000000000000000e+00 0.000000000000000000e+00 0.000000000000000000e+00
4.642598522465757327e+00 4.698825964023220503e-01 0.000000000000000000e+00 0.000000000000000000e+00 0.000000000000000000e+00
4.468930340314479999e+00 2.005640514328015378e+00 0.000000000000000000e+00 0.000000000000000000e+00 0.000000000000000000e+00
3.928963004070752163e+00 3.291485016681339637e+00 0.000000000000000000e+00 0.000000000000000000e+00 0.000000000000000000e+00
3.155991231001783692e+00 4.178641351396453096e+00 0.000000000000000000e+00 0.000000000000000000e+00 0.000000000000000000e+00
2.270251924279310884e+00 4.557437768005867085e+00 3.352504280237116885e-01 0.000000000000000000e+00 0.000000000000000000e+00
1.382263396898919527e+00 4.408973446719490319e+00 1.902037282038331778e+00 0.000000000000000000e+00 0.000000000000000000e+00
5.655399675657204472e-01 3.875939016346136246e+00 3.211613369415654784e+00 0.000000000000000000e+00 0.000000000000000000e+00
0.000000000000000000e+00 3.120234606484205919e+00 4.112027276939602238e+00 0.000000000000000000e+00 0.000000000000000000e+00
0.000000000000000000e+00 2.271133690076523326e+00 4.507066641187328138e+00 2.040602021518777287e-01 0.000000000000000000e+00
0.000000000000000000e+00 1.434427831115153040e+00 4.390084499623117864e+00 1.759097535026331816e+00 0.000000000000000000e+00
0.000000000000000000e+00 6.606492491091052743e-01 3.912096591114823774e+00 3.053334469260578388e+00 0.000000000000000000e+00
0.000000000000000000e+00 0.000000000000000000e+00 3.220044253943854962e+00 3.958057664982063795e+00 0.000000000000000000e+00
0.000000000000000000e+00 0.000000000000000000e+00 2.414952836727724872e+00 4.395900605392908389e+00 0.000000000000000000e+00
0.000000000000000000e+00 0.000000000000000000e+00 1.596398224568291058e+00 4.343579366748167914e+00 1.534628954273701051e+00
0.000000000000000000e+00 0.000000000000000000e+00 8.223618674786347116e-01 3.930905304670620382e+00 2.834203777619368481e+00
0.000000000000000000e+00 0.000000000000000000e+00 1.249363338956460123e-01 3.291931023713718485e+00 3.775822946786861145e+00
0.000000000000000000e+00 0.000000000000000000e+00 0.000000000000000000e+00 2.520912328928865964e+00 4.279269796768373268e+00
0.000000000000000000e+00 0.000000000000000000e+00 0.000000000000000000e+00 1.717104702672175742e+00 4.307848886894571017e+00
0.000000000000000000e+00 0.000000000000000000e+00 0.000000000000000000e+00 9.515399210652821793e-01 3.904699848760189607e+00
0.000000000000000000e+00 0.000000000000000000e+00 0.000000000000000000e+00 2.553319160357821471e-01 3.186346594825441247e+00
0.000000000000000000e+00 0.000000000000000000e+00 0.000000000000000000e+00 0.000000000000000000e+00 2.298789142609923175e+00
8.831330460900906898e-01 0.000000000000000000e+00 0.000000000000000000e+00 0.000000000000000000e+00 1.383962777920858978e+00
2.342934710526257014e+00 0.000000000000000000e+00 0.000000000000000000e+00 0.000000000000000000e+00 5.380384795724131308e-01
3.535762729636835910e+00 0.000000000000000000e+00 0.000000000000000000e+00 0.000000000000000000e+00 0.000000000000000000e+00
4.333061383773837427e+00 0.000000000000000000e+00 0.000000000000000000e+00 0.000000000000000000e+00 0.000000000000000000e+00
4.642018588844263327e+00 4.956619851636528407e-01 0.000000000000000000e+00 0.000000000000000000e+00 0.000000000000000000e+00
4.461681348986692441e+00 2.028231025446687763e+00 0.000000000000000000e+00 0.000000000000000000e+00 0.000000000000000000e+00
3.917146960323172777e+00 3.308444087087807794e+00 0.000000000000000000e+00 0.000000000000000000e+00 0.000000000000000000e+00
3.141561386708193293e+00 4.187915039400490258e+00 0.000000000000000000e+00 0.000000000000000000e+00 0.000000000000000000e+00
2.255277408598761912e+00 4.557791313691323509e+00 3.610538527929181840e-01 0.000000000000000000e+00 0.000000000000000000e+00
1.368220133195159782e+00 4.402128829875526783e+00 1.924866027607039287e+00 0.000000000000000000e+00 0.000000000000000000e+00
5.533007079516109039e-01 3.864499546819259557e+00 3.228777840065189420e+00 0.000000000000000000e+00 0.000000000000000000e+00
0.000000000000000000e+00 3.106470889437045191e+00 4.121520863922374822e+00 0.000000000000000000e+00 0.000000000000000000e+00
0.000000000000000000e+00 2.257175062611726624e+00 4.507969583037652939e+00 2.293309153045474946e-01 0.000000000000000000e+00
0.000000000000000000e+00 1.421321190736776652e+00 4.384325210763647895e+00 1.781384549225494718e+00 0.000000000000000000e+00
0.000000000000000000e+00 6.488634325110469447e-01 3.902022994176530535e+00 3.070311504802146541e+00 0.000000000000000000e+00
0.000000000000000000e+00 0.000000000000000000e+00 3.207392476453830188e+00 3.968112496796609712e+00 0.000000000000000000e+00
0.000000000000000000e+00 0.000000000000000000e+00 2.401551910866243311e+00 4.398103439622442323e+00 2.279474048284813037e-02
0.000000000000000000e+00 0.000000000000000000e+00 1.583382034327982524e+00 4.339262105523676638e+00 1.556732796432189758e+00
0.000000000000000000e+00 0.000000000000000000e+00 8.103975764579373076e-01 3.922002613924669312e+00 2.851673735177812752e+00
0.000000000000000000e+00 0.000000000000000000e+00 1.145397396970671833e-01 3.280061112276733137e+00 3.786967600530783518e+00
0.000000000000000000e+00 0.000000000000000000e+00 0.000000000000000000e+00 2.507720120408434727e+00 4.282898907468461580e+00
0.000000000000000000e+00 0.000000000000000000e+00 0.000000000000000000e+00 1.704213505834970999e+00 4.303906951459063102e+00
0.000000000000000000e+00 0.000000000000000000e+00 0.000000000000000000e+00 9.398103487037293702e-01 3.894650759689587183e+00
0.000000000000000000e+00 0.000000000000000000e+00 0.000000000000000000e+00 2.449596288705026270e-01 3.172616195449412757e+00
0.000000000000000000e+00 0.000000000000000000e+00 0.000000000000000000e+00 0.000000000000000000e+00 2.283797649810636710e+00
9.080194960880617616e-01 0.000000000000000000e+00 0.000000000000000000e+00 0.000000000000000000e+00 1.369730906236701573e+00
2.364257096292955218e+00 0.000000000000000000e+00 0.000000000000000000e+00 0.000000000000000000e+00 5.255266362664692270e-01
3.551341924152678242e+00 0.000000000000000000e+00 0.000000000000000000e+00 0.000000000000000000e+00 0.000000000000000000e+00
4.341270957304509182e+00 0.000000000000000000e+00 0.000000000000000000e+00 0.000000000000000000e+00 0.000000000000000000e+00
4.642032779586063640e+00 5.207653002298980871e-01 0.000000000000000000e+00 0.000000000000000000e+00 0.000000000000000000e+00
4.455122122311056643e+00 2.050456047272293691e+00 0.000000000000000000e+00 0.000000000000000000e+00 0.000000000000000000e+00
3.906002481933726678e+00 3.325370427336688639e+00 0.000000000000000000e+00 0.000000000000000000e+00 0.000000000000000000e+00
3.127715284730676171e+00 4.197461550170087818e+00 0.000000000000000000e+00 0.000000000000000000e+00 0.000000000000000000e+00
2.240757276345533455e+00 4.558652235139883935e+00 3.862446571504334347e-01 0.000000000000000000e+00 0.000000000000000000e+00
1.354495459362061949e+00 4.395890062799408859e+00 1.947360622389124440e+00 0.000000000000000000e+00 0.000000000000000000e+00
5.412590812178930122e-01 3.853647012031944374e+00 3.245908609004452217e+00 0.000000000000000000e+00 0.000000000000000000e+00
0.000000000000000000e+00 3.093209753668265449e+00 4.131251472819839066e+00 0.000000000000000000e+00 0.000000000000000000e+00
0.000000000000000000e+00 2.243603373796244416e+00 4.509310405333254224e+00 2.540616518378601696e-01 0.000000000000000000e+00
0.000000000000000000e+00 1.408490574646329430e+00 4.379085411449777254e+00 1.803374051409635692e+00 0.000000000000000000e+00
0.000000000000000000e+00 6.372592152393147247e-01 3.892457219190957218e+00 3.087245070887558729e+00 0.000000000000000000e+00
0.000000000000000000e+00 0.000000000000000000e+00 3.195188591763084229e+00 3.978349678335783679e+00 0.000000000000000000e+00
0.000000000000000000e+00 0.000000000000000000e+00 2.388510385011914927e+00 4.400661548814542634e+00 4.668372569815127521e-02
0.000000000000000000e+00 0.000000000000000000e+00 1.570627633585549132e+00 4.335446857643608709e+00 1.578396016858870210e+00
0.000000000000000000e+00 0.000000000000000000e+00 7.986182156733544479e-01 3.913612563751800000e+00 2.868991129188992240e+00
0.000000000000000000e+00 0.000000000000000000e+00 1.042675060945203180e-01 3.268628609211920555e+00 3.798220099274947081e+00
0.000000000000000000e+00 0.000000000000000000e+00 0.000000000000000000e+00 2.494883734264074615e+00 4.286821032823835864e+00
0.000000000000000000e+00 0.000000000000000000e+00 0.000000000000000000e+00 1.691594873208367655e+00 4.300367710215867945e+00
0.000000000000000000e+00 0.000000000000000000e+00 0.000000000000000000e+00 9.282717530585081755e-01 3.885039067703523585e+00
0.000000000000000000e+00 0.000000000000000000e+00 0.000000000000000000e+00 2.347105365450536940e-01 3.159291105414370637e+00
0.000000000000000000e+00 0.000000000000000000e+00 0.000000000000000000e+00 0.000000000000000000e+00 2.269134289836604257e+00
9.325564527688763317e-01 0.000000000000000000e+00 0.000000000000000000e+00 0.000000000000000000e+00 1.355729954948428295e+00
2.385407119172170187e+00 0.000000000000000000e+00 0.000000000000000000e+00 0.000000000000000000e+00 5.131557202179933830e-01
3.566933695466535603e+00 0.000000000000000000e+00 0.000000000000000000e+00 0.000000000000000000e+00 0.000000000000000000e+00
4.349658962596953948e+00 0.000000000000000000e+00 0.000000000000000000e+00 0.000000000000000000e+00 0.000000000000000000e+00
4.642351195307835354e+00 5.455127403843016420e-01 0.000000000000000000e+00 0.000000000000000000e+00 0.000000000000000000e+00
4.448924192355107721e+00 2.072482220700782918e+00 0.000000000000000000e+00 0.000000000000000000e+00 0.000000000000000000e+00
3.895217931023996716e+00 3.342267408040120014e+00 0.000000000000000000e+00 0.000000000000000000e+00 0.000000000000000000e+00
3.114188682527828433e+00 4.207136207297094366e+00 0.000000000000000000e+00 0.000000000000000000e+00 0.000000000000000000e+00
2.226490833975470096e+00 4.559765664570058163e+00 4.111118138195519744e-01 0.000000000000000000e+00 0.000000000000000000e+00
1.340952325347890550e+00 4.389963281157148955e+00 1.969671285910513214e+00 0.000000000000000000e+00 0.000000000000000000e+00
5.293328503160872334e-01 3.843105865738890348e+00 3.263007185804896793e+00 0.000000000000000000e+00 0.000000000000000000e+00
0.000000000000000000e+00 3.080222061312627435e+00 4.141088375809609090e+00 0.000000000000000000e+00 0.000000000000000000e+00
0.000000000000000000e+00 2.230246349242963166e+00 4.510863569313043442e+00 2.785097849174853479e-01 0.000000000000000000e+00
0.000000000000000000e+00 1.395816268418277106e+00 4.374107361291249774e+00 1.825200123857973811e+00 0.000000000000000000e+00
0.000000000000000000e+00 6.257607551462668338e-01 3.883155337628986015e+00 3.104141225253460146e+00 0.000000000000000000e+00
0.000000000000000000e+00 0.000000000000000000e+00 3.183224074920008917e+00 3.988662561766518344e+00 0.000000000000000000e+00
0.000000000000000000e+00 0.000000000000000000e+00 2.375665671235349219e+00 4.403384580612041077e+00 7.032107440824951483e-02
0.000000000000000000e+00 0.000000000000000000e+00 1.558023797926810783e+00 4.331844387652164841e+00 1.599903430028071671e+00
0.000000000000000000e+00 0.000000000000000000e+00 7.869461242763099440e-01 3.905446458827015910e+00 2.886255647432576232e+00
0.000000000000000000e+00 0.000000000000000000e+00 9.406389639526252511e-02 3.257407694561261557e+00 3.809515242341690477e+00
0.000000000000000000e+00 0.000000000000000000e+00 0.000000000000000000e+00 2.482229596171533714e+00 4.290865845641659071e+00
0.000000000000000000e+00 0.000000000000000000e+00 0.000000000000000000e+00 1.679118625310253687e+00 4.297007403371794432e+00
0.000000000000000000e+00 0.000000000000000000e+00 0.000000000000000000e+00 9.168364898435447108e-01 3.875631334085693158e+00
0.000000000000000000e+00 0.000000000000000000e+00 0.000000000000000000e+00 2.245323879976591219e-01 3.146163751767457661e+00
0.000000000000000000e+00 0.000000000000000000e+00 0.000000000000000000e+00 0.000000000000000000e+00 2.254639307008723392e+00
9.569251723195646431e-01 0.000000000000000000e+00 0.000000000000000000e+00 0.000000000000000000e+00 1.341854458048564069e+00
2.406464673762328754e+00 0.000000000000000000e+00 0.000000000000000000e+00 0.000000000000000000e+00 5.008671180082380214e-01
3.582512333548769856e+00 0.000000000000000000e+00 0.000000000000000000e+00 0.000000000000000000e+00 0.000000000000000000e+00
4.358106266673870799e+00 0.000000000000000000e+00 0.000000000000000000e+00 0.000000000000000000e+00 0.000000000000000000e+00
4.642787733781880810e+00 5.700925339680584791e-01 0.000000000000000000e+00 0.000000000000000000e+00 0.000000000000000000e+00
4.442880004948000838e+00 2.094402120339764917e+00 0.000000000000000000e+00 0.000000000000000000e+00 0.000000000000000000e+00
3.884599471175638641e+00 3.359125833526277027e+00 0.000000000000000000e+00 0.000000000000000000e+00 0.000000000000000000e+00
3.100820186682706758e+00 4.216838803515004841e+00 0.000000000000000000e+00 0.000000000000000000e+00 0.000000000000000000e+00
