0.000000000000000000e+00 0.000000000000000000e+00 0.000000000000000000e+00 0.000000000000000000e+00 0.000000000000000000e+00
0.000000000000000000e+00 0.000000000000000000e+00 0.000000000000000000e+00 0.000000000000000000e+00 0.000000000000000000e+00
0.000000000000000000e+00 0.000000000000000000e+00 0.000000000000000000e+00 0.000000000000000000e+00 0.000000000000000000e+00
0.000000000000000000e+00 0.000000000000000000e+00 0.000000000000000000e+00 0.000000000000000000e+00 0.000000000000000000e+00
0.000000000000000000e+00 0.000000000000000000e+00 0.000000000000000000e+00 0.000000000000000000e+00 0.000000000000000000e+00
0.000000000000000000e+00 0.000000000000000000e+00 0.000000000000000000e+00 0.000000000000000000e+00 0.000000000000000000e+00
0.000000000000000000e+00 0.000000000000000000e+00 0.000000000000000000e+00 0.000000000000000000e+00 0.000000000000000000e+00
0.000000000000000000e+00 0.000000000000000000e+00 0.000000000000000000e+00 0.000000000000000000e+00 0.000000000000000000e+00
0.000000000000000000e+00 0.000000000000000000e+00 0.000000000000000000e+00 0.000000000000000000e+00 0.000000000000000000e+00
0.000000000000000000e+00 0.000000000000000000e+00 0.000000000000000000e+00 0.000000000000000000e+00 0.000000000000000000e+00
0.000000000000000000e+00 0.000000000000000000e+00 0.000000000000000000e+00 0.000000000000000000e+00 0.000000000000000000e+00
0.000000000000000000e+00 0.000000000000000000e+00 0.000000000000000000e+00 0.000000000000000000e+00 0.000000000000000000e+00
0.000000000000000000e+00 0.000000000000000000e+00 0.000000000000000000e+00 0.000000000000000000e+00 0.000000000000000000e+00
0.000000000000000000e+00 0.000000000000000000e+00 0.000000000000000000e+00 0.000000000000000000e+00 0.000000000000000000e+00
0.000000000000000000e+00 0.000000000000000000e+00 0.000000000000000000e+00 0.000000000000000000e+00 0.000000000000000000e+00
0.000000000000000000e+00 0.000000000000000000e+00 0.000000000000000000e+00 0.000000000000000000e+00 0.000000000000000000e+00
0.000000000000000000e+00 0.000000000000000000e+00 0.000000000000000000e+00 0.000000000000000000e+00 0.000000000000000000e+00
0.000000000000000000e+00 0.000000000000000000e+00 0.000000000000000000e+00 0.000000000000000000e+00 0.000000000000000000e+00
0.000000000000000000e+00 0.000000000000000000e+00 0.000000000000000000e+00 0.000000000000000000e+00 0.000000000000000000e+00
0.000000000000000000e+00 0.000000000000000000e+00 0.000000000000000000e+00 0.000000000000000000e+00 0.000000000000000000e+00
0.000000000000000000e+00 0.000000000000000000e+00 0.000000000000000000e+00 0.000000000000000000e+00 0.000000000000000000e+00
0.000000000000000000e+00 0.000000000000000000e+00 0.000000000000000000e+00 0.000000000000000000e+00 0.000000000000000000e+00
0.000000000000000000e+00 0.000000000000000000e+00 0.000000000000000000e+00 0.000000000000000000e+00 0.000000000000000000e+00
0.000000000000000000e+00 0.000000000000000000e+00 0.000000000000000000e+00 0.000000000000000000e+00 0.000000000000000000e+00
0.000000000000000000e+00 0.000000000000000000e+00 0.000000000000000000e+00 0.000000000000000000e+00 0.000000000000000000e+00
0.000000000000000000e+00 0.000000000000000000e+00 0.000000000000000000e+00 0.000000000000000000e+00 0.000000000000000000e+00
0.000000000000000000e+00 0.000000000000000000e+00 0.000000000000000000e+00 0.000000000000000000e+00 0.000000000000000000e+00
0.000000000000000000e+00 0.000000000000000000e+00 0.000000000000000000e+00 0.000000000000000000e+00 0.000000000000000000e+00
0.000000000000000000e+00 0.000000000000000000e+00 0.000000000000000000e+00 0.000000000000000000e+00 0.000000000000000000e+00
0.000000000000000000e+00 0.000000000000000000e+00 0.000000000000000000e+00 0.000000000000000000e+00 0.000000000000000000e+00
0.000000000000000000e+00 0.000000000000000000e+00 0.000000000000000000e+00 0.000000000000000000e+00 0.000000000000000000e+00
0.000000000000000000e+00 0.000000000000000000e+00 0.000000000000000000e+00 0.000000000000000000e+00 0.000000000000000000e+00
0.000000000000000000e+00 0.000000000000000000e+00 0.000000000000000000e+00 0.000000000000000000e+00 0.000000000000000000e+00
0.000000000000000000e+00 0.000000000000000000e+00 0.000000000000000000e+00 0.000000000000000000e+00 0.000000000000000000e+00
0.000000000000000000e+00 0.000000000000000000e+00 0.000000000000000000e+00 0.000000000000000000e+00 0.000000000000000000e+00
0.000000000000000000e+00 0.000000000000000000e+00 0.000000000000000000e+00 0.000000000000000000e+00 0.000000000000000000e+00
0.000000000000000000e+00 0.000000000000000000e+00 0.000000000000000000e+00 0.000000000000000000e+00 0.000000000000000000e+00
0.000000000000000000e+00 0.000000000000000000e+00 0.000000000000000000e+00 0.000000000000000000e+00 0.000000000000000000e+00
0.000000000000000000e+00 0.000000000000000000e+00 0.000000000000000000e+00 0.000000000000000000e+00 0.000000000000000000e+00
0.000000000000000000e+00 0.000000000000000000e+00 0.000000000000000000e+00 0.000000000000000000e+00 0.000000000000000000e+00
0.000000000000000000e+00 0.000000000000000000e+00 0.000000000000000000e+00 0.000000000000000000e+00 0.000000000000000000e+00
0.000000000000000000e+00 0.000000000000000000e+00 0.000000000000000000e+00 0.000000000000000000e+00 0.000000000000000000e+00
0.000000000000000000e+00 0.000000000000000000e+00 0.000000000000000000e+00 0.000000000000000000e+00 0.000000000000000000e+00
0.000000000000000000e+00 0.000000000000000000e+00 0.000000000000000000e+00 0.000000000000000000e+00 0.000000000000000000e+00
0.000000000000000000e+00 0.000000000000000000e+00 0.000000000000000000e+00 0.000000000000000000e+00 0.000000000000000000e+00
0.000000000000000000e+00 0.000000000000000000e+00 0.000000000000000000e+00 0.000000000000000000e+00 0.000000000000000000e+00
0.000000000000000000e+00 0.000000000000000000e+00 0.000000000000000000e+00 0.000000000000000000e+00 0.000000000000000000e+00
0.000000000000000000e+00 0.000000000000000000e+00 0.000000000000000000e+00 0.000000000000000000e+00 0.000000000000000000e+00
0.000000000000000000e+00 0.000000000000000000e+00 0.000000000000000000e+00 0.000000000000000000e+00 0.000000000000000000e+00
0.000000000000000000e+00 0.000000000000000000e+00 0.000000000000000000e+00 0.000000000000000000e+00 0.000000000000000000e+00
0.000000000000000000e+00 0.000000000000000000e+00 0.000000000000000000e+00 0.000000000000000000e+00 0.000000000000000000e+00
0.000000000000000000e+00 0.000000000000000000e+00 0.000000000000000000e+00 0.000000000000000000e+00 0.000000000000000000e+00
0.000000000000000000e+00 0.000000000000000000e+00 0.000000000000000000e+00 0.000000000000000000e+00 0.000000000000000000e+00
0.000000000000000000e+00 0.000000000000000000e+00 0.000000000000000000e+00 0.000000000000000000e+00 0.000000000000000000e+00
0.000000000000000000e+00 0.000000000000000000e+00 0.000000000000000000e+00 0.000000000000000000e+00 0.000000000000000000e+00
0.000000000000000000e+00 0.000000000000000000e+00 0.000000000000000000e+00 0.000000000000000000e+00 0.000000000000000000e+00
0.000000000000000000e+00 0.000000000000000000e+00 0.000000000000000000e+00 0.000000000000000000e+00 0.000000000000000000e+00
0.000000000000000000e+00 0.000000000000000000e+00 0.000000000000000000e+00 0.000000000000000000e+00 0.000000000000000000e+00
0.000000000000000000e+00 0.000000000000000000e+00 0.000000000000000000e+00 0.000000000000000000e+00 0.000000000000000000e+00
0.000000000000000000e+00 0.000000000000000000e+00 0.000000000000000000e+00 0.000000000000000000e+00 0.000000000000000000e+00
0.000000000000000000e+00 0.000000000000000000e+00 0.000000000000000000e+00 0.000000000000000000e+00 0.000000000000000000e+00
0.000000000000000000e+00 0.000000000000000000e+00 0.000000000000000000e+00 0.000000000000000000e+00 0.000000000000000000e+00
0.000000000000000000e+00 0.000000000000000000e+00 0.000000000000000000e+00 0.000000000000000000e+00 0.000000000000000000e+00
0.000000000000000000e+00 0.000000000000000000e+00 0.000000000000000000e+00 0.000000000000000000e+00 0.000000000000000000e+00
0.000000000000000000e+00 0.000000000000000000e+00 0.000000000000000000e+00 0.000000000000000000e+00 0.000000000000000000e+00
0.000000000000000000e+00 0.000000000000000000e+00 0.000000000000000000e+00 0.000000000000000000e+00 0.000000000000000000e+00
0.000000000000000000e+00 0.000000000000000000e+00 0.000000000000000000e+00 0.000000000000000000e+00 0.000000000000000000e+00
0.000000000000000000e+00 0.000000000000000000e+00 0.000000000000000000e+00 0.000000000000000000e+00 0.000000000000000000e+00
0.000000000000000000e+00 0.000000000000000000e+00 0.000000000000000000e+00 0.000000000000000000e+00 0.000000000000000000e+00
0.000000000000000000e+00 0.000000000000000000e+00 0.000000000000000000e+00 0.000000000000000000e+00 0.000000000000000000e+00
0.000000000000000000e+00 0.000000000000000000e+00 0.000000000000000000e+00 0.000000000000000000e+00 0.000000000000000000e+00
0.000000000000000000e+00 0.000000000000000000e+00 0.000000000000000000e+00 0.000000000000000000e+00 0.000000000000000000e+00
0.000000000000000000e+00 0.000000000000000000e+00 0.000000000000000000e+00 0.000000000000000000e+00 0.000000000000000000e+00
0.000000000000000000e+00 0.000000000000000000e+00 0.000000000000000000e+00 0.000000000000000000e+00 0.000000000000000000e+00
0.000000000000000000e+00 0.000000000000000000e+00 0.000000000000000000e+00 0.000000000000000000e+00 0.000000000000000000e+00
0.000000000000000000e+00 0.000000000000000000e+00 0.000000000000000000e+00 0.000000000000000000e+00 0.000000000000000000e+00
0.000000000000000000e+00 0.000000000000000000e+00 0.000000000000000000e+00 0.000000000000000000e+00 0.000000000000000000e+00
0.000000000000000000e+00 0.000000000000000000e+00 0.000000000000000000e+00 0.000000000000000000e+00 0.000000000000000000e+00
0.000000000000000000e+00 0.000000000000000000e+00 0.000000000000000000e+00 0.000000000000000000e+00 0.000000000000000000e+00
0.000000000000000000e+00 0.000000000000000000e+00 0.000000000000000000e+00 0.000000000000000000e+00 0.000000000000000000e+00
0.000000000000000000e+00 0.000000000000000000e+00 0.000000000000000000e+00 0.000000000000000000e+00 0.000000000000000000e+00
0.000000000000000000e+00 0.000000000000000000e+00 0.000000000000000000e+00 0.000000000000000000e+00 0.000000000000000000e+00
0.000000000000000000e+00 0.000000000000000000e+00 0.000000000000000000e+00 0.000000000000000000e+00 0.000000000000000000e+00
0.000000000000000000e+00 0.000000000000000000e+00 0.000000000000000000e+00 0.000000000000000000e+00 0.000000000000000000e+00
0.000000000000000000e+00 0.000000000000000000e+00 0.000000000000000000e+00 0.000000000000000000e+00 0.000000000000000000e+00
0.000000000000000000e+00 0.000000000000000000e+00 0.000000000000000000e+00 0.000000000000000000e+00 0.000000000000000000e+00
0.000000000000000000e+00 0.000000000000000000e+00 0.000000000000000000e+00 0.000000000000000000e+00 0.000000000000000000e+00
0.000000000000000000e+00 0.000000000000000000e+00 0.000000000000000000e+00 0.000000000000000000e+00 0.000000000000000000e+00
0.000000000000000000e+00 0.000000000000000000e+00 0.000000000000000000e+00 0.000000000000000000e+00 0.000000000000000000e+00
0.000000000000000000e+00 0.000000000000000000e+00 0.000000000000000000e+00 0.000000000000000000e+00 0.000000000000000000e+00
0.000000000000000000e+00 0.000000000000000000e+00 0.000000000000000000e+00 0.000000000000000000e+00 0.000000000000000000e+00
0.000000000000000000e+00 0.000000000000000000e+00 0.000000000000000000e+00 0.000000000000000000e+00 0.000000000000000000e+00
0.000000000000000000e+00 0.000000000000000000e+00 0.000000000000000000e+00 0.000000000000000000e+00 0.000000000000000000e+00
0.000000000000000000e+00 0.000000000000000000e+00 0.000000000000000000e+00 0.000000000000000000e+00 0.000000000000000000e+00
0.000000000000000000e+00 0.000000000000000000e+00 0.000000000000000000e+00 0.000000000000000000e+00 0.000000000000000000e+00
0.000000000000000000e+00 0.000000000000000000e+00 0.000000000000000000e+00 0.000000000000000000e+00 0.000000000000000000e+00
0.000000000000000000e+00 0.000000000000000000e+00 0.000000000000000000e+00 0.000000000000000000e+00 0.000000000000000000e+00
0.000000000000000000e+00 0.000000000000000000e+00 0.000000000000000000e+00 0.000000000000000000e+00 0.000000000000000000e+00
0.000000000000000000e+00 0.000000000000000000e+00 0.000000000000000000e+00 0.000000000000000000e+00 0.000000000000000000e+00
0.000000000000000000e+00 0.000000000000000000e+00 0.000000000000000000e+00 0.000000000000000000e+00 0.000000000000000000e+00
0.000000000000000000e+00 0.000000000000000000e+00 0.000000000000000000e+00 0.000000000000000000e+00 0.000000000000000000e+00
0.000000000000000000e+00 0.000000000000000000e+00 0.000000000000000000e+00 0.000000000000000000e+00 0.000000000000000000e+00
0.000000000000000000e+00 0.000000000000000000e+00 0.000000000000000000e+00 0.000000000000000000e+00 0.000000000000000000e+00
0.000000000000000000e+00 0.000000000000000000e+00 0.000000000000000000e+00 0.000000000000000000e+00 0.000000000000000000e+00
0.000000000000000000e+00 0.000000000000000000e+00 0.000000000000000000e+00 0.000000000000000000e+00 0.000000000000000000e+00
0.000000000000000000e+00 0.000000000000000000e+00 0.000000000000000000e+00 0.000000000000000000e+00 0.000000000000000000e+00
0.000000000000000000e+00 0.000000000000000000e+00 0.000000000000000000e+00 0.000000000000000000e+00 0.000000000000000000e+00
0.000000000000000000e+00 0.000000000000000000e+00 0.000000000000000000e+00 0.000000000000000000e+00 0.000000000000000000e+00
0.000000000000000000e+00 0.000000000000000000e+00 0.000000000000000000e+00 0.000000000000000000e+00 0.000000000000000000e+00
0.000000000000000000e+00 0.000000000000000000e+00 0.000000000000000000e+00 0.000000000000000000e+00 0.000000000000000000e+00
0.000000000000000000e+00 0.000000000000000000e+00 0.000000000000000000e+00 0.000000000000000000e+00 0.000000000000000000e+00
0.000000000000000000e+00 0.000000000000000000e+00 0.000000000000000000e+00 0.000000000000000000e+00 0.000000000000000000e+00
0.000000000000000000e+00 0.000000000000000000e+00 0.000000000000000000e+00 0.000000000000000000e+00 0.000000000000000000e+00
0.000000000000000000e+00 0.000000000000000000e+00 0.000000000000000000e+00 0.000000000000000000e+00 0.000000000000000000e+00
0.000000000000000000e+00 0.000000000000000000e+00 0.000000000000000000e+00 0.000000000000000000e+00 0.000000000000000000e+00
0.000000000000000000e+00 0.000000000000000000e+00 0.000000000000000000e+00 0.000000000000000000e+00 0.000000000000000000e+00
0.000000000000000000e+00 0.000000000000000000e+00 0.000000000000000000e+00 0.000000000000000000e+00 0.000000000000000000e+00
0.000000000000000000e+00 0.000000000000000000e+00 0.000000000000000000e+00 0.000000000000000000e+00 0.000000000000000000e+00
0.000000000000000000e+00 0.000000000000000000e+00 0.000000000000000000e+00 0.000000000000000000e+00 0.000000000000000000e+00
0.000000000000000000e+00 0.000000000000000000e+00 0.000000000000000000e+00 0.000000000000000000e+00 0.000000000000000000e+00
0.000000000000000000e+00 0.000000000000000000e+00 0.000000000000000000e+00 0.000000000000000000e+00 0.000000000000000000e+00
0.000000000000000000e+00 0.000000000000000000e+00 0.000000000000000000e+00 0.000000000000000000e+00 0.000000000000000000e+00
0.000000000000000000e+00 0.000000000000000000e+00 0.000000000000000000e+00 0.000000000000000000e+00 0.000000000000000000e+00
0.000000000000000000e+00 0.000000000000000000e+00 0.000000000000000000e+00 0.000000000000000000e+00 0.000000000000000000e+00
0.000000000000000000e+00 0.000000000000000000e+00 0.000000000000000000e+00 0.000000000000000000e+00 0.000000000000000000e+00
0.000000000000000000e+00 0.000000000000000000e+00 0.000000000000000000e+00 0.000000000000000000e+00 0.000000000000000000e+00
0.000000000000000000e+00 0.000000000000000000e+00 0.000000000000000000e+00 0.000000000000000000e+00 0.000000000000000000e+00
0.000000000000000000e+00 0.000000000000000000e+00 0.000000000000000000e+00 0.000000000000000000e+00 0.000000000000000000e+00
0.000000000000000000e+00 0.000000000000000000e+00 0.000000000000000000e+00 0.000000000000000000e+00 0.000000000000000000e+00
0.000000000000000000e+00 0.000000000000000000e+00 0.000000000000000000e+00 0.000000000000000000e+00 0.000000000000000000e+00
0.000000000000000000e+00 0.000000000000000000e+00 0.000000000000000000e+00 0.000000000000000000e+00 0.000000000000000000e+00
0.000000000000000000e+00 0.000000000000000000e+00 0.000000000000000000e+00 0.000000000000000000e+00 0.000000000000000000e+00
0.000000000000000000e+00 0.000000000000000000e+00 0.000000000000000000e+00 0.000000000000000000e+00 0.000000000000000000e+00
0.000000000000000000e+00 0.000000000000000000e+00 0.000000000000000000e+00 0.000000000000000000e+00 0.000000000000000000e+00
0.000000000000000000e+00 0.000000000000000000e+00 0.000000000000000000e+00 0.000000000000000000e+00 0.000000000000000000e+00
0.000000000000000000e+00 0.000000000000000000e+00 0.000000000000000000e+00 0.000000000000000000e+00 0.000000000000000000e+00
0.000000000000000000e+00 0.000000000000000000e+00 0.000000000000000000e+00 0.000000000000000000e+00 0.000000000000000000e+00
0.000000000000000000e+00 0.000000000000000000e+00 0.000000000000000000e+00 0.000000000000000000e+00 0.000000000000000000e+00
0.000000000000000000e+00 0.000000000000000000e+00 0.000000000000000000e+00 0.000000000000000000e+00 0.000000000000000000e+00
0.000000000000000000e+00 0.000000000000000000e+00 0.000000000000000000e+00 0.000000000000000000e+00 0.000000000000000000e+00
0.000000000000000000e+00 0.000000000000000000e+00 0.000000000000000000e+00 0.000000000000000000e+00 0.000000000000000000e+00
0.000000000000000000e+00 0.000000000000000000e+00 0.000000000000000000e+00 0.000000000000000000e+00 0.000000000000000000e+00
0.000000000000000000e+00 0.000000000000000000e+00 0.000000000000000000e+00 0.000000000000000000e+00 0.000000000000000000e+00
0.000000000000000000e+00 0.000000000000000000e+00 0.000000000000000000e+00 0.000000000000000000e+00 0.000000000000000000e+00
0.000000000000000000e+00 0.000000000000000000e+00 0.000000000000000000e+00 0.000000000000000000e+00 0.000000000000000000e+00
0.000000000000000000e+00 0.000000000000000000e+00 0.000000000000000000e+00 0.000000000000000000e+00 0.000000000000000000e+00
0.000000000000000000e+00 0.000000000000000000e+00 0.000000000000000000e+00 0.000000000000000000e+00 0.000000000000000000e+00
0.000000000000000000e+00 0.000000000000000000e+00 0.000000000000000000e+00 0.000000000000000000e+00 0.000000000000000000e+00
0.000000000000000000e+00 0.000000000000000000e+00 0.000000000000000000e+00 0.000000000000000000e+00 0.000000000000000000e+00
0.000000000000000000e+00 0.000000000000000000e+00 0.000000000000000000e+00 0.000000000000000000e+00 0.000000000000000000e+00
0.000000000000000000e+00 0.000000000000000000e+00 0.000000000000000000e+00 0.000000000000000000e+00 0.000000000000000000e+00
0.000000000000000000e+00 0.000000000000000000e+00 0.000000000000000000e+00 0.000000000000000000e+00 0.000000000000000000e+00
0.000000000000000000e+00 0.000000000000000000e+00 0.000000000000000000e+00 0.000000000000000000e+00 0.000000000000000000e+00
0.000000000000000000e+00 0.000000000000000000e+00 0.000000000000000000e+00 0.000000000000000000e+00 0.000000000000000000e+00
0.000000000000000000e+00 0.000000000000000000e+00 0.000000000000000000e+00 0.000000000000000000e+00 0.000000000000000000e+00
0.000000000000000000e+00 0.000000000000000000e+00 0.000000000000000000e+00 0.000000000000000000e+00 0.000000000000000000e+00
0.000000000000000000e+00 0.000000000000000000e+00 0.000000000000000000e+00 0.000000000000000000e+00 0.000000000000000000e+00
0.000000000000000000e+00 0.000000000000000000e+00 0.000000000000000000e+00 0.000000000000000000e+00 0.000000000000000000e+00
0.000000000000000000e+00 0.000000000000000000e+00 0.000000000000000000e+00 0.000000000000000000e+00 0.000000000000000000e+00
0.000000000000000000e+00 0.000000000000000000e+00 0.000000000000000000e+00 0.000000000000000000e+00 0.000000000000000000e+00
0.000000000000000000e+00 0.000000000000000000e+00 0.000000000000000000e+00 0.000000000000000000e+00 0.000000000000000000e+00
0.000000000000000000e+00 0.000000000000000000e+00 0.000000000000000000e+00 0.000000000000000000e+00 0.000000000000000000e+00
0.000000000000000000e+00 0.000000000000000000e+00 0.000000000000000000e+00 0.000000000000000000e+00 0.000000000000000000e+00
0.000000000000000000e+00 0.000000000000000000e+00 0.000000000000000000e+00 0.000000000000000000e+00 0.000000000000000000e+00
0.000000000000000000e+00 0.000000000000000000e+00 0.000000000000000000e+00 0.000000000000000000e+00 0.000000000000000000e+00
0.000000000000000000e+00 0.000000000000000000e+00 0.000000000000000000e+00 0.000000000000000000e+00 0.000000000000000000e+00
0.000000000000000000e+00 0.000000000000000000e+00 0.000000000000000000e+00 0.000000000000000000e+00 0.000000000000000000e+00
0.000000000000000000e+00 0.000000000000000000e+00 0.000000000000000000e+00 0.000000000000000000e+00 0.000000000000000000e+00
0.000000000000000000e+00 0.000000000000000000e+00 0.000000000000000000e+00 0.000000000000000000e+00 0.000000000000000000e+00
0.000000000000000000e+00 0.000000000000000000e+00 0.000000000000000000e+00 0.000000000000000000e+00 0.000000000000000000e+00
0.000000000000000000e+00 0.000000000000000000e+00 0.000000000000000000e+00 0.000000000000000000e+00 0.000000000000000000e+00
0.000000000000000000e+00 0.000000000000000000e+00 0.000000000000000000e+00 0.000000000000000000e+00 0.000000000000000000e+00
0.000000000000000000e+00 0.000000000000000000e+00 0.000000000000000000e+00 0.000000000000000000e+00 0.000000000000000000e+00
0.000000000000000000e+00 0.000000000000000000e+00 0.000000000000000000e+00 0.000000000000000000e+00 0.000000000000000000e+00
0.000000000000000000e+00 0.000000000000000000e+00 0.000000000000000000e+00 0.000000000000000000e+00 0.000000000000000000e+00
0.000000000000000000e+00 0.000000000000000000e+00 0.000000000000000000e+00 0.000000000000000000e+00 0.000000000000000000e+00
0.000000000000000000e+00 0.000000000000000000e+00 0.000000000000000000e+00 0.000000000000000000e+00 0.000000000000000000e+00
0.000000000000000000e+00 0.000000000000000000e+00 0.000000000000000000e+00 0.000000000000000000e+00 0.000000000000000000e+00
0.000000000000000000e+00 0.000000000000000000e+00 0.000000000000000000e+00 0.000000000000000000e+00 0.000000000000000000e+00
0.000000000000000000e+00 0.000000000000000000e+00 0.000000000000000000e+00 0.000000000000000000e+00 0.000000000000000000e+00
0.000000000000000000e+00 0.000000000000000000e+00 0.000000000000000000e+00 0.000000000000000000e+00 0.000000000000000000e+00
0.000000000000000000e+00 0.000000000000000000e+00 0.000000000000000000e+00 0.000000000000000000e+00 0.000000000000000000e+00
0.000000000000000000e+00 0.000000000000000000e+00 0.000000000000000000e+00 0.000000000000000000e+00 0.000000000000000000e+00
0.000000000000000000e+00 0.000000000000000000e+00 0.000000000000000000e+00 0.000000000000000000e+00 0.000000000000000000e+00
0.000000000000000000e+00 0.000000000000000000e+00 0.000000000000000000e+00 0.000000000000000000e+00 0.000000000000000000e+00
0.000000000000000000e+00 0.000000000000000000e+00 0.000000000000000000e+00 0.000000000000000000e+00 0.000000000000000000e+00
0.000000000000000000e+00 0.000000000000000000e+00 0.000000000000000000e+00 0.000000000000000000e+00 0.000000000000000000e+00
0.000000000000000000e+00 0.000000000000000000e+00 0.000000000000000000e+00 0.000000000000000000e+00 0.000000000000000000e+00
0.000000000000000000e+00 0.000000000000000000e+00 0.000000000000000000e+00 0.000000000000000000e+00 0.000000000000000000e+00
0.000000000000000000e+00 0.000000000000000000e+00 0.000000000000000000e+00 0.000000000000000000e+00 0.000000000000000000e+00
0.000000000000000000e+00 0.000000000000000000e+00 0.000000000000000000e+00 0.000000000000000000e+00 0.000000000000000000e+00
0.000000000000000000e+00 0.000000000000000000e+00 0.000000000000000000e+00 0.000000000000000000e+00 0.000000000000000000e+00
0.000000000000000000e+00 0.000000000000000000e+00 0.000000000000000000e+00 0.000000000000000000e+00 0.000000000000000000e+00
0.000000000000000000e+00 0.000000000000000000e+00 0.000000000000000000e+00 0.000000000000000000e+00 0.000000000000000000e+00
0.000000000000000000e+00 0.000000000000000000e+00 0.000000000000000000e+00 0.000000000000000000e+00 0.000000000000000000e+00
0.000000000000000000e+00 0.000000000000000000e+00 0.000000000000000000e+00 0.000000000000000000e+00 0.000000000000000000e+00
0.000000000000000000e+00 0.000000000000000000e+00 0.000000000000000000e+00 0.000000000000000000e+00 0.000000000000000000e+00
0.000000000000000000e+00 0.000000000000000000e+00 0.000000000000000000e+00 0.000000000000000000e+00 0.000000000000000000e+00
0.000000000000000000e+00 0.000000000000000000e+00 0.000000000000000000e+00 0.000000000000000000e+00 0.000000000000000000e+00
0.000000000000000000e+00 0.000000000000000000e+00 0.000000000000000000e+00 0.000000000000000000e+00 0.000000000000000000e+00
0.000000000000000000e+00 0.000000000000000000e+00 0.000000000000000000e+00 0.000000000000000000e+00 0.000000000000000000e+00
0.000000000000000000e+00 0.000000000000000000e+00 0.000000000000000000e+00 0.000000000000000000e+00 0.000000000000000000e+00
0.000000000000000000e+00 0.000000000000000000e+00 0.000000000000000000e+00 0.000000000000000000e+00 0.000000000000000000e+00
0.000000000000000000e+00 0.000000000000000000e+00 0.000000000000000000e+00 0.000000000000000000e+00 0.000000000000000000e+00
0.000000000000000000e+00 0.000000000000000000e+00 0.000000000000000000e+00 0.000000000000000000e+00 0.000000000000000000e+00
0.000000000000000000e+00 0.000000000000000000e+00 0.000000000000000000e+00 0.000000000000000000e+00 0.000000000000000000e+00
0.000000000000000000e+00 0.000000000000000000e+00 0.000000000000000000e+00 0.000000000000000000e+00 0.000000000000000000e+00
0.000000000000000000e+00 0.000000000000000000e+00 0.000000000000000000e+00 0.000000000000000000e+00 0.000000000000000000e+00
0.000000000000000000e+00 0.000000000000000000e+00 0.000000000000000000e+00 0.000000000000000000e+00 0.000000000000000000e+00
0.000000000000000000e+00 0.000000000000000000e+00 0.000000000000000000e+00 0.000000000000000000e+00 0.000000000000000000e+00
0.000000000000000000e+00 0.000000000000000000e+00 0.000000000000000000e+00 0.000000000000000000e+00 0.000000000000000000e+00
0.000000000000000000e+00 0.000000000000000000e+00 0.000000000000000000e+00 0.000000000000000000e+00 0.000000000000000000e+00
0.000000000000000000e+00 0.000000000000000000e+00 0.000000000000000000e+00 0.000000000000000000e+00 0.000000000000000000e+00
0.000000000000000000e+00 0.000000000000000000e+00 0.000000000000000000e+00 0.000000000000000000e+00 0.000000000000000000e+00
0.000000000000000000e+00 0.000000000000000000e+00 0.000000000000000000e+00 0.000000000000000000e+00 0.000000000000000000e+00
0.000000000000000000e+00 0.000000000000000000e+00 0.000000000000000000e+00 0.000000000000000000e+00 0.000000000000000000e+00
0.000000000000000000e+00 0.000000000000000000e+00 0.000000000000000000e+00 0.000000000000000000e+00 0.000000000000000000e+00
0.000000000000000000e+00 0.000000000000000000e+00 0.000000000000000000e+00 0.000000000000000000e+00 0.000000000000000000e+00
0.000000000000000000e+00 0.000000000000000000e+00 0.000000000000000000e+00 0.000000000000000000e+00 0.000000000000000000e+00
0.000000000000000000e+00 0.000000000000000000e+00 0.000000000000000000e+00 0.000000000000000000e+00 0.000000000000000000e+00
0.000000000000000000e+00 0.000000000000000000e+00 0.000000000000000000e+00 0.000000000000000000e+00 0.000000000000000000e+00
0.000000000000000000e+00 0.000000000000000000e+00 0.000000000000000000e+00 0.000000000000000000e+00 0.000000000000000000e+00
0.000000000000000000e+00 0.000000000000000000e+00 0.000000000000000000e+00 0.000000000000000000e+00 0.000000000000000000e+00
0.000000000000000000e+00 0.000000000000000000e+00 0.000000000000000000e+00 0.000000000000000000e+00 0.000000000000000000e+00
0.000000000000000000e+00 0.000000000000000000e+00 0.000000000000000000e+00 0.000000000000000000e+00 0.000000000000000000e+00
0.000000000000000000e+00 0.000000000000000000e+00 0.000000000000000000e+00 0.000000000000000000e+00 0.000000000000000000e+00
0.000000000000000000e+00 0.000000000000000000e+00 0.000000000000000000e+00 0.000000000000000000e+00 0.000000000000000000e+00
0.000000000000000000e+00 0.000000000000000000e+00 0.000000000000000000e+00 0.000000000000000000e+00 0.000000000000000000e+00
0.000000000000000000e+00 0.000000000000000000e+00 0.000000000000000000e+00 0.000000000000000000e+00 0.000000000000000000e+00
0.000000000000000000e+00 0.000000000000000000e+00 0.000000000000000000e+00 0.000000000000000000e+00 0.000000000000000000e+00
0.000000000000000000e+00 0.000000000000000000e+00 0.000000000000000000e+00 0.000000000000000000e+00 0.000000000000000000e+00
0.000000000000000000e+00 0.000000000000000000e+00 0.000000000000000000e+00 0.000000000000000000e+00 0.000000000000000000e+00
0.000000000000000000e+00 0.000000000000000000e+00 0.000000000000000000e+00 0.000000000000000000e+00 0.000000000000000000e+00
0.000000000000000000e+00 0.000000000000000000e+00 0.000000000000000000e+00 0.000000000000000000e+00 0.000000000000000000e+00
0.000000000000000000e+00 0.000000000000000000e+00 0.000000000000000000e+00 0.000000000000000000e+00 0.000000000000000000e+00
0.000000000000000000e+00 0.000000000000000000e+00 0.000000000000000000e+00 0.000000000000000000e+00 0.000000000000000000e+00
0.000000000000000000e+00 0.000000000000000000e+00 0.000000000000000000e+00 0.000000000000000000e+00 0.000000000000000000e+00
0.000000000000000000e+00 0.000000000000000000e+00 0.000000000000000000e+00 0.000000000000000000e+00 0.000000000000000000e+00
0.000000000000000000e+00 0.000000000000000000e+00 0.000000000000000000e+00 0.000000000000000000e+00 0.000000000000000000e+00
0.000000000000000000e+00 0.000000000000000000e+00 0.000000000000000000e+00 0.000000000000000000e+00 0.000000000000000000e+00
0.000000000000000000e+00 0.000000000000000000e+00 0.000000000000000000e+00 0.000000000000000000e+00 0.000000000000000000e+00
0.000000000000000000e+00 0.000000000000000000e+00 0.000000000000000000e+00 0.000000000000000000e+00 0.000000000000000000e+00
0.000000000000000000e+00 0.000000000000000000e+00 0.000000000000000000e+00 0.000000000000000000e+00 0.000000000000000000e+00
0.000000000000000000e+00 0.000000000000000000e+00 0.000000000000000000e+00 0.000000000000000000e+00 0.000000000000000000e+00
0.000000000000000000e+00 0.000000000000000000e+00 0.000000000000000000e+00 0.000000000000000000e+00 0.000000000000000000e+00
0.000000000000000000e+00 0.000000000000000000e+00 0.000000000000000000e+00 0.000000000000000000e+00 0.000000000000000000e+00
0.000000000000000000e+00 0.000000000000000000e+00 0.000000000000000000e+00 0.000000000000000000e+00 0.000000000000000000e+00
0.000000000000000000e+00 0.000000000000000000e+00 0.000000000000000000e+00 0.000000000000000000e+00 0.000000000000000000e+00
0.000000000000000000e+00 0.000000000000000000e+00 0.000000000000000000e+00 0.000000000000000000e+00 0.000000000000000000e+00
0.000000000000000000e+00 0.000000000000000000e+00 0.000000000000000000e+00 0.000000000000000000e+00 0.000000000000000000e+00
0.000000000000000000e+00 0.000000000000000000e+00 0.000000000000000000e+00 0.000000000000000000e+00 0.000000000000000000e+00
0.000000000000000000e+00 0.000000000000000000e+00 0.000000000000000000e+00 0.000000000000000000e+00 0.000000000000000000e+00
0.000000000000000000e+00 0.000000000000000000e+00 0.000000000000000000e+00 0.000000000000000000e+00 0.000000000000000000e+00
0.000000000000000000e+00 0.000000000000000000e+00 0.000000000000000000e+00 0.000000000000000000e+00 0.000000000000000000e+00
0.000000000000000000e+00 0.000000000000000000e+00 0.000000000000000000e+00 0.000000000000000000e+00 0.000000000000000000e+00
0.000000000000000000e+00 0.000000000000000000e+00 0.000000000000000000e+00 0.000000000000000000e+00 0.000000000000000000e+00
0.000000000000000000e+00 0.000000000000000000e+00 0.000000000000000000e+00 0.000000000000000000e+00 0.000000000000000000e+00
0.000000000000000000e+00 0.000000000000000000e+00 0.000000000000000000e+00 0.000000000000000000e+00 0.000000000000000000e+00
0.000000000000000000e+00 0.000000000000000000e+00 0.000000000000000000e+00 0.000000000000000000e+00 0.000000000000000000e+00
0.000000000000000000e+00 0.000000000000000000e+00 0.000000000000000000e+00 0.000000000000000000e+00 0.000000000000000000e+00
0.000000000000000000e+00 0.000000000000000000e+00 0.000000000000000000e+00 0.000000000000000000e+00 0.000000000000000000e+00
0.000000000000000000e+00 0.000000000000000000e+00 0.000000000000000000e+00 0.000000000000000000e+00 0.000000000000000000e+00
0.000000000000000000e+00 0.000000000000000000e+00 0.000000000000000000e+00 0.000000000000000000e+00 0.000000000000000000e+00
0.000000000000000000e+00 0.000000000000000000e+00 0.000000000000000000e+00 0.000000000000000000e+00 0.000000000000000000e+00
0.000000000000000000e+00 0.000000000000000000e+00 0.000000000000000000e+00 0.000000000000000000e+00 0.000000000000000000e+00
0.000000000000000000e+00 0.000000000000000000e+00 0.000000000000000000e+00 0.000000000000000000e+00 0.000000000000000000e+00
0.000000000000000000e+00 0.000000000000000000e+00 0.000000000000000000e+00 0.000000000000000000e+00 0.000000000000000000e+00
0.000000000000000000e+00 0.000000000000000000e+00 0.000000000000000000e+00 0.000000000000000000e+00 0.000000000000000000e+00
0.000000000000000000e+00 0.000000000000000000e+00 0.000000000000000000e+00 0.000000000000000000e+00 0.000000000000000000e+00
0.000000000000000000e+00 0.000000000000000000e+00 0.000000000000000000e+00 0.000000000000000000e+00 0.000000000000000000e+00
0.000000000000000000e+00 0.000000000000000000e+00 0.000000000000000000e+00 0.000000000000000000e+00 0.000000000000000000e+00
0.000000000000000000e+00 0.000000000000000000e+00 0.000000000000000000e+00 0.000000000000000000e+00 0.000000000000000000e+00
0.000000000000000000e+00 0.000000000000000000e+00 0.000000000000000000e+00 0.000000000000000000e+00 0.000000000000000000e+00
0.000000000000000000e+00 0.000000000000000000e+00 0.000000000000000000e+00 0.000000000000000000e+00 0.000000000000000000e+00
0.000000000000000000e+00 0.000000000000000000e+00 0.000000000000000000e+00 0.000000000000000000e+00 0.000000000000000000e+00
0.000000000000000000e+00 0.000000000000000000e+00 0.000000000000000000e+00 2.205073801182966520e+01 3.025111122837336097e+01
0.000000000000000000e+00 0.000000000000000000e+00 0.000000000000000000e+00 7.818239850107412181e+00 1.587658462958414418e+01
0.000000000000000000e+00 0.000000000000000000e+00 0.000000000000000000e+00 6.684474392826689204e+00 1.096350957732148323e+01
0.000000000000000000e+00 0.000000000000000000e+00 0.000000000000000000e+00 3.596101699764275850e+00 7.065964376303557337e+00
1.328276040253318024e+00 0.000000000000000000e+00 0.000000000000000000e+00 6.821538693635442741e-01 4.641728074131989956e+00
8.829828844010823019e+00 0.000000000000000000e+00 0.000000000000000000e+00 0.000000000000000000e+00 2.948199937010920202e+00
9.479596823642765457e+00 0.000000000000000000e+00 0.000000000000000000e+00 0.000000000000000000e+00 1.060269850874329345e+00
1.013833773392660476e+01 0.000000000000000000e+00 0.000000000000000000e+00 0.000000000000000000e+00 0.000000000000000000e+00
1.113790401615342063e+01 0.000000000000000000e+00 0.000000000000000000e+00 0.000000000000000000e+00 0.000000000000000000e+00
1.130494460675872759e+01 2.260149074549499648e+00 0.000000000000000000e+00 0.000000000000000000e+00 0.000000000000000000e+00
1.132064146839437768e+01 6.082496144173421548e+00 0.000000000000000000e+00 0.000000000000000000e+00 0.000000000000000000e+00
1.162250976291263527e+01 7.460570033825009162e+00 0.000000000000000000e+00 0.000000000000000000e+00 0.000000000000000000e+00
1.108977603261160816e+01 8.486228335844314685e+00 0.000000000000000000e+00 0.000000000000000000e+00 0.000000000000000000e+00
9.700091285262992358e+00 9.082657017361327689e+00 2.040717325676033589e+00 0.000000000000000000e+00 0.000000000000000000e+00
8.072626169080665548e+00 9.154944019922872656e+00 5.756413534508397767e+00 0.000000000000000000e+00 0.000000000000000000e+00
6.320232113779455041e+00 9.268840764017527434e+00 6.993228145206088264e+00 0.000000000000000000e+00 0.000000000000000000e+00
4.615675035870747678e+00 8.866384441312691322e+00 7.706095022354619850e+00 0.000000000000000000e+00 0.000000000000000000e+00
2.925821307091203138e+00 7.855881232404881231e+00 8.002116741432141467e+00 3.678493886116518397e-01 0.000000000000000000e+00
1.050912571742279589e+00 6.646161512426028928e+00 7.711695517347317619e+00 4.440885791111504943e+00 0.000000000000000000e+00
0.000000000000000000e+00 5.150845424671302020e+00 7.769235458775858305e+00 5.469204694482177054e+00 0.000000000000000000e+00
0.000000000000000000e+00 3.742212594491545197e+00 7.471509228221218102e+00 6.013055439207204422e+00 0.000000000000000000e+00
0.000000000000000000e+00 2.625566311517801843e+00 6.504634713720980344e+00 6.401819734870595191e+00 0.000000000000000000e+00
0.000000000000000000e+00 1.291486247735784687e+00 5.568854362254005430e+00 6.153562264995193765e+00 2.602781762281369371e+00
0.000000000000000000e+00 0.000000000000000000e+00 4.568451545294194283e+00 6.014918500392618661e+00 4.138599097312956054e+00
0.000000000000000000e+00 0.000000000000000000e+00 3.380632014395756890e+00 5.958065306276028039e+00 4.576503319462243979e+00
0.000000000000000000e+00 0.000000000000000000e+00 2.387390407761258437e+00 5.394723084228282062e+00 4.906371990932001381e+00
0.000000000000000000e+00 0.000000000000000000e+00 1.384618435139350900e+00 4.610081714777081174e+00 4.926118020551251142e+00
0.000000000000000000e+00 0.000000000000000000e+00 1.298249157755781980e-01 3.861886962399752043e+00 4.543341284913182676e+00
0.000000000000000000e+00 0.000000000000000000e+00 0.000000000000000000e+00 2.927101813078847758e+00 3.994176034775986928e+00
0.000000000000000000e+00 0.000000000000000000e+00 0.000000000000000000e+00 1.936154966286562695e+00 3.334574768476050277e+00
9.765286736491686492e-02 0.000000000000000000e+00 0.000000000000000000e+00 9.730404863097952273e-01 2.575119942114723059e+00
2.509090455118268004e+00 0.000000000000000000e+00 0.000000000000000000e+00 0.000000000000000000e+00 1.806716506936378863e+00
3.179321279420799229e+00 0.000000000000000000e+00 0.000000000000000000e+00 0.000000000000000000e+00 9.979342054859731137e-01
3.510149420844599355e+00 0.000000000000000000e+00 0.000000000000000000e+00 0.000000000000000000e+00 2.945058180873427744e-01
3.785403849582835267e+00 0.000000000000000000e+00 0.000000000000000000e+00 0.000000000000000000e+00 0.000000000000000000e+00
3.837776950060756587e+00 1.234973544802198120e+00 0.000000000000000000e+00 0.000000000000000000e+00 0.000000000000000000e+00
3.935316198986705150e+00 2.194558385325251493e+00 0.000000000000000000e+00 0.000000000000000000e+00 0.000000000000000000e+00
4.073181812022386161e+00 2.592989402365342588e+00 0.000000000000000000e+00 0.000000000000000000e+00 0.000000000000000000e+00
3.947909855809439428e+00 2.938263512819161427e+00 0.000000000000000000e+00 0.000000000000000000e+00 0.000000000000000000e+00
3.551921714829564980e+00 3.156152975285708706e+00 1.236048183552740376e+00 0.000000000000000000e+00 0.000000000000000000e+00
2.984175759951579465e+00 3.337354870583797428e+00 2.087230981808740893e+00 0.000000000000000000e+00 0.000000000000000000e+00
2.319114183964954723e+00 3.418700590812462359e+00 2.497433774773916149e+00 0.000000000000000000e+00 0.000000000000000000e+00
1.623277719423632304e+00 3.232265940487843547e+00 2.797981928892734338e+00 0.000000000000000000e+00 0.000000000000000000e+00
8.731864654952792293e-01 2.864060279313007662e+00 2.893134418218345605e+00 7.104855582713565099e-01 0.000000000000000000e+00
7.164098070542301855e-02 2.384704569796780582e+00 2.884637683335067315e+00 1.749683002771207141e+00 0.000000000000000000e+00
0.000000000000000000e+00 1.794289627242018348e+00 2.882505626509312524e+00 2.077980105245291753e+00 0.000000000000000000e+00
0.000000000000000000e+00 1.277107379227215844e+00 2.691669489113102109e+00 2.272032793019729269e+00 0.000000000000000000e+00
0.000000000000000000e+00 7.918663301353490169e-01 2.343525192768947107e+00 2.349853756977093866e+00 3.162184087182051684e-01
0.000000000000000000e+00 1.831266458665270491e-01 1.993139008472799345e+00 2.284054074038222026e+00 1.358213598324509164e+00
0.000000000000000000e+00 0.000000000000000000e+00 1.570441111277931512e+00 2.278983949478031068e+00 1.633208663484930989e+00
0.000000000000000000e+00 0.000000000000000000e+00 1.129939748770114605e+00 2.198214011828802938e+00 1.770313345360197355e+00
0.000000000000000000e+00 0.000000000000000000e+00 7.224372914341081753e-01 1.942450320642730155e+00 1.868577163242335359e+00
0.000000000000000000e+00 0.000000000000000000e+00 2.481683251708721727e-01 1.648183554679216511e+00 1.822052747245539450e+00
0.000000000000000000e+00 0.000000000000000000e+00 0.000000000000000000e+00 1.322406580082380323e+00 1.657448429711161575e+00
0.000000000000000000e+00 0.000000000000000000e+00 0.000000000000000000e+00 9.383238097095514263e-01 1.438183830627925985e+00
0.000000000000000000e+00 0.000000000000000000e+00 0.000000000000000000e+00 5.408146427757776209e-01 1.174141852473042924e+00
6.680342235223069025e-01 0.000000000000000000e+00 0.000000000000000000e+00 1.273728401520068942e-01 8.801772838258337117e-01
1.134624088980951351e+00 0.000000000000000000e+00 0.000000000000000000e+00 0.000000000000000000e+00 5.616850562108366418e-01
1.310337619626489536e+00 0.000000000000000000e+00 0.000000000000000000e+00 0.000000000000000000e+00 2.611367346336823658e-01
1.432895699597214190e+00 0.000000000000000000e+00 0.000000000000000000e+00 0.000000000000000000e+00 0.000000000000000000e+00
1.488146969870740577e+00 3.040675045333118831e-01 0.000000000000000000e+00 0.000000000000000000e+00 0.000000000000000000e+00
1.515740515666697208e+00 7.997177940852751021e-01 0.000000000000000000e+00 0.000000000000000000e+00 0.000000000000000000e+00
1.575366221820195811e+00 9.726547882359382058e-01 0.000000000000000000e+00 0.000000000000000000e+00 0.000000000000000000e+00
1.575464432726647601e+00 1.100605768127427497e+00 0.000000000000000000e+00 0.000000000000000000e+00 0.000000000000000000e+00
1.459834590388542575e+00 1.207493962402006460e+00 3.603011801887934240e-01 0.000000000000000000e+00 0.000000000000000000e+00
1.258889486007319647e+00 1.293868874317349871e+00 7.608782984523498882e-01 0.000000000000000000e+00 0.000000000000000000e+00
1.003255298766947412e+00 1.350906226138692823e+00 9.368823810220971993e-01 0.000000000000000000e+00 0.000000000000000000e+00
7.191890182624671723e-01 1.312111326914622511e+00 1.069229978809471682e+00 0.000000000000000000e+00 0.000000000000000000e+00
4.116049004941225165e-01 1.183267684903221983e+00 1.137049544860890826e+00 1.706317122275091969e-01 0.000000000000000000e+00
8.283417555645655739e-02 1.002182769462578449e+00 1.141431662944780712e+00 6.501657959631756967e-01 0.000000000000000000e+00
0.000000000000000000e+00 7.709143991323053058e-01 1.150567883196185193e+00 8.003698462212049947e-01 0.000000000000000000e+00
0.000000000000000000e+00 5.510746172590286207e-01 1.098997502863641174e+00 8.832720925377568477e-01 0.000000000000000000e+00
0.000000000000000000e+00 3.502781896578044396e-01 9.684193338131753537e-01 9.325089807784570084e-01 5.443396517894605324e-02
0.000000000000000000e+00 1.080778103570212423e-01 8.277659605857801139e-01 9.131363383682700174e-01 5.160771749836534639e-01
0.000000000000000000e+00 0.000000000000000000e+00 6.626747322603598889e-01 9.142848187968288798e-01 6.383605752606325012e-01
0.000000000000000000e+00 0.000000000000000000e+00 4.816871097638397714e-01 8.947094095846264139e-01 6.966584424708210932e-01
0.000000000000000000e+00 0.000000000000000000e+00 3.128689961256814200e-01 7.999227352184501427e-01 7.451180362663124557e-01
0.000000000000000000e+00 0.000000000000000000e+00 1.210875935042654561e-01 6.824174027211471483e-01 7.377395637844674781e-01
0.000000000000000000e+00 0.000000000000000000e+00 0.000000000000000000e+00 5.541632734084478429e-01 6.790790620435638303e-01
0.000000000000000000e+00 0.000000000000000000e+00 0.000000000000000000e+00 3.995262568049495755e-01 5.959185590923565812e-01
0.000000000000000000e+00 0.000000000000000000e+00 0.000000000000000000e+00 2.368455236812838649e-01 4.933760144928189817e-01
2.406931918169652462e-01 0.000000000000000000e+00 0.000000000000000000e+00 6.785588751072602065e-02 3.762286189482155763e-01
4.469262031830734117e-01 0.000000000000000000e+00 0.000000000000000000e+00 0.000000000000000000e+00 2.481454381347614480e-01
5.227792549042931114e-01 0.000000000000000000e+00 0.000000000000000000e+00 0.000000000000000000e+00 1.235624726404260798e-01
5.740769380505161834e-01 0.000000000000000000e+00 0.000000000000000000e+00 0.000000000000000000e+00 7.309918038567175813e-03
6.003670351034884334e-01 1.102609305918767074e-01 0.000000000000000000e+00 0.000000000000000000e+00 0.000000000000000000e+00
6.123760301787850580e-01 3.186401967036456284e-01 0.000000000000000000e+00 0.000000000000000000e+00 0.000000000000000000e+00
6.370330229930498689e-01 3.902861217340847233e-01 0.000000000000000000e+00 0.000000000000000000e+00 0.000000000000000000e+00
6.409432166336381798e-01 4.417237810178109569e-01 0.000000000000000000e+00 0.000000000000000000e+00 0.000000000000000000e+00
5.984265717950298935e-01 4.862946985575877790e-01 1.406246648467890381e-01 0.000000000000000000e+00 0.000000000000000000e+00
5.196657617545952235e-01 5.234197328707335117e-01 3.046606752060032619e-01 0.000000000000000000e+00 0.000000000000000000e+00
4.164746128712205064e-01 5.494844079888316912e-01 3.762442239775732333e-01 0.000000000000000000e+00 0.000000000000000000e+00
2.994928781923089645e-01 5.369674581113370593e-01 4.311343080331875854e-01 0.000000000000000000e+00 0.000000000000000000e+00
1.719967162715940745e-01 4.863076213924122371e-01 4.614222595970441376e-01 6.571091943476936592e-02 0.000000000000000000e+00
3.579525471570921269e-02 4.130960487864543396e-01 4.652645214314743427e-01 2.618079526435890259e-01 0.000000000000000000e+00
0.000000000000000000e+00 3.187314716331935416e-01 4.699314609812655363e-01 3.243321166852775606e-01 0.000000000000000000e+00
0.000000000000000000e+00 2.278005377074121540e-01 4.502770792310651360e-01 3.589235519496858373e-01 0.000000000000000000e+00
0.000000000000000000e+00 1.444193316728181742e-01 3.978684216767725546e-01 3.800946988077980038e-01 2.216591405048706775e-02
0.000000000000000000e+00 4.440579265392319286e-02 3.403736646835131552e-01 3.735655192993458940e-01 2.099401099696418804e-01
0.000000000000000000e+00 0.000000000000000000e+00 2.729121612664364704e-01 3.743531521618104763e-01 2.602863029593782684e-01
0.000000000000000000e+00 0.000000000000000000e+00 1.985156954593669809e-01 3.666897274744007618e-01 2.844753750185891050e-01
0.000000000000000000e+00 0.000000000000000000e+00 1.283774936690962321e-01 3.285736618159118549e-01 3.045513443663550035e-01
0.000000000000000000e+00 0.000000000000000000e+00 4.878169978677071583e-02 2.805677989498933655e-01 3.021700599096011075e-01
0.000000000000000000e+00 0.000000000000000000e+00 0.000000000000000000e+00 2.277124646846484801e-01 2.788325732393071021e-01
0.000000000000000000e+00 0.000000000000000000e+00 0.000000000000000000e+00 1.641467463231461033e-01 2.451160845110100794e-01
0.000000000000000000e+00 0.000000000000000000e+00 0.000000000000000000e+00 9.703623162933272539e-02 2.033194873567678584e-01
1.016500825988808643e-01 0.000000000000000000e+00 0.000000000000000000e+00 2.695279024738095330e-02 1.554307699215939920e-01
1.837667992133473760e-01 0.000000000000000000e+00 0.000000000000000000e+00 0.000000000000000000e+00 1.026763448544798507e-01
2.145651813557414300e-01 0.000000000000000000e+00 0.000000000000000000e+00 0.000000000000000000e+00 5.123003423943561785e-02
2.357643411023957469e-01 0.000000000000000000e+00 0.000000000000000000e+00 0.000000000000000000e+00 2.958720006107640188e-03
2.465308683900380160e-01 4.913513164719329751e-02 0.000000000000000000e+00 0.000000000000000000e+00 0.000000000000000000e+00
2.519941856446106243e-01 1.318569059489682616e-01 0.000000000000000000e+00 0.000000000000000000e+00 0.000000000000000000e+00
2.621181095432634223e-01 1.609118235007755970e-01 0.000000000000000000e+00 0.000000000000000000e+00 0.000000000000000000e+00
2.633657272903544566e-01 1.820359953002448627e-01 0.000000000000000000e+00 0.000000000000000000e+00 0.000000000000000000e+00
2.458909012498233793e-01 2.000038432355522033e-01 6.215568985310504502e-02 0.000000000000000000e+00 0.000000000000000000e+00
2.133451044557199694e-01 2.157197483249051473e-01 1.263970800861935473e-01 0.000000000000000000e+00 0.000000000000000000e+00
1.705382679796585421e-01 2.265277561730005829e-01 1.552295490083288598e-01 0.000000000000000000e+00 0.000000000000000000e+00
1.219962415118347465e-01 2.208545381630733218e-01 1.778471881246579400e-01 0.000000000000000000e+00 0.000000000000000000e+00
6.889135560579351392e-02 1.997267654492596023e-01 1.900303901619659896e-01 3.145224561131865215e-02 0.000000000000000000e+00
1.226303925052629751e-02 1.692700441532135891e-01 1.920052159531060454e-01 1.089394863274639885e-01 0.000000000000000000e+00
0.000000000000000000e+00 1.300544001220815815e-01 1.937666235096502376e-01 1.342042491040418284e-01 0.000000000000000000e+00
0.000000000000000000e+00 9.268695400341810109e-02 1.849732463417464168e-01 1.484498606215689520e-01 0.000000000000000000e+00
0.000000000000000000e+00 5.803239262991422009e-02 1.632561832774159782e-01 1.566936907066551754e-01 1.348025346552539361e-02
0.000000000000000000e+00 1.616550062157884327e-02 1.395307373540433105e-01 1.542903347638402423e-01 8.767243915079880878e-02
0.000000000000000000e+00 0.000000000000000000e+00 1.114629695453395186e-01 1.545456923502053215e-01 1.079053034225063712e-01
0.000000000000000000e+00 0.000000000000000000e+00 8.080524361844254599e-02 1.507895820213489557e-01 1.178725901819666216e-01
0.000000000000000000e+00 0.000000000000000000e+00 5.160848884513402623e-02 1.349208811708857425e-01 1.257406121677018263e-01
0.000000000000000000e+00 0.000000000000000000e+00 1.826867449197244753e-02 1.150907728234118466e-01 1.244087569082452660e-01
0.000000000000000000e+00 0.000000000000000000e+00 0.000000000000000000e+00 9.291836260103548961e-02 1.146662371460882707e-01
0.000000000000000000e+00 0.000000000000000000e+00 0.000000000000000000e+00 6.657201352753273904e-02 1.006098410405442678e-01
0.000000000000000000e+00 0.000000000000000000e+00 0.000000000000000000e+00 3.878941477788444558e-02 8.323529479097314943e-02
4.534748088063089710e-02 0.000000000000000000e+00 0.000000000000000000e+00 9.560023749233259593e-03 6.344799464186312576e-02
7.679918227609938697e-02 0.000000000000000000e+00 0.000000000000000000e+00 0.000000000000000000e+00 4.150677902574617661e-02
8.903093335985713674e-02 0.000000000000000000e+00 0.000000000000000000e+00 0.000000000000000000e+00 2.027120973875362608e-02
9.775200843884503110e-02 0.000000000000000000e+00 0.000000000000000000e+00 0.000000000000000000e+00 2.881357626272063044e-04
1.019336818239180570e-01 2.322879458585003221e-02 0.000000000000000000e+00 0.000000000000000000e+00 0.000000000000000000e+00
1.043931885906124318e-01 5.533639671519985370e-02 0.000000000000000000e+00 0.000000000000000000e+00 0.000000000000000000e+00
1.085250747920873948e-01 6.701856311015497170e-02 0.000000000000000000e+00 0.000000000000000000e+00 0.000000000000000000e+00
1.086314705744495512e-01 7.574087679744767598e-02 0.000000000000000000e+00 0.000000000000000000e+00 0.000000000000000000e+00
1.011559948432605438e-01 8.289446048561632807e-02 2.842135708496229540e-02 0.000000000000000000e+00 0.000000000000000000e+00
8.742541459019205485e-02 8.952828512691636542e-02 5.309106526105722423e-02 0.000000000000000000e+00 0.000000000000000000e+00
6.947110754043084313e-02 9.387062110048915997e-02 6.466971770644480699e-02 0.000000000000000000e+00 0.000000000000000000e+00
4.927089289414876561e-02 9.101767781094506626e-02 7.398922781205463650e-02 0.000000000000000000e+00 0.000000000000000000e+00
2.712489640821491577e-02 8.200422415038932655e-02 7.870800437492775359e-02 1.563906244947954605e-02 0.000000000000000000e+00
3.561391455386697658e-03 6.920542538038089442e-02 7.959380896622736401e-02 4.585834201791261222e-02 0.000000000000000000e+00
0.000000000000000000e+00 5.280297768004427184e-02 8.016638322014825457e-02 5.595703164140708452e-02 0.000000000000000000e+00
0.000000000000000000e+00 3.748047451017644249e-02 7.606270117583859014e-02 6.178748708052239635e-02 0.000000000000000000e+00
0.000000000000000000e+00 2.308116043614472090e-02 6.695563882401778244e-02 6.486368906997164174e-02 7.971517142557615898e-03
0.000000000000000000e+00 5.484991904247671357e-03 5.712901215548793488e-02 6.393986276962415616e-02 3.693513610776300027e-02
0.000000000000000000e+00 0.000000000000000000e+00 4.538006579937192697e-02 6.398455908354083732e-02 4.499145604328624870e-02
0.000000000000000000e+00 0.000000000000000000e+00 3.273511257535499652e-02 6.208007719217256692e-02 4.908882343337417353e-02
0.000000000000000000e+00 0.000000000000000000e+00 2.057799398098580923e-02 5.539150695803574109e-02 5.210035837994730912e-02
0.000000000000000000e+00 0.000000000000000000e+00 6.579309132104249613e-03 4.716675393596769794e-02 5.131560971680659833e-02
0.000000000000000000e+00 0.000000000000000000e+00 0.000000000000000000e+00 3.781395075597160371e-02 4.717796782889305263e-02
0.000000000000000000e+00 0.000000000000000000e+00 0.000000000000000000e+00 2.686471951764968225e-02 4.126028008464288632e-02
0.000000000000000000e+00 0.000000000000000000e+00 0.000000000000000000e+00 1.535227624782642408e-02 3.398807474863652089e-02
2.043985449042828861e-02 0.000000000000000000e+00 0.000000000000000000e+00 3.144716538483471879e-03 2.578097680001611991e-02
3.226108341145561553e-02 0.000000000000000000e+00 0.000000000000000000e+00 0.000000000000000000e+00 1.662712678023314794e-02
3.707547865261506814e-02 0.000000000000000000e+00 0.000000000000000000e+00 0.000000000000000000e+00 7.864921257350054873e-03
4.065639502426332541e-02 0.000000000000000000e+00 0.000000000000000000e+00 0.000000000000000000e+00 0.000000000000000000e+00
4.224434653681274909e-02 1.098374063730478412e-02 0.000000000000000000e+00 0.000000000000000000e+00 0.000000000000000000e+00
4.336194929888126381e-02 2.331079342161590517e-02 0.000000000000000000e+00 0.000000000000000000e+00 0.000000000000000000e+00
4.505829309124909088e-02 2.799685948000618652e-02 0.000000000000000000e+00 0.000000000000000000e+00 0.000000000000000000e+00
4.487185079198319215e-02 3.162489857182482211e-02 0.000000000000000000e+00 0.000000000000000000e+00 0.000000000000000000e+00
4.160609945307314206e-02 3.446536850988390910e-02 1.300526073195751309e-02 0.000000000000000000e+00 0.000000000000000000e+00
3.577699658321442655e-02 3.724033378076363476e-02 2.239227404723376225e-02 0.000000000000000000e+00 0.000000000000000000e+00
2.823125056627961982e-02 3.894784782709770354e-02 2.703725095063447270e-02 0.000000000000000000e+00 0.000000000000000000e+00
1.981955632586185345e-02 3.752145575235399377e-02 3.086255401008042298e-02 0.000000000000000000e+00 0.000000000000000000e+00
1.058396662825256129e-02 3.365577597971292079e-02 3.264996320906377036e-02 7.682154549515374242e-03 0.000000000000000000e+00
7.835110150233859372e-04 2.825810986413213044e-02 3.303641594516459890e-02 1.936646235298766783e-02 0.000000000000000000e+00
0.000000000000000000e+00 2.138460493821270347e-02 3.319755176254268747e-02 2.338103063945773386e-02 0.000000000000000000e+00
0.000000000000000000e+00 1.511096910311593433e-02 3.127667613986861994e-02 2.576551981263719426e-02 0.000000000000000000e+00
0.000000000000000000e+00 9.131099141179710443e-03 2.744317603844415032e-02 2.688231752445702227e-02 4.367808718463983553e-03
0.000000000000000000e+00 1.730201520322438569e-03 2.337039260376094774e-02 2.651818799046523623e-02 1.559725614699303264e-02
0.000000000000000000e+00 0.000000000000000000e+00 1.844396434240724858e-02 2.650655923992495389e-02 1.878993214947666246e-02
0.000000000000000000e+00 0.000000000000000000e+00 1.322854052947519676e-02 2.555944512554475523e-02 2.047053552234334717e-02
0.000000000000000000e+00 0.000000000000000000e+00 8.169968324445164853e-03 2.272954864350751336e-02 2.160644714070958372e-02
0.000000000000000000e+00 0.000000000000000000e+00 2.292385461100110433e-03 1.931441726092941735e-02 2.117233812528596104e-02
0.000000000000000000e+00 0.000000000000000000e+00 0.000000000000000000e+00 1.536562042907529957e-02 1.940603515462324680e-02
0.000000000000000000e+00 0.000000000000000000e+00 0.000000000000000000e+00 1.081329625320925913e-02 1.690791298918359331e-02
0.000000000000000000e+00 0.000000000000000000e+00 0.000000000000000000e+00 6.043304873881716333e-03 1.385867446905830747e-02
9.186957700313413966e-03 0.000000000000000000e+00 0.000000000000000000e+00 9.457124702016983520e-04 1.045140151290091524e-02
1.356645009511492361e-02 0.000000000000000000e+00 0.000000000000000000e+00 0.000000000000000000e+00 6.630295815313047569e-03
1.545146463133306725e-02 0.000000000000000000e+00 0.000000000000000000e+00 0.000000000000000000e+00 3.017093800705694662e-03
1.692009723488485662e-02 0.000000000000000000e+00 0.000000000000000000e+00 0.000000000000000000e+00 0.000000000000000000e+00
1.751406227139540306e-02 5.129177321849809346e-03 0.000000000000000000e+00 0.000000000000000000e+00 0.000000000000000000e+00
1.801999518362684682e-02 9.824170364458595373e-03 0.000000000000000000e+00 0.000000000000000000e+00 0.000000000000000000e+00
1.871793864380855155e-02 1.170094173199576204e-02 0.000000000000000000e+00 0.000000000000000000e+00 0.000000000000000000e+00
1.853681224210923517e-02 1.321359350925366272e-02 0.000000000000000000e+00 0.000000000000000000e+00 0.000000000000000000e+00
1.710400428605041157e-02 1.433921384481617878e-02 5.905960888585859436e-03 0.000000000000000000e+00 0.000000000000000000e+00
1.462687835338538633e-02 1.549496515107495753e-02 9.449497649072213790e-03 0.000000000000000000e+00 0.000000000000000000e+00
1.145618572246931421e-02 1.615879044154500122e-02 1.131109259708829029e-02 0.000000000000000000e+00 0.000000000000000000e+00
7.954794026954203900e-03 1.546282799420595211e-02 1.287798338278633992e-02 0.000000000000000000e+00 0.000000000000000000e+00
4.105793576547611679e-03 1.380490660660704805e-02 1.354468644054751536e-02 3.690499212449793731e-03 0.000000000000000000e+00
3.283565837008950439e-05 1.152779119690805487e-02 1.371131436065375908e-02 8.179773406857826501e-03 0.000000000000000000e+00
0.000000000000000000e+00 8.647683569251718438e-03 1.374531611604279391e-02 9.770494849314914632e-03 0.000000000000000000e+00
0.000000000000000000e+00 6.081660733170402011e-03 1.285519976061966219e-02 1.074499736781753256e-02 0.000000000000000000e+00
0.000000000000000000e+00 3.600215771415449240e-03 1.124078852625665093e-02 1.114049120796156700e-02 2.254441958493558218e-03
0.000000000000000000e+00 4.894203738725622088e-04 9.553229380809824534e-03 1.099547062679562259e-02 6.585345214515925250e-03
0.000000000000000000e+00 0.000000000000000000e+00 7.487908934478149092e-03 1.097760066035569082e-02 7.846739744410413664e-03
0.000000000000000000e+00 0.000000000000000000e+00 5.337821963702360506e-03 1.051885894063353533e-02 8.535138405663111882e-03
0.000000000000000000e+00 0.000000000000000000e+00 3.234809037322428082e-03 9.321260943329079396e-03 8.958555608629126255e-03
0.000000000000000000e+00 0.000000000000000000e+00 7.691658724828798199e-04 7.903400279696271014e-03 8.732435412550643150e-03
0.000000000000000000e+00 0.000000000000000000e+00 0.000000000000000000e+00 6.237414103460459103e-03 7.978219244497708473e-03
0.000000000000000000e+00 0.000000000000000000e+00 0.000000000000000000e+00 4.345526762472573523e-03 6.923694821470149918e-03
0.000000000000000000e+00 0.000000000000000000e+00 0.000000000000000000e+00 2.370286746478100781e-03 5.645338497983765080e-03
4.102052974563896726e-03 0.000000000000000000e+00 0.000000000000000000e+00 2.432858086098832473e-04 4.231052362135834244e-03
5.702030254006729137e-03 0.000000000000000000e+00 0.000000000000000000e+00 0.000000000000000000e+00 2.636772124575692544e-03
6.437247182922156696e-03 0.000000000000000000e+00 0.000000000000000000e+00 0.000000000000000000e+00 1.147881761931479616e-03
7.039046005408167161e-03 0.000000000000000000e+00 0.000000000000000000e+00 0.000000000000000000e+00 0.000000000000000000e+00
7.258295137990700141e-03 2.361672071060638700e-03 0.000000000000000000e+00 0.000000000000000000e+00 0.000000000000000000e+00
7.485134243290225697e-03 4.137008544224940465e-03 0.000000000000000000e+00 0.000000000000000000e+00 0.000000000000000000e+00
7.772131263683590419e-03 4.887626042027193307e-03 0.000000000000000000e+00 0.000000000000000000e+00 0.000000000000000000e+00
7.654071020701813666e-03 5.518052591479971625e-03 0.000000000000000000e+00 0.000000000000000000e+00 0.000000000000000000e+00
7.027318184449349303e-03 5.963181378065840477e-03 2.657256118365758368e-03 0.000000000000000000e+00 0.000000000000000000e+00
5.975699403548695443e-03 6.443805966438453936e-03 3.983951645225580762e-03 0.000000000000000000e+00 0.000000000000000000e+00
4.644538638287620813e-03 6.700329308162444875e-03 4.729302971884230544e-03 0.000000000000000000e+00 0.000000000000000000e+00
3.188267054587967664e-03 6.368791331512468901e-03 5.370601390430884692e-03 0.000000000000000000e+00 0.000000000000000000e+00
1.585689321381700267e-03 5.659012294301213331e-03 5.616094990812392496e-03 1.735423014737058622e-03 0.000000000000000000e+00
0.000000000000000000e+00 4.699373104966042547e-03 5.687350042649086390e-03 3.451183271496738314e-03 0.000000000000000000e+00
0.000000000000000000e+00 3.507362003762892755e-03 5.688490446909000298e-03 4.079727022854306995e-03 0.000000000000000000e+00
0.000000000000000000e+00 2.447131328220386592e-03 5.289013352549609692e-03 4.476237736139587753e-03 0.000000000000000000e+00
0.000000000000000000e+00 1.400977393495317358e-03 4.612383989011092922e-03 4.614596538243809221e-03 1.115110654481554775e-03
0.000000000000000000e+00 1.001543143752670062e-04 3.901777421688734648e-03 4.562657649742618560e-03 2.778325648322699237e-03
0.000000000000000000e+00 0.000000000000000000e+00 3.029133312137943790e-03 4.549162859812660997e-03 3.276979568767046658e-03
0.000000000000000000e+00 0.000000000000000000e+00 2.147848957601006248e-03 4.324553381929163720e-03 3.561604624491288007e-03
0.000000000000000000e+00 0.000000000000000000e+00 1.277426680901250222e-03 3.816021925673318549e-03 3.715416628047307768e-03
0.000000000000000000e+00 0.000000000000000000e+00 2.421277262465437730e-04 3.231087343924521349e-03 3.597880238981332468e-03
0.000000000000000000e+00 0.000000000000000000e+00 0.000000000000000000e+00 2.529629100345154313e-03 3.275737190633343232e-03
0.000000000000000000e+00 0.000000000000000000e+00 0.000000000000000000e+00 1.742194550380382623e-03 2.833093745846504419e-03
0.000000000000000000e+00 0.000000000000000000e+00 0.000000000000000000e+00 9.240922716591271069e-04 2.297716301935537331e-03
1.825104472130689715e-03 0.000000000000000000e+00 0.000000000000000000e+00 3.721952459567745564e-05 1.709785226866600283e-03
2.395964244428228085e-03 0.000000000000000000e+00 0.000000000000000000e+00 0.000000000000000000e+00 1.044315153242436622e-03
2.681674891058527521e-03 0.000000000000000000e+00 0.000000000000000000e+00 0.000000000000000000e+00 4.313781947873351896e-04
2.928146600567060887e-03 0.000000000000000000e+00 0.000000000000000000e+00 0.000000000000000000e+00 0.000000000000000000e+00
3.007068533378287611e-03 1.078965204182047444e-03 0.000000000000000000e+00 0.000000000000000000e+00 0.000000000000000000e+00
3.108194311818301969e-03 1.742118144276716407e-03 0.000000000000000000e+00 0.000000000000000000e+00 0.000000000000000000e+00
3.226257802846355105e-03 2.041268171049104296e-03 0.000000000000000000e+00 0.000000000000000000e+00 0.000000000000000000e+00
