0.000000000000000000e+00 0.000000000000000000e+00 0.000000000000000000e+00 0.000000000000000000e+00 0.000000000000000000e+00
0.000000000000000000e+00 0.000000000000000000e+00 0.000000000000000000e+00 0.000000000000000000e+00 0.000000000000000000e+00
0.000000000000000000e+00 0.000000000000000000e+00 0.000000000000000000e+00 0.000000000000000000e+00 0.000000000000000000e+00
0.000000000000000000e+00 0.000000000000000000e+00 0.000000000000000000e+00 0.000000000000000000e+00 0.000000000000000000e+00
0.000000000000000000e+00 0.000000000000000000e+00 0.000000000000000000e+00 0.000000000000000000e+00 0.000000000000000000e+00
0.000000000000000000e+00 0.000000000000000000e+00 0.000000000000000000e+00 0.000000000000000000e+00 0.000000000000000000e+00
0.000000000000000000e+00 0.000000000000000000e+00 0.000000000000000000e+00 0.000000000000000000e+00 0.000000000000000000e+00
0.000000000000000000e+00 0.000000000000000000e+00 0.000000000000000000e+00 0.000000000000000000e+00 0.000000000000000000e+00
0.000000000000000000e+00 0.000000000000000000e+00 0.000000000000000000e+00 0.000000000000000000e+00 0.000000000000000000e+00
0.000000000000000000e+00 0.000000000000000000e+00 0.000000000000000000e+00 0.000000000000000000e+00 0.000000000000000000e+00
0.000000000000000000e+00 0.000000000000000000e+00 0.000000000000000000e+00 0.000000000000000000e+00 0.000000000000000000e+00
0.000000000000000000e+00 0.000000000000000000e+00 0.000000000000000000e+00 0.000000000000000000e+00 0.000000000000000000e+00
0.000000000000000000e+00 0.000000000000000000e+00 0.000000000000000000e+00 0.000000000000000000e+00 0.000000000000000000e+00
0.000000000000000000e+00 0.000000000000000000e+00 0.000000000000000000e+00 0.000000000000000000e+00 0.000000000000000000e+00
0.000000000000000000e+00 0.000000000000000000e+00 0.000000000000000000e+00 0.000000000000000000e+00 0.000000000000000000e+00
0.000000000000000000e+00 0.000000000000000000e+00 0.000000000000000000e+00 0.000000000000000000e+00 0.000000000000000000e+00
0.000000000000000000e+00 0.000000000000000000e+00 0.000000000000000000e+00 0.000000000000000000e+00 0.000000000000000000e+00
0.000000000000000000e+00 0.000000000000000000e+00 0.000000000000000000e+00 0.000000000000000000e+00 0.000000000000000000e+00
0.000000000000000000e+00 0.000000000000000000e+00 0.000000000000000000e+00 0.000000000000000000e+00 0.000000000000000000e+00
0.000000000000000000e+00 0.000000000000000000e+00 0.000000000000000000e+00 0.000000000000000000e+00 0.000000000000000000e+00
0.000000000000000000e+00 0.000000000000000000e+00 0.000000000000000000e+00 0.000000000000000000e+00 0.000000000000000000e+00
0.000000000000000000e+00 0.000000000000000000e+00 0.000000000000000000e+00 0.000000000000000000e+00 0.000000000000000000e+00
0.000000000000000000e+00 0.000000000000000000e+00 0.000000000000000000e+00 0.000000000000000000e+00 0.000000000000000000e+00
0.000000000000000000e+00 0.000000000000000000e+00 0.000000000000000000e+00 0.000000000000000000e+00 0.000000000000000000e+00
0.000000000000000000e+00 0.000000000000000000e+00 0.000000000000000000e+00 0.000000000000000000e+00 0.000000000000000000e+00
0.000000000000000000e+00 0.000000000000000000e+00 0.000000000000000000e+00 0.000000000000000000e+00 0.000000000000000000e+00
0.000000000000000000e+00 0.000000000000000000e+00 0.000000000000000000e+00 0.000000000000000000e+00 0.000000000000000000e+00
0.000000000000000000e+00 0.000000000000000000e+00 0.000000000000000000e+00 0.000000000000000000e+00 0.000000000000000000e+00
0.000000000000000000e+00 0.000000000000000000e+00 0.000000000000000000e+00 0.000000000000000000e+00 0.000000000000000000e+00
0.000000000000000000e+00 0.000000000000000000e+00 0.000000000000000000e+00 0.000000000000000000e+00 0.000000000000000000e+00
0.000000000000000000e+00 0.000000000000000000e+00 0.000000000000000000e+00 0.000000000000000000e+00 0.000000000000000000e+00
0.000000000000000000e+00 0.000000000000000000e+00 0.000000000000000000e+00 0.000000000000000000e+00 0.000000000000000000e+00
0.000000000000000000e+00 0.000000000000000000e+00 0.000000000000000000e+00 0.000000000000000000e+00 0.000000000000000000e+00
0.000000000000000000e+00 0.000000000000000000e+00 0.000000000000000000e+00 0.000000000000000000e+00 0.000000000000000000e+00
0.000000000000000000e+00 0.000000000000000000e+00 0.000000000000000000e+00 0.000000000000000000e+00 0.000000000000000000e+00
0.000000000000000000e+00 0.000000000000000000e+00 0.000000000000000000e+00 0.000000000000000000e+00 0.000000000000000000e+00
0.000000000000000000e+00 0.000000000000000000e+00 0.000000000000000000e+00 0.000000000000000000e+00 0.000000000000000000e+00
0.000000000000000000e+00 0.000000000000000000e+00 0.000000000000000000e+00 0.000000000000000000e+00 0.000000000000000000e+00
0.000000000000000000e+00 0.000000000000000000e+00 0.000000000000000000e+00 0.000000000000000000e+00 0.000000000000000000e+00
0.000000000000000000e+00 0.000000000000000000e+00 0.000000000000000000e+00 0.000000000000000000e+00 0.000000000000000000e+00
0.000000000000000000e+00 0.000000000000000000e+00 0.000000000000000000e+00 0.000000000000000000e+00 0.000000000000000000e+00
0.000000000000000000e+00 0.000000000000000000e+00 0.000000000000000000e+00 0.000000000000000000e+00 0.000000000000000000e+00
0.000000000000000000e+00 0.000000000000000000e+00 0.000000000000000000e+00 0.000000000000000000e+00 0.000000000000000000e+00
0.000000000000000000e+00 0.000000000000000000e+00 0.000000000000000000e+00 0.000000000000000000e+00 0.000000000000000000e+00
0.000000000000000000e+00 0.000000000000000000e+00 0.000000000000000000e+00 0.000000000000000000e+00 0.000000000000000000e+00
0.000000000000000000e+00 0.000000000000000000e+00 0.000000000000000000e+00 0.000000000000000000e+00 0.000000000000000000e+00
0.000000000000000000e+00 0.000000000000000000e+00 0.000000000000000000e+00 0.000000000000000000e+00 0.000000000000000000e+00
0.000000000000000000e+00 0.000000000000000000e+00 0.000000000000000000e+00 0.000000000000000000e+00 0.000000000000000000e+00
0.000000000000000000e+00 0.000000000000000000e+00 0.000000000000000000e+00 0.000000000000000000e+00 0.000000000000000000e+00
0.000000000000000000e+00 0.000000000000000000e+00 0.000000000000000000e+00 0.000000000000000000e+00 0.000000000000000000e+00
0.000000000000000000e+00 0.000000000000000000e+00 0.000000000000000000e+00 0.000000000000000000e+00 0.000000000000000000e+00
0.000000000000000000e+00 0.000000000000000000e+00 0.000000000000000000e+00 0.000000000000000000e+00 0.000000000000000000e+00
0.000000000000000000e+00 0.000000000000000000e+00 0.000000000000000000e+00 0.000000000000000000e+00 0.000000000000000000e+00
0.000000000000000000e+00 0.000000000000000000e+00 0.000000000000000000e+00 0.000000000000000000e+00 0.000000000000000000e+00
0.000000000000000000e+00 0.000000000000000000e+00 0.000000000000000000e+00 0.000000000000000000e+00 0.000000000000000000e+00
0.000000000000000000e+00 0.000000000000000000e+00 0.000000000000000000e+00 0.000000000000000000e+00 0.000000000000000000e+00
0.000000000000000000e+00 0.000000000000000000e+00 0.000000000000000000e+00 0.000000000000000000e+00 0.000000000000000000e+00
0.000000000000000000e+00 0.000000000000000000e+00 0.000000000000000000e+00 0.000000000000000000e+00 0.000000000000000000e+00
0.000000000000000000e+00 0.000000000000000000e+00 0.000000000000000000e+00 0.000000000000000000e+00 0.000000000000000000e+00
0.000000000000000000e+00 0.000000000000000000e+00 0.000000000000000000e+00 0.000000000000000000e+00 0.000000000000000000e+00
0.000000000000000000e+00 0.000000000000000000e+00 0.000000000000000000e+00 0.000000000000000000e+00 0.000000000000000000e+00
0.000000000000000000e+00 0.000000000000000000e+00 0.000000000000000000e+00 0.000000000000000000e+00 0.000000000000000000e+00
0.000000000000000000e+00 0.000000000000000000e+00 0.000000000000000000e+00 0.000000000000000000e+00 0.000000000000000000e+00
0.000000000000000000e+00 0.000000000000000000e+00 0.000000000000000000e+00 0.000000000000000000e+00 0.000000000000000000e+00
0.000000000000000000e+00 0.000000000000000000e+00 0.000000000000000000e+00 0.000000000000000000e+00 0.000000000000000000e+00
0.000000000000000000e+00 0.000000000000000000e+00 0.000000000000000000e+00 0.000000000000000000e+00 0.000000000000000000e+00
0.000000000000000000e+00 0.000000000000000000e+00 0.000000000000000000e+00 0.000000000000000000e+00 0.000000000000000000e+00
0.000000000000000000e+00 0.000000000000000000e+00 0.000000000000000000e+00 0.000000000000000000e+00 0.000000000000000000e+00
0.000000000000000000e+00 0.000000000000000000e+00 0.000000000000000000e+00 0.000000000000000000e+00 0.000000000000000000e+00
0.000000000000000000e+00 0.000000000000000000e+00 0.000000000000000000e+00 0.000000000000000000e+00 0.000000000000000000e+00
0.000000000000000000e+00 0.000000000000000000e+00 0.000000000000000000e+00 0.000000000000000000e+00 0.000000000000000000e+00
0.000000000000000000e+00 0.000000000000000000e+00 0.000000000000000000e+00 0.000000000000000000e+00 0.000000000000000000e+00
0.000000000000000000e+00 0.000000000000000000e+00 0.000000000000000000e+00 0.000000000000000000e+00 0.000000000000000000e+00
0.000000000000000000e+00 0.000000000000000000e+00 0.000000000000000000e+00 0.000000000000000000e+00 0.000000000000000000e+00
0.000000000000000000e+00 0.000000000000000000e+00 0.000000000000000000e+00 0.000000000000000000e+00 0.000000000000000000e+00
0.000000000000000000e+00 0.000000000000000000e+00 0.000000000000000000e+00 0.000000000000000000e+00 0.000000000000000000e+00
0.000000000000000000e+00 0.000000000000000000e+00 0.000000000000000000e+00 0.000000000000000000e+00 0.000000000000000000e+00
0.000000000000000000e+00 0.000000000000000000e+00 0.000000000000000000e+00 0.000000000000000000e+00 0.000000000000000000e+00
0.000000000000000000e+00 0.000000000000000000e+00 0.000000000000000000e+00 0.000000000000000000e+00 0.000000000000000000e+00
0.000000000000000000e+00 0.000000000000000000e+00 0.000000000000000000e+00 0.000000000000000000e+00 0.000000000000000000e+00
0.000000000000000000e+00 0.000000000000000000e+00 0.000000000000000000e+00 0.000000000000000000e+00 0.000000000000000000e+00
0.000000000000000000e+00 0.000000000000000000e+00 0.000000000000000000e+00 0.000000000000000000e+00 0.000000000000000000e+00
0.000000000000000000e+00 0.000000000000000000e+00 0.000000000000000000e+00 0.000000000000000000e+00 0.000000000000000000e+00
0.000000000000000000e+00 0.000000000000000000e+00 0.000000000000000000e+00 0.000000000000000000e+00 0.000000000000000000e+00
0.000000000000000000e+00 0.000000000000000000e+00 0.000000000000000000e+00 0.000000000000000000e+00 0.000000000000000000e+00
0.000000000000000000e+00 0.000000000000000000e+00 0.000000000000000000e+00 0.000000000000000000e+00 0.000000000000000000e+00
0.000000000000000000e+00 0.000000000000000000e+00 0.000000000000000000e+00 0.000000000000000000e+00 0.000000000000000000e+00
0.000000000000000000e+00 0.000000000000000000e+00 0.000000000000000000e+00 0.000000000000000000e+00 0.000000000000000000e+00
0.000000000000000000e+00 0.000000000000000000e+00 0.000000000000000000e+00 0.000000000000000000e+00 0.000000000000000000e+00
0.000000000000000000e+00 0.000000000000000000e+00 0.000000000000000000e+00 0.000000000000000000e+00 0.000000000000000000e+00
0.000000000000000000e+00 0.000000000000000000e+00 0.000000000000000000e+00 0.000000000000000000e+00 0.000000000000000000e+00
0.000000000000000000e+00 0.000000000000000000e+00 0.000000000000000000e+00 0.000000000000000000e+00 0.000000000000000000e+00
0.000000000000000000e+00 0.000000000000000000e+00 0.000000000000000000e+00 0.000000000000000000e+00 0.000000000000000000e+00
0.000000000000000000e+00 0.000000000000000000e+00 0.000000000000000000e+00 0.000000000000000000e+00 0.000000000000000000e+00
0.000000000000000000e+00 0.000000000000000000e+00 0.000000000000000000e+00 0.000000000000000000e+00 0.000000000000000000e+00
0.000000000000000000e+00 0.000000000000000000e+00 0.000000000000000000e+00 0.000000000000000000e+00 0.000000000000000000e+00
0.000000000000000000e+00 0.000000000000000000e+00 0.000000000000000000e+00 0.000000000000000000e+00 0.000000000000000000e+00
0.000000000000000000e+00 0.000000000000000000e+00 0.000000000000000000e+00 0.000000000000000000e+00 0.000000000000000000e+00
0.000000000000000000e+00 0.000000000000000000e+00 0.000000000000000000e+00 0.000000000000000000e+00 0.000000000000000000e+00
0.000000000000000000e+00 0.000000000000000000e+00 0.000000000000000000e+00 0.000000000000000000e+00 0.000000000000000000e+00
0.000000000000000000e+00 0.000000000000000000e+00 0.000000000000000000e+00 0.000000000000000000e+00 0.000000000000000000e+00
0.000000000000000000e+00 0.000000000000000000e+00 0.000000000000000000e+00 0.000000000000000000e+00 0.000000000000000000e+00
0.000000000000000000e+00 0.000000000000000000e+00 0.000000000000000000e+00 0.000000000000000000e+00 0.000000000000000000e+00
0.000000000000000000e+00 0.000000000000000000e+00 0.000000000000000000e+00 0.000000000000000000e+00 0.000000000000000000e+00
0.000000000000000000e+00 0.000000000000000000e+00 0.000000000000000000e+00 0.000000000000000000e+00 0.000000000000000000e+00
0.000000000000000000e+00 0.000000000000000000e+00 0.000000000000000000e+00 0.000000000000000000e+00 0.000000000000000000e+00
0.000000000000000000e+00 0.000000000000000000e+00 0.000000000000000000e+00 0.000000000000000000e+00 0.000000000000000000e+00
0.000000000000000000e+00 0.000000000000000000e+00 0.000000000000000000e+00 0.000000000000000000e+00 0.000000000000000000e+00
0.000000000000000000e+00 0.000000000000000000e+00 0.000000000000000000e+00 0.000000000000000000e+00 0.000000000000000000e+00
0.000000000000000000e+00 0.000000000000000000e+00 0.000000000000000000e+00 0.000000000000000000e+00 0.000000000000000000e+00
0.000000000000000000e+00 0.000000000000000000e+00 0.000000000000000000e+00 0.000000000000000000e+00 0.000000000000000000e+00
0.000000000000000000e+00 0.000000000000000000e+00 0.000000000000000000e+00 0.000000000000000000e+00 0.000000000000000000e+00
0.000000000000000000e+00 0.000000000000000000e+00 0.000000000000000000e+00 0.000000000000000000e+00 0.000000000000000000e+00
0.000000000000000000e+00 0.000000000000000000e+00 0.000000000000000000e+00 0.000000000000000000e+00 0.000000000000000000e+00
0.000000000000000000e+00 0.000000000000000000e+00 0.000000000000000000e+00 0.000000000000000000e+00 0.000000000000000000e+00
0.000000000000000000e+00 0.000000000000000000e+00 0.000000000000000000e+00 0.000000000000000000e+00 0.000000000000000000e+00
0.000000000000000000e+00 0.000000000000000000e+00 0.000000000000000000e+00 0.000000000000000000e+00 0.000000000000000000e+00
0.000000000000000000e+00 0.000000000000000000e+00 0.000000000000000000e+00 0.000000000000000000e+00 0.000000000000000000e+00
0.000000000000000000e+00 0.000000000000000000e+00 0.000000000000000000e+00 0.000000000000000000e+00 0.000000000000000000e+00
0.000000000000000000e+00 0.000000000000000000e+00 0.000000000000000000e+00 0.000000000000000000e+00 0.000000000000000000e+00
0.000000000000000000e+00 0.000000000000000000e+00 0.000000000000000000e+00 0.000000000000000000e+00 0.000000000000000000e+00
0.000000000000000000e+00 0.000000000000000000e+00 0.000000000000000000e+00 0.000000000000000000e+00 0.000000000000000000e+00
0.000000000000000000e+00 0.000000000000000000e+00 0.000000000000000000e+00 0.000000000000000000e+00 0.000000000000000000e+00
0.000000000000000000e+00 0.000000000000000000e+00 0.000000000000000000e+00 0.000000000000000000e+00 0.000000000000000000e+00
0.000000000000000000e+00 0.000000000000000000e+00 0.000000000000000000e+00 0.000000000000000000e+00 0.000000000000000000e+00
0.000000000000000000e+00 0.000000000000000000e+00 0.000000000000000000e+00 0.000000000000000000e+00 0.000000000000000000e+00
0.000000000000000000e+00 0.000000000000000000e+00 0.000000000000000000e+00 0.000000000000000000e+00 0.000000000000000000e+00
0.000000000000000000e+00 0.000000000000000000e+00 0.000000000000000000e+00 0.000000000000000000e+00 0.000000000000000000e+00
0.000000000000000000e+00 0.000000000000000000e+00 0.000000000000000000e+00 0.000000000000000000e+00 0.000000000000000000e+00
0.000000000000000000e+00 0.000000000000000000e+00 0.000000000000000000e+00 0.000000000000000000e+00 0.000000000000000000e+00
0.000000000000000000e+00 0.000000000000000000e+00 0.000000000000000000e+00 0.000000000000000000e+00 0.000000000000000000e+00
0.000000000000000000e+00 0.000000000000000000e+00 0.000000000000000000e+00 0.000000000000000000e+00 0.000000000000000000e+00
0.000000000000000000e+00 0.000000000000000000e+00 0.000000000000000000e+00 0.000000000000000000e+00 0.000000000000000000e+00
0.000000000000000000e+00 0.000000000000000000e+00 0.000000000000000000e+00 0.000000000000000000e+00 0.000000000000000000e+00
0.000000000000000000e+00 0.000000000000000000e+00 0.000000000000000000e+00 0.000000000000000000e+00 0.000000000000000000e+00
0.000000000000000000e+00 0.000000000000000000e+00 0.000000000000000000e+00 0.000000000000000000e+00 0.000000000000000000e+00
0.000000000000000000e+00 0.000000000000000000e+00 0.000000000000000000e+00 0.000000000000000000e+00 0.000000000000000000e+00
0.000000000000000000e+00 0.000000000000000000e+00 0.000000000000000000e+00 0.000000000000000000e+00 0.000000000000000000e+00
0.000000000000000000e+00 0.000000000000000000e+00 0.000000000000000000e+00 0.000000000000000000e+00 0.000000000000000000e+00
0.000000000000000000e+00 0.000000000000000000e+00 0.000000000000000000e+00 0.000000000000000000e+00 0.000000000000000000e+00
0.000000000000000000e+00 0.000000000000000000e+00 0.000000000000000000e+00 0.000000000000000000e+00 0.000000000000000000e+00
0.000000000000000000e+00 0.000000000000000000e+00 0.000000000000000000e+00 0.000000000000000000e+00 0.000000000000000000e+00
0.000000000000000000e+00 0.000000000000000000e+00 0.000000000000000000e+00 0.000000000000000000e+00 0.000000000000000000e+00
0.000000000000000000e+00 0.000000000000000000e+00 0.000000000000000000e+00 0.000000000000000000e+00 0.000000000000000000e+00
0.000000000000000000e+00 0.000000000000000000e+00 0.000000000000000000e+00 0.000000000000000000e+00 0.000000000000000000e+00
0.000000000000000000e+00 0.000000000000000000e+00 0.000000000000000000e+00 0.000000000000000000e+00 0.000000000000000000e+00
0.000000000000000000e+00 0.000000000000000000e+00 0.000000000000000000e+00 0.000000000000000000e+00 0.000000000000000000e+00
0.000000000000000000e+00 0.000000000000000000e+00 0.000000000000000000e+00 0.000000000000000000e+00 0.000000000000000000e+00
0.000000000000000000e+00 0.000000000000000000e+00 0.000000000000000000e+00 0.000000000000000000e+00 0.000000000000000000e+00
0.000000000000000000e+00 0.000000000000000000e+00 0.000000000000000000e+00 0.000000000000000000e+00 0.000000000000000000e+00
0.000000000000000000e+00 0.000000000000000000e+00 0.000000000000000000e+00 0.000000000000000000e+00 0.000000000000000000e+00
0.000000000000000000e+00 0.000000000000000000e+00 0.000000000000000000e+00 0.000000000000000000e+00 0.000000000000000000e+00
0.000000000000000000e+00 0.000000000000000000e+00 0.000000000000000000e+00 0.000000000000000000e+00 0.000000000000000000e+00
0.000000000000000000e+00 0.000000000000000000e+00 0.000000000000000000e+00 0.000000000000000000e+00 0.000000000000000000e+00
0.000000000000000000e+00 0.000000000000000000e+00 0.000000000000000000e+00 0.000000000000000000e+00 0.000000000000000000e+00
0.000000000000000000e+00 0.000000000000000000e+00 0.000000000000000000e+00 0.000000000000000000e+00 0.000000000000000000e+00
0.000000000000000000e+00 0.000000000000000000e+00 0.000000000000000000e+00 0.000000000000000000e+00 0.000000000000000000e+00
0.000000000000000000e+00 0.000000000000000000e+00 0.000000000000000000e+00 0.000000000000000000e+00 0.000000000000000000e+00
0.000000000000000000e+00 0.000000000000000000e+00 0.000000000000000000e+00 0.000000000000000000e+00 0.000000000000000000e+00
0.000000000000000000e+00 0.000000000000000000e+00 0.000000000000000000e+00 0.000000000000000000e+00 0.000000000000000000e+00
0.000000000000000000e+00 0.000000000000000000e+00 0.000000000000000000e+00 0.000000000000000000e+00 0.000000000000000000e+00
0.000000000000000000e+00 0.000000000000000000e+00 0.000000000000000000e+00 0.000000000000000000e+00 0.000000000000000000e+00
0.000000000000000000e+00 0.000000000000000000e+00 0.000000000000000000e+00 0.000000000000000000e+00 0.000000000000000000e+00
0.000000000000000000e+00 0.000000000000000000e+00 0.000000000000000000e+00 0.000000000000000000e+00 0.000000000000000000e+00
0.000000000000000000e+00 0.000000000000000000e+00 0.000000000000000000e+00 0.000000000000000000e+00 0.000000000000000000e+00
0.000000000000000000e+00 0.000000000000000000e+00 0.000000000000000000e+00 0.000000000000000000e+00 0.000000000000000000e+00
0.000000000000000000e+00 0.000000000000000000e+00 0.000000000000000000e+00 0.000000000000000000e+00 0.000000000000000000e+00
0.000000000000000000e+00 0.000000000000000000e+00 0.000000000000000000e+00 0.000000000000000000e+00 0.000000000000000000e+00
0.000000000000000000e+00 0.000000000000000000e+00 0.000000000000000000e+00 0.000000000000000000e+00 0.000000000000000000e+00
0.000000000000000000e+00 0.000000000000000000e+00 0.000000000000000000e+00 0.000000000000000000e+00 0.000000000000000000e+00
0.000000000000000000e+00 0.000000000000000000e+00 0.000000000000000000e+00 0.000000000000000000e+00 0.000000000000000000e+00
0.000000000000000000e+00 0.000000000000000000e+00 0.000000000000000000e+00 0.000000000000000000e+00 0.000000000000000000e+00
0.000000000000000000e+00 0.000000000000000000e+00 0.000000000000000000e+00 0.000000000000000000e+00 0.000000000000000000e+00
0.000000000000000000e+00 0.000000000000000000e+00 0.000000000000000000e+00 0.000000000000000000e+00 0.000000000000000000e+00
0.000000000000000000e+00 0.000000000000000000e+00 0.000000000000000000e+00 0.000000000000000000e+00 0.000000000000000000e+00
0.000000000000000000e+00 0.000000000000000000e+00 0.000000000000000000e+00 0.000000000000000000e+00 0.000000000000000000e+00
0.000000000000000000e+00 0.000000000000000000e+00 0.000000000000000000e+00 0.000000000000000000e+00 0.000000000000000000e+00
0.000000000000000000e+00 0.000000000000000000e+00 0.000000000000000000e+00 0.000000000000000000e+00 0.000000000000000000e+00
0.000000000000000000e+00 0.000000000000000000e+00 0.000000000000000000e+00 0.000000000000000000e+00 0.000000000000000000e+00
0.000000000000000000e+00 0.000000000000000000e+00 0.000000000000000000e+00 0.000000000000000000e+00 0.000000000000000000e+00
0.000000000000000000e+00 0.000000000000000000e+00 0.000000000000000000e+00 0.000000000000000000e+00 0.000000000000000000e+00
0.000000000000000000e+00 0.000000000000000000e+00 0.000000000000000000e+00 0.000000000000000000e+00 0.000000000000000000e+00
0.000000000000000000e+00 0.000000000000000000e+00 0.000000000000000000e+00 0.000000000000000000e+00 0.000000000000000000e+00
0.000000000000000000e+00 0.000000000000000000e+00 0.000000000000000000e+00 0.000000000000000000e+00 0.000000000000000000e+00
0.000000000000000000e+00 0.000000000000000000e+00 0.000000000000000000e+00 0.000000000000000000e+00 0.000000000000000000e+00
0.000000000000000000e+00 0.000000000000000000e+00 0.000000000000000000e+00 0.000000000000000000e+00 0.000000000000000000e+00
0.000000000000000000e+00 0.000000000000000000e+00 0.000000000000000000e+00 0.000000000000000000e+00 0.000000000000000000e+00
0.000000000000000000e+00 0.000000000000000000e+00 0.000000000000000000e+00 0.000000000000000000e+00 0.000000000000000000e+00
0.000000000000000000e+00 0.000000000000000000e+00 0.000000000000000000e+00 0.000000000000000000e+00 0.000000000000000000e+00
0.000000000000000000e+00 0.000000000000000000e+00 0.000000000000000000e+00 0.000000000000000000e+00 0.000000000000000000e+00
0.000000000000000000e+00 0.000000000000000000e+00 0.000000000000000000e+00 0.000000000000000000e+00 0.000000000000000000e+00
0.000000000000000000e+00 0.000000000000000000e+00 0.000000000000000000e+00 0.000000000000000000e+00 0.000000000000000000e+00
0.000000000000000000e+00 0.000000000000000000e+00 0.000000000000000000e+00 0.000000000000000000e+00 0.000000000000000000e+00
0.000000000000000000e+00 0.000000000000000000e+00 0.000000000000000000e+00 0.000000000000000000e+00 0.000000000000000000e+00
0.000000000000000000e+00 0.000000000000000000e+00 0.000000000000000000e+00 0.000000000000000000e+00 0.000000000000000000e+00
0.000000000000000000e+00 0.000000000000000000e+00 0.000000000000000000e+00 0.000000000000000000e+00 0.000000000000000000e+00
0.000000000000000000e+00 0.000000000000000000e+00 0.000000000000000000e+00 0.000000000000000000e+00 0.000000000000000000e+00
0.000000000000000000e+00 0.000000000000000000e+00 0.000000000000000000e+00 0.000000000000000000e+00 0.000000000000000000e+00
0.000000000000000000e+00 0.000000000000000000e+00 0.000000000000000000e+00 0.000000000000000000e+00 0.000000000000000000e+00
0.000000000000000000e+00 0.000000000000000000e+00 0.000000000000000000e+00 0.000000000000000000e+00 0.000000000000000000e+00
0.000000000000000000e+00 0.000000000000000000e+00 0.000000000000000000e+00 0.000000000000000000e+00 0.000000000000000000e+00
0.000000000000000000e+00 0.000000000000000000e+00 0.000000000000000000e+00 0.000000000000000000e+00 0.000000000000000000e+00
0.000000000000000000e+00 0.000000000000000000e+00 0.000000000000000000e+00 0.000000000000000000e+00 0.000000000000000000e+00
0.000000000000000000e+00 0.000000000000000000e+00 0.000000000000000000e+00 0.000000000000000000e+00 0.000000000000000000e+00
0.000000000000000000e+00 0.000000000000000000e+00 0.000000000000000000e+00 0.000000000000000000e+00 0.000000000000000000e+00
0.000000000000000000e+00 0.000000000000000000e+00 0.000000000000000000e+00 0.000000000000000000e+00 0.000000000000000000e+00
0.000000000000000000e+00 0.000000000000000000e+00 0.000000000000000000e+00 0.000000000000000000e+00 0.000000000000000000e+00
0.000000000000000000e+00 0.000000000000000000e+00 0.000000000000000000e+00 0.000000000000000000e+00 0.000000000000000000e+00
0.000000000000000000e+00 0.000000000000000000e+00 0.000000000000000000e+00 0.000000000000000000e+00 0.000000000000000000e+00
0.000000000000000000e+00 0.000000000000000000e+00 0.000000000000000000e+00 0.000000000000000000e+00 0.000000000000000000e+00
0.000000000000000000e+00 0.000000000000000000e+00 0.000000000000000000e+00 0.000000000000000000e+00 0.000000000000000000e+00
0.000000000000000000e+00 0.000000000000000000e+00 0.000000000000000000e+00 0.000000000000000000e+00 0.000000000000000000e+00
0.000000000000000000e+00 0.000000000000000000e+00 0.000000000000000000e+00 0.000000000000000000e+00 0.000000000000000000e+00
0.000000000000000000e+00 0.000000000000000000e+00 0.000000000000000000e+00 0.000000000000000000e+00 0.000000000000000000e+00
0.000000000000000000e+00 0.000000000000000000e+00 0.000000000000000000e+00 0.000000000000000000e+00 0.000000000000000000e+00
0.000000000000000000e+00 0.000000000000000000e+00 0.000000000000000000e+00 0.000000000000000000e+00 0.000000000000000000e+00
0.000000000000000000e+00 0.000000000000000000e+00 0.000000000000000000e+00 0.000000000000000000e+00 0.000000000000000000e+00
0.000000000000000000e+00 0.000000000000000000e+00 0.000000000000000000e+00 0.000000000000000000e+00 0.000000000000000000e+00
0.000000000000000000e+00 0.000000000000000000e+00 0.000000000000000000e+00 0.000000000000000000e+00 0.000000000000000000e+00
0.000000000000000000e+00 0.000000000000000000e+00 0.000000000000000000e+00 0.000000000000000000e+00 0.000000000000000000e+00
0.000000000000000000e+00 0.000000000000000000e+00 0.000000000000000000e+00 0.000000000000000000e+00 0.000000000000000000e+00
0.000000000000000000e+00 0.000000000000000000e+00 0.000000000000000000e+00 0.000000000000000000e+00 0.000000000000000000e+00
0.000000000000000000e+00 0.000000000000000000e+00 0.000000000000000000e+00 0.000000000000000000e+00 0.000000000000000000e+00
0.000000000000000000e+00 0.000000000000000000e+00 0.000000000000000000e+00 0.000000000000000000e+00 0.000000000000000000e+00
0.000000000000000000e+00 0.000000000000000000e+00 0.000000000000000000e+00 0.000000000000000000e+00 0.000000000000000000e+00
0.000000000000000000e+00 0.000000000000000000e+00 0.000000000000000000e+00 0.000000000000000000e+00 0.000000000000000000e+00
0.000000000000000000e+00 0.000000000000000000e+00 0.000000000000000000e+00 0.000000000000000000e+00 0.000000000000000000e+00
0.000000000000000000e+00 0.000000000000000000e+00 0.000000000000000000e+00 0.000000000000000000e+00 0.000000000000000000e+00
0.000000000000000000e+00 0.000000000000000000e+00 0.000000000000000000e+00 0.000000000000000000e+00 0.000000000000000000e+00
0.000000000000000000e+00 0.000000000000000000e+00 0.000000000000000000e+00 0.000000000000000000e+00 0.000000000000000000e+00
0.000000000000000000e+00 0.000000000000000000e+00 0.000000000000000000e+00 0.000000000000000000e+00 0.000000000000000000e+00
0.000000000000000000e+00 0.000000000000000000e+00 0.000000000000000000e+00 0.000000000000000000e+00 0.000000000000000000e+00
0.000000000000000000e+00 0.000000000000000000e+00 0.000000000000000000e+00 0.000000000000000000e+00 0.000000000000000000e+00
0.000000000000000000e+00 0.000000000000000000e+00 0.000000000000000000e+00 0.000000000000000000e+00 0.000000000000000000e+00
0.000000000000000000e+00 0.000000000000000000e+00 0.000000000000000000e+00 0.000000000000000000e+00 0.000000000000000000e+00
0.000000000000000000e+00 0.000000000000000000e+00 0.000000000000000000e+00 0.000000000000000000e+00 0.000000000000000000e+00
0.000000000000000000e+00 0.000000000000000000e+00 0.000000000000000000e+00 0.000000000000000000e+00 0.000000000000000000e+00
0.000000000000000000e+00 0.000000000000000000e+00 0.000000000000000000e+00 0.000000000000000000e+00 0.000000000000000000e+00
0.000000000000000000e+00 0.000000000000000000e+00 0.000000000000000000e+00 0.000000000000000000e+00 0.000000000000000000e+00
0.000000000000000000e+00 0.000000000000000000e+00 0.000000000000000000e+00 0.000000000000000000e+00 0.000000000000000000e+00
0.000000000000000000e+00 0.000000000000000000e+00 0.000000000000000000e+00 0.000000000000000000e+00 0.000000000000000000e+00
0.000000000000000000e+00 0.000000000000000000e+00 0.000000000000000000e+00 0.000000000000000000e+00 0.000000000000000000e+00
0.000000000000000000e+00 0.000000000000000000e+00 0.000000000000000000e+00 0.000000000000000000e+00 0.000000000000000000e+00
0.000000000000000000e+00 0.000000000000000000e+00 0.000000000000000000e+00 0.000000000000000000e+00 0.000000000000000000e+00
0.000000000000000000e+00 0.000000000000000000e+00 0.000000000000000000e+00 0.000000000000000000e+00 0.000000000000000000e+00
0.000000000000000000e+00 0.000000000000000000e+00 0.000000000000000000e+00 0.000000000000000000e+00 0.000000000000000000e+00
0.000000000000000000e+00 0.000000000000000000e+00 0.000000000000000000e+00 0.000000000000000000e+00 0.000000000000000000e+00
0.000000000000000000e+00 0.000000000000000000e+00 0.000000000000000000e+00 0.000000000000000000e+00 0.000000000000000000e+00
0.000000000000000000e+00 0.000000000000000000e+00 0.000000000000000000e+00 0.000000000000000000e+00 0.000000000000000000e+00
0.000000000000000000e+00 0.000000000000000000e+00 0.000000000000000000e+00 0.000000000000000000e+00 0.000000000000000000e+00
0.000000000000000000e+00 0.000000000000000000e+00 0.000000000000000000e+00 0.000000000000000000e+00 0.000000000000000000e+00
0.000000000000000000e+00 0.000000000000000000e+00 0.000000000000000000e+00 0.000000000000000000e+00 0.000000000000000000e+00
0.000000000000000000e+00 0.000000000000000000e+00 0.000000000000000000e+00 0.000000000000000000e+00 0.000000000000000000e+00
0.000000000000000000e+00 0.000000000000000000e+00 0.000000000000000000e+00 0.000000000000000000e+00 0.000000000000000000e+00
0.000000000000000000e+00 0.000000000000000000e+00 0.000000000000000000e+00 0.000000000000000000e+00 0.000000000000000000e+00
0.000000000000000000e+00 0.000000000000000000e+00 0.000000000000000000e+00 0.000000000000000000e+00 0.000000000000000000e+00
0.000000000000000000e+00 0.000000000000000000e+00 0.000000000000000000e+00 0.000000000000000000e+00 0.000000000000000000e+00
0.000000000000000000e+00 0.000000000000000000e+00 0.000000000000000000e+00 0.000000000000000000e+00 0.000000000000000000e+00
0.000000000000000000e+00 0.000000000000000000e+00 0.000000000000000000e+00 0.000000000000000000e+00 0.000000000000000000e+00
0.000000000000000000e+00 0.000000000000000000e+00 0.000000000000000000e+00 0.000000000000000000e+00 0.000000000000000000e+00
0.000000000000000000e+00 0.000000000000000000e+00 0.000000000000000000e+00 0.000000000000000000e+00 0.000000000000000000e+00
0.000000000000000000e+00 0.000000000000000000e+00 0.000000000000000000e+00 0.000000000000000000e+00 0.000000000000000000e+00
0.000000000000000000e+00 0.000000000000000000e+00 0.000000000000000000e+00 0.000000000000000000e+00 0.000000000000000000e+00
0.000000000000000000e+00 0.000000000000000000e+00 0.000000000000000000e+00 0.000000000000000000e+00 0.000000000000000000e+00
0.000000000000000000e+00 0.000000000000000000e+00 0.000000000000000000e+00 0.000000000000000000e+00 0.000000000000000000e+00
0.000000000000000000e+00 0.000000000000000000e+00 0.000000000000000000e+00 0.000000000000000000e+00 0.000000000000000000e+00
0.000000000000000000e+00 0.000000000000000000e+00 0.000000000000000000e+00 0.000000000000000000e+00 0.000000000000000000e+00
0.000000000000000000e+00 0.000000000000000000e+00 0.000000000000000000e+00 0.000000000000000000e+00 0.000000000000000000e+00
0.000000000000000000e+00 0.000000000000000000e+00 0.000000000000000000e+00 0.000000000000000000e+00 0.000000000000000000e+00
0.000000000000000000e+00 0.000000000000000000e+00 0.000000000000000000e+00 0.000000000000000000e+00 0.000000000000000000e+00
0.000000000000000000e+00 0.000000000000000000e+00 0.000000000000000000e+00 0.000000000000000000e+00 0.000000000000000000e+00
0.000000000000000000e+00 0.000000000000000000e+00 0.000000000000000000e+00 0.000000000000000000e+00 0.000000000000000000e+00
0.000000000000000000e+00 0.000000000000000000e+00 0.000000000000000000e+00 0.000000000000000000e+00 0.000000000000000000e+00
0.000000000000000000e+00 0.000000000000000000e+00 0.000000000000000000e+00 0.000000000000000000e+00 0.000000000000000000e+00
0.000000000000000000e+00 0.000000000000000000e+00 0.000000000000000000e+00 0.000000000000000000e+00 0.000000000000000000e+00
0.000000000000000000e+00 0.000000000000000000e+00 0.000000000000000000e+00 1.543551660828076244e+01 2.117577785986135197e+01
0.000000000000000000e+00 0.000000000000000000e+00 0.000000000000000000e+00 6.884792132940897424e+00 1.497708160098525987e+01
0.000000000000000000e+00 0.000000000000000000e+00 0.000000000000000000e+00 4.769098750814770860e+00 1.068080985153171625e+01
0.000000000000000000e+00 0.000000000000000000e+00 0.000000000000000000e+00 2.710591032376812315e+00 6.939472916648803391e+00
0.000000000000000000e+00 0.000000000000000000e+00 0.000000000000000000e+00 4.782266412455671301e-01 4.494309238124289507e+00
6.289992738276166229e+00 0.000000000000000000e+00 0.000000000000000000e+00 0.000000000000000000e+00 2.807449375612660170e+00
8.463952242575025764e+00 0.000000000000000000e+00 0.000000000000000000e+00 0.000000000000000000e+00 1.107838807139653881e+00
9.310287974721308757e+00 0.000000000000000000e+00 0.000000000000000000e+00 0.000000000000000000e+00 0.000000000000000000e+00
1.005243345734990257e+01 0.000000000000000000e+00 0.000000000000000000e+00 0.000000000000000000e+00 0.000000000000000000e+00
1.030879998693358957e+01 1.956281782177766715e+00 0.000000000000000000e+00 0.000000000000000000e+00 0.000000000000000000e+00
1.021276217009041787e+01 5.302419112585521788e+00 0.000000000000000000e+00 0.000000000000000000e+00 0.000000000000000000e+00
1.007822386670514803e+01 7.068018331235951912e+00 0.000000000000000000e+00 0.000000000000000000e+00 0.000000000000000000e+00
9.466407652006221696e+00 8.136242878164566150e+00 0.000000000000000000e+00 0.000000000000000000e+00 0.000000000000000000e+00
8.221649210993343004e+00 8.655500956811252422e+00 1.494908276238106959e+00 0.000000000000000000e+00 0.000000000000000000e+00
6.646630092804066692e+00 8.655122848524570145e+00 4.936696592839175501e+00 0.000000000000000000e+00 0.000000000000000000e+00
4.951562540189220485e+00 8.504548325346320325e+00 6.601483388486002468e+00 0.000000000000000000e+00 0.000000000000000000e+00
3.309952857994436393e+00 8.000522779907134563e+00 7.474210178774344904e+00 0.000000000000000000e+00 0.000000000000000000e+00
1.754394806340160429e+00 7.021788280794301507e+00 7.815920795846767355e+00 3.838557054244140510e-01 0.000000000000000000e+00
1.638225474325971653e-01 5.794984479516863018e+00 7.614317624812200869e+00 3.877637157992859240e+00 0.000000000000000000e+00
0.000000000000000000e+00 4.387494228830601806e+00 7.427226920649549591e+00 5.408207474597704234e+00 0.000000000000000000e+00
0.000000000000000000e+00 3.075676085654597269e+00 7.045936422181322101e+00 6.156423991664712325e+00 0.000000000000000000e+00
0.000000000000000000e+00 1.905041499401278537e+00 6.248667383165061651e+00 6.530654024786127110e+00 0.000000000000000000e+00
0.000000000000000000e+00 6.066072365838270919e-01 5.303384722555429143e+00 6.422144458274710033e+00 2.474359781626074284e+00
0.000000000000000000e+00 0.000000000000000000e+00 4.228931109262989985e+00 6.256308454729679447e+00 4.183174774105935079e+00
0.000000000000000000e+00 0.000000000000000000e+00 3.079399111998315952e+00 6.059481448497616718e+00 4.957707978638652868e+00
0.000000000000000000e+00 0.000000000000000000e+00 2.004776507646688355e+00 5.533972842519195190e+00 5.379839566900826320e+00
0.000000000000000000e+00 0.000000000000000000e+00 9.003797717642836318e-01 4.764761782207889595e+00 5.458886296857441423e+00
0.000000000000000000e+00 0.000000000000000000e+00 0.000000000000000000e+00 3.894363423491018938e+00 5.162851875902934040e+00
0.000000000000000000e+00 0.000000000000000000e+00 0.000000000000000000e+00 2.911831955400705496e+00 4.597462950468949039e+00
0.000000000000000000e+00 0.000000000000000000e+00 0.000000000000000000e+00 1.881572004480118743e+00 3.858083720635161917e+00
1.495971086417857698e-01 0.000000000000000000e+00 0.000000000000000000e+00 8.112063406598579718e-01 3.016670361919673304e+00
2.536559422147222076e+00 0.000000000000000000e+00 0.000000000000000000e+00 0.000000000000000000e+00 2.123409379910978778e+00
3.661254846005674857e+00 0.000000000000000000e+00 0.000000000000000000e+00 0.000000000000000000e+00 1.188824246945372476e+00
4.247324125164904096e+00 0.000000000000000000e+00 0.000000000000000000e+00 0.000000000000000000e+00 3.174688940015580330e-01
4.602478272591916664e+00 0.000000000000000000e+00 0.000000000000000000e+00 0.000000000000000000e+00 0.000000000000000000e+00
4.702772365382361208e+00 1.368662572906904629e+00 0.000000000000000000e+00 0.000000000000000000e+00 0.000000000000000000e+00
4.750134041553595310e+00 2.634287551287806117e+00 0.000000000000000000e+00 0.000000000000000000e+00 0.000000000000000000e+00
4.783812387672110589e+00 3.301060338014387696e+00 0.000000000000000000e+00 0.000000000000000000e+00 0.000000000000000000e+00
4.580518861217788285e+00 3.760487994547130342e+00 0.000000000000000000e+00 0.000000000000000000e+00 0.000000000000000000e+00
4.078877099903954750e+00 4.032438173096147160e+00 1.224274983260125405e+00 0.000000000000000000e+00 0.000000000000000000e+00
3.361097707323705830e+00 4.178229703778700177e+00 2.469932100590714885e+00 0.000000000000000000e+00 0.000000000000000000e+00
2.522275411692680436e+00 4.196743430930145458e+00 3.161125882750299709e+00 0.000000000000000000e+00 0.000000000000000000e+00
1.646245601473879105e+00 3.964376987802813446e+00 3.596366736906763784e+00 0.000000000000000000e+00 0.000000000000000000e+00
7.474775907598041336e-01 3.497495342369172810e+00 3.780490362506812030e+00 7.191499436741266571e-01 0.000000000000000000e+00
0.000000000000000000e+00 2.878349514883156157e+00 3.775828322740757415e+00 2.089018556321439846e+00 0.000000000000000000e+00
0.000000000000000000e+00 2.161497017868436732e+00 3.711829899175040914e+00 2.739673029387732051e+00 0.000000000000000000e+00
0.000000000000000000e+00 1.472677801597077618e+00 3.494107571593541017e+00 3.085738899148051662e+00 0.000000000000000000e+00
0.000000000000000000e+00 7.921518388886261697e-01 3.097127902779730491e+00 3.237977746476262020e+00 2.918572928390772425e-01
0.000000000000000000e+00 2.502814783207352178e-02 2.612779138745724428e+00 3.205386491095334911e+00 1.651637186658492240e+00
0.000000000000000000e+00 0.000000000000000000e+00 2.029985271320209339e+00 3.162778365352700849e+00 2.256248385885957219e+00
0.000000000000000000e+00 0.000000000000000000e+00 1.433411535390218816e+00 3.038168808061949111e+00 2.566620774721168896e+00
0.000000000000000000e+00 0.000000000000000000e+00 8.489191620251991255e-01 2.735879567391501510e+00 2.741014691430538885e+00
0.000000000000000000e+00 0.000000000000000000e+00 1.946209782529617904e-01 2.336526983066449237e+00 2.737148901847203941e+00
0.000000000000000000e+00 0.000000000000000000e+00 0.000000000000000000e+00 1.864583439770961748e+00 2.564290358792327140e+00
0.000000000000000000e+00 0.000000000000000000e+00 0.000000000000000000e+00 1.334303720724890008e+00 2.272593695408773318e+00
0.000000000000000000e+00 0.000000000000000000e+00 0.000000000000000000e+00 7.649438064508196078e-01 1.898235340830958240e+00
7.472956230414263823e-01 0.000000000000000000e+00 0.000000000000000000e+00 1.518384668840933038e-01 1.467409778098105466e+00
1.602683042528296742e+00 0.000000000000000000e+00 0.000000000000000000e+00 0.000000000000000000e+00 9.820152805836723786e-01
2.034940233149171718e+00 0.000000000000000000e+00 0.000000000000000000e+00 0.000000000000000000e+00 4.941937593338142087e-01
2.287765437604394325e+00 0.000000000000000000e+00 0.000000000000000000e+00 0.000000000000000000e+00 2.811099020282092908e-02
2.415893863766143124e+00 3.040610296958923264e-01 0.000000000000000000e+00 0.000000000000000000e+00 0.000000000000000000e+00
2.452218591790760183e+00 1.167281572287668379e+00 0.000000000000000000e+00 0.000000000000000000e+00 0.000000000000000000e+00
2.494574208888873379e+00 1.587393255380271651e+00 0.000000000000000000e+00 0.000000000000000000e+00 0.000000000000000000e+00
2.480069199281571990e+00 1.846126033096939567e+00 0.000000000000000000e+00 0.000000000000000000e+00 0.000000000000000000e+00
2.309417323718954584e+00 2.037482118819091692e+00 3.151015285683378409e-01 0.000000000000000000e+00 0.000000000000000000e+00
1.992541480437051149e+00 2.156955823975263975e+00 1.101206916001391534e+00 0.000000000000000000e+00 0.000000000000000000e+00
1.573242902382024022e+00 2.227343617820418231e+00 1.518686984250159355e+00 0.000000000000000000e+00 0.000000000000000000e+00
1.098505336661161902e+00 2.186496027565742573e+00 1.791321349771386462e+00 0.000000000000000000e+00 0.000000000000000000e+00
5.987596700222241886e-01 1.995743919896757479e+00 1.959469466311445363e+00 7.423204726537901976e-02 0.000000000000000000e+00
7.850676913393028755e-02 1.699963371655166755e+00 1.995610560522314003e+00 9.349173950647204911e-01 0.000000000000000000e+00
0.000000000000000000e+00 1.323498047453039783e+00 1.996968247940937857e+00 1.347631721556348250e+00 0.000000000000000000e+00
0.000000000000000000e+00 9.383486834937526666e-01 1.934070401726175614e+00 1.570124256538891538e+00 0.000000000000000000e+00
0.000000000000000000e+00 5.657461024939980376e-01 1.755355354750423036e+00 1.700868804776205501e+00 0.000000000000000000e+00
0.000000000000000000e+00 1.494567950153791180e-01 1.515281082356301212e+00 1.716308254656007337e+00 7.209815812550958158e-01
0.000000000000000000e+00 0.000000000000000000e+00 1.222398674622124926e+00 1.709573470776542203e+00 1.121279436138089558e+00
0.000000000000000000e+00 0.000000000000000000e+00 8.945224346079228006e-01 1.677035164108933163e+00 1.321728591720103596e+00
0.000000000000000000e+00 0.000000000000000000e+00 5.634628257780160965e-01 1.549110565896929304e+00 1.445655371695002467e+00
0.000000000000000000e+00 0.000000000000000000e+00 2.047055587290436129e-01 1.348261029218453588e+00 1.483489240019837396e+00
0.000000000000000000e+00 0.000000000000000000e+00 0.000000000000000000e+00 1.103038180062883011e+00 1.426052157319757097e+00
0.000000000000000000e+00 0.000000000000000000e+00 0.000000000000000000e+00 8.182200827030827739e-01 1.294159460611723489e+00
0.000000000000000000e+00 0.000000000000000000e+00 0.000000000000000000e+00 5.081384959346268992e-01 1.109050621708260742e+00
2.566573519741921494e-01 0.000000000000000000e+00 0.000000000000000000e+00 1.724323423527307497e-01 8.867946082337807567e-01
7.878621831823285904e-01 0.000000000000000000e+00 0.000000000000000000e+00 0.000000000000000000e+00 6.325621445591012026e-01
1.053686070763044658e+00 0.000000000000000000e+00 0.000000000000000000e+00 0.000000000000000000e+00 3.616969213622289736e-01
1.206859481697575065e+00 0.000000000000000000e+00 0.000000000000000000e+00 0.000000000000000000e+00 9.548385745146825698e-02
1.297031557656462830e+00 6.163702950715999745e-02 0.000000000000000000e+00 0.000000000000000000e+00 0.000000000000000000e+00
1.326219407027529051e+00 5.788767073487499637e-01 0.000000000000000000e+00 0.000000000000000000e+00 0.000000000000000000e+00
1.356862878499200953e+00 8.264228465809009272e-01 0.000000000000000000e+00 0.000000000000000000e+00 0.000000000000000000e+00
1.367130807231067502e+00 9.745704200202554013e-01 0.000000000000000000e+00 0.000000000000000000e+00 0.000000000000000000e+00
1.295882031302946213e+00 1.089425288916241463e+00 9.356270679629742626e-02 0.000000000000000000e+00 0.000000000000000000e+00
1.142379279492069521e+00 1.162192366032452906e+00 5.549043406022313718e-01 0.000000000000000000e+00 0.000000000000000000e+00
9.242396754148930471e-01 1.214695810978694279e+00 7.936732451426187218e-01 0.000000000000000000e+00 0.000000000000000000e+00
6.640359279800867043e-01 1.215349413477279983e+00 9.491792497106166238e-01 0.000000000000000000e+00 0.000000000000000000e+00
3.841426969798634183e-01 1.128777677443899563e+00 1.056520802527245451e+00 0.000000000000000000e+00 0.000000000000000000e+00
9.052022256471392581e-02 9.764128548408690378e-01 1.091950718124923281e+00 4.581869288564299758e-01 0.000000000000000000e+00
0.000000000000000000e+00 7.751990542712361432e-01 1.102635397910873838e+00 7.076904681948993359e-01 0.000000000000000000e+00
0.000000000000000000e+00 5.591889041802255989e-01 1.080295126604515987e+00 8.431026293883370215e-01 0.000000000000000000e+00
0.000000000000000000e+00 3.477820059205094516e-01 9.928824669014191251e-01 9.266376166862277941e-01 0.000000000000000000e+00
0.000000000000000000e+00 1.157159707963439921e-01 8.653002607653981215e-01 9.485765403918567928e-01 3.430204702627293045e-01
0.000000000000000000e+00 0.000000000000000000e+00 7.080842851272839411e-01 9.488662430284433569e-01 5.930234361754549433e-01
0.000000000000000000e+00 0.000000000000000000e+00 5.269566965404703929e-01 9.352560835153146401e-01 7.165998405122220305e-01
0.000000000000000000e+00 0.000000000000000000e+00 3.400827688351593103e-01 8.738575502021284080e-01 7.909417450074207601e-01
0.000000000000000000e+00 0.000000000000000000e+00 1.390139306020943266e-01 7.686722594593131674e-01 8.201920539145812761e-01
0.000000000000000000e+00 0.000000000000000000e+00 0.000000000000000000e+00 6.357130114388298558e-01 7.978901909736668685e-01
0.000000000000000000e+00 0.000000000000000000e+00 0.000000000000000000e+00 4.782736683407096123e-01 7.324923466063237854e-01
0.000000000000000000e+00 0.000000000000000000e+00 0.000000000000000000e+00 3.062143338156020911e-01 6.350641971996506818e-01
1.086521599104961489e-01 0.000000000000000000e+00 0.000000000000000000e+00 1.191748648365842378e-01 5.152588820184633711e-01
4.175268241993945750e-01 0.000000000000000000e+00 0.000000000000000000e+00 0.000000000000000000e+00 3.771121625054174586e-01
5.720070298850710167e-01 0.000000000000000000e+00 0.000000000000000000e+00 0.000000000000000000e+00 2.256750652733607865e-01
6.607473692379506325e-01 0.000000000000000000e+00 0.000000000000000000e+00 0.000000000000000000e+00 7.464002683268856908e-02
7.157470243981833846e-01 1.138784985058372001e-02 0.000000000000000000e+00 0.000000000000000000e+00 0.000000000000000000e+00
7.348606669818114057e-01 3.088809456472318971e-01 0.000000000000000000e+00 0.000000000000000000e+00 0.000000000000000000e+00
7.540388936126519726e-01 4.505260649276987550e-01 0.000000000000000000e+00 0.000000000000000000e+00 0.000000000000000000e+00
7.641289769124616216e-01 5.344896754663964744e-01 0.000000000000000000e+00 0.000000000000000000e+00 0.000000000000000000e+00
7.301501930736198354e-01 6.006239487476627836e-01 3.579576420445818030e-02 0.000000000000000000e+00 0.000000000000000000e+00
6.499918472361709831e-01 6.431309830119170678e-01 2.990171969852406519e-01 0.000000000000000000e+00 0.000000000000000000e+00
5.315920070028146149e-01 6.760390180640918345e-01 4.338390346967235800e-01 0.000000000000000000e+00 0.000000000000000000e+00
3.864953517023916874e-01 6.822290268129171942e-01 5.216090350624181804e-01 0.000000000000000000e+00 0.000000000000000000e+00
2.283946169492012679e-01 6.387130007789743047e-01 5.848757937683601860e-01 0.000000000000000000e+00 0.000000000000000000e+00
6.171313683276835604e-02 5.562158045706677711e-01 6.096258223262651654e-01 2.409095658818793950e-01 0.000000000000000000e+00
0.000000000000000000e+00 4.453040071834424296e-01 6.181325874133958287e-01 3.871827655488613296e-01 0.000000000000000000e+00
0.000000000000000000e+00 3.236752434417677904e-01 6.079355025326504958e-01 4.668216247973333566e-01 0.000000000000000000e+00
0.000000000000000000e+00 2.034097944509372091e-01 5.619652351758808173e-01 5.159932733339944733e-01 0.000000000000000000e+00
0.000000000000000000e+00 7.217918040139270630e-02 4.920530566449743404e-01 5.313060231363841979e-01 1.809196058822837294e-01
0.000000000000000000e+00 0.000000000000000000e+00 4.048336237515171021e-01 5.328932222823556941e-01 3.266305229717891834e-01
0.000000000000000000e+00 0.000000000000000000e+00 3.031909620697792462e-01 5.265111314012083099e-01 3.984373826430842591e-01
0.000000000000000000e+00 0.000000000000000000e+00 1.974585059137146104e-01 4.941836513495467820e-01 4.415078454852405798e-01
0.000000000000000000e+00 0.000000000000000000e+00 8.369950462744135677e-02 4.366454168267175917e-01 4.598601941524860237e-01
0.000000000000000000e+00 0.000000000000000000e+00 0.000000000000000000e+00 3.627778916666257736e-01 4.495803690007704745e-01
0.000000000000000000e+00 0.000000000000000000e+00 0.000000000000000000e+00 2.744006173505253443e-01 4.148168929421447437e-01
0.000000000000000000e+00 0.000000000000000000e+00 0.000000000000000000e+00 1.774896745099896478e-01 3.615230703533445222e-01
5.538806309698385971e-02 0.000000000000000000e+00 0.000000000000000000e+00 7.189215409532989653e-02 2.951426846152460648e-01
2.309384720095830623e-01 0.000000000000000000e+00 0.000000000000000000e+00 0.000000000000000000e+00 2.181477700748901682e-01
3.188688052712129739e-01 0.000000000000000000e+00 0.000000000000000000e+00 0.000000000000000000e+00 1.327367497073361768e-01
3.694812034860239791e-01 0.000000000000000000e+00 0.000000000000000000e+00 0.000000000000000000e+00 4.695611519396347688e-02
4.014300704505990858e-01 3.300156597598746799e-03 0.000000000000000000e+00 0.000000000000000000e+00 0.000000000000000000e+00
4.130338073942119159e-01 1.717571902587456123e-01 0.000000000000000000e+00 0.000000000000000000e+00 0.000000000000000000e+00
4.243923423827378194e-01 2.519493638740910590e-01 0.000000000000000000e+00 0.000000000000000000e+00 0.000000000000000000e+00
4.309411511570515607e-01 2.994262586702611806e-01 0.000000000000000000e+00 0.000000000000000000e+00 0.000000000000000000e+00
4.130607922469353710e-01 3.369795918874762819e-01 1.867298344323531367e-02 0.000000000000000000e+00 0.000000000000000000e+00
3.691025151868255194e-01 3.614625216735567470e-01 1.671695391917915607e-01 0.000000000000000000e+00 0.000000000000000000e+00
3.030401475622812590e-01 3.808765051770746091e-01 2.430383886742193411e-01 0.000000000000000000e+00 0.000000000000000000e+00
2.211189336285124263e-01 3.855506065699398910e-01 2.925511476095588037e-01 0.000000000000000000e+00 0.000000000000000000e+00
1.312556302399081609e-01 3.620226981029328606e-01 3.287877228541113972e-01 0.000000000000000000e+00 0.000000000000000000e+00
3.629397876540486206e-02 3.160012823801472415e-01 3.437306922446126123e-01 1.344278356918460204e-01 0.000000000000000000e+00
0.000000000000000000e+00 2.535687154894339379e-01 3.492398605693369795e-01 2.173157911152134858e-01 0.000000000000000000e+00
0.000000000000000000e+00 1.846348517795726174e-01 3.440138030296457927e-01 2.627082178676753976e-01 0.000000000000000000e+00
0.000000000000000000e+00 1.161886360778385807e-01 3.185480006963570254e-01 2.909143617198917120e-01 0.000000000000000000e+00
0.000000000000000000e+00 4.149452387140818016e-02 2.793199172040417011e-01 3.001079911674509049e-01 1.016397148359460267e-01
0.000000000000000000e+00 0.000000000000000000e+00 2.301305000683284696e-01 3.014017317751704894e-01 1.840617069501404579e-01
0.000000000000000000e+00 0.000000000000000000e+00 1.725768235230207281e-01 2.980859883088760043e-01 2.247910839922995230e-01
0.000000000000000000e+00 0.000000000000000000e+00 1.124710050346933166e-01 2.801264768213029832e-01 2.493211848593968050e-01
0.000000000000000000e+00 0.000000000000000000e+00 4.767407045657812148e-02 2.478102178224061980e-01 2.599868424622520102e-01
0.000000000000000000e+00 0.000000000000000000e+00 0.000000000000000000e+00 2.060790929604583710e-01 2.545442430460953531e-01
0.000000000000000000e+00 0.000000000000000000e+00 0.000000000000000000e+00 1.559851662079414780e-01 2.352356594570892412e-01
0.000000000000000000e+00 0.000000000000000000e+00 0.000000000000000000e+00 1.009382837836669822e-01 2.053584760572957635e-01
3.213870770763849194e-02 0.000000000000000000e+00 0.000000000000000000e+00 4.084917072077809408e-02 1.679603650871186460e-01
1.308605056256118004e-01 0.000000000000000000e+00 0.000000000000000000e+00 0.000000000000000000e+00 1.244068120652874893e-01
1.804350834823309491e-01 0.000000000000000000e+00 0.000000000000000000e+00 0.000000000000000000e+00 7.594730276932359914e-02
2.090987798506427353e-01 0.000000000000000000e+00 0.000000000000000000e+00 0.000000000000000000e+00 2.712352188970923450e-02
2.272524519076446481e-01 3.087648225388317513e-03 0.000000000000000000e+00 0.000000000000000000e+00 0.000000000000000000e+00
2.340674194426739518e-01 9.774638499827403848e-02 0.000000000000000000e+00 0.000000000000000000e+00 0.000000000000000000e+00
2.406248400732846904e-01 1.429236396911504059e-01 0.000000000000000000e+00 0.000000000000000000e+00 0.000000000000000000e+00
2.443404190036679857e-01 1.697588750267331470e-01 0.000000000000000000e+00 0.000000000000000000e+00 0.000000000000000000e+00
2.343039244137723465e-01 1.909549612095884641e-01 1.209612522405700830e-02 0.000000000000000000e+00 0.000000000000000000e+00
2.094696434634113758e-01 2.049744609852233168e-01 9.538594456196980431e-02 0.000000000000000000e+00 0.000000000000000000e+00
1.719878904786642515e-01 2.161171342594681299e-01 1.380237421953833810e-01 0.000000000000000000e+00 0.000000000000000000e+00
1.253721810317309782e-01 2.187827255148722116e-01 1.659786205643398738e-01 0.000000000000000000e+00 0.000000000000000000e+00
7.409172389930995806e-02 2.054575595826646506e-01 1.864635786924862260e-01 0.000000000000000000e+00 0.000000000000000000e+00
1.987077156171412895e-02 1.793186010182146184e-01 1.949446247937958177e-01 7.756142377262964516e-02 0.000000000000000000e+00
0.000000000000000000e+00 1.437433639830998366e-01 1.982254986861553547e-01 1.237424939593956275e-01 0.000000000000000000e+00
0.000000000000000000e+00 1.045151531139643236e-01 1.953071857695576341e-01 1.492148295293827254e-01 0.000000000000000000e+00
0.000000000000000000e+00 6.552828884112128771e-02 1.807646331226120673e-01 1.651837174998682656e-01 0.000000000000000000e+00
0.000000000000000000e+00 2.284789326574054869e-02 1.584473588857338022e-01 1.703501456586442586e-01 5.916071945142987315e-02
0.000000000000000000e+00 0.000000000000000000e+00 1.304358628515123186e-01 1.711740899400182592e-01 1.050577329874569227e-01
0.000000000000000000e+00 0.000000000000000000e+00 9.766949678753578112e-02 1.693219199637696626e-01 1.278716016905279140e-01
0.000000000000000000e+00 0.000000000000000000e+00 6.339712374500816594e-02 1.590257538754924482e-01 1.417217707839535379e-01
0.000000000000000000e+00 0.000000000000000000e+00 2.634240587528369204e-02 1.405946034666660793e-01 1.476940029158035905e-01
0.000000000000000000e+00 0.000000000000000000e+00 0.000000000000000000e+00 1.167871759879446358e-01 1.445341481223105795e-01
0.000000000000000000e+00 0.000000000000000000e+00 0.000000000000000000e+00 8.823188690936234480e-02 1.335291157704387999e-01
0.000000000000000000e+00 0.000000000000000000e+00 0.000000000000000000e+00 5.681137444873307629e-02 1.165388388197019509e-01
1.995648030213015289e-02 0.000000000000000000e+00 0.000000000000000000e+00 2.246192439393723816e-02 9.526448365968943899e-02
7.515049926425598770e-02 0.000000000000000000e+00 0.000000000000000000e+00 0.000000000000000000e+00 7.041564819232792871e-02
1.029581219745501208e-01 0.000000000000000000e+00 0.000000000000000000e+00 0.000000000000000000e+00 4.282105157472848589e-02
1.191337467887132462e-01 0.000000000000000000e+00 0.000000000000000000e+00 0.000000000000000000e+00 1.498889867287633848e-02
1.293301691243153861e-01 3.380296606163568640e-03 0.000000000000000000e+00 0.000000000000000000e+00 0.000000000000000000e+00
1.332665753949191512e-01 5.634006916594769959e-02 0.000000000000000000e+00 0.000000000000000000e+00 0.000000000000000000e+00
1.370019571305847172e-01 8.172282527968421917e-02 0.000000000000000000e+00 0.000000000000000000e+00 0.000000000000000000e+00
1.389651455893115006e-01 9.688948417181153516e-02 0.000000000000000000e+00 0.000000000000000000e+00 0.000000000000000000e+00
1.331169274356835963e-01 1.088157623680108266e-01 8.479254559683457870e-03 0.000000000000000000e+00 0.000000000000000000e+00
1.188452333622147528e-01 1.168217480992206347e-01 5.503565977753144267e-02 0.000000000000000000e+00 0.000000000000000000e+00
9.737328757177809990e-02 1.231266791287133344e-01 7.898012743355886656e-02 0.000000000000000000e+00 0.000000000000000000e+00
7.072566784767088388e-02 1.244433903377006878e-01 9.477493980458051581e-02 0.000000000000000000e+00 0.000000000000000000e+00
4.139466106009459523e-02 1.166926887446817496e-01 1.062755290005412689e-01 0.000000000000000000e+00 0.000000000000000000e+00
1.039678746967753753e-02 1.016926070230006474e-01 1.109314336146427493e-01 4.554854093260729542e-02 0.000000000000000000e+00
0.000000000000000000e+00 8.128104568294602927e-02 1.128052208839869230e-01 7.102541768299497349e-02 0.000000000000000000e+00
0.000000000000000000e+00 5.890454061056482615e-02 1.110884269327194751e-01 8.519340040375579515e-02 0.000000000000000000e+00
0.000000000000000000e+00 3.668474736468808201e-02 1.026428374209231720e-01 9.416822910691458048e-02 0.000000000000000000e+00
0.000000000000000000e+00 1.224316235133082742e-02 8.984679652935145810e-02 9.696506010641758877e-02 3.507047063505686763e-02
0.000000000000000000e+00 0.000000000000000000e+00 7.380733955718143946e-02 9.744059695104168028e-02 6.038922882784403950e-02
0.000000000000000000e+00 0.000000000000000000e+00 5.509461489674238877e-02 9.635988511689452807e-02 7.307454429218873670e-02
0.000000000000000000e+00 0.000000000000000000e+00 3.551778542648431625e-02 9.035438958328256831e-02 8.085661477933880903e-02
0.000000000000000000e+00 0.000000000000000000e+00 1.428050577648720676e-02 7.975147306813701320e-02 8.412988278025279598e-02
0.000000000000000000e+00 0.000000000000000000e+00 0.000000000000000000e+00 6.609432337139287128e-02 8.220315388015597691e-02
0.000000000000000000e+00 0.000000000000000000e+00 0.000000000000000000e+00 4.976474427233812392e-02 7.583955964150179696e-02
0.000000000000000000e+00 0.000000000000000000e+00 0.000000000000000000e+00 3.178089213076606967e-02 6.609954106759241554e-02
1.272353506057255501e-02 0.000000000000000000e+00 0.000000000000000000e+00 1.209518135397935623e-02 5.393111758467128425e-02
4.347103803610919553e-02 0.000000000000000000e+00 0.000000000000000000e+00 0.000000000000000000e+00 3.968560416167221661e-02
5.902133541048960180e-02 0.000000000000000000e+00 0.000000000000000000e+00 0.000000000000000000e+00 2.393938771908077356e-02
6.813106647786115744e-02 0.000000000000000000e+00 0.000000000000000000e+00 0.000000000000000000e+00 8.058902940251133629e-03
7.381966315979093807e-02 3.146610650643921758e-03 0.000000000000000000e+00 0.000000000000000000e+00 0.000000000000000000e+00
7.607318187612621685e-02 3.269570043450854141e-02 0.000000000000000000e+00 0.000000000000000000e+00 0.000000000000000000e+00
7.818513465586375555e-02 4.693321450014220630e-02 0.000000000000000000e+00 0.000000000000000000e+00 0.000000000000000000e+00
7.917001721450489526e-02 5.550431709167025218e-02 0.000000000000000000e+00 0.000000000000000000e+00 0.000000000000000000e+00
7.569523659632260149e-02 6.220228855809084578e-02 5.977375482575375543e-03 0.000000000000000000e+00 0.000000000000000000e+00
6.741658418498941430e-02 6.676760501568734796e-02 3.194260128729364823e-02 0.000000000000000000e+00 0.000000000000000000e+00
5.505004666203517499e-02 7.030652016840389928e-02 4.538186853826342571e-02 0.000000000000000000e+00 0.000000000000000000e+00
3.977787780112151950e-02 7.087657503285439697e-02 5.430978870388570440e-02 0.000000000000000000e+00 0.000000000000000000e+00
2.297985188049134209e-02 6.630458877311173893e-02 6.074012210086410235e-02 0.000000000000000000e+00 0.000000000000000000e+00
5.246550277051564848e-03 5.764753832264935679e-02 6.324235251250254208e-02 2.698127471211009265e-02 0.000000000000000000e+00
0.000000000000000000e+00 4.589194483167524652e-02 6.428774804858150560e-02 4.094442017600563588e-02 0.000000000000000000e+00
0.000000000000000000e+00 3.311118359421438839e-02 6.325041038161005602e-02 4.878085784124408519e-02 0.000000000000000000e+00
0.000000000000000000e+00 2.044340488281282120e-02 5.830229882783699580e-02 5.380276726117961400e-02 0.000000000000000000e+00
0.000000000000000000e+00 6.429754685313149309e-03 5.093389976504880678e-02 5.527868180854378366e-02 2.096663030447976084e-02
0.000000000000000000e+00 0.000000000000000000e+00 4.172173546334923683e-02 5.553911153276303025e-02 3.484557402119392577e-02
0.000000000000000000e+00 0.000000000000000000e+00 3.101649840454356877e-02 5.489391504993612614e-02 4.186571177529074816e-02
0.000000000000000000e+00 0.000000000000000000e+00 1.982304478825636096e-02 5.135993844674446862e-02 4.622530511194433700e-02
0.000000000000000000e+00 0.000000000000000000e+00 7.636654752434246518e-03 4.523179648163955235e-02 4.799407898896212998e-02
0.000000000000000000e+00 0.000000000000000000e+00 0.000000000000000000e+00 3.737367011518610838e-02 4.679455353134631679e-02
0.000000000000000000e+00 0.000000000000000000e+00 0.000000000000000000e+00 2.801906664591902185e-02 4.308641202756202659e-02
0.000000000000000000e+00 0.000000000000000000e+00 0.000000000000000000e+00 1.771047448395179913e-02 3.747795146355148432e-02
8.154301260183682842e-03 0.000000000000000000e+00 0.000000000000000000e+00 6.413041431394539416e-03 3.049686187265088222e-02
2.524132341185092443e-02 0.000000000000000000e+00 0.000000000000000000e+00 0.000000000000000000e+00 2.230857801492236447e-02
3.391961017675582807e-02 0.000000000000000000e+00 0.000000000000000000e+00 0.000000000000000000e+00 1.331303743837164433e-02
3.904340586964760718e-02 0.000000000000000000e+00 0.000000000000000000e+00 0.000000000000000000e+00 4.247450017234033481e-03
4.220352463907506291e-02 2.584488423447162120e-03 0.000000000000000000e+00 0.000000000000000000e+00 0.000000000000000000e+00
4.348721621002083620e-02 1.904034001206866833e-02 0.000000000000000000e+00 0.000000000000000000e+00 0.000000000000000000e+00
4.467604498400446628e-02 2.701722273400930519e-02 0.000000000000000000e+00 0.000000000000000000e+00 0.000000000000000000e+00
