0.000000000000000000e+00 0.000000000000000000e+00 0.000000000000000000e+00 0.000000000000000000e+00 0.000000000000000000e+00
0.000000000000000000e+00 0.000000000000000000e+00 0.000000000000000000e+00 0.000000000000000000e+00 0.000000000000000000e+00
0.000000000000000000e+00 0.000000000000000000e+00 0.000000000000000000e+00 0.000000000000000000e+00 0.000000000000000000e+00
0.000000000000000000e+00 0.000000000000000000e+00 0.000000000000000000e+00 0.000000000000000000e+00 0.000000000000000000e+00
0.000000000000000000e+00 0.000000000000000000e+00 0.000000000000000000e+00 0.000000000000000000e+00 0.000000000000000000e+00
0.000000000000000000e+00 0.000000000000000000e+00 0.000000000000000000e+00 0.000000000000000000e+00 0.000000000000000000e+00
0.000000000000000000e+00 0.000000000000000000e+00 0.000000000000000000e+00 0.000000000000000000e+00 0.000000000000000000e+00
0.000000000000000000e+00 0.000000000000000000e+00 0.000000000000000000e+00 0.000000000000000000e+00 0.000000000000000000e+00
0.000000000000000000e+00 0.000000000000000000e+00 0.000000000000000000e+00 0.000000000000000000e+00 0.000000000000000000e+00
0.000000000000000000e+00 0.000000000000000000e+00 0.000000000000000000e+00 0.000000000000000000e+00 0.000000000000000000e+00
0.000000000000000000e+00 0.000000000000000000e+00 0.000000000000000000e+00 0.000000000000000000e+00 0.000000000000000000e+00
0.000000000000000000e+00 0.000000000000000000e+00 0.000000000000000000e+00 0.000000000000000000e+00 0.000000000000000000e+00
0.000000000000000000e+00 0.000000000000000000e+00 0.000000000000000000e+00 0.000000000000000000e+00 0.000000000000000000e+00
0.000000000000000000e+00 0.000000000000000000e+00 0.000000000000000000e+00 0.000000000000000000e+00 0.000000000000000000e+00
0.000000000000000000e+00 0.000000000000000000e+00 0.000000000000000000e+00 0.000000000000000000e+00 0.000000000000000000e+00
0.000000000000000000e+00 0.000000000000000000e+00 0.000000000000000000e+00 0.000000000000000000e+00 0.000000000000000000e+00
0.000000000000000000e+00 0.000000000000000000e+00 0.000000000000000000e+00 0.000000000000000000e+00 0.000000000000000000e+00
0.000000000000000000e+00 0.000000000000000000e+00 0.000000000000000000e+00 0.000000000000000000e+00 0.000000000000000000e+00
0.000000000000000000e+00 0.000000000000000000e+00 0.000000000000000000e+00 0.000000000000000000e+00 0.000000000000000000e+00
0.000000000000000000e+00 0.000000000000000000e+00 0.000000000000000000e+00 0.000000000000000000e+00 0.000000000000000000e+00
0.000000000000000000e+00 0.000000000000000000e+00 0.000000000000000000e+00 0.000000000000000000e+00 0.000000000000000000e+00
0.000000000000000000e+00 0.000000000000000000e+00 0.000000000000000000e+00 0.000000000000000000e+00 0.000000000000000000e+00
0.000000000000000000e+00 0.000000000000000000e+00 0.000000000000000000e+00 0.000000000000000000e+00 0.000000000000000000e+00
0.000000000000000000e+00 0.000000000000000000e+00 0.000000000000000000e+00 0.000000000000000000e+00 0.000000000000000000e+00
0.000000000000000000e+00 0.000000000000000000e+00 0.000000000000000000e+00 0.000000000000000000e+00 0.000000000000000000e+00
0.000000000000000000e+00 0.000000000000000000e+00 0.000000000000000000e+00 0.000000000000000000e+00 0.000000000000000000e+00
0.000000000000000000e+00 0.000000000000000000e+00 0.000000000000000000e+00 0.000000000000000000e+00 0.000000000000000000e+00
0.000000000000000000e+00 0.000000000000000000e+00 0.000000000000000000e+00 0.000000000000000000e+00 0.000000000000000000e+00
0.000000000000000000e+00 0.000000000000000000e+00 0.000000000000000000e+00 0.000000000000000000e+00 0.000000000000000000e+00
0.000000000000000000e+00 0.000000000000000000e+00 0.000000000000000000e+00 0.000000000000000000e+00 0.000000000000000000e+00
0.000000000000000000e+00 0.000000000000000000e+00 0.000000000000000000e+00 0.000000000000000000e+00 0.000000000000000000e+00
0.000000000000000000e+00 0.000000000000000000e+00 0.000000000000000000e+00 0.000000000000000000e+00 0.000000000000000000e+00
0.000000000000000000e+00 0.000000000000000000e+00 0.000000000000000000e+00 0.000000000000000000e+00 0.000000000000000000e+00
0.000000000000000000e+00 0.000000000000000000e+00 0.000000000000000000e+00 0.000000000000000000e+00 0.000000000000000000e+00
0.000000000000000000e+00 0.000000000000000000e+00 0.000000000000000000e+00 0.000000000000000000e+00 0.000000000000000000e+00
0.000000000000000000e+00 0.000000000000000000e+00 0.000000000000000000e+00 0.000000000000000000e+00 0.000000000000000000e+00
0.000000000000000000e+00 0.000000000000000000e+00 0.000000000000000000e+00 0.000000000000000000e+00 0.000000000000000000e+00
0.000000000000000000e+00 0.000000000000000000e+00 0.000000000000000000e+00 0.000000000000000000e+00 0.000000000000000000e+00
0.000000000000000000e+00 0.000000000000000000e+00 0.000000000000000000e+00 0.000000000000000000e+00 0.000000000000000000e+00
0.000000000000000000e+00 0.000000000000000000e+00 0.000000000000000000e+00 0.000000000000000000e+00 0.000000000000000000e+00
0.000000000000000000e+00 0.000000000000000000e+00 0.000000000000000000e+00 0.000000000000000000e+00 0.000000000000000000e+00
0.000000000000000000e+00 0.000000000000000000e+00 0.000000000000000000e+00 0.000000000000000000e+00 0.000000000000000000e+00
0.000000000000000000e+00 0.000000000000000000e+00 0.000000000000000000e+00 0.000000000000000000e+00 0.000000000000000000e+00
0.000000000000000000e+00 0.000000000000000000e+00 0.000000000000000000e+00 0.000000000000000000e+00 0.000000000000000000e+00
0.000000000000000000e+00 0.000000000000000000e+00 0.000000000000000000e+00 0.000000000000000000e+00 0.000000000000000000e+00
0.000000000000000000e+00 0.000000000000000000e+00 0.000000000000000000e+00 0.000000000000000000e+00 0.000000000000000000e+00
0.000000000000000000e+00 0.000000000000000000e+00 0.000000000000000000e+00 0.000000000000000000e+00 0.000000000000000000e+00
0.000000000000000000e+00 0.000000000000000000e+00 0.000000000000000000e+00 0.000000000000000000e+00 0.000000000000000000e+00
0.000000000000000000e+00 0.000000000000000000e+00 0.000000000000000000e+00 0.000000000000000000e+00 0.000000000000000000e+00
0.000000000000000000e+00 0.000000000000000000e+00 0.000000000000000000e+00 0.000000000000000000e+00 0.000000000000000000e+00
0.000000000000000000e+00 0.000000000000000000e+00 0.000000000000000000e+00 0.000000000000000000e+00 0.000000000000000000e+00
0.000000000000000000e+00 0.000000000000000000e+00 0.000000000000000000e+00 0.000000000000000000e+00 0.000000000000000000e+00
0.000000000000000000e+00 0.000000000000000000e+00 0.000000000000000000e+00 0.000000000000000000e+00 0.000000000000000000e+00
0.000000000000000000e+00 0.000000000000000000e+00 0.000000000000000000e+00 0.000000000000000000e+00 0.000000000000000000e+00
0.000000000000000000e+00 0.000000000000000000e+00 0.000000000000000000e+00 0.000000000000000000e+00 0.000000000000000000e+00
0.000000000000000000e+00 0.000000000000000000e+00 0.000000000000000000e+00 0.000000000000000000e+00 0.000000000000000000e+00
0.000000000000000000e+00 0.000000000000000000e+00 0.000000000000000000e+00 0.000000000000000000e+00 0.000000000000000000e+00
0.000000000000000000e+00 0.000000000000000000e+00 0.000000000000000000e+00 0.000000000000000000e+00 0.000000000000000000e+00
0.000000000000000000e+00 0.000000000000000000e+00 0.000000000000000000e+00 0.000000000000000000e+00 0.000000000000000000e+00
0.000000000000000000e+00 0.000000000000000000e+00 0.000000000000000000e+00 0.000000000000000000e+00 0.000000000000000000e+00
0.000000000000000000e+00 0.000000000000000000e+00 0.000000000000000000e+00 0.000000000000000000e+00 0.000000000000000000e+00
0.000000000000000000e+00 0.000000000000000000e+00 0.000000000000000000e+00 0.000000000000000000e+00 0.000000000000000000e+00
0.000000000000000000e+00 0.000000000000000000e+00 0.000000000000000000e+00 0.000000000000000000e+00 0.000000000000000000e+00
0.000000000000000000e+00 0.000000000000000000e+00 0.000000000000000000e+00 0.000000000000000000e+00 0.000000000000000000e+00
0.000000000000000000e+00 0.000000000000000000e+00 0.000000000000000000e+00 0.000000000000000000e+00 0.000000000000000000e+00
0.000000000000000000e+00 0.000000000000000000e+00 0.000000000000000000e+00 0.000000000000000000e+00 0.000000000000000000e+00
0.000000000000000000e+00 0.000000000000000000e+00 0.000000000000000000e+00 0.000000000000000000e+00 0.000000000000000000e+00
0.000000000000000000e+00 0.000000000000000000e+00 0.000000000000000000e+00 0.000000000000000000e+00 0.000000000000000000e+00
0.000000000000000000e+00 0.000000000000000000e+00 0.000000000000000000e+00 0.000000000000000000e+00 0.000000000000000000e+00
0.000000000000000000e+00 0.000000000000000000e+00 0.000000000000000000e+00 0.000000000000000000e+00 0.000000000000000000e+00
0.000000000000000000e+00 0.000000000000000000e+00 0.000000000000000000e+00 0.000000000000000000e+00 0.000000000000000000e+00
0.000000000000000000e+00 0.000000000000000000e+00 0.000000000000000000e+00 0.000000000000000000e+00 0.000000000000000000e+00
0.000000000000000000e+00 0.000000000000000000e+00 0.000000000000000000e+00 0.000000000000000000e+00 0.000000000000000000e+00
0.000000000000000000e+00 0.000000000000000000e+00 0.000000000000000000e+00 0.000000000000000000e+00 0.000000000000000000e+00
0.000000000000000000e+00 0.000000000000000000e+00 0.000000000000000000e+00 0.000000000000000000e+00 0.000000000000000000e+00
0.000000000000000000e+00 0.000000000000000000e+00 0.000000000000000000e+00 0.000000000000000000e+00 0.000000000000000000e+00
0.000000000000000000e+00 0.000000000000000000e+00 0.000000000000000000e+00 0.000000000000000000e+00 0.000000000000000000e+00
0.000000000000000000e+00 0.000000000000000000e+00 0.000000000000000000e+00 0.000000000000000000e+00 0.000000000000000000e+00
0.000000000000000000e+00 0.000000000000000000e+00 0.000000000000000000e+00 0.000000000000000000e+00 0.000000000000000000e+00
0.000000000000000000e+00 0.000000000000000000e+00 0.000000000000000000e+00 0.000000000000000000e+00 0.000000000000000000e+00
0.000000000000000000e+00 0.000000000000000000e+00 0.000000000000000000e+00 0.000000000000000000e+00 0.000000000000000000e+00
0.000000000000000000e+00 0.000000000000000000e+00 0.000000000000000000e+00 0.000000000000000000e+00 0.000000000000000000e+00
0.000000000000000000e+00 0.000000000000000000e+00 0.000000000000000000e+00 0.000000000000000000e+00 0.000000000000000000e+00
0.000000000000000000e+00 0.000000000000000000e+00 0.000000000000000000e+00 0.000000000000000000e+00 0.000000000000000000e+00
0.000000000000000000e+00 0.000000000000000000e+00 0.000000000000000000e+00 0.000000000000000000e+00 0.000000000000000000e+00
0.000000000000000000e+00 0.000000000000000000e+00 0.000000000000000000e+00 0.000000000000000000e+00 0.000000000000000000e+00
0.000000000000000000e+00 0.000000000000000000e+00 0.000000000000000000e+00 0.000000000000000000e+00 0.000000000000000000e+00
0.000000000000000000e+00 0.000000000000000000e+00 0.000000000000000000e+00 0.000000000000000000e+00 0.000000000000000000e+00
0.000000000000000000e+00 0.000000000000000000e+00 0.000000000000000000e+00 0.000000000000000000e+00 0.000000000000000000e+00
0.000000000000000000e+00 0.000000000000000000e+00 0.000000000000000000e+00 0.000000000000000000e+00 0.000000000000000000e+00
0.000000000000000000e+00 0.000000000000000000e+00 0.000000000000000000e+00 0.000000000000000000e+00 0.000000000000000000e+00
0.000000000000000000e+00 0.000000000000000000e+00 0.000000000000000000e+00 0.000000000000000000e+00 0.000000000000000000e+00
0.000000000000000000e+00 0.000000000000000000e+00 0.000000000000000000e+00 0.000000000000000000e+00 0.000000000000000000e+00
0.000000000000000000e+00 0.000000000000000000e+00 0.000000000000000000e+00 0.000000000000000000e+00 0.000000000000000000e+00
0.000000000000000000e+00 0.000000000000000000e+00 0.000000000000000000e+00 0.000000000000000000e+00 0.000000000000000000e+00
0.000000000000000000e+00 0.000000000000000000e+00 0.000000000000000000e+00 0.000000000000000000e+00 0.000000000000000000e+00
0.000000000000000000e+00 0.000000000000000000e+00 0.000000000000000000e+00 0.000000000000000000e+00 0.000000000000000000e+00
0.000000000000000000e+00 0.000000000000000000e+00 0.000000000000000000e+00 0.000000000000000000e+00 0.000000000000000000e+00
0.000000000000000000e+00 0.000000000000000000e+00 0.000000000000000000e+00 0.000000000000000000e+00 0.000000000000000000e+00
0.000000000000000000e+00 0.000000000000000000e+00 0.000000000000000000e+00 0.000000000000000000e+00 0.000000000000000000e+00
0.000000000000000000e+00 0.000000000000000000e+00 0.000000000000000000e+00 0.000000000000000000e+00 0.000000000000000000e+00
0.000000000000000000e+00 0.000000000000000000e+00 0.000000000000000000e+00 0.000000000000000000e+00 0.000000000000000000e+00
0.000000000000000000e+00 0.000000000000000000e+00 0.000000000000000000e+00 0.000000000000000000e+00 0.000000000000000000e+00
0.000000000000000000e+00 0.000000000000000000e+00 0.000000000000000000e+00 0.000000000000000000e+00 0.000000000000000000e+00
0.000000000000000000e+00 0.000000000000000000e+00 0.000000000000000000e+00 0.000000000000000000e+00 0.000000000000000000e+00
0.000000000000000000e+00 0.000000000000000000e+00 0.000000000000000000e+00 0.000000000000000000e+00 0.000000000000000000e+00
0.000000000000000000e+00 0.000000000000000000e+00 0.000000000000000000e+00 0.000000000000000000e+00 0.000000000000000000e+00
0.000000000000000000e+00 0.000000000000000000e+00 0.000000000000000000e+00 0.000000000000000000e+00 0.000000000000000000e+00
0.000000000000000000e+00 0.000000000000000000e+00 0.000000000000000000e+00 0.000000000000000000e+00 0.000000000000000000e+00
0.000000000000000000e+00 0.000000000000000000e+00 0.000000000000000000e+00 0.000000000000000000e+00 0.000000000000000000e+00
0.000000000000000000e+00 0.000000000000000000e+00 0.000000000000000000e+00 0.000000000000000000e+00 0.000000000000000000e+00
0.000000000000000000e+00 0.000000000000000000e+00 0.000000000000000000e+00 0.000000000000000000e+00 0.000000000000000000e+00
0.000000000000000000e+00 0.000000000000000000e+00 0.000000000000000000e+00 0.000000000000000000e+00 0.000000000000000000e+00
0.000000000000000000e+00 0.000000000000000000e+00 0.000000000000000000e+00 0.000000000000000000e+00 0.000000000000000000e+00
0.000000000000000000e+00 0.000000000000000000e+00 0.000000000000000000e+00 0.000000000000000000e+00 0.000000000000000000e+00
0.000000000000000000e+00 0.000000000000000000e+00 0.000000000000000000e+00 0.000000000000000000e+00 0.000000000000000000e+00
0.000000000000000000e+00 0.000000000000000000e+00 0.000000000000000000e+00 0.000000000000000000e+00 0.000000000000000000e+00
0.000000000000000000e+00 0.000000000000000000e+00 0.000000000000000000e+00 0.000000000000000000e+00 0.000000000000000000e+00
0.000000000000000000e+00 0.000000000000000000e+00 0.000000000000000000e+00 0.000000000000000000e+00 0.000000000000000000e+00
0.000000000000000000e+00 0.000000000000000000e+00 0.000000000000000000e+00 0.000000000000000000e+00 0.000000000000000000e+00
0.000000000000000000e+00 0.000000000000000000e+00 0.000000000000000000e+00 0.000000000000000000e+00 0.000000000000000000e+00
0.000000000000000000e+00 0.000000000000000000e+00 0.000000000000000000e+00 0.000000000000000000e+00 0.000000000000000000e+00
0.000000000000000000e+00 0.000000000000000000e+00 0.000000000000000000e+00 0.000000000000000000e+00 0.000000000000000000e+00
0.000000000000000000e+00 0.000000000000000000e+00 0.000000000000000000e+00 0.000000000000000000e+00 0.000000000000000000e+00
0.000000000000000000e+00 0.000000000000000000e+00 0.000000000000000000e+00 0.000000000000000000e+00 0.000000000000000000e+00
0.000000000000000000e+00 0.000000000000000000e+00 0.000000000000000000e+00 0.000000000000000000e+00 0.000000000000000000e+00
0.000000000000000000e+00 0.000000000000000000e+00 0.000000000000000000e+00 0.000000000000000000e+00 0.000000000000000000e+00
0.000000000000000000e+00 0.000000000000000000e+00 0.000000000000000000e+00 0.000000000000000000e+00 0.000000000000000000e+00
0.000000000000000000e+00 0.000000000000000000e+00 0.000000000000000000e+00 0.000000000000000000e+00 0.000000000000000000e+00
0.000000000000000000e+00 0.000000000000000000e+00 0.000000000000000000e+00 0.000000000000000000e+00 0.000000000000000000e+00
0.000000000000000000e+00 0.000000000000000000e+00 0.000000000000000000e+00 0.000000000000000000e+00 0.000000000000000000e+00
0.000000000000000000e+00 0.000000000000000000e+00 0.000000000000000000e+00 0.000000000000000000e+00 0.000000000000000000e+00
0.000000000000000000e+00 0.000000000000000000e+00 0.000000000000000000e+00 0.000000000000000000e+00 0.000000000000000000e+00
0.000000000000000000e+00 0.000000000000000000e+00 0.000000000000000000e+00 0.000000000000000000e+00 0.000000000000000000e+00
0.000000000000000000e+00 0.000000000000000000e+00 0.000000000000000000e+00 0.000000000000000000e+00 0.000000000000000000e+00
0.000000000000000000e+00 0.000000000000000000e+00 0.000000000000000000e+00 0.000000000000000000e+00 0.000000000000000000e+00
0.000000000000000000e+00 0.000000000000000000e+00 0.000000000000000000e+00 0.000000000000000000e+00 0.000000000000000000e+00
0.000000000000000000e+00 0.000000000000000000e+00 0.000000000000000000e+00 0.000000000000000000e+00 0.000000000000000000e+00
0.000000000000000000e+00 0.000000000000000000e+00 0.000000000000000000e+00 0.000000000000000000e+00 0.000000000000000000e+00
0.000000000000000000e+00 0.000000000000000000e+00 0.000000000000000000e+00 0.000000000000000000e+00 0.000000000000000000e+00
0.000000000000000000e+00 0.000000000000000000e+00 0.000000000000000000e+00 0.000000000000000000e+00 0.000000000000000000e+00
0.000000000000000000e+00 0.000000000000000000e+00 0.000000000000000000e+00 0.000000000000000000e+00 0.000000000000000000e+00
0.000000000000000000e+00 0.000000000000000000e+00 0.000000000000000000e+00 0.000000000000000000e+00 0.000000000000000000e+00
0.000000000000000000e+00 0.000000000000000000e+00 0.000000000000000000e+00 0.000000000000000000e+00 0.000000000000000000e+00
0.000000000000000000e+00 0.000000000000000000e+00 0.000000000000000000e+00 0.000000000000000000e+00 0.000000000000000000e+00
0.000000000000000000e+00 0.000000000000000000e+00 0.000000000000000000e+00 0.000000000000000000e+00 0.000000000000000000e+00
0.000000000000000000e+00 0.000000000000000000e+00 0.000000000000000000e+00 0.000000000000000000e+00 0.000000000000000000e+00
0.000000000000000000e+00 0.000000000000000000e+00 0.000000000000000000e+00 0.000000000000000000e+00 0.000000000000000000e+00
0.000000000000000000e+00 0.000000000000000000e+00 0.000000000000000000e+00 0.000000000000000000e+00 0.000000000000000000e+00
0.000000000000000000e+00 0.000000000000000000e+00 0.000000000000000000e+00 0.000000000000000000e+00 0.000000000000000000e+00
0.000000000000000000e+00 0.000000000000000000e+00 0.000000000000000000e+00 0.000000000000000000e+00 0.000000000000000000e+00
0.000000000000000000e+00 0.000000000000000000e+00 0.000000000000000000e+00 0.000000000000000000e+00 0.000000000000000000e+00
0.000000000000000000e+00 0.000000000000000000e+00 0.000000000000000000e+00 0.000000000000000000e+00 0.000000000000000000e+00
0.000000000000000000e+00 0.000000000000000000e+00 0.000000000000000000e+00 0.000000000000000000e+00 0.000000000000000000e+00
0.000000000000000000e+00 0.000000000000000000e+00 0.000000000000000000e+00 0.000000000000000000e+00 0.000000000000000000e+00
0.000000000000000000e+00 0.000000000000000000e+00 0.000000000000000000e+00 0.000000000000000000e+00 0.000000000000000000e+00
0.000000000000000000e+00 0.000000000000000000e+00 0.000000000000000000e+00 0.000000000000000000e+00 0.000000000000000000e+00
0.000000000000000000e+00 0.000000000000000000e+00 0.000000000000000000e+00 0.000000000000000000e+00 0.000000000000000000e+00
0.000000000000000000e+00 0.000000000000000000e+00 0.000000000000000000e+00 0.000000000000000000e+00 0.000000000000000000e+00
0.000000000000000000e+00 0.000000000000000000e+00 0.000000000000000000e+00 0.000000000000000000e+00 0.000000000000000000e+00
0.000000000000000000e+00 0.000000000000000000e+00 0.000000000000000000e+00 0.000000000000000000e+00 0.000000000000000000e+00
0.000000000000000000e+00 0.000000000000000000e+00 0.000000000000000000e+00 0.000000000000000000e+00 0.000000000000000000e+00
0.000000000000000000e+00 0.000000000000000000e+00 0.000000000000000000e+00 0.000000000000000000e+00 0.000000000000000000e+00
0.000000000000000000e+00 0.000000000000000000e+00 0.000000000000000000e+00 0.000000000000000000e+00 0.000000000000000000e+00
0.000000000000000000e+00 0.000000000000000000e+00 0.000000000000000000e+00 0.000000000000000000e+00 0.000000000000000000e+00
0.000000000000000000e+00 0.000000000000000000e+00 0.000000000000000000e+00 0.000000000000000000e+00 0.000000000000000000e+00
0.000000000000000000e+00 0.000000000000000000e+00 0.000000000000000000e+00 0.000000000000000000e+00 0.000000000000000000e+00
0.000000000000000000e+00 0.000000000000000000e+00 0.000000000000000000e+00 0.000000000000000000e+00 0.000000000000000000e+00
0.000000000000000000e+00 0.000000000000000000e+00 0.000000000000000000e+00 0.000000000000000000e+00 0.000000000000000000e+00
0.000000000000000000e+00 0.000000000000000000e+00 0.000000000000000000e+00 0.000000000000000000e+00 0.000000000000000000e+00
0.000000000000000000e+00 0.000000000000000000e+00 0.000000000000000000e+00 0.000000000000000000e+00 0.000000000000000000e+00
0.000000000000000000e+00 0.000000000000000000e+00 0.000000000000000000e+00 0.000000000000000000e+00 0.000000000000000000e+00
0.000000000000000000e+00 0.000000000000000000e+00 0.000000000000000000e+00 0.000000000000000000e+00 0.000000000000000000e+00
0.000000000000000000e+00 0.000000000000000000e+00 0.000000000000000000e+00 0.000000000000000000e+00 0.000000000000000000e+00
0.000000000000000000e+00 0.000000000000000000e+00 0.000000000000000000e+00 0.000000000000000000e+00 0.000000000000000000e+00
0.000000000000000000e+00 0.000000000000000000e+00 0.000000000000000000e+00 0.000000000000000000e+00 0.000000000000000000e+00
0.000000000000000000e+00 0.000000000000000000e+00 0.000000000000000000e+00 0.000000000000000000e+00 0.000000000000000000e+00
0.000000000000000000e+00 0.000000000000000000e+00 0.000000000000000000e+00 0.000000000000000000e+00 0.000000000000000000e+00
0.000000000000000000e+00 0.000000000000000000e+00 0.000000000000000000e+00 0.000000000000000000e+00 0.000000000000000000e+00
0.000000000000000000e+00 0.000000000000000000e+00 0.000000000000000000e+00 0.000000000000000000e+00 0.000000000000000000e+00
0.000000000000000000e+00 0.000000000000000000e+00 0.000000000000000000e+00 0.000000000000000000e+00 0.000000000000000000e+00
0.000000000000000000e+00 0.000000000000000000e+00 0.000000000000000000e+00 0.000000000000000000e+00 0.000000000000000000e+00
0.000000000000000000e+00 0.000000000000000000e+00 0.000000000000000000e+00 0.000000000000000000e+00 0.000000000000000000e+00
0.000000000000000000e+00 0.000000000000000000e+00 0.000000000000000000e+00 0.000000000000000000e+00 0.000000000000000000e+00
0.000000000000000000e+00 0.000000000000000000e+00 0.000000000000000000e+00 0.000000000000000000e+00 0.000000000000000000e+00
0.000000000000000000e+00 0.000000000000000000e+00 0.000000000000000000e+00 0.000000000000000000e+00 0.000000000000000000e+00
0.000000000000000000e+00 0.000000000000000000e+00 0.000000000000000000e+00 0.000000000000000000e+00 0.000000000000000000e+00
0.000000000000000000e+00 0.000000000000000000e+00 0.000000000000000000e+00 0.000000000000000000e+00 0.000000000000000000e+00
0.000000000000000000e+00 0.000000000000000000e+00 0.000000000000000000e+00 0.000000000000000000e+00 0.000000000000000000e+00
0.000000000000000000e+00 0.000000000000000000e+00 0.000000000000000000e+00 0.000000000000000000e+00 0.000000000000000000e+00
0.000000000000000000e+00 0.000000000000000000e+00 0.000000000000000000e+00 0.000000000000000000e+00 0.000000000000000000e+00
0.000000000000000000e+00 0.000000000000000000e+00 0.000000000000000000e+00 0.000000000000000000e+00 0.000000000000000000e+00
0.000000000000000000e+00 0.000000000000000000e+00 0.000000000000000000e+00 0.000000000000000000e+00 0.000000000000000000e+00
0.000000000000000000e+00 0.000000000000000000e+00 0.000000000000000000e+00 0.000000000000000000e+00 0.000000000000000000e+00
0.000000000000000000e+00 0.000000000000000000e+00 0.000000000000000000e+00 0.000000000000000000e+00 0.000000000000000000e+00
0.000000000000000000e+00 0.000000000000000000e+00 0.000000000000000000e+00 0.000000000000000000e+00 0.000000000000000000e+00
0.000000000000000000e+00 0.000000000000000000e+00 0.000000000000000000e+00 0.000000000000000000e+00 0.000000000000000000e+00
0.000000000000000000e+00 0.000000000000000000e+00 0.000000000000000000e+00 0.000000000000000000e+00 0.000000000000000000e+00
0.000000000000000000e+00 0.000000000000000000e+00 0.000000000000000000e+00 0.000000000000000000e+00 0.000000000000000000e+00
0.000000000000000000e+00 0.000000000000000000e+00 0.000000000000000000e+00 0.000000000000000000e+00 0.000000000000000000e+00
0.000000000000000000e+00 0.000000000000000000e+00 0.000000000000000000e+00 0.000000000000000000e+00 0.000000000000000000e+00
0.000000000000000000e+00 0.000000000000000000e+00 0.000000000000000000e+00 0.000000000000000000e+00 0.000000000000000000e+00
0.000000000000000000e+00 0.000000000000000000e+00 0.000000000000000000e+00 0.000000000000000000e+00 0.000000000000000000e+00
0.000000000000000000e+00 0.000000000000000000e+00 0.000000000000000000e+00 0.000000000000000000e+00 0.000000000000000000e+00
0.000000000000000000e+00 0.000000000000000000e+00 0.000000000000000000e+00 0.000000000000000000e+00 0.000000000000000000e+00
0.000000000000000000e+00 0.000000000000000000e+00 0.000000000000000000e+00 0.000000000000000000e+00 0.000000000000000000e+00
0.000000000000000000e+00 0.000000000000000000e+00 0.000000000000000000e+00 0.000000000000000000e+00 0.000000000000000000e+00
0.000000000000000000e+00 0.000000000000000000e+00 0.000000000000000000e+00 0.000000000000000000e+00 0.000000000000000000e+00
0.000000000000000000e+00 0.000000000000000000e+00 0.000000000000000000e+00 0.000000000000000000e+00 0.000000000000000000e+00
0.000000000000000000e+00 0.000000000000000000e+00 0.000000000000000000e+00 0.000000000000000000e+00 0.000000000000000000e+00
0.000000000000000000e+00 0.000000000000000000e+00 0.000000000000000000e+00 0.000000000000000000e+00 0.000000000000000000e+00
0.000000000000000000e+00 0.000000000000000000e+00 0.000000000000000000e+00 0.000000000000000000e+00 0.000000000000000000e+00
0.000000000000000000e+00 0.000000000000000000e+00 0.000000000000000000e+00 0.000000000000000000e+00 0.000000000000000000e+00
0.000000000000000000e+00 0.000000000000000000e+00 0.000000000000000000e+00 0.000000000000000000e+00 0.000000000000000000e+00
0.000000000000000000e+00 0.000000000000000000e+00 0.000000000000000000e+00 0.000000000000000000e+00 0.000000000000000000e+00
0.000000000000000000e+00 0.000000000000000000e+00 0.000000000000000000e+00 0.000000000000000000e+00 0.000000000000000000e+00
0.000000000000000000e+00 0.000000000000000000e+00 0.000000000000000000e+00 0.000000000000000000e+00 0.000000000000000000e+00
0.000000000000000000e+00 0.000000000000000000e+00 0.000000000000000000e+00 0.000000000000000000e+00 0.000000000000000000e+00
0.000000000000000000e+00 0.000000000000000000e+00 0.000000000000000000e+00 0.000000000000000000e+00 0.000000000000000000e+00
0.000000000000000000e+00 0.000000000000000000e+00 0.000000000000000000e+00 0.000000000000000000e+00 0.000000000000000000e+00
0.000000000000000000e+00 0.000000000000000000e+00 0.000000000000000000e+00 0.000000000000000000e+00 0.000000000000000000e+00
0.000000000000000000e+00 0.000000000000000000e+00 0.000000000000000000e+00 0.000000000000000000e+00 0.000000000000000000e+00
0.000000000000000000e+00 0.000000000000000000e+00 0.000000000000000000e+00 0.000000000000000000e+00 0.000000000000000000e+00
0.000000000000000000e+00 0.000000000000000000e+00 0.000000000000000000e+00 0.000000000000000000e+00 0.000000000000000000e+00
0.000000000000000000e+00 0.000000000000000000e+00 0.000000000000000000e+00 0.000000000000000000e+00 0.000000000000000000e+00
0.000000000000000000e+00 0.000000000000000000e+00 0.000000000000000000e+00 0.000000000000000000e+00 0.000000000000000000e+00
0.000000000000000000e+00 0.000000000000000000e+00 0.000000000000000000e+00 0.000000000000000000e+00 0.000000000000000000e+00
0.000000000000000000e+00 0.000000000000000000e+00 0.000000000000000000e+00 0.000000000000000000e+00 0.000000000000000000e+00
0.000000000000000000e+00 0.000000000000000000e+00 0.000000000000000000e+00 0.000000000000000000e+00 0.000000000000000000e+00
0.000000000000000000e+00 0.000000000000000000e+00 0.000000000000000000e+00 0.000000000000000000e+00 0.000000000000000000e+00
0.000000000000000000e+00 0.000000000000000000e+00 0.000000000000000000e+00 0.000000000000000000e+00 0.000000000000000000e+00
0.000000000000000000e+00 0.000000000000000000e+00 0.000000000000000000e+00 0.000000000000000000e+00 0.000000000000000000e+00
0.000000000000000000e+00 0.000000000000000000e+00 0.000000000000000000e+00 0.000000000000000000e+00 0.000000000000000000e+00
0.000000000000000000e+00 0.000000000000000000e+00 0.000000000000000000e+00 0.000000000000000000e+00 0.000000000000000000e+00
0.000000000000000000e+00 0.000000000000000000e+00 0.000000000000000000e+00 0.000000000000000000e+00 0.000000000000000000e+00
0.000000000000000000e+00 0.000000000000000000e+00 0.000000000000000000e+00 0.000000000000000000e+00 0.000000000000000000e+00
0.000000000000000000e+00 0.000000000000000000e+00 0.000000000000000000e+00 0.000000000000000000e+00 0.000000000000000000e+00
0.000000000000000000e+00 0.000000000000000000e+00 0.000000000000000000e+00 0.000000000000000000e+00 0.000000000000000000e+00
0.000000000000000000e+00 0.000000000000000000e+00 0.000000000000000000e+00 0.000000000000000000e+00 0.000000000000000000e+00
0.000000000000000000e+00 0.000000000000000000e+00 0.000000000000000000e+00 0.000000000000000000e+00 0.000000000000000000e+00
0.000000000000000000e+00 0.000000000000000000e+00 0.000000000000000000e+00 0.000000000000000000e+00 0.000000000000000000e+00
0.000000000000000000e+00 0.000000000000000000e+00 0.000000000000000000e+00 0.000000000000000000e+00 0.000000000000000000e+00
0.000000000000000000e+00 0.000000000000000000e+00 0.000000000000000000e+00 0.000000000000000000e+00 0.000000000000000000e+00
0.000000000000000000e+00 0.000000000000000000e+00 0.000000000000000000e+00 0.000000000000000000e+00 0.000000000000000000e+00
0.000000000000000000e+00 0.000000000000000000e+00 0.000000000000000000e+00 0.000000000000000000e+00 0.000000000000000000e+00
0.000000000000000000e+00 0.000000000000000000e+00 0.000000000000000000e+00 0.000000000000000000e+00 0.000000000000000000e+00
0.000000000000000000e+00 0.000000000000000000e+00 0.000000000000000000e+00 0.000000000000000000e+00 0.000000000000000000e+00
0.000000000000000000e+00 0.000000000000000000e+00 0.000000000000000000e+00 0.000000000000000000e+00 0.000000000000000000e+00
0.000000000000000000e+00 0.000000000000000000e+00 0.000000000000000000e+00 0.000000000000000000e+00 0.000000000000000000e+00
0.000000000000000000e+00 0.000000000000000000e+00 0.000000000000000000e+00 0.000000000000000000e+00 0.000000000000000000e+00
0.000000000000000000e+00 0.000000000000000000e+00 0.000000000000000000e+00 0.000000000000000000e+00 0.000000000000000000e+00
0.000000000000000000e+00 0.000000000000000000e+00 0.000000000000000000e+00 0.000000000000000000e+00 0.000000000000000000e+00
0.000000000000000000e+00 0.000000000000000000e+00 0.000000000000000000e+00 0.000000000000000000e+00 0.000000000000000000e+00
0.000000000000000000e+00 0.000000000000000000e+00 0.000000000000000000e+00 0.000000000000000000e+00 0.000000000000000000e+00
0.000000000000000000e+00 0.000000000000000000e+00 0.000000000000000000e+00 0.000000000000000000e+00 0.000000000000000000e+00
0.000000000000000000e+00 0.000000000000000000e+00 0.000000000000000000e+00 0.000000000000000000e+00 0.000000000000000000e+00
0.000000000000000000e+00 0.000000000000000000e+00 0.000000000000000000e+00 0.000000000000000000e+00 0.000000000000000000e+00
0.000000000000000000e+00 0.000000000000000000e+00 0.000000000000000000e+00 0.000000000000000000e+00 0.000000000000000000e+00
0.000000000000000000e+00 0.000000000000000000e+00 0.000000000000000000e+00 0.000000000000000000e+00 0.000000000000000000e+00
0.000000000000000000e+00 0.000000000000000000e+00 0.000000000000000000e+00 0.000000000000000000e+00 0.000000000000000000e+00
0.000000000000000000e+00 0.000000000000000000e+00 0.000000000000000000e+00 0.000000000000000000e+00 0.000000000000000000e+00
0.000000000000000000e+00 0.000000000000000000e+00 0.000000000000000000e+00 0.000000000000000000e+00 0.000000000000000000e+00
0.000000000000000000e+00 0.000000000000000000e+00 0.000000000000000000e+00 0.000000000000000000e+00 0.000000000000000000e+00
0.000000000000000000e+00 0.000000000000000000e+00 0.000000000000000000e+00 0.000000000000000000e+00 0.000000000000000000e+00
0.000000000000000000e+00 0.000000000000000000e+00 0.000000000000000000e+00 0.000000000000000000e+00 0.000000000000000000e+00
0.000000000000000000e+00 0.000000000000000000e+00 0.000000000000000000e+00 0.000000000000000000e+00 0.000000000000000000e+00
0.000000000000000000e+00 0.000000000000000000e+00 0.000000000000000000e+00 0.000000000000000000e+00 0.000000000000000000e+00
0.000000000000000000e+00 0.000000000000000000e+00 0.000000000000000000e+00 0.000000000000000000e+00 0.000000000000000000e+00
0.000000000000000000e+00 0.000000000000000000e+00 0.000000000000000000e+00 0.000000000000000000e+00 0.000000000000000000e+00
0.000000000000000000e+00 0.000000000000000000e+00 0.000000000000000000e+00 0.000000000000000000e+00 0.000000000000000000e+00
0.000000000000000000e+00 0.000000000000000000e+00 0.000000000000000000e+00 0.000000000000000000e+00 0.000000000000000000e+00
0.000000000000000000e+00 0.000000000000000000e+00 0.000000000000000000e+00 0.000000000000000000e+00 0.000000000000000000e+00
0.000000000000000000e+00 0.000000000000000000e+00 0.000000000000000000e+00 0.000000000000000000e+00 0.000000000000000000e+00
0.000000000000000000e+00 0.000000000000000000e+00 0.000000000000000000e+00 0.000000000000000000e+00 0.000000000000000000e+00
0.000000000000000000e+00 0.000000000000000000e+00 0.000000000000000000e+00 0.000000000000000000e+00 0.000000000000000000e+00
0.000000000000000000e+00 0.000000000000000000e+00 0.000000000000000000e+00 1.984566421064669628e+00 2.722600010553602345e+00
0.000000000000000000e+00 0.000000000000000000e+00 0.000000000000000000e+00 1.247664958814741043e+00 2.977899119200599021e+00
0.000000000000000000e+00 0.000000000000000000e+00 0.000000000000000000e+00 6.194025039609396543e-01 2.851930972938841791e+00
0.000000000000000000e+00 0.000000000000000000e+00 0.000000000000000000e+00 1.020122561473078004e-01 2.385493876473602004e+00
0.000000000000000000e+00 0.000000000000000000e+00 0.000000000000000000e+00 0.000000000000000000e+00 1.739512102266355997e+00
2.203408700013335941e-01 0.000000000000000000e+00 0.000000000000000000e+00 0.000000000000000000e+00 1.066138000039099198e+00
1.235196472315845728e+00 0.000000000000000000e+00 0.000000000000000000e+00 0.000000000000000000e+00 4.483495028530519733e-01
2.143575602416854409e+00 0.000000000000000000e+00 0.000000000000000000e+00 0.000000000000000000e+00 0.000000000000000000e+00
2.821891163398802860e+00 0.000000000000000000e+00 0.000000000000000000e+00 0.000000000000000000e+00 0.000000000000000000e+00
3.162901687544579676e+00 9.016006485706884455e-02 0.000000000000000000e+00 0.000000000000000000e+00 0.000000000000000000e+00
3.110835280374163681e+00 1.140683619898505974e+00 0.000000000000000000e+00 0.000000000000000000e+00 0.000000000000000000e+00
2.726633083039831984e+00 2.110403300650519842e+00 0.000000000000000000e+00 0.000000000000000000e+00 0.000000000000000000e+00
2.129552589699149401e+00 2.847842279747236915e+00 0.000000000000000000e+00 0.000000000000000000e+00 0.000000000000000000e+00
1.446160028018231403e+00 3.219294164329738361e+00 2.397332043570554738e-02 0.000000000000000000e+00 0.000000000000000000e+00
7.817390440280637121e-01 3.160176424032409059e+00 1.120214034679299253e+00 0.000000000000000000e+00 0.000000000000000000e+00
1.974541156020117316e-01 2.749461738406087985e+00 2.130467833715923742e+00 0.000000000000000000e+00 0.000000000000000000e+00
0.000000000000000000e+00 2.130529770300217507e+00 2.894128781168315623e+00 0.000000000000000000e+00 0.000000000000000000e+00
0.000000000000000000e+00 1.442663785419534328e+00 3.278766577284256467e+00 0.000000000000000000e+00 0.000000000000000000e+00
0.000000000000000000e+00 7.862028584547876564e-01 3.227402923662733958e+00 1.102510838480725397e+00 0.000000000000000000e+00
0.000000000000000000e+00 2.097566414762701559e-01 2.825043581831835571e+00 2.129710761584225232e+00 0.000000000000000000e+00
0.000000000000000000e+00 0.000000000000000000e+00 2.211140539317835607e+00 2.909483423817515124e+00 0.000000000000000000e+00
0.000000000000000000e+00 0.000000000000000000e+00 1.518875564867487205e+00 3.313011964701139789e+00 0.000000000000000000e+00
0.000000000000000000e+00 0.000000000000000000e+00 8.496550240853963931e-01 3.278753839569873207e+00 1.045161282287714544e+00
0.000000000000000000e+00 0.000000000000000000e+00 2.579853557247131501e-01 2.882590821921280355e+00 2.097504531608610279e+00
0.000000000000000000e+00 0.000000000000000000e+00 0.000000000000000000e+00 2.264276163161888178e+00 2.907776257995786207e+00
0.000000000000000000e+00 0.000000000000000000e+00 0.000000000000000000e+00 1.561965544215061730e+00 3.340626203801474681e+00
0.000000000000000000e+00 0.000000000000000000e+00 0.000000000000000000e+00 8.818148443165714223e-01 3.327352351786752926e+00
0.000000000000000000e+00 0.000000000000000000e+00 0.000000000000000000e+00 2.835458017756908866e-01 2.907490004760608926e+00
0.000000000000000000e+00 0.000000000000000000e+00 0.000000000000000000e+00 0.000000000000000000e+00 2.214376687889111128e+00
0.000000000000000000e+00 0.000000000000000000e+00 0.000000000000000000e+00 0.000000000000000000e+00 1.417234736971315190e+00
8.338300224104504554e-01 0.000000000000000000e+00 0.000000000000000000e+00 0.000000000000000000e+00 6.566104145993338914e-01
2.004229171128510956e+00 0.000000000000000000e+00 0.000000000000000000e+00 0.000000000000000000e+00 9.343216249777741567e-03
2.984136998876853131e+00 0.000000000000000000e+00 0.000000000000000000e+00 0.000000000000000000e+00 0.000000000000000000e+00
3.594094636761818506e+00 0.000000000000000000e+00 0.000000000000000000e+00 0.000000000000000000e+00 0.000000000000000000e+00
3.701770578420158220e+00 7.109498202669107814e-01 0.000000000000000000e+00 0.000000000000000000e+00 0.000000000000000000e+00
3.320872424006822587e+00 1.963303581979479295e+00 0.000000000000000000e+00 0.000000000000000000e+00 0.000000000000000000e+00
2.612181915234931484e+00 3.014040368556422322e+00 0.000000000000000000e+00 0.000000000000000000e+00 0.000000000000000000e+00
1.773372984627771931e+00 3.649090206520723356e+00 0.000000000000000000e+00 0.000000000000000000e+00 0.000000000000000000e+00
9.612340845508038356e-01 3.726363796837889986e+00 7.419552740806867330e-01 0.000000000000000000e+00 0.000000000000000000e+00
2.629326427877584638e-01 3.288473418547474214e+00 2.031129181868554401e+00 0.000000000000000000e+00 0.000000000000000000e+00
0.000000000000000000e+00 2.539752454462019138e+00 3.086192426646816145e+00 0.000000000000000000e+00 0.000000000000000000e+00
0.000000000000000000e+00 1.698992456981984978e+00 3.697224617121581680e+00 0.000000000000000000e+00 0.000000000000000000e+00
0.000000000000000000e+00 9.104308140943292438e-01 3.746856387611631423e+00 8.054289654479587224e-01 0.000000000000000000e+00
0.000000000000000000e+00 2.374214420745603960e-01 3.301307321081532020e+00 2.088081587313774801e+00 0.000000000000000000e+00
0.000000000000000000e+00 0.000000000000000000e+00 2.560437833667981611e+00 3.121964757185228923e+00 0.000000000000000000e+00
0.000000000000000000e+00 0.000000000000000000e+00 1.726492541509698331e+00 3.712286081345978594e+00 0.000000000000000000e+00
0.000000000000000000e+00 0.000000000000000000e+00 9.369208641913652214e-01 3.748642256657556793e+00 8.231266504576093546e-01
0.000000000000000000e+00 0.000000000000000000e+00 2.584126558508894611e-01 3.296405284850287831e+00 2.104309108934663275e+00
0.000000000000000000e+00 0.000000000000000000e+00 0.000000000000000000e+00 2.552224117169011208e+00 3.134482239540623993e+00
0.000000000000000000e+00 0.000000000000000000e+00 0.000000000000000000e+00 1.717178182373980677e+00 3.719199196059516321e+00
0.000000000000000000e+00 0.000000000000000000e+00 0.000000000000000000e+00 9.287879734952274591e-01 3.748771457844743527e+00
0.000000000000000000e+00 0.000000000000000000e+00 0.000000000000000000e+00 2.553978051354024448e-01 3.263350482960889032e+00
0.000000000000000000e+00 0.000000000000000000e+00 0.000000000000000000e+00 0.000000000000000000e+00 2.439260648668603704e+00
0.000000000000000000e+00 0.000000000000000000e+00 0.000000000000000000e+00 0.000000000000000000e+00 1.501781986945854186e+00
7.356516091124825074e-01 0.000000000000000000e+00 0.000000000000000000e+00 0.000000000000000000e+00 6.288642621330375881e-01
2.090332057523542453e+00 0.000000000000000000e+00 0.000000000000000000e+00 0.000000000000000000e+00 0.000000000000000000e+00
3.250972049680620035e+00 0.000000000000000000e+00 0.000000000000000000e+00 0.000000000000000000e+00 0.000000000000000000e+00
3.983140619409365257e+00 0.000000000000000000e+00 0.000000000000000000e+00 0.000000000000000000e+00 0.000000000000000000e+00
4.102176758001084167e+00 6.661259632984863899e-01 0.000000000000000000e+00 0.000000000000000000e+00 0.000000000000000000e+00
3.614595908400963342e+00 2.111105612415197896e+00 0.000000000000000000e+00 0.000000000000000000e+00 0.000000000000000000e+00
2.745252519719208362e+00 3.333948768826665354e+00 0.000000000000000000e+00 0.000000000000000000e+00 0.000000000000000000e+00
1.762726170013375393e+00 4.050973346245804407e+00 0.000000000000000000e+00 0.000000000000000000e+00 0.000000000000000000e+00
8.556734449850194046e-01 4.079236696552541730e+00 8.057727812614101648e-01 0.000000000000000000e+00 0.000000000000000000e+00
1.096899068144758793e-01 3.492698575345633216e+00 2.272884070702443360e+00 0.000000000000000000e+00 0.000000000000000000e+00
0.000000000000000000e+00 2.577813308541867521e+00 3.455585924982826906e+00 0.000000000000000000e+00 0.000000000000000000e+00
0.000000000000000000e+00 1.614172325842677669e+00 4.088649978769171689e+00 0.000000000000000000e+00 0.000000000000000000e+00
0.000000000000000000e+00 7.561268769854485594e-01 4.040705172287023750e+00 9.806155137790345533e-01 0.000000000000000000e+00
0.000000000000000000e+00 5.379141048715974094e-02 3.430693909367964256e+00 2.409140638811886781e+00 0.000000000000000000e+00
0.000000000000000000e+00 0.000000000000000000e+00 2.530704862103570374e+00 3.522982636353111818e+00 0.000000000000000000e+00
0.000000000000000000e+00 0.000000000000000000e+00 1.587594332821762322e+00 4.085522652724709936e+00 0.000000000000000000e+00
0.000000000000000000e+00 0.000000000000000000e+00 7.422503160807321088e-01 3.985914615355459212e+00 1.091841445235679720e+00
0.000000000000000000e+00 0.000000000000000000e+00 4.669059964831911991e-02 3.354716989443009556e+00 2.490273350273961128e+00
0.000000000000000000e+00 0.000000000000000000e+00 0.000000000000000000e+00 2.456268878981680448e+00 3.559352078920346329e+00
0.000000000000000000e+00 0.000000000000000000e+00 0.000000000000000000e+00 1.526078080099341205e+00 4.072107885566849994e+00
0.000000000000000000e+00 0.000000000000000000e+00 0.000000000000000000e+00 6.975208977901053986e-01 3.931894749291403812e+00
0.000000000000000000e+00 0.000000000000000000e+00 0.000000000000000000e+00 2.176197398639700964e-02 3.241713420292743120e+00
0.000000000000000000e+00 0.000000000000000000e+00 0.000000000000000000e+00 0.000000000000000000e+00 2.248211666396323416e+00
0.000000000000000000e+00 0.000000000000000000e+00 0.000000000000000000e+00 0.000000000000000000e+00 1.215966281597494536e+00
1.159169949701922109e+00 0.000000000000000000e+00 0.000000000000000000e+00 0.000000000000000000e+00 3.182157534313956315e-01
2.609433478144966401e+00 0.000000000000000000e+00 0.000000000000000000e+00 0.000000000000000000e+00 0.000000000000000000e+00
3.776740867366846555e+00 0.000000000000000000e+00 0.000000000000000000e+00 0.000000000000000000e+00 0.000000000000000000e+00
4.384531880226837153e+00 0.000000000000000000e+00 0.000000000000000000e+00 0.000000000000000000e+00 0.000000000000000000e+00
4.252576896789500793e+00 1.179521734074473471e+00 0.000000000000000000e+00 0.000000000000000000e+00 0.000000000000000000e+00
3.495322424909069969e+00 2.724275282775088680e+00 0.000000000000000000e+00 0.000000000000000000e+00 0.000000000000000000e+00
2.435809580535531094e+00 3.913483096641104275e+00 0.000000000000000000e+00 0.000000000000000000e+00 0.000000000000000000e+00
1.371705155416599098e+00 4.424713826415373141e+00 0.000000000000000000e+00 0.000000000000000000e+00 0.000000000000000000e+00
4.666035699379465496e-01 4.128144859377128384e+00 1.441733853447072056e+00 0.000000000000000000e+00 0.000000000000000000e+00
0.000000000000000000e+00 3.258696124335356270e+00 2.962959038032966674e+00 0.000000000000000000e+00 0.000000000000000000e+00
0.000000000000000000e+00 2.189915186858355067e+00 4.038737608815507585e+00 0.000000000000000000e+00 0.000000000000000000e+00
0.000000000000000000e+00 1.184239401490482679e+00 4.403058072439289816e+00 1.003468723549589825e-01 0.000000000000000000e+00
0.000000000000000000e+00 3.489157712972456582e-01 4.009984000147306382e+00 1.706627778347551416e+00 0.000000000000000000e+00
0.000000000000000000e+00 0.000000000000000000e+00 3.129180241571071441e+00 3.139181726732103161e+00 0.000000000000000000e+00
0.000000000000000000e+00 0.000000000000000000e+00 2.093066600140839117e+00 4.092371187024909318e+00 0.000000000000000000e+00
0.000000000000000000e+00 0.000000000000000000e+00 1.120424001281570048e+00 4.343539793415322592e+00 3.054572357331053478e-01
0.000000000000000000e+00 0.000000000000000000e+00 3.070444102152941057e-01 3.886179895821248120e+00 1.881511940889964762e+00
0.000000000000000000e+00 0.000000000000000000e+00 0.000000000000000000e+00 2.990977287872193635e+00 3.247909201448122118e+00
0.000000000000000000e+00 0.000000000000000000e+00 0.000000000000000000e+00 1.971396116462367898e+00 4.112660172788490165e+00
0.000000000000000000e+00 0.000000000000000000e+00 0.000000000000000000e+00 1.027879716658800513e+00 4.276763142005544083e+00
0.000000000000000000e+00 0.000000000000000000e+00 0.000000000000000000e+00 2.457350646149844831e-01 3.752213346368393765e+00
0.000000000000000000e+00 0.000000000000000000e+00 0.000000000000000000e+00 0.000000000000000000e+00 2.770653388836263442e+00
0.000000000000000000e+00 0.000000000000000000e+00 0.000000000000000000e+00 0.000000000000000000e+00 1.646142789904052606e+00
5.036035163734842168e-01 0.000000000000000000e+00 0.000000000000000000e+00 0.000000000000000000e+00 6.188522132582301438e-01
2.088233928425094810e+00 0.000000000000000000e+00 0.000000000000000000e+00 0.000000000000000000e+00 0.000000000000000000e+00
3.501682830604239349e+00 0.000000000000000000e+00 0.000000000000000000e+00 0.000000000000000000e+00 0.000000000000000000e+00
4.429089036772780652e+00 0.000000000000000000e+00 0.000000000000000000e+00 0.000000000000000000e+00 0.000000000000000000e+00
4.593340945037222234e+00 5.397824790596126299e-01 0.000000000000000000e+00 0.000000000000000000e+00 0.000000000000000000e+00
3.971993188493425642e+00 2.235099579966998373e+00 0.000000000000000000e+00 0.000000000000000000e+00 0.000000000000000000e+00
2.887624410524791685e+00 3.699401277220352391e+00 0.000000000000000000e+00 0.000000000000000000e+00 0.000000000000000000e+00
1.719958067536725421e+00 4.537892478898888804e+00 0.000000000000000000e+00 0.000000000000000000e+00 0.000000000000000000e+00
7.005627130225697830e-01 4.497022758923756136e+00 8.671937334954724630e-01 0.000000000000000000e+00 0.000000000000000000e+00
0.000000000000000000e+00 3.700942775038670085e+00 2.570070124838376380e+00 0.000000000000000000e+00 0.000000000000000000e+00
0.000000000000000000e+00 2.567689347714874781e+00 3.919498259830811016e+00 0.000000000000000000e+00 0.000000000000000000e+00
0.000000000000000000e+00 1.457391065260015495e+00 4.564193645346219519e+00 0.000000000000000000e+00 0.000000000000000000e+00
0.000000000000000000e+00 5.278867641847373449e-01 4.356410287552148652e+00 1.233174778255184734e+00 0.000000000000000000e+00
0.000000000000000000e+00 0.000000000000000000e+00 3.509840093816896101e+00 2.847850774309997668e+00 0.000000000000000000e+00
0.000000000000000000e+00 0.000000000000000000e+00 2.409743788702852996e+00 4.043473128999849564e+00 0.000000000000000000e+00
0.000000000000000000e+00 0.000000000000000000e+00 1.347264269085040711e+00 4.525368892962053025e+00 0.000000000000000000e+00
0.000000000000000000e+00 0.000000000000000000e+00 4.536645088854413532e-01 4.198615361597389573e+00 1.505177774274330638e+00
0.000000000000000000e+00 0.000000000000000000e+00 0.000000000000000000e+00 3.312736035085311226e+00 3.039154662268793050e+00
0.000000000000000000e+00 0.000000000000000000e+00 0.000000000000000000e+00 2.231171635421432597e+00 4.112707894620523774e+00
0.000000000000000000e+00 0.000000000000000000e+00 0.000000000000000000e+00 1.209249744063394250e+00 4.463229847024612340e+00
0.000000000000000000e+00 0.000000000000000000e+00 0.000000000000000000e+00 3.583129679512639942e-01 4.041064534223098192e+00
0.000000000000000000e+00 0.000000000000000000e+00 0.000000000000000000e+00 0.000000000000000000e+00 3.063551977665393888e+00
0.000000000000000000e+00 0.000000000000000000e+00 0.000000000000000000e+00 0.000000000000000000e+00 1.877233584077918627e+00
1.722833131393783912e-01 0.000000000000000000e+00 0.000000000000000000e+00 0.000000000000000000e+00 7.673181651001886872e-01
1.828477234153866204e+00 0.000000000000000000e+00 0.000000000000000000e+00 0.000000000000000000e+00 0.000000000000000000e+00
3.373081642986512030e+00 0.000000000000000000e+00 0.000000000000000000e+00 0.000000000000000000e+00 0.000000000000000000e+00
4.469505237414012733e+00 0.000000000000000000e+00 0.000000000000000000e+00 0.000000000000000000e+00 0.000000000000000000e+00
4.786821796787097405e+00 2.374235880497339579e-01 0.000000000000000000e+00 0.000000000000000000e+00 0.000000000000000000e+00
4.225558711491577135e+00 2.015459533529903702e+00 0.000000000000000000e+00 0.000000000000000000e+00 0.000000000000000000e+00
3.108346673689386552e+00 3.625832294091976937e+00 0.000000000000000000e+00 0.000000000000000000e+00 0.000000000000000000e+00
1.867837954047477211e+00 4.629490559948404638e+00 0.000000000000000000e+00 0.000000000000000000e+00 0.000000000000000000e+00
7.791680123620082776e-01 4.703140037154537545e+00 6.255424908760707225e-01 0.000000000000000000e+00 0.000000000000000000e+00
0.000000000000000000e+00 3.917404712677865941e+00 2.431007363543433719e+00 0.000000000000000000e+00 0.000000000000000000e+00
0.000000000000000000e+00 2.725345608512345308e+00 3.919548030268512395e+00 0.000000000000000000e+00 0.000000000000000000e+00
0.000000000000000000e+00 1.546142716098941161e+00 4.689027685561435455e+00 0.000000000000000000e+00 0.000000000000000000e+00
0.000000000000000000e+00 5.642458346808698622e-01 4.542089572648567497e+00 1.070983987800601556e+00 0.000000000000000000e+00
0.000000000000000000e+00 0.000000000000000000e+00 3.675704187631149367e+00 2.786881049610394623e+00 0.000000000000000000e+00
0.000000000000000000e+00 0.000000000000000000e+00 2.516456328476329940e+00 4.095342644224803763e+00 0.000000000000000000e+00
0.000000000000000000e+00 0.000000000000000000e+00 1.396829673658250393e+00 4.660431729666745682e+00 0.000000000000000000e+00
0.000000000000000000e+00 0.000000000000000000e+00 4.621390635732398611e-01 4.355764557607644250e+00 1.413208240720365660e+00
0.000000000000000000e+00 0.000000000000000000e+00 0.000000000000000000e+00 3.432502013098245097e+00 3.038181330995293639e+00
0.000000000000000000e+00 0.000000000000000000e+00 0.000000000000000000e+00 2.293359117319523577e+00 4.198200117235361795e+00
0.000000000000000000e+00 0.000000000000000000e+00 0.000000000000000000e+00 1.223834213001765425e+00 4.596045310020416608e+00
0.000000000000000000e+00 0.000000000000000000e+00 0.000000000000000000e+00 3.421692287444819680e-01 4.165284056639891652e+00
0.000000000000000000e+00 0.000000000000000000e+00 0.000000000000000000e+00 0.000000000000000000e+00 3.139088924906910716e+00
0.000000000000000000e+00 0.000000000000000000e+00 0.000000000000000000e+00 0.000000000000000000e+00 1.895703317970595325e+00
1.331834054157485792e-01 0.000000000000000000e+00 0.000000000000000000e+00 0.000000000000000000e+00 7.416256492202160100e-01
1.849626330663981966e+00 0.000000000000000000e+00 0.000000000000000000e+00 0.000000000000000000e+00 0.000000000000000000e+00
3.462332946100574294e+00 0.000000000000000000e+00 0.000000000000000000e+00 0.000000000000000000e+00 0.000000000000000000e+00
4.608953493327595297e+00 0.000000000000000000e+00 0.000000000000000000e+00 0.000000000000000000e+00 0.000000000000000000e+00
4.924781530837569754e+00 2.400286811081300264e-01 0.000000000000000000e+00 0.000000000000000000e+00 0.000000000000000000e+00
4.302308016907879562e+00 2.092478219771816583e+00 0.000000000000000000e+00 0.000000000000000000e+00 0.000000000000000000e+00
3.104642432629171278e+00 3.770498014473659953e+00 0.000000000000000000e+00 0.000000000000000000e+00 0.000000000000000000e+00
1.805800228336525315e+00 4.793249213061610448e+00 0.000000000000000000e+00 0.000000000000000000e+00 0.000000000000000000e+00
6.910828846903795952e-01 4.813279847362131214e+00 7.013872887881575924e-01 0.000000000000000000e+00 0.000000000000000000e+00
0.000000000000000000e+00 3.933448407235894617e+00 2.580176415895257591e+00 0.000000000000000000e+00 0.000000000000000000e+00
0.000000000000000000e+00 2.663487003670612641e+00 4.107037200831392454e+00 0.000000000000000000e+00 0.000000000000000000e+00
0.000000000000000000e+00 1.444095450575586970e+00 4.848259472907286316e+00 0.000000000000000000e+00 0.000000000000000000e+00
0.000000000000000000e+00 4.515235861522155503e-01 4.608624888860874513e+00 1.223455910147365211e+00 0.000000000000000000e+00
0.000000000000000000e+00 0.000000000000000000e+00 3.638751345026014050e+00 2.994159130013496206e+00 0.000000000000000000e+00
0.000000000000000000e+00 0.000000000000000000e+00 2.411204484299372730e+00 4.304197642906132160e+00 0.000000000000000000e+00
0.000000000000000000e+00 0.000000000000000000e+00 1.263988117823604762e+00 4.798606520806486309e+00 0.000000000000000000e+00
0.000000000000000000e+00 0.000000000000000000e+00 3.286184342403385972e-01 4.372688383907977538e+00 1.632991627469773777e+00
0.000000000000000000e+00 0.000000000000000000e+00 0.000000000000000000e+00 3.343615991524266917e+00 3.288900866587179284e+00
0.000000000000000000e+00 0.000000000000000000e+00 0.000000000000000000e+00 2.148703106133610152e+00 4.412581609949089767e+00
0.000000000000000000e+00 0.000000000000000000e+00 0.000000000000000000e+00 1.065305120722258803e+00 4.702178877123062151e+00
0.000000000000000000e+00 0.000000000000000000e+00 0.000000000000000000e+00 1.933566277393110600e-01 4.130864062963569339e+00
0.000000000000000000e+00 0.000000000000000000e+00 0.000000000000000000e+00 0.000000000000000000e+00 2.990703770722153099e+00
0.000000000000000000e+00 0.000000000000000000e+00 0.000000000000000000e+00 0.000000000000000000e+00 1.692415855301655503e+00
3.854322242251371211e-01 0.000000000000000000e+00 0.000000000000000000e+00 0.000000000000000000e+00 5.352177114536886826e-01
2.166727116312724633e+00 0.000000000000000000e+00 0.000000000000000000e+00 0.000000000000000000e+00 0.000000000000000000e+00
3.794610527902015473e+00 0.000000000000000000e+00 0.000000000000000000e+00 0.000000000000000000e+00 0.000000000000000000e+00
4.867651607752073950e+00 0.000000000000000000e+00 0.000000000000000000e+00 0.000000000000000000e+00 0.000000000000000000e+00
5.006940378338387454e+00 5.562818367768297412e-01 0.000000000000000000e+00 0.000000000000000000e+00 0.000000000000000000e+00
4.185610225655430838e+00 2.488476290637208432e+00 0.000000000000000000e+00 0.000000000000000000e+00 0.000000000000000000e+00
2.859941118106200442e+00 4.154693747452817831e+00 0.000000000000000000e+00 0.000000000000000000e+00 0.000000000000000000e+00
1.526208856150383486e+00 5.030080208960975519e+00 0.000000000000000000e+00 0.000000000000000000e+00 0.000000000000000000e+00
4.359281714975107302e-01 4.803736973824443091e+00 1.116729604282624910e+00 0.000000000000000000e+00 0.000000000000000000e+00
0.000000000000000000e+00 3.720916700528865473e+00 3.040793416147481221e+00 0.000000000000000000e+00 0.000000000000000000e+00
0.000000000000000000e+00 2.365506983211642211e+00 4.488389604291583623e+00 0.000000000000000000e+00 0.000000000000000000e+00
0.000000000000000000e+00 1.147279502129269435e+00 5.019201562835880814e+00 0.000000000000000000e+00 0.000000000000000000e+00
0.000000000000000000e+00 1.927042931154525351e-01 4.514800825753292557e+00 1.720156118318084237e+00 0.000000000000000000e+00
0.000000000000000000e+00 0.000000000000000000e+00 3.365062054069448916e+00 3.486327944763948583e+00 0.000000000000000000e+00
0.000000000000000000e+00 0.000000000000000000e+00 2.078326143994263298e+00 4.657187246832838134e+00 0.000000000000000000e+00
0.000000000000000000e+00 0.000000000000000000e+00 9.472085950603457150e-01 4.895324087721438566e+00 3.068925745482247169e-01
0.000000000000000000e+00 0.000000000000000000e+00 5.721755138486850356e-02 4.207999475805733525e+00 2.174168876307573495e+00
0.000000000000000000e+00 0.000000000000000000e+00 0.000000000000000000e+00 3.023769643796676565e+00 3.784712984644685196e+00
0.000000000000000000e+00 0.000000000000000000e+00 0.000000000000000000e+00 1.791486503497820015e+00 4.721607523242026261e+00
0.000000000000000000e+00 0.000000000000000000e+00 0.000000000000000000e+00 7.383195307804516494e-01 4.724582734574305221e+00
0.000000000000000000e+00 0.000000000000000000e+00 0.000000000000000000e+00 0.000000000000000000e+00 3.883291409589787246e+00
0.000000000000000000e+00 0.000000000000000000e+00 0.000000000000000000e+00 0.000000000000000000e+00 2.587759893010997292e+00
0.000000000000000000e+00 0.000000000000000000e+00 0.000000000000000000e+00 0.000000000000000000e+00 1.260254790189140106e+00
9.730555485749672329e-01 0.000000000000000000e+00 0.000000000000000000e+00 0.000000000000000000e+00 1.550543468164333749e-01
2.810889648587980183e+00 0.000000000000000000e+00 0.000000000000000000e+00 0.000000000000000000e+00 0.000000000000000000e+00
4.366363328533788390e+00 0.000000000000000000e+00 0.000000000000000000e+00 0.000000000000000000e+00 0.000000000000000000e+00
5.183971917681533981e+00 0.000000000000000000e+00 0.000000000000000000e+00 0.000000000000000000e+00 0.000000000000000000e+00
4.928723052195017829e+00 1.254494659427794589e+00 0.000000000000000000e+00 0.000000000000000000e+00 0.000000000000000000e+00
3.787984674249039063e+00 3.237825538241440260e+00 0.000000000000000000e+00 0.000000000000000000e+00 0.000000000000000000e+00
2.335605422513884921e+00 4.744883980326288331e+00 0.000000000000000000e+00 0.000000000000000000e+00 0.000000000000000000e+00
1.027397742316969564e+00 5.231992467303015815e+00 0.000000000000000000e+00 0.000000000000000000e+00 0.000000000000000000e+00
2.708504165067449065e-02 4.546038932133657617e+00 1.945997737979639819e+00 0.000000000000000000e+00 0.000000000000000000e+00
0.000000000000000000e+00 3.197770198808573827e+00 3.827820157655635214e+00 0.000000000000000000e+00 0.000000000000000000e+00
0.000000000000000000e+00 1.804679997230791644e+00 4.991303874685541153e+00 0.000000000000000000e+00 0.000000000000000000e+00
0.000000000000000000e+00 6.603688104811142878e-01 5.061127825833549032e+00 5.927950953471667894e-01 0.000000000000000000e+00
0.000000000000000000e+00 0.000000000000000000e+00 4.149255569920439868e+00 2.584388945573002250e+00 0.000000000000000000e+00
0.000000000000000000e+00 0.000000000000000000e+00 2.808308467150564702e+00 4.224442539560676835e+00 0.000000000000000000e+00
0.000000000000000000e+00 0.000000000000000000e+00 1.512685211630560911e+00 5.044106708996298316e+00 0.000000000000000000e+00
0.000000000000000000e+00 0.000000000000000000e+00 4.572273444264727260e-01 4.803464908718300563e+00 1.169164489366739890e+00
0.000000000000000000e+00 0.000000000000000000e+00 0.000000000000000000e+00 3.753955193043801764e+00 3.058457643694927341e+00
0.000000000000000000e+00 0.000000000000000000e+00 0.000000000000000000e+00 2.430181015870788386e+00 4.472208741149383826e+00
0.000000000000000000e+00 0.000000000000000000e+00 0.000000000000000000e+00 1.216720572938014389e+00 4.996615965617369426e+00
0.000000000000000000e+00 0.000000000000000000e+00 0.000000000000000000e+00 2.501006489717161330e-01 4.508802125928195181e+00
0.000000000000000000e+00 0.000000000000000000e+00 0.000000000000000000e+00 0.000000000000000000e+00 3.304695114052127014e+00
0.000000000000000000e+00 0.000000000000000000e+00 0.000000000000000000e+00 0.000000000000000000e+00 1.875394296604881772e+00
9.349183626986112827e-02 0.000000000000000000e+00 0.000000000000000000e+00 0.000000000000000000e+00 5.926860903223204469e-01
2.006897622371276224e+00 0.000000000000000000e+00 0.000000000000000000e+00 0.000000000000000000e+00 0.000000000000000000e+00
3.834368821477895928e+00 0.000000000000000000e+00 0.000000000000000000e+00 0.000000000000000000e+00 0.000000000000000000e+00
5.115209484746960911e+00 0.000000000000000000e+00 0.000000000000000000e+00 0.000000000000000000e+00 0.000000000000000000e+00
5.357392588551702417e+00 3.583597226687235682e-01 0.000000000000000000e+00 0.000000000000000000e+00 0.000000000000000000e+00
4.456247278307410298e+00 2.476128664202549956e+00 0.000000000000000000e+00 0.000000000000000000e+00 0.000000000000000000e+00
2.956928672842974670e+00 4.367238449816120749e+00 0.000000000000000000e+00 0.000000000000000000e+00 0.000000000000000000e+00
1.477411985940856320e+00 5.381555816871294695e+00 0.000000000000000000e+00 0.000000000000000000e+00 0.000000000000000000e+00
3.101136018465961985e-01 5.102791244831392348e+00 1.115325763274018556e+00 0.000000000000000000e+00 0.000000000000000000e+00
0.000000000000000000e+00 3.828017552651927780e+00 3.252214608956079722e+00 0.000000000000000000e+00 0.000000000000000000e+00
0.000000000000000000e+00 2.293053266727690609e+00 4.855609130046546262e+00 0.000000000000000000e+00 0.000000000000000000e+00
0.000000000000000000e+00 9.776547742285264242e-01 5.373208141125736859e+00 0.000000000000000000e+00 0.000000000000000000e+00
0.000000000000000000e+00 0.000000000000000000e+00 4.680039247382805634e+00 1.955882176948233075e+00 0.000000000000000000e+00
0.000000000000000000e+00 0.000000000000000000e+00 3.306713242511003514e+00 3.889256763622474189e+00 0.000000000000000000e+00
0.000000000000000000e+00 0.000000000000000000e+00 1.875875503385857845e+00 5.093501732733963117e+00 0.000000000000000000e+00
0.000000000000000000e+00 0.000000000000000000e+00 6.897983704618562140e-01 5.172457052813494549e+00 5.536784567498245213e-01
0.000000000000000000e+00 0.000000000000000000e+00 0.000000000000000000e+00 4.221766250463415027e+00 2.606915532597516183e+00
0.000000000000000000e+00 0.000000000000000000e+00 0.000000000000000000e+00 2.822162714408107842e+00 4.311369654179419086e+00
0.000000000000000000e+00 0.000000000000000000e+00 0.000000000000000000e+00 1.482602594875982671e+00 5.159742934572432382e+00
0.000000000000000000e+00 0.000000000000000000e+00 0.000000000000000000e+00 4.071131977485631381e-01 4.888425468414795638e+00
0.000000000000000000e+00 0.000000000000000000e+00 0.000000000000000000e+00 0.000000000000000000e+00 3.721461233706827798e+00
0.000000000000000000e+00 0.000000000000000000e+00 0.000000000000000000e+00 0.000000000000000000e+00 2.200075184287437757e+00
0.000000000000000000e+00 0.000000000000000000e+00 0.000000000000000000e+00 0.000000000000000000e+00 7.859169960180836245e-01
