0.000000000000000000e+00 0.000000000000000000e+00 0.000000000000000000e+00 0.000000000000000000e+00 0.000000000000000000e+00
0.000000000000000000e+00 0.000000000000000000e+00 0.000000000000000000e+00 0.000000000000000000e+00 0.000000000000000000e+00
0.000000000000000000e+00 0.000000000000000000e+00 0.000000000000000000e+00 0.000000000000000000e+00 0.000000000000000000e+00
0.000000000000000000e+00 0.000000000000000000e+00 0.000000000000000000e+00 0.000000000000000000e+00 0.000000000000000000e+00
0.000000000000000000e+00 0.000000000000000000e+00 0.000000000000000000e+00 0.000000000000000000e+00 0.000000000000000000e+00
0.000000000000000000e+00 0.000000000000000000e+00 0.000000000000000000e+00 0.000000000000000000e+00 0.000000000000000000e+00
0.000000000000000000e+00 0.000000000000000000e+00 0.000000000000000000e+00 0.000000000000000000e+00 0.000000000000000000e+00
0.000000000000000000e+00 0.000000000000000000e+00 0.000000000000000000e+00 0.000000000000000000e+00 0.000000000000000000e+00
0.000000000000000000e+00 0.000000000000000000e+00 0.000000000000000000e+00 0.000000000000000000e+00 0.000000000000000000e+00
0.000000000000000000e+00 0.000000000000000000e+00 0.000000000000000000e+00 0.000000000000000000e+00 0.000000000000000000e+00
0.000000000000000000e+00 0.000000000000000000e+00 0.000000000000000000e+00 0.000000000000000000e+00 0.000000000000000000e+00
0.000000000000000000e+00 0.000000000000000000e+00 0.000000000000000000e+00 0.000000000000000000e+00 0.000000000000000000e+00
0.000000000000000000e+00 0.000000000000000000e+00 0.000000000000000000e+00 0.000000000000000000e+00 0.000000000000000000e+00
0.000000000000000000e+00 0.000000000000000000e+00 0.000000000000000000e+00 0.000000000000000000e+00 0.000000000000000000e+00
0.000000000000000000e+00 0.000000000000000000e+00 0.000000000000000000e+00 0.000000000000000000e+00 0.000000000000000000e+00
0.000000000000000000e+00 0.000000000000000000e+00 0.000000000000000000e+00 0.000000000000000000e+00 0.000000000000000000e+00
0.000000000000000000e+00 0.000000000000000000e+00 0.000000000000000000e+00 0.000000000000000000e+00 0.000000000000000000e+00
0.000000000000000000e+00 0.000000000000000000e+00 0.000000000000000000e+00 0.000000000000000000e+00 0.000000000000000000e+00
0.000000000000000000e+00 0.000000000000000000e+00 0.000000000000000000e+00 0.000000000000000000e+00 0.000000000000000000e+00
0.000000000000000000e+00 0.000000000000000000e+00 0.000000000000000000e+00 0.000000000000000000e+00 0.000000000000000000e+00
0.000000000000000000e+00 0.000000000000000000e+00 0.000000000000000000e+00 0.000000000000000000e+00 0.000000000000000000e+00
0.000000000000000000e+00 0.000000000000000000e+00 0.000000000000000000e+00 0.000000000000000000e+00 0.000000000000000000e+00
0.000000000000000000e+00 0.000000000000000000e+00 0.000000000000000000e+00 0.000000000000000000e+00 0.000000000000000000e+00
0.000000000000000000e+00 0.000000000000000000e+00 0.000000000000000000e+00 0.000000000000000000e+00 0.000000000000000000e+00
0.000000000000000000e+00 0.000000000000000000e+00 0.000000000000000000e+00 0.000000000000000000e+00 0.000000000000000000e+00
0.000000000000000000e+00 0.000000000000000000e+00 0.000000000000000000e+00 0.000000000000000000e+00 0.000000000000000000e+00
0.000000000000000000e+00 0.000000000000000000e+00 0.000000000000000000e+00 0.000000000000000000e+00 0.000000000000000000e+00
0.000000000000000000e+00 0.000000000000000000e+00 0.000000000000000000e+00 0.000000000000000000e+00 0.000000000000000000e+00
0.000000000000000000e+00 0.000000000000000000e+00 0.000000000000000000e+00 0.000000000000000000e+00 0.000000000000000000e+00
0.000000000000000000e+00 0.000000000000000000e+00 0.000000000000000000e+00 0.000000000000000000e+00 0.000000000000000000e+00
0.000000000000000000e+00 0.000000000000000000e+00 0.000000000000000000e+00 0.000000000000000000e+00 0.000000000000000000e+00
0.000000000000000000e+00 0.000000000000000000e+00 0.000000000000000000e+00 0.000000000000000000e+00 0.000000000000000000e+00
0.000000000000000000e+00 0.000000000000000000e+00 0.000000000000000000e+00 0.000000000000000000e+00 0.000000000000000000e+00
0.000000000000000000e+00 0.000000000000000000e+00 0.000000000000000000e+00 0.000000000000000000e+00 0.000000000000000000e+00
0.000000000000000000e+00 0.000000000000000000e+00 0.000000000000000000e+00 0.000000000000000000e+00 0.000000000000000000e+00
0.000000000000000000e+00 0.000000000000000000e+00 0.000000000000000000e+00 0.000000000000000000e+00 0.000000000000000000e+00
0.000000000000000000e+00 0.000000000000000000e+00 0.000000000000000000e+00 0.000000000000000000e+00 0.000000000000000000e+00
0.000000000000000000e+00 0.000000000000000000e+00 0.000000000000000000e+00 0.000000000000000000e+00 0.000000000000000000e+00
0.000000000000000000e+00 0.000000000000000000e+00 0.000000000000000000e+00 0.000000000000000000e+00 0.000000000000000000e+00
0.000000000000000000e+00 0.000000000000000000e+00 0.000000000000000000e+00 0.000000000000000000e+00 0.000000000000000000e+00
0.000000000000000000e+00 0.000000000000000000e+00 0.000000000000000000e+00 0.000000000000000000e+00 0.000000000000000000e+00
0.000000000000000000e+00 0.000000000000000000e+00 0.000000000000000000e+00 0.000000000000000000e+00 0.000000000000000000e+00
0.000000000000000000e+00 0.000000000000000000e+00 0.000000000000000000e+00 0.000000000000000000e+00 0.000000000000000000e+00
0.000000000000000000e+00 0.000000000000000000e+00 0.000000000000000000e+00 0.000000000000000000e+00 0.000000000000000000e+00
0.000000000000000000e+00 0.000000000000000000e+00 0.000000000000000000e+00 0.000000000000000000e+00 0.000000000000000000e+00
0.000000000000000000e+00 0.000000000000000000e+00 0.000000000000000000e+00 0.000000000000000000e+00 0.000000000000000000e+00
0.000000000000000000e+00 0.000000000000000000e+00 0.000000000000000000e+00 0.000000000000000000e+00 0.000000000000000000e+00
0.000000000000000000e+00 0.000000000000000000e+00 0.000000000000000000e+00 0.000000000000000000e+00 0.000000000000000000e+00
0.000000000000000000e+00 0.000000000000000000e+00 0.000000000000000000e+00 0.000000000000000000e+00 0.000000000000000000e+00
0.000000000000000000e+00 0.000000000000000000e+00 0.000000000000000000e+00 0.000000000000000000e+00 0.000000000000000000e+00
0.000000000000000000e+00 0.000000000000000000e+00 0.000000000000000000e+00 0.000000000000000000e+00 0.000000000000000000e+00
0.000000000000000000e+00 0.000000000000000000e+00 0.000000000000000000e+00 0.000000000000000000e+00 0.000000000000000000e+00
0.000000000000000000e+00 0.000000000000000000e+00 0.000000000000000000e+00 0.000000000000000000e+00 0.000000000000000000e+00
0.000000000000000000e+00 0.000000000000000000e+00 0.000000000000000000e+00 0.000000000000000000e+00 0.000000000000000000e+00
0.000000000000000000e+00 0.000000000000000000e+00 0.000000000000000000e+00 0.000000000000000000e+00 0.000000000000000000e+00
0.000000000000000000e+00 0.000000000000000000e+00 0.000000000000000000e+00 0.000000000000000000e+00 0.000000000000000000e+00
0.000000000000000000e+00 0.000000000000000000e+00 0.000000000000000000e+00 0.000000000000000000e+00 0.000000000000000000e+00
0.000000000000000000e+00 0.000000000000000000e+00 0.000000000000000000e+00 0.000000000000000000e+00 0.000000000000000000e+00
0.000000000000000000e+00 0.000000000000000000e+00 0.000000000000000000e+00 0.000000000000000000e+00 0.000000000000000000e+00
0.000000000000000000e+00 0.000000000000000000e+00 0.000000000000000000e+00 0.000000000000000000e+00 0.000000000000000000e+00
0.000000000000000000e+00 0.000000000000000000e+00 0.000000000000000000e+00 0.000000000000000000e+00 0.000000000000000000e+00
0.000000000000000000e+00 0.000000000000000000e+00 0.000000000000000000e+00 0.000000000000000000e+00 0.000000000000000000e+00
0.000000000000000000e+00 0.000000000000000000e+00 0.000000000000000000e+00 0.000000000000000000e+00 0.000000000000000000e+00
0.000000000000000000e+00 0.000000000000000000e+00 0.000000000000000000e+00 0.000000000000000000e+00 0.000000000000000000e+00
0.000000000000000000e+00 0.000000000000000000e+00 0.000000000000000000e+00 0.000000000000000000e+00 0.000000000000000000e+00
0.000000000000000000e+00 0.000000000000000000e+00 0.000000000000000000e+00 0.000000000000000000e+00 0.000000000000000000e+00
0.000000000000000000e+00 0.000000000000000000e+00 0.000000000000000000e+00 0.000000000000000000e+00 0.000000000000000000e+00
0.000000000000000000e+00 0.000000000000000000e+00 0.000000000000000000e+00 0.000000000000000000e+00 0.000000000000000000e+00
0.000000000000000000e+00 0.000000000000000000e+00 0.000000000000000000e+00 0.000000000000000000e+00 0.000000000000000000e+00
0.000000000000000000e+00 0.000000000000000000e+00 0.000000000000000000e+00 0.000000000000000000e+00 0.000000000000000000e+00
0.000000000000000000e+00 0.000000000000000000e+00 0.000000000000000000e+00 0.000000000000000000e+00 0.000000000000000000e+00
0.000000000000000000e+00 0.000000000000000000e+00 0.000000000000000000e+00 0.000000000000000000e+00 0.000000000000000000e+00
0.000000000000000000e+00 0.000000000000000000e+00 0.000000000000000000e+00 0.000000000000000000e+00 0.000000000000000000e+00
0.000000000000000000e+00 0.000000000000000000e+00 0.000000000000000000e+00 0.000000000000000000e+00 0.000000000000000000e+00
0.000000000000000000e+00 0.000000000000000000e+00 0.000000000000000000e+00 0.000000000000000000e+00 0.000000000000000000e+00
0.000000000000000000e+00 0.000000000000000000e+00 0.000000000000000000e+00 0.000000000000000000e+00 0.000000000000000000e+00
0.000000000000000000e+00 0.000000000000000000e+00 0.000000000000000000e+00 0.000000000000000000e+00 0.000000000000000000e+00
0.000000000000000000e+00 0.000000000000000000e+00 0.000000000000000000e+00 0.000000000000000000e+00 0.000000000000000000e+00
0.000000000000000000e+00 0.000000000000000000e+00 0.000000000000000000e+00 0.000000000000000000e+00 0.000000000000000000e+00
0.000000000000000000e+00 0.000000000000000000e+00 0.000000000000000000e+00 0.000000000000000000e+00 0.000000000000000000e+00
0.000000000000000000e+00 0.000000000000000000e+00 0.000000000000000000e+00 0.000000000000000000e+00 0.000000000000000000e+00
0.000000000000000000e+00 0.000000000000000000e+00 0.000000000000000000e+00 0.000000000000000000e+00 0.000000000000000000e+00
0.000000000000000000e+00 0.000000000000000000e+00 0.000000000000000000e+00 0.000000000000000000e+00 0.000000000000000000e+00
0.000000000000000000e+00 0.000000000000000000e+00 0.000000000000000000e+00 0.000000000000000000e+00 0.000000000000000000e+00
0.000000000000000000e+00 0.000000000000000000e+00 0.000000000000000000e+00 0.000000000000000000e+00 0.000000000000000000e+00
0.000000000000000000e+00 0.000000000000000000e+00 0.000000000000000000e+00 0.000000000000000000e+00 0.000000000000000000e+00
0.000000000000000000e+00 0.000000000000000000e+00 0.000000000000000000e+00 0.000000000000000000e+00 0.000000000000000000e+00
0.000000000000000000e+00 0.000000000000000000e+00 0.000000000000000000e+00 0.000000000000000000e+00 0.000000000000000000e+00
0.000000000000000000e+00 0.000000000000000000e+00 0.000000000000000000e+00 0.000000000000000000e+00 0.000000000000000000e+00
0.000000000000000000e+00 0.000000000000000000e+00 0.000000000000000000e+00 0.000000000000000000e+00 0.000000000000000000e+00
0.000000000000000000e+00 0.000000000000000000e+00 0.000000000000000000e+00 0.000000000000000000e+00 0.000000000000000000e+00
0.000000000000000000e+00 0.000000000000000000e+00 0.000000000000000000e+00 0.000000000000000000e+00 0.000000000000000000e+00
0.000000000000000000e+00 0.000000000000000000e+00 0.000000000000000000e+00 0.000000000000000000e+00 0.000000000000000000e+00
0.000000000000000000e+00 0.000000000000000000e+00 0.000000000000000000e+00 0.000000000000000000e+00 0.000000000000000000e+00
0.000000000000000000e+00 0.000000000000000000e+00 0.000000000000000000e+00 0.000000000000000000e+00 0.000000000000000000e+00
0.000000000000000000e+00 0.000000000000000000e+00 0.000000000000000000e+00 0.000000000000000000e+00 0.000000000000000000e+00
0.000000000000000000e+00 0.000000000000000000e+00 0.000000000000000000e+00 0.000000000000000000e+00 0.000000000000000000e+00
0.000000000000000000e+00 0.000000000000000000e+00 0.000000000000000000e+00 0.000000000000000000e+00 0.000000000000000000e+00
0.000000000000000000e+00 0.000000000000000000e+00 0.000000000000000000e+00 0.000000000000000000e+00 0.000000000000000000e+00
0.000000000000000000e+00 0.000000000000000000e+00 0.000000000000000000e+00 0.000000000000000000e+00 0.000000000000000000e+00
0.000000000000000000e+00 0.000000000000000000e+00 0.000000000000000000e+00 0.000000000000000000e+00 0.000000000000000000e+00
0.000000000000000000e+00 0.000000000000000000e+00 0.000000000000000000e+00 0.000000000000000000e+00 0.000000000000000000e+00
0.000000000000000000e+00 0.000000000000000000e+00 0.000000000000000000e+00 0.000000000000000000e+00 0.000000000000000000e+00
0.000000000000000000e+00 0.000000000000000000e+00 0.000000000000000000e+00 0.000000000000000000e+00 0.000000000000000000e+00
0.000000000000000000e+00 0.000000000000000000e+00 0.000000000000000000e+00 0.000000000000000000e+00 0.000000000000000000e+00
0.000000000000000000e+00 0.000000000000000000e+00 0.000000000000000000e+00 0.000000000000000000e+00 0.000000000000000000e+00
0.000000000000000000e+00 0.000000000000000000e+00 0.000000000000000000e+00 0.000000000000000000e+00 0.000000000000000000e+00
0.000000000000000000e+00 0.000000000000000000e+00 0.000000000000000000e+00 0.000000000000000000e+00 0.000000000000000000e+00
0.000000000000000000e+00 0.000000000000000000e+00 0.000000000000000000e+00 0.000000000000000000e+00 0.000000000000000000e+00
0.000000000000000000e+00 0.000000000000000000e+00 0.000000000000000000e+00 0.000000000000000000e+00 0.000000000000000000e+00
0.000000000000000000e+00 0.000000000000000000e+00 0.000000000000000000e+00 0.000000000000000000e+00 0.000000000000000000e+00
0.000000000000000000e+00 0.000000000000000000e+00 0.000000000000000000e+00 0.000000000000000000e+00 0.000000000000000000e+00
0.000000000000000000e+00 0.000000000000000000e+00 0.000000000000000000e+00 0.000000000000000000e+00 0.000000000000000000e+00
0.000000000000000000e+00 0.000000000000000000e+00 0.000000000000000000e+00 0.000000000000000000e+00 0.000000000000000000e+00
0.000000000000000000e+00 0.000000000000000000e+00 0.000000000000000000e+00 0.000000000000000000e+00 0.000000000000000000e+00
0.000000000000000000e+00 0.000000000000000000e+00 0.000000000000000000e+00 0.000000000000000000e+00 0.000000000000000000e+00
0.000000000000000000e+00 0.000000000000000000e+00 0.000000000000000000e+00 0.000000000000000000e+00 0.000000000000000000e+00
0.000000000000000000e+00 0.000000000000000000e+00 0.000000000000000000e+00 0.000000000000000000e+00 0.000000000000000000e+00
0.000000000000000000e+00 0.000000000000000000e+00 0.000000000000000000e+00 0.000000000000000000e+00 0.000000000000000000e+00
0.000000000000000000e+00 0.000000000000000000e+00 0.000000000000000000e+00 0.000000000000000000e+00 0.000000000000000000e+00
0.000000000000000000e+00 0.000000000000000000e+00 0.000000000000000000e+00 0.000000000000000000e+00 0.000000000000000000e+00
0.000000000000000000e+00 0.000000000000000000e+00 0.000000000000000000e+00 0.000000000000000000e+00 0.000000000000000000e+00
0.000000000000000000e+00 0.000000000000000000e+00 0.000000000000000000e+00 0.000000000000000000e+00 0.000000000000000000e+00
0.000000000000000000e+00 0.000000000000000000e+00 0.000000000000000000e+00 0.000000000000000000e+00 0.000000000000000000e+00
0.000000000000000000e+00 0.000000000000000000e+00 0.000000000000000000e+00 0.000000000000000000e+00 0.000000000000000000e+00
0.000000000000000000e+00 0.000000000000000000e+00 0.000000000000000000e+00 0.000000000000000000e+00 0.000000000000000000e+00
0.000000000000000000e+00 0.000000000000000000e+00 0.000000000000000000e+00 0.000000000000000000e+00 0.000000000000000000e+00
0.000000000000000000e+00 0.000000000000000000e+00 0.000000000000000000e+00 0.000000000000000000e+00 0.000000000000000000e+00
0.000000000000000000e+00 0.000000000000000000e+00 0.000000000000000000e+00 0.000000000000000000e+00 0.000000000000000000e+00
0.000000000000000000e+00 0.000000000000000000e+00 0.000000000000000000e+00 0.000000000000000000e+00 0.000000000000000000e+00
0.000000000000000000e+00 0.000000000000000000e+00 0.000000000000000000e+00 0.000000000000000000e+00 0.000000000000000000e+00
0.000000000000000000e+00 0.000000000000000000e+00 0.000000000000000000e+00 0.000000000000000000e+00 0.000000000000000000e+00
0.000000000000000000e+00 0.000000000000000000e+00 0.000000000000000000e+00 0.000000000000000000e+00 0.000000000000000000e+00
0.000000000000000000e+00 0.000000000000000000e+00 0.000000000000000000e+00 0.000000000000000000e+00 0.000000000000000000e+00
0.000000000000000000e+00 0.000000000000000000e+00 0.000000000000000000e+00 0.000000000000000000e+00 0.000000000000000000e+00
0.000000000000000000e+00 0.000000000000000000e+00 0.000000000000000000e+00 0.000000000000000000e+00 0.000000000000000000e+00
0.000000000000000000e+00 0.000000000000000000e+00 0.000000000000000000e+00 0.000000000000000000e+00 0.000000000000000000e+00
0.000000000000000000e+00 0.000000000000000000e+00 0.000000000000000000e+00 0.000000000000000000e+00 0.000000000000000000e+00
0.000000000000000000e+00 0.000000000000000000e+00 0.000000000000000000e+00 0.000000000000000000e+00 0.000000000000000000e+00
0.000000000000000000e+00 0.000000000000000000e+00 0.000000000000000000e+00 0.000000000000000000e+00 0.000000000000000000e+00
0.000000000000000000e+00 0.000000000000000000e+00 0.000000000000000000e+00 0.000000000000000000e+00 0.000000000000000000e+00
0.000000000000000000e+00 0.000000000000000000e+00 0.000000000000000000e+00 0.000000000000000000e+00 0.000000000000000000e+00
0.000000000000000000e+00 0.000000000000000000e+00 0.000000000000000000e+00 0.000000000000000000e+00 0.000000000000000000e+00
0.000000000000000000e+00 0.000000000000000000e+00 0.000000000000000000e+00 0.000000000000000000e+00 0.000000000000000000e+00
0.000000000000000000e+00 0.000000000000000000e+00 0.000000000000000000e+00 0.000000000000000000e+00 0.000000000000000000e+00
0.000000000000000000e+00 0.000000000000000000e+00 0.000000000000000000e+00 0.000000000000000000e+00 0.000000000000000000e+00
0.000000000000000000e+00 0.000000000000000000e+00 0.000000000000000000e+00 0.000000000000000000e+00 0.000000000000000000e+00
0.000000000000000000e+00 0.000000000000000000e+00 0.000000000000000000e+00 0.000000000000000000e+00 0.000000000000000000e+00
0.000000000000000000e+00 0.000000000000000000e+00 0.000000000000000000e+00 0.000000000000000000e+00 0.000000000000000000e+00
0.000000000000000000e+00 0.000000000000000000e+00 0.000000000000000000e+00 0.000000000000000000e+00 0.000000000000000000e+00
0.000000000000000000e+00 0.000000000000000000e+00 0.000000000000000000e+00 0.000000000000000000e+00 0.000000000000000000e+00
0.000000000000000000e+00 0.000000000000000000e+00 0.000000000000000000e+00 0.000000000000000000e+00 0.000000000000000000e+00
0.000000000000000000e+00 0.000000000000000000e+00 0.000000000000000000e+00 0.000000000000000000e+00 0.000000000000000000e+00
0.000000000000000000e+00 0.000000000000000000e+00 0.000000000000000000e+00 0.000000000000000000e+00 0.000000000000000000e+00
0.000000000000000000e+00 0.000000000000000000e+00 0.000000000000000000e+00 0.000000000000000000e+00 0.000000000000000000e+00
0.000000000000000000e+00 0.000000000000000000e+00 0.000000000000000000e+00 0.000000000000000000e+00 0.000000000000000000e+00
0.000000000000000000e+00 0.000000000000000000e+00 0.000000000000000000e+00 0.000000000000000000e+00 0.000000000000000000e+00
0.000000000000000000e+00 0.000000000000000000e+00 0.000000000000000000e+00 0.000000000000000000e+00 0.000000000000000000e+00
0.000000000000000000e+00 0.000000000000000000e+00 0.000000000000000000e+00 0.000000000000000000e+00 0.000000000000000000e+00
0.000000000000000000e+00 0.000000000000000000e+00 0.000000000000000000e+00 0.000000000000000000e+00 0.000000000000000000e+00
0.000000000000000000e+00 0.000000000000000000e+00 0.000000000000000000e+00 0.000000000000000000e+00 0.000000000000000000e+00
0.000000000000000000e+00 0.000000000000000000e+00 0.000000000000000000e+00 0.000000000000000000e+00 0.000000000000000000e+00
0.000000000000000000e+00 0.000000000000000000e+00 0.000000000000000000e+00 0.000000000000000000e+00 0.000000000000000000e+00
0.000000000000000000e+00 0.000000000000000000e+00 0.000000000000000000e+00 0.000000000000000000e+00 0.000000000000000000e+00
0.000000000000000000e+00 0.000000000000000000e+00 0.000000000000000000e+00 0.000000000000000000e+00 0.000000000000000000e+00
0.000000000000000000e+00 0.000000000000000000e+00 0.000000000000000000e+00 0.000000000000000000e+00 0.000000000000000000e+00
0.000000000000000000e+00 0.000000000000000000e+00 0.000000000000000000e+00 0.000000000000000000e+00 0.000000000000000000e+00
0.000000000000000000e+00 0.000000000000000000e+00 0.000000000000000000e+00 0.000000000000000000e+00 0.000000000000000000e+00
0.000000000000000000e+00 0.000000000000000000e+00 0.000000000000000000e+00 0.000000000000000000e+00 0.000000000000000000e+00
0.000000000000000000e+00 0.000000000000000000e+00 0.000000000000000000e+00 0.000000000000000000e+00 0.000000000000000000e+00
0.000000000000000000e+00 0.000000000000000000e+00 0.000000000000000000e+00 0.000000000000000000e+00 0.000000000000000000e+00
0.000000000000000000e+00 0.000000000000000000e+00 0.000000000000000000e+00 0.000000000000000000e+00 0.000000000000000000e+00
0.000000000000000000e+00 0.000000000000000000e+00 0.000000000000000000e+00 0.000000000000000000e+00 0.000000000000000000e+00
0.000000000000000000e+00 0.000000000000000000e+00 0.000000000000000000e+00 0.000000000000000000e+00 0.000000000000000000e+00
0.000000000000000000e+00 0.000000000000000000e+00 0.000000000000000000e+00 0.000000000000000000e+00 0.000000000000000000e+00
0.000000000000000000e+00 0.000000000000000000e+00 0.000000000000000000e+00 0.000000000000000000e+00 0.000000000000000000e+00
0.000000000000000000e+00 0.000000000000000000e+00 0.000000000000000000e+00 0.000000000000000000e+00 0.000000000000000000e+00
0.000000000000000000e+00 0.000000000000000000e+00 0.000000000000000000e+00 0.000000000000000000e+00 0.000000000000000000e+00
0.000000000000000000e+00 0.000000000000000000e+00 0.000000000000000000e+00 0.000000000000000000e+00 0.000000000000000000e+00
0.000000000000000000e+00 0.000000000000000000e+00 0.000000000000000000e+00 0.000000000000000000e+00 0.000000000000000000e+00
0.000000000000000000e+00 0.000000000000000000e+00 0.000000000000000000e+00 0.000000000000000000e+00 0.000000000000000000e+00
0.000000000000000000e+00 0.000000000000000000e+00 0.000000000000000000e+00 0.000000000000000000e+00 0.000000000000000000e+00
0.000000000000000000e+00 0.000000000000000000e+00 0.000000000000000000e+00 0.000000000000000000e+00 0.000000000000000000e+00
0.000000000000000000e+00 0.000000000000000000e+00 0.000000000000000000e+00 0.000000000000000000e+00 0.000000000000000000e+00
0.000000000000000000e+00 0.000000000000000000e+00 0.000000000000000000e+00 0.000000000000000000e+00 0.000000000000000000e+00
0.000000000000000000e+00 0.000000000000000000e+00 0.000000000000000000e+00 0.000000000000000000e+00 0.000000000000000000e+00
0.000000000000000000e+00 0.000000000000000000e+00 0.000000000000000000e+00 0.000000000000000000e+00 0.000000000000000000e+00
0.000000000000000000e+00 0.000000000000000000e+00 0.000000000000000000e+00 0.000000000000000000e+00 0.000000000000000000e+00
0.000000000000000000e+00 0.000000000000000000e+00 0.000000000000000000e+00 0.000000000000000000e+00 0.000000000000000000e+00
0.000000000000000000e+00 0.000000000000000000e+00 0.000000000000000000e+00 0.000000000000000000e+00 0.000000000000000000e+00
0.000000000000000000e+00 0.000000000000000000e+00 0.000000000000000000e+00 0.000000000000000000e+00 0.000000000000000000e+00
0.000000000000000000e+00 0.000000000000000000e+00 0.000000000000000000e+00 0.000000000000000000e+00 0.000000000000000000e+00
0.000000000000000000e+00 0.000000000000000000e+00 0.000000000000000000e+00 0.000000000000000000e+00 0.000000000000000000e+00
0.000000000000000000e+00 0.000000000000000000e+00 0.000000000000000000e+00 0.000000000000000000e+00 0.000000000000000000e+00
0.000000000000000000e+00 0.000000000000000000e+00 0.000000000000000000e+00 0.000000000000000000e+00 0.000000000000000000e+00
0.000000000000000000e+00 0.000000000000000000e+00 0.000000000000000000e+00 0.000000000000000000e+00 0.000000000000000000e+00
0.000000000000000000e+00 0.000000000000000000e+00 0.000000000000000000e+00 0.000000000000000000e+00 0.000000000000000000e+00
0.000000000000000000e+00 0.000000000000000000e+00 0.000000000000000000e+00 0.000000000000000000e+00 0.000000000000000000e+00
0.000000000000000000e+00 0.000000000000000000e+00 0.000000000000000000e+00 0.000000000000000000e+00 0.000000000000000000e+00
0.000000000000000000e+00 0.000000000000000000e+00 0.000000000000000000e+00 0.000000000000000000e+00 0.000000000000000000e+00
0.000000000000000000e+00 0.000000000000000000e+00 0.000000000000000000e+00 0.000000000000000000e+00 0.000000000000000000e+00
0.000000000000000000e+00 0.000000000000000000e+00 0.000000000000000000e+00 0.000000000000000000e+00 0.000000000000000000e+00
0.000000000000000000e+00 0.000000000000000000e+00 0.000000000000000000e+00 0.000000000000000000e+00 0.000000000000000000e+00
0.000000000000000000e+00 0.000000000000000000e+00 0.000000000000000000e+00 0.000000000000000000e+00 0.000000000000000000e+00
0.000000000000000000e+00 0.000000000000000000e+00 0.000000000000000000e+00 0.000000000000000000e+00 0.000000000000000000e+00
0.000000000000000000e+00 0.000000000000000000e+00 0.000000000000000000e+00 0.000000000000000000e+00 0.000000000000000000e+00
0.000000000000000000e+00 0.000000000000000000e+00 0.000000000000000000e+00 0.000000000000000000e+00 0.000000000000000000e+00
0.000000000000000000e+00 0.000000000000000000e+00 0.000000000000000000e+00 0.000000000000000000e+00 0.000000000000000000e+00
0.000000000000000000e+00 0.000000000000000000e+00 0.000000000000000000e+00 0.000000000000000000e+00 0.000000000000000000e+00
0.000000000000000000e+00 0.000000000000000000e+00 0.000000000000000000e+00 0.000000000000000000e+00 0.000000000000000000e+00
0.000000000000000000e+00 0.000000000000000000e+00 0.000000000000000000e+00 0.000000000000000000e+00 0.000000000000000000e+00
0.000000000000000000e+00 0.000000000000000000e+00 0.000000000000000000e+00 0.000000000000000000e+00 0.000000000000000000e+00
0.000000000000000000e+00 0.000000000000000000e+00 0.000000000000000000e+00 0.000000000000000000e+00 0.000000000000000000e+00
0.000000000000000000e+00 0.000000000000000000e+00 0.000000000000000000e+00 0.000000000000000000e+00 0.000000000000000000e+00
0.000000000000000000e+00 0.000000000000000000e+00 0.000000000000000000e+00 0.000000000000000000e+00 0.000000000000000000e+00
0.000000000000000000e+00 0.000000000000000000e+00 0.000000000000000000e+00 0.000000000000000000e+00 0.000000000000000000e+00
0.000000000000000000e+00 0.000000000000000000e+00 0.000000000000000000e+00 0.000000000000000000e+00 0.000000000000000000e+00
0.000000000000000000e+00 0.000000000000000000e+00 0.000000000000000000e+00 0.000000000000000000e+00 0.000000000000000000e+00
0.000000000000000000e+00 0.000000000000000000e+00 0.000000000000000000e+00 0.000000000000000000e+00 0.000000000000000000e+00
0.000000000000000000e+00 0.000000000000000000e+00 0.000000000000000000e+00 0.000000000000000000e+00 0.000000000000000000e+00
0.000000000000000000e+00 0.000000000000000000e+00 0.000000000000000000e+00 0.000000000000000000e+00 0.000000000000000000e+00
0.000000000000000000e+00 0.000000000000000000e+00 0.000000000000000000e+00 0.000000000000000000e+00 0.000000000000000000e+00
0.000000000000000000e+00 0.000000000000000000e+00 0.000000000000000000e+00 0.000000000000000000e+00 0.000000000000000000e+00
0.000000000000000000e+00 0.000000000000000000e+00 0.000000000000000000e+00 0.000000000000000000e+00 0.000000000000000000e+00
0.000000000000000000e+00 0.000000000000000000e+00 0.000000000000000000e+00 0.000000000000000000e+00 0.000000000000000000e+00
0.000000000000000000e+00 0.000000000000000000e+00 0.000000000000000000e+00 0.000000000000000000e+00 0.000000000000000000e+00
0.000000000000000000e+00 0.000000000000000000e+00 0.000000000000000000e+00 0.000000000000000000e+00 0.000000000000000000e+00
0.000000000000000000e+00 0.000000000000000000e+00 0.000000000000000000e+00 0.000000000000000000e+00 0.000000000000000000e+00
0.000000000000000000e+00 0.000000000000000000e+00 0.000000000000000000e+00 0.000000000000000000e+00 0.000000000000000000e+00
0.000000000000000000e+00 0.000000000000000000e+00 0.000000000000000000e+00 0.000000000000000000e+00 0.000000000000000000e+00
0.000000000000000000e+00 0.000000000000000000e+00 0.000000000000000000e+00 0.000000000000000000e+00 0.000000000000000000e+00
0.000000000000000000e+00 0.000000000000000000e+00 0.000000000000000000e+00 0.000000000000000000e+00 0.000000000000000000e+00
0.000000000000000000e+00 0.000000000000000000e+00 0.000000000000000000e+00 0.000000000000000000e+00 0.000000000000000000e+00
0.000000000000000000e+00 0.000000000000000000e+00 0.000000000000000000e+00 0.000000000000000000e+00 0.000000000000000000e+00
0.000000000000000000e+00 0.000000000000000000e+00 0.000000000000000000e+00 0.000000000000000000e+00 0.000000000000000000e+00
0.000000000000000000e+00 0.000000000000000000e+00 0.000000000000000000e+00 0.000000000000000000e+00 0.000000000000000000e+00
0.000000000000000000e+00 0.000000000000000000e+00 0.000000000000000000e+00 0.000000000000000000e+00 0.000000000000000000e+00
0.000000000000000000e+00 0.000000000000000000e+00 0.000000000000000000e+00 0.000000000000000000e+00 0.000000000000000000e+00
0.000000000000000000e+00 0.000000000000000000e+00 0.000000000000000000e+00 0.000000000000000000e+00 0.000000000000000000e+00
0.000000000000000000e+00 0.000000000000000000e+00 0.000000000000000000e+00 0.000000000000000000e+00 0.000000000000000000e+00
0.000000000000000000e+00 0.000000000000000000e+00 0.000000000000000000e+00 0.000000000000000000e+00 0.000000000000000000e+00
0.000000000000000000e+00 0.000000000000000000e+00 0.000000000000000000e+00 0.000000000000000000e+00 0.000000000000000000e+00
0.000000000000000000e+00 0.000000000000000000e+00 0.000000000000000000e+00 0.000000000000000000e+00 0.000000000000000000e+00
0.000000000000000000e+00 0.000000000000000000e+00 0.000000000000000000e+00 0.000000000000000000e+00 0.000000000000000000e+00
0.000000000000000000e+00 0.000000000000000000e+00 0.000000000000000000e+00 0.000000000000000000e+00 0.000000000000000000e+00
0.000000000000000000e+00 0.000000000000000000e+00 0.000000000000000000e+00 0.000000000000000000e+00 0.000000000000000000e+00
0.000000000000000000e+00 0.000000000000000000e+00 0.000000000000000000e+00 0.000000000000000000e+00 0.000000000000000000e+00
0.000000000000000000e+00 0.000000000000000000e+00 0.000000000000000000e+00 0.000000000000000000e+00 0.000000000000000000e+00
0.000000000000000000e+00 0.000000000000000000e+00 0.000000000000000000e+00 0.000000000000000000e+00 0.000000000000000000e+00
0.000000000000000000e+00 0.000000000000000000e+00 0.000000000000000000e+00 0.000000000000000000e+00 0.000000000000000000e+00
0.000000000000000000e+00 0.000000000000000000e+00 0.000000000000000000e+00 0.000000000000000000e+00 0.000000000000000000e+00
0.000000000000000000e+00 0.000000000000000000e+00 0.000000000000000000e+00 0.000000000000000000e+00 0.000000000000000000e+00
0.000000000000000000e+00 0.000000000000000000e+00 0.000000000000000000e+00 0.000000000000000000e+00 0.000000000000000000e+00
0.000000000000000000e+00 0.000000000000000000e+00 0.000000000000000000e+00 0.000000000000000000e+00 0.000000000000000000e+00
0.000000000000000000e+00 0.000000000000000000e+00 0.000000000000000000e+00 0.000000000000000000e+00 0.000000000000000000e+00
0.000000000000000000e+00 0.000000000000000000e+00 0.000000000000000000e+00 0.000000000000000000e+00 0.000000000000000000e+00
0.000000000000000000e+00 0.000000000000000000e+00 0.000000000000000000e+00 0.000000000000000000e+00 0.000000000000000000e+00
0.000000000000000000e+00 0.000000000000000000e+00 0.000000000000000000e+00 0.000000000000000000e+00 0.000000000000000000e+00
0.000000000000000000e+00 0.000000000000000000e+00 0.000000000000000000e+00 0.000000000000000000e+00 0.000000000000000000e+00
0.000000000000000000e+00 0.000000000000000000e+00 0.000000000000000000e+00 0.000000000000000000e+00 0.000000000000000000e+00
0.000000000000000000e+00 0.000000000000000000e+00 0.000000000000000000e+00 0.000000000000000000e+00 0.000000000000000000e+00
0.000000000000000000e+00 0.000000000000000000e+00 0.000000000000000000e+00 0.000000000000000000e+00 0.000000000000000000e+00
0.000000000000000000e+00 0.000000000000000000e+00 0.000000000000000000e+00 0.000000000000000000e+00 0.000000000000000000e+00
0.000000000000000000e+00 0.000000000000000000e+00 0.000000000000000000e+00 0.000000000000000000e+00 0.000000000000000000e+00
0.000000000000000000e+00 0.000000000000000000e+00 0.000000000000000000e+00 0.000000000000000000e+00 0.000000000000000000e+00
0.000000000000000000e+00 0.000000000000000000e+00 0.000000000000000000e+00 0.000000000000000000e+00 0.000000000000000000e+00
0.000000000000000000e+00 0.000000000000000000e+00 0.000000000000000000e+00 0.000000000000000000e+00 0.000000000000000000e+00
0.000000000000000000e+00 0.000000000000000000e+00 0.000000000000000000e+00 0.000000000000000000e+00 0.000000000000000000e+00
0.000000000000000000e+00 0.000000000000000000e+00 0.000000000000000000e+00 0.000000000000000000e+00 0.000000000000000000e+00
0.000000000000000000e+00 0.000000000000000000e+00 0.000000000000000000e+00 0.000000000000000000e+00 0.000000000000000000e+00
0.000000000000000000e+00 0.000000000000000000e+00 0.000000000000000000e+00 0.000000000000000000e+00 0.000000000000000000e+00
0.000000000000000000e+00 0.000000000000000000e+00 0.000000000000000000e+00 0.000000000000000000e+00 0.000000000000000000e+00
0.000000000000000000e+00 0.000000000000000000e+00 0.000000000000000000e+00 0.000000000000000000e+00 0.000000000000000000e+00
0.000000000000000000e+00 0.000000000000000000e+00 0.000000000000000000e+00 0.000000000000000000e+00 0.000000000000000000e+00
0.000000000000000000e+00 0.000000000000000000e+00 0.000000000000000000e+00 0.000000000000000000e+00 0.000000000000000000e+00
0.000000000000000000e+00 0.000000000000000000e+00 0.000000000000000000e+00 2.866595941537856351e+00 3.932644459688536820e+00
0.000000000000000000e+00 0.000000000000000000e+00 0.000000000000000000e+00 1.768391598088820071e+00 4.199306628696970911e+00
0.000000000000000000e+00 0.000000000000000000e+00 0.000000000000000000e+00 8.973458085748906576e-01 3.931738170156346079e+00
0.000000000000000000e+00 0.000000000000000000e+00 0.000000000000000000e+00 2.001199211791331589e-01 3.209817781980931706e+00
0.000000000000000000e+00 0.000000000000000000e+00 0.000000000000000000e+00 0.000000000000000000e+00 2.292206223377382113e+00
4.272456325573051328e-01 0.000000000000000000e+00 0.000000000000000000e+00 0.000000000000000000e+00 1.386166499659722495e+00
1.838671063870910505e+00 0.000000000000000000e+00 0.000000000000000000e+00 0.000000000000000000e+00 5.753538541534872763e-01
3.021547737266682798e+00 0.000000000000000000e+00 0.000000000000000000e+00 0.000000000000000000e+00 0.000000000000000000e+00
3.851295189274208219e+00 0.000000000000000000e+00 0.000000000000000000e+00 0.000000000000000000e+00 0.000000000000000000e+00
4.232691617059983535e+00 2.024121444123929692e-01 0.000000000000000000e+00 0.000000000000000000e+00 0.000000000000000000e+00
4.129552678882252081e+00 1.623213412961193702e+00 0.000000000000000000e+00 0.000000000000000000e+00 0.000000000000000000e+00
3.644926188388614374e+00 2.864636463229920604e+00 0.000000000000000000e+00 0.000000000000000000e+00 0.000000000000000000e+00
2.917561165402746681e+00 3.763735944191923366e+00 0.000000000000000000e+00 0.000000000000000000e+00 0.000000000000000000e+00
2.078261868986211347e+00 4.190826680873970922e+00 1.101777144321185453e-01 0.000000000000000000e+00 0.000000000000000000e+00
1.242230337881284896e+00 4.097876346264641256e+00 1.563072573551335109e+00 0.000000000000000000e+00 0.000000000000000000e+00
4.816531343229568662e-01 3.608667359943238395e+00 2.826951068252829824e+00 0.000000000000000000e+00 0.000000000000000000e+00
0.000000000000000000e+00 2.887994256343776822e+00 3.735501263034864294e+00 0.000000000000000000e+00 0.000000000000000000e+00
0.000000000000000000e+00 2.074629318234553210e+00 4.172060807628665380e+00 2.272908692137565537e-02 0.000000000000000000e+00
0.000000000000000000e+00 1.277556926483001343e+00 4.101717417316550041e+00 1.470995225996658773e+00 0.000000000000000000e+00
0.000000000000000000e+00 5.493969817671295885e-01 3.654799369375969942e+00 2.724166098456757723e+00 0.000000000000000000e+00
0.000000000000000000e+00 0.000000000000000000e+00 2.981987077589592694e+00 3.635420368564156846e+00 0.000000000000000000e+00
0.000000000000000000e+00 0.000000000000000000e+00 2.199486344017166584e+00 4.103723310494657106e+00 0.000000000000000000e+00
0.000000000000000000e+00 0.000000000000000000e+00 1.411137250145448441e+00 4.087613778805819997e+00 1.294880956886847567e+00
0.000000000000000000e+00 0.000000000000000000e+00 6.777650538134736280e-01 3.690739532108422871e+00 2.559188505032634620e+00
0.000000000000000000e+00 0.000000000000000000e+00 3.108821754112289781e-02 3.053459166590652529e+00 3.505498606632267311e+00
0.000000000000000000e+00 0.000000000000000000e+00 0.000000000000000000e+00 2.290536885461932570e+00 4.028356938878658866e+00
0.000000000000000000e+00 0.000000000000000000e+00 0.000000000000000000e+00 1.509391134468623497e+00 4.075774780738446346e+00
0.000000000000000000e+00 0.000000000000000000e+00 0.000000000000000000e+00 7.796632529080564922e-01 3.686003070901956225e+00
0.000000000000000000e+00 0.000000000000000000e+00 0.000000000000000000e+00 1.312161886682587930e-01 2.978944564436388998e+00
0.000000000000000000e+00 0.000000000000000000e+00 0.000000000000000000e+00 0.000000000000000000e+00 2.108044603844986042e+00
7.775213182199609552e-01 0.000000000000000000e+00 0.000000000000000000e+00 0.000000000000000000e+00 1.221867279900324732e+00
2.174429056325417164e+00 0.000000000000000000e+00 0.000000000000000000e+00 0.000000000000000000e+00 4.165536094924782717e-01
3.340142278607810322e+00 0.000000000000000000e+00 0.000000000000000000e+00 0.000000000000000000e+00 0.000000000000000000e+00
4.126555468906299318e+00 0.000000000000000000e+00 0.000000000000000000e+00 0.000000000000000000e+00 0.000000000000000000e+00
4.421874976841117189e+00 4.634364856867075333e-01 0.000000000000000000e+00 0.000000000000000000e+00 0.000000000000000000e+00
4.212985549909827654e+00 1.934187868101729491e+00 0.000000000000000000e+00 0.000000000000000000e+00 0.000000000000000000e+00
3.627143749892766778e+00 3.185682538620780324e+00 0.000000000000000000e+00 0.000000000000000000e+00 0.000000000000000000e+00
2.819911507752656643e+00 4.043245170402850697e+00 0.000000000000000000e+00 0.000000000000000000e+00 0.000000000000000000e+00
1.931713506328478269e+00 4.377443410190117845e+00 3.725234774655610259e-01 0.000000000000000000e+00 0.000000000000000000e+00
1.074955321384210905e+00 4.171590059380426041e+00 1.875613657245331911e+00 0.000000000000000000e+00 0.000000000000000000e+00
3.150719289631671582e-01 3.579196702276764341e+00 3.145184033766632581e+00 0.000000000000000000e+00 0.000000000000000000e+00
0.000000000000000000e+00 2.782091971115997708e+00 4.006996466392908296e+00 0.000000000000000000e+00 0.000000000000000000e+00
0.000000000000000000e+00 1.927328905210285992e+00 4.348794376581966326e+00 2.951953798570059462e-01 0.000000000000000000e+00
0.000000000000000000e+00 1.113582335940413337e+00 4.170086367157295193e+00 1.784765855230722176e+00 0.000000000000000000e+00
0.000000000000000000e+00 3.845543052775184378e-01 3.626252757347498079e+00 3.036812686209260370e+00 0.000000000000000000e+00
0.000000000000000000e+00 0.000000000000000000e+00 2.878766857496438902e+00 3.900436486881370790e+00 0.000000000000000000e+00
0.000000000000000000e+00 0.000000000000000000e+00 2.052311107071220331e+00 4.277594465919769995e+00 1.461607358370233811e-01
0.000000000000000000e+00 0.000000000000000000e+00 1.244695205280946126e+00 4.151342207376547577e+00 1.620348533464045948e+00
0.000000000000000000e+00 0.000000000000000000e+00 5.086217085254536308e-01 3.657179778271192117e+00 2.877711999152338329e+00
0.000000000000000000e+00 0.000000000000000000e+00 0.000000000000000000e+00 2.946267864111771217e+00 3.772810655895255660e+00
0.000000000000000000e+00 0.000000000000000000e+00 0.000000000000000000e+00 2.138870463193466520e+00 4.203650891562639380e+00
0.000000000000000000e+00 0.000000000000000000e+00 0.000000000000000000e+00 1.338829217348808998e+00 4.134866764815050111e+00
0.000000000000000000e+00 0.000000000000000000e+00 0.000000000000000000e+00 6.079549744060245287e-01 3.630838295823662687e+00
0.000000000000000000e+00 0.000000000000000000e+00 0.000000000000000000e+00 0.000000000000000000e+00 2.834298453521562955e+00
0.000000000000000000e+00 0.000000000000000000e+00 0.000000000000000000e+00 0.000000000000000000e+00 1.911263053834616477e+00
1.131331978825385498e+00 0.000000000000000000e+00 0.000000000000000000e+00 0.000000000000000000e+00 1.010920659077638950e+00
2.532775338944700749e+00 0.000000000000000000e+00 0.000000000000000000e+00 0.000000000000000000e+00 2.158048613878260358e-01
3.657105797265934655e+00 0.000000000000000000e+00 0.000000000000000000e+00 0.000000000000000000e+00 0.000000000000000000e+00
4.354586836136265404e+00 0.000000000000000000e+00 0.000000000000000000e+00 0.000000000000000000e+00 0.000000000000000000e+00
4.522820118076245954e+00 8.247828391036895468e-01 0.000000000000000000e+00 0.000000000000000000e+00 0.000000000000000000e+00
4.189932460589763430e+00 2.306447098947627783e+00 0.000000000000000000e+00 0.000000000000000000e+00 0.000000000000000000e+00
3.504328739374483970e+00 3.517832483582852277e+00 0.000000000000000000e+00 0.000000000000000000e+00 0.000000000000000000e+00
2.631310018087642089e+00 4.279875363289964874e+00 0.000000000000000000e+00 0.000000000000000000e+00 0.000000000000000000e+00
1.715454455486019603e+00 4.473966309956993292e+00 7.507702212891972371e-01 0.000000000000000000e+00 0.000000000000000000e+00
8.599947790401056835e-01 4.134290953866566198e+00 2.260326532770722263e+00 0.000000000000000000e+00 0.000000000000000000e+00
1.200317935974175576e-01 3.443251315816050262e+00 3.480093816358504011e+00 0.000000000000000000e+00 0.000000000000000000e+00
0.000000000000000000e+00 2.588337697926918146e+00 4.237862734273084797e+00 0.000000000000000000e+00 0.000000000000000000e+00
0.000000000000000000e+00 1.715379484360459283e+00 4.438517073698601045e+00 6.817467385379629707e-01 0.000000000000000000e+00
0.000000000000000000e+00 9.063082977522847195e-01 4.132822733349042821e+00 2.168164834447288136e+00 0.000000000000000000e+00
0.000000000000000000e+00 1.940721813441543819e-01 3.496810694177952872e+00 3.365707251647897635e+00 0.000000000000000000e+00
0.000000000000000000e+00 0.000000000000000000e+00 2.691492566335277115e+00 4.128653906321677169e+00 0.000000000000000000e+00
0.000000000000000000e+00 0.000000000000000000e+00 1.842394162889473552e+00 4.371735289593592810e+00 5.303839703432924324e-01
0.000000000000000000e+00 0.000000000000000000e+00 1.035375730243220049e+00 4.122017584079555874e+00 2.001335967042148667e+00
0.000000000000000000e+00 0.000000000000000000e+00 3.143215924074544976e-01 3.534325429229177029e+00 3.208075270293634151e+00
0.000000000000000000e+00 0.000000000000000000e+00 0.000000000000000000e+00 2.762299346480598938e+00 4.007455748467757317e+00
0.000000000000000000e+00 0.000000000000000000e+00 0.000000000000000000e+00 1.929702246764382512e+00 4.307779629693179402e+00
0.000000000000000000e+00 0.000000000000000000e+00 0.000000000000000000e+00 1.129757120278631843e+00 4.100868917709927786e+00
0.000000000000000000e+00 0.000000000000000000e+00 0.000000000000000000e+00 4.126556890357946372e-01 3.481215615434628763e+00
0.000000000000000000e+00 0.000000000000000000e+00 0.000000000000000000e+00 0.000000000000000000e+00 2.609976458530266274e+00
3.799085911171640184e-02 0.000000000000000000e+00 0.000000000000000000e+00 0.000000000000000000e+00 1.659988272274489862e+00
1.561496988517848461e+00 0.000000000000000000e+00 0.000000000000000000e+00 0.000000000000000000e+00 7.674089253744857952e-01
2.926467109419382151e+00 0.000000000000000000e+00 0.000000000000000000e+00 0.000000000000000000e+00 0.000000000000000000e+00
3.963227590625622909e+00 0.000000000000000000e+00 0.000000000000000000e+00 0.000000000000000000e+00 0.000000000000000000e+00
4.526275419466371019e+00 0.000000000000000000e+00 0.000000000000000000e+00 0.000000000000000000e+00 0.000000000000000000e+00
4.532492568835738034e+00 1.274168100935133774e+00 0.000000000000000000e+00 0.000000000000000000e+00 0.000000000000000000e+00
4.067079845691143447e+00 2.722546949022258911e+00 0.000000000000000000e+00 0.000000000000000000e+00 0.000000000000000000e+00
3.295123653815116072e+00 3.840377060925144637e+00 0.000000000000000000e+00 0.000000000000000000e+00 0.000000000000000000e+00
2.379027044638272859e+00 4.456612115080799796e+00 0.000000000000000000e+00 0.000000000000000000e+00 0.000000000000000000e+00
1.458368301379048271e+00 4.477564241208039419e+00 1.213756814261104378e+00 0.000000000000000000e+00 0.000000000000000000e+00
6.225623909193545025e-01 4.001244643174440618e+00 2.682914628116224165e+00 0.000000000000000000e+00 0.000000000000000000e+00
0.000000000000000000e+00 3.228593566350236976e+00 3.801143574630704070e+00 0.000000000000000000e+00 0.000000000000000000e+00
0.000000000000000000e+00 2.339610184895773770e+00 4.409830390876301465e+00 0.000000000000000000e+00 0.000000000000000000e+00
0.000000000000000000e+00 1.467885816167354696e+00 4.442055245255316365e+00 1.144905052735387230e+00 0.000000000000000000e+00
0.000000000000000000e+00 6.774054593737506291e-01 4.007930596222652575e+00 2.584696580115668496e+00 0.000000000000000000e+00
0.000000000000000000e+00 0.000000000000000000e+00 3.293305375073160679e+00 3.681783633715231208e+00 0.000000000000000000e+00
0.000000000000000000e+00 0.000000000000000000e+00 2.448593739645876344e+00 4.303288974734389427e+00 0.000000000000000000e+00
0.000000000000000000e+00 0.000000000000000000e+00 1.595470504155093394e+00 4.384653092090031734e+00 9.875672191380120424e-01
0.000000000000000000e+00 0.000000000000000000e+00 8.051913897845401902e-01 4.007384060045199092e+00 2.415217364937595868e+00
0.000000000000000000e+00 0.000000000000000000e+00 1.116537577010678906e-01 3.338926152723445728e+00 3.527231220856395399e+00
0.000000000000000000e+00 0.000000000000000000e+00 0.000000000000000000e+00 2.524805752757362409e+00 4.191158806694989636e+00
0.000000000000000000e+00 0.000000000000000000e+00 0.000000000000000000e+00 1.685727104530467146e+00 4.334365928302704063e+00
0.000000000000000000e+00 0.000000000000000000e+00 0.000000000000000000e+00 9.016757767500734877e-01 3.981772640216789672e+00
0.000000000000000000e+00 0.000000000000000000e+00 0.000000000000000000e+00 2.100559206012273528e-01 3.256966178508002407e+00
0.000000000000000000e+00 0.000000000000000000e+00 0.000000000000000000e+00 0.000000000000000000e+00 2.332376616826870031e+00
4.865708882459396367e-01 0.000000000000000000e+00 0.000000000000000000e+00 0.000000000000000000e+00 1.378691347989108751e+00
2.001006332280299116e+00 0.000000000000000000e+00 0.000000000000000000e+00 0.000000000000000000e+00 5.117551542041178791e-01
3.303798603265782230e+00 0.000000000000000000e+00 0.000000000000000000e+00 0.000000000000000000e+00 0.000000000000000000e+00
4.225653380949739635e+00 0.000000000000000000e+00 0.000000000000000000e+00 0.000000000000000000e+00 0.000000000000000000e+00
4.630754212899701017e+00 1.715071790682232145e-01 0.000000000000000000e+00 0.000000000000000000e+00 0.000000000000000000e+00
4.470624358064966053e+00 1.751704079536162473e+00 0.000000000000000000e+00 0.000000000000000000e+00 0.000000000000000000e+00
3.878936497624755564e+00 3.136135810641329069e+00 0.000000000000000000e+00 0.000000000000000000e+00 0.000000000000000000e+00
3.033613322988233829e+00 4.125709531700814559e+00 0.000000000000000000e+00 0.000000000000000000e+00 0.000000000000000000e+00
2.092967057913710960e+00 4.564495707943215130e+00 1.064294685757061210e-01 0.000000000000000000e+00 0.000000000000000000e+00
1.184813662287063529e+00 4.401807913780410253e+00 1.712345197556899068e+00 0.000000000000000000e+00 0.000000000000000000e+00
3.813298830901690195e-01 3.799700798482562369e+00 3.103302531319578783e+00 0.000000000000000000e+00 0.000000000000000000e+00
0.000000000000000000e+00 2.965671079121106501e+00 4.081375411082155402e+00 0.000000000000000000e+00 0.000000000000000000e+00
0.000000000000000000e+00 2.064410527141927965e+00 4.512411122510034289e+00 6.189821924259697461e-02 0.000000000000000000e+00
0.000000000000000000e+00 1.207750826948682743e+00 4.369819802186479585e+00 1.642505101691822400e+00 0.000000000000000000e+00
0.000000000000000000e+00 4.433481745399435181e-01 3.819152755706255675e+00 2.998637709737890678e+00 0.000000000000000000e+00
0.000000000000000000e+00 0.000000000000000000e+00 3.042981997760002777e+00 3.960837012249845301e+00 0.000000000000000000e+00
0.000000000000000000e+00 0.000000000000000000e+00 2.178508398545198954e+00 4.415226610134316054e+00 0.000000000000000000e+00
0.000000000000000000e+00 0.000000000000000000e+00 1.333738005295293183e+00 4.325580751024779680e+00 1.484515499550127293e+00
0.000000000000000000e+00 0.000000000000000000e+00 5.660844046066756396e-01 3.829598975483580858e+00 2.833133096283087848e+00
0.000000000000000000e+00 0.000000000000000000e+00 0.000000000000000000e+00 3.095293293902904530e+00 3.816318721950596071e+00
0.000000000000000000e+00 0.000000000000000000e+00 0.000000000000000000e+00 2.255303893829000650e+00 4.317838075811566867e+00
0.000000000000000000e+00 0.000000000000000000e+00 0.000000000000000000e+00 1.422389650838341346e+00 4.290302028953643543e+00
0.000000000000000000e+00 0.000000000000000000e+00 0.000000000000000000e+00 6.634873303556272361e-01 3.794099904917454857e+00
0.000000000000000000e+00 0.000000000000000000e+00 0.000000000000000000e+00 4.803975132167348505e-03 2.978259013865099281e+00
0.000000000000000000e+00 0.000000000000000000e+00 0.000000000000000000e+00 0.000000000000000000e+00 2.020211985182305270e+00
9.881560147878385436e-01 0.000000000000000000e+00 0.000000000000000000e+00 0.000000000000000000e+00 1.081977628787784917e+00
2.461036859104750896e+00 0.000000000000000000e+00 0.000000000000000000e+00 0.000000000000000000e+00 2.550737313711424203e-01
3.663948370841875413e+00 0.000000000000000000e+00 0.000000000000000000e+00 0.000000000000000000e+00 0.000000000000000000e+00
4.434155921054960814e+00 0.000000000000000000e+00 0.000000000000000000e+00 0.000000000000000000e+00 0.000000000000000000e+00
4.655324028159527394e+00 6.785560276113056233e-01 0.000000000000000000e+00 0.000000000000000000e+00 0.000000000000000000e+00
4.338141447023931008e+00 2.228998267046389703e+00 0.000000000000000000e+00 0.000000000000000000e+00 0.000000000000000000e+00
3.638819925484340967e+00 3.518064876391961082e+00 0.000000000000000000e+00 0.000000000000000000e+00 0.000000000000000000e+00
2.738124884473067677e+00 4.350773908058412687e+00 0.000000000000000000e+00 0.000000000000000000e+00 0.000000000000000000e+00
1.790986001560257890e+00 4.593447104436473083e+00 6.197528459576715498e-01 0.000000000000000000e+00 0.000000000000000000e+00
9.076484211270874347e-01 4.265435324558806585e+00 2.193683247099511568e+00 0.000000000000000000e+00 0.000000000000000000e+00
1.455686926968668971e-01 3.559252742171013839e+00 3.483108641094382563e+00 0.000000000000000000e+00 0.000000000000000000e+00
0.000000000000000000e+00 2.678771781963737553e+00 4.301612323356645007e+00 0.000000000000000000e+00 0.000000000000000000e+00
0.000000000000000000e+00 1.778884769860478610e+00 4.542759224274161234e+00 5.691683207183941828e-01 0.000000000000000000e+00
0.000000000000000000e+00 9.467169934306325363e-01 4.246641275672597970e+00 2.111647370149406733e+00 0.000000000000000000e+00
0.000000000000000000e+00 2.163952266441548922e-01 3.598619591930222850e+00 3.368286987132091514e+00 0.000000000000000000e+00
0.000000000000000000e+00 0.000000000000000000e+00 2.772598637276547873e+00 4.182544612525520122e+00 0.000000000000000000e+00
0.000000000000000000e+00 0.000000000000000000e+00 1.900796454216652887e+00 4.460741578270887686e+00 4.312784287274444850e-01
0.000000000000000000e+00 0.000000000000000000e+00 1.073519935987807372e+00 4.220694319307426667e+00 1.949843575073757274e+00
0.000000000000000000e+00 0.000000000000000000e+00 3.360966143193997446e-01 3.624132078790708977e+00 3.207076903113585509e+00
0.000000000000000000e+00 0.000000000000000000e+00 0.000000000000000000e+00 2.835047866021580099e+00 4.051122804879508266e+00
0.000000000000000000e+00 0.000000000000000000e+00 0.000000000000000000e+00 1.982929513790175902e+00 4.383136285487048589e+00
0.000000000000000000e+00 0.000000000000000000e+00 0.000000000000000000e+00 1.164934511568255449e+00 4.189836636843954132e+00
0.000000000000000000e+00 0.000000000000000000e+00 0.000000000000000000e+00 4.334879553043795020e-01 3.565984984869621233e+00
0.000000000000000000e+00 0.000000000000000000e+00 0.000000000000000000e+00 0.000000000000000000e+00 2.678242788242741312e+00
0.000000000000000000e+00 0.000000000000000000e+00 0.000000000000000000e+00 0.000000000000000000e+00 1.706600414268692578e+00
1.505591317610239122e+00 0.000000000000000000e+00 0.000000000000000000e+00 0.000000000000000000e+00 7.937115039372093506e-01
2.910721485678851028e+00 0.000000000000000000e+00 0.000000000000000000e+00 0.000000000000000000e+00 8.123837012076640107e-03
3.988221782302943552e+00 0.000000000000000000e+00 0.000000000000000000e+00 0.000000000000000000e+00 0.000000000000000000e+00
4.585175707347286966e+00 0.000000000000000000e+00 0.000000000000000000e+00 0.000000000000000000e+00 0.000000000000000000e+00
4.611152097561990182e+00 1.213842533988526373e+00 0.000000000000000000e+00 0.000000000000000000e+00 0.000000000000000000e+00
4.145269734969765807e+00 2.702615254745565743e+00 0.000000000000000000e+00 0.000000000000000000e+00 0.000000000000000000e+00
3.359484093292670615e+00 3.861568164387651159e+00 0.000000000000000000e+00 0.000000000000000000e+00 0.000000000000000000e+00
2.425337532661226092e+00 4.510330398098446381e+00 0.000000000000000000e+00 0.000000000000000000e+00 0.000000000000000000e+00
1.487429608787147695e+00 4.548169165754237575e+00 1.161776540004803682e+00 0.000000000000000000e+00 0.000000000000000000e+00
6.377238002578879961e-01 4.069264205112958166e+00 2.668176830919926967e+00 0.000000000000000000e+00 0.000000000000000000e+00
0.000000000000000000e+00 3.282776382643483704e+00 3.822309438986138730e+00 0.000000000000000000e+00 0.000000000000000000e+00
0.000000000000000000e+00 2.377605214539760148e+00 4.457895500537386368e+00 0.000000000000000000e+00 0.000000000000000000e+00
0.000000000000000000e+00 1.491484311230470539e+00 4.503313746854022526e+00 1.102424656122663604e+00 0.000000000000000000e+00
0.000000000000000000e+00 6.897775016901528389e-01 4.066655988801385568e+00 2.573923116090882424e+00 0.000000000000000000e+00
0.000000000000000000e+00 0.000000000000000000e+00 3.340716834902794918e+00 3.700834965578542413e+00 0.000000000000000000e+00
0.000000000000000000e+00 0.000000000000000000e+00 2.482580776923658750e+00 4.344702039120129200e+00 0.000000000000000000e+00
0.000000000000000000e+00 0.000000000000000000e+00 1.617034417752417630e+00 4.437436932287530666e+00 9.512898154444942023e-01
0.000000000000000000e+00 0.000000000000000000e+00 8.167212439288953352e-01 4.058497974216382254e+00 2.405753081915058544e+00
0.000000000000000000e+00 0.000000000000000000e+00 1.157197251814385819e-01 3.380673474211809637e+00 3.543170681460530158e+00
0.000000000000000000e+00 0.000000000000000000e+00 0.000000000000000000e+00 2.555079234465194915e+00 4.226490040613699151e+00
0.000000000000000000e+00 0.000000000000000000e+00 0.000000000000000000e+00 1.705081904363569656e+00 4.380004989778591096e+00
0.000000000000000000e+00 0.000000000000000000e+00 0.000000000000000000e+00 9.119743426639244088e-01 4.027665497703373454e+00
0.000000000000000000e+00 0.000000000000000000e+00 0.000000000000000000e+00 2.137957184897279206e-01 3.295058125253843784e+00
0.000000000000000000e+00 0.000000000000000000e+00 0.000000000000000000e+00 0.000000000000000000e+00 2.358541944269821666e+00
4.565672510008351725e-01 0.000000000000000000e+00 0.000000000000000000e+00 0.000000000000000000e+00 1.392691868543339373e+00
1.990239428514587017e+00 0.000000000000000000e+00 0.000000000000000000e+00 0.000000000000000000e+00 5.159806523693248881e-01
3.313445576132175052e+00 0.000000000000000000e+00 0.000000000000000000e+00 0.000000000000000000e+00 0.000000000000000000e+00
4.253267822769235096e+00 0.000000000000000000e+00 0.000000000000000000e+00 0.000000000000000000e+00 0.000000000000000000e+00
4.670162728232780225e+00 1.423360467045908795e-01 0.000000000000000000e+00 0.000000000000000000e+00 0.000000000000000000e+00
4.511552404993845578e+00 1.740816873053604441e+00 0.000000000000000000e+00 0.000000000000000000e+00 0.000000000000000000e+00
3.913240541665561789e+00 3.145090340849696631e+00 0.000000000000000000e+00 0.000000000000000000e+00 0.000000000000000000e+00
3.057673323854366743e+00 4.151593026379898355e+00 0.000000000000000000e+00 0.000000000000000000e+00 0.000000000000000000e+00
2.106647002306573313e+00 4.600268849743240906e+00 8.310713469398378628e-02 0.000000000000000000e+00 0.000000000000000000e+00
1.190093435033770630e+00 4.437268173950559280e+00 1.706102726178213569e+00 0.000000000000000000e+00 0.000000000000000000e+00
3.806393828569261117e-01 3.827777683738476266e+00 3.114350415595746213e+00 0.000000000000000000e+00 0.000000000000000000e+00
0.000000000000000000e+00 2.984169236407319570e+00 4.105968693217890930e+00 0.000000000000000000e+00 0.000000000000000000e+00
0.000000000000000000e+00 2.074170016426732044e+00 4.543947246453543087e+00 4.505623243928891242e-02 0.000000000000000000e+00
0.000000000000000000e+00 1.210788638847680732e+00 4.400079092091471189e+00 1.640264130199337700e+00 0.000000000000000000e+00
0.000000000000000000e+00 4.416336914902379007e-01 3.842867318064220328e+00 3.010427152020402453e+00 0.000000000000000000e+00
0.000000000000000000e+00 0.000000000000000000e+00 3.058526885617855129e+00 3.983239522923085918e+00 0.000000000000000000e+00
0.000000000000000000e+00 0.000000000000000000e+00 2.186492646448018551e+00 4.442802238973903250e+00 0.000000000000000000e+00
0.000000000000000000e+00 0.000000000000000000e+00 1.335725378585227441e+00 4.352154757220522363e+00 1.483424278702978327e+00
0.000000000000000000e+00 0.000000000000000000e+00 5.638736626306732891e-01 3.850358680614788476e+00 2.844194434036884100e+00
0.000000000000000000e+00 0.000000000000000000e+00 0.000000000000000000e+00 3.108520420715680466e+00 3.836514045883299140e+00
0.000000000000000000e+00 0.000000000000000000e+00 0.000000000000000000e+00 2.261704397043510895e+00 4.342252506867991357e+00
0.000000000000000000e+00 0.000000000000000000e+00 0.000000000000000000e+00 1.423478558360937729e+00 4.313533896820174185e+00
0.000000000000000000e+00 0.000000000000000000e+00 0.000000000000000000e+00 6.608825866761858236e-01 3.811838237165778853e+00
0.000000000000000000e+00 0.000000000000000000e+00 0.000000000000000000e+00 9.452545311194882061e-05 2.988385168165167638e+00
0.000000000000000000e+00 0.000000000000000000e+00 0.000000000000000000e+00 0.000000000000000000e+00 2.022902203364969509e+00
9.893952850652031339e-01 0.000000000000000000e+00 0.000000000000000000e+00 0.000000000000000000e+00 1.079025664482327063e+00
2.471735953384409878e+00 0.000000000000000000e+00 0.000000000000000000e+00 0.000000000000000000e+00 2.486543924493900271e-01
3.682415783071248061e+00 0.000000000000000000e+00 0.000000000000000000e+00 0.000000000000000000e+00 0.000000000000000000e+00
4.456851789461820701e+00 0.000000000000000000e+00 0.000000000000000000e+00 0.000000000000000000e+00 0.000000000000000000e+00
4.677436790176477288e+00 6.802046352605151114e-01 0.000000000000000000e+00 0.000000000000000000e+00 0.000000000000000000e+00
4.355086329197241035e+00 2.240017223136157032e+00 0.000000000000000000e+00 0.000000000000000000e+00 0.000000000000000000e+00
3.648339364102556548e+00 3.536610224998835150e+00 0.000000000000000000e+00 0.000000000000000000e+00 0.000000000000000000e+00
2.740514358207901680e+00 4.372694310189514155e+00 0.000000000000000000e+00 0.000000000000000000e+00 0.000000000000000000e+00
1.788020992480307880e+00 4.613358409429520357e+00 6.246419565089322834e-01 0.000000000000000000e+00 0.000000000000000000e+00
9.013965031376608428e-01 4.279122950813002646e+00 2.206963473241220441e+00 0.000000000000000000e+00 0.000000000000000000e+00
1.377800499883239382e-01 3.565492177110675343e+00 3.502164445733634057e+00 0.000000000000000000e+00 0.000000000000000000e+00
0.000000000000000000e+00 2.678690221125034743e+00 4.322157960943227017e+00 0.000000000000000000e+00 0.000000000000000000e+00
0.000000000000000000e+00 1.774589371257148107e+00 4.560143341924539406e+00 5.771050260450005798e-01 0.000000000000000000e+00
0.000000000000000000e+00 9.399681552440453114e-01 4.257939609530803082e+00 2.126244424589073034e+00 0.000000000000000000e+00
0.000000000000000000e+00 2.084745800811267091e-01 3.603282034830730396e+00 3.386926509982234546e+00 0.000000000000000000e+00
0.000000000000000000e+00 0.000000000000000000e+00 2.771606995517162275e+00 4.201579928528023089e+00 0.000000000000000000e+00
0.000000000000000000e+00 0.000000000000000000e+00 1.895921849072278453e+00 4.476296198462187625e+00 4.409384624275923259e-01
0.000000000000000000e+00 0.000000000000000000e+00 1.066358306452363847e+00 4.230389500057371244e+00 1.964998768680948915e+00
0.000000000000000000e+00 0.000000000000000000e+00 3.279067827819482361e-01 3.627552688843837192e+00 3.225324980891484561e+00
0.000000000000000000e+00 0.000000000000000000e+00 0.000000000000000000e+00 2.833132646638175434e+00 4.069152896480416892e+00
0.000000000000000000e+00 0.000000000000000000e+00 0.000000000000000000e+00 1.977424367015588658e+00 4.397431210474451291e+00
0.000000000000000000e+00 0.000000000000000000e+00 0.000000000000000000e+00 1.157422436497688834e+00 4.197901456912200402e+00
0.000000000000000000e+00 0.000000000000000000e+00 0.000000000000000000e+00 4.251498441003864759e-01 3.567116932314363886e+00
0.000000000000000000e+00 0.000000000000000000e+00 0.000000000000000000e+00 0.000000000000000000e+00 2.673410764416791263e+00
0.000000000000000000e+00 0.000000000000000000e+00 0.000000000000000000e+00 0.000000000000000000e+00 1.697913072367357001e+00
1.522991132967640437e+00 0.000000000000000000e+00 0.000000000000000000e+00 0.000000000000000000e+00 7.832446639834578228e-01
2.930708811046160989e+00 0.000000000000000000e+00 0.000000000000000000e+00 0.000000000000000000e+00 0.000000000000000000e+00
4.007915546090033310e+00 0.000000000000000000e+00 0.000000000000000000e+00 0.000000000000000000e+00 0.000000000000000000e+00
4.601104348199585914e+00 0.000000000000000000e+00 0.000000000000000000e+00 0.000000000000000000e+00 0.000000000000000000e+00
4.620154434081200634e+00 1.232102648274392642e+00 0.000000000000000000e+00 0.000000000000000000e+00 0.000000000000000000e+00
4.146800976970185459e+00 2.723525448671673121e+00 0.000000000000000000e+00 0.000000000000000000e+00 0.000000000000000000e+00
3.354745992369355445e+00 3.881700092212932773e+00 0.000000000000000000e+00 0.000000000000000000e+00 0.000000000000000000e+00
2.416353925610680520e+00 4.525698058790180056e+00 0.000000000000000000e+00 0.000000000000000000e+00 0.000000000000000000e+00
1.476415286289824547e+00 4.555569728194030610e+00 1.181938320123089747e+00 0.000000000000000000e+00 0.000000000000000000e+00
6.263546659849128506e-01 4.068824478220276930e+00 2.690033010049086570e+00 0.000000000000000000e+00 0.000000000000000000e+00
