0.000000000000000000e+00 0.000000000000000000e+00 0.000000000000000000e+00 0.000000000000000000e+00 0.000000000000000000e+00
0.000000000000000000e+00 0.000000000000000000e+00 0.000000000000000000e+00 0.000000000000000000e+00 0.000000000000000000e+00
0.000000000000000000e+00 0.000000000000000000e+00 0.000000000000000000e+00 0.000000000000000000e+00 0.000000000000000000e+00
0.000000000000000000e+00 0.000000000000000000e+00 0.000000000000000000e+00 0.000000000000000000e+00 0.000000000000000000e+00
0.000000000000000000e+00 0.000000000000000000e+00 0.000000000000000000e+00 0.000000000000000000e+00 0.000000000000000000e+00
0.000000000000000000e+00 0.000000000000000000e+00 0.000000000000000000e+00 0.000000000000000000e+00 0.000000000000000000e+00
0.000000000000000000e+00 0.000000000000000000e+00 0.000000000000000000e+00 0.000000000000000000e+00 0.000000000000000000e+00
0.000000000000000000e+00 0.000000000000000000e+00 0.000000000000000000e+00 0.000000000000000000e+00 0.000000000000000000e+00
0.000000000000000000e+00 0.000000000000000000e+00 0.000000000000000000e+00 0.000000000000000000e+00 0.000000000000000000e+00
0.000000000000000000e+00 0.000000000000000000e+00 0.000000000000000000e+00 0.000000000000000000e+00 0.000000000000000000e+00
0.000000000000000000e+00 0.000000000000000000e+00 0.000000000000000000e+00 0.000000000000000000e+00 0.000000000000000000e+00
0.000000000000000000e+00 0.000000000000000000e+00 0.000000000000000000e+00 0.000000000000000000e+00 0.000000000000000000e+00
0.000000000000000000e+00 0.000000000000000000e+00 0.000000000000000000e+00 0.000000000000000000e+00 0.000000000000000000e+00
0.000000000000000000e+00 0.000000000000000000e+00 0.000000000000000000e+00 0.000000000000000000e+00 0.000000000000000000e+00
0.000000000000000000e+00 0.000000000000000000e+00 0.000000000000000000e+00 0.000000000000000000e+00 0.000000000000000000e+00
0.000000000000000000e+00 0.000000000000000000e+00 0.000000000000000000e+00 0.000000000000000000e+00 0.000000000000000000e+00
0.000000000000000000e+00 0.000000000000000000e+00 0.000000000000000000e+00 0.000000000000000000e+00 0.000000000000000000e+00
0.000000000000000000e+00 0.000000000000000000e+00 0.000000000000000000e+00 0.000000000000000000e+00 0.000000000000000000e+00
0.000000000000000000e+00 0.000000000000000000e+00 0.000000000000000000e+00 0.000000000000000000e+00 0.000000000000000000e+00
0.000000000000000000e+00 0.000000000000000000e+00 0.000000000000000000e+00 0.000000000000000000e+00 0.000000000000000000e+00
0.000000000000000000e+00 0.000000000000000000e+00 0.000000000000000000e+00 0.000000000000000000e+00 0.000000000000000000e+00
0.000000000000000000e+00 0.000000000000000000e+00 0.000000000000000000e+00 0.000000000000000000e+00 0.000000000000000000e+00
0.000000000000000000e+00 0.000000000000000000e+00 0.000000000000000000e+00 0.000000000000000000e+00 0.000000000000000000e+00
0.000000000000000000e+00 0.000000000000000000e+00 0.000000000000000000e+00 0.000000000000000000e+00 0.000000000000000000e+00
0.000000000000000000e+00 0.000000000000000000e+00 0.000000000000000000e+00 0.000000000000000000e+00 0.000000000000000000e+00
0.000000000000000000e+00 0.000000000000000000e+00 0.000000000000000000e+00 0.000000000000000000e+00 0.000000000000000000e+00
0.000000000000000000e+00 0.000000000000000000e+00 0.000000000000000000e+00 0.000000000000000000e+00 0.000000000000000000e+00
0.000000000000000000e+00 0.000000000000000000e+00 0.000000000000000000e+00 0.000000000000000000e+00 0.000000000000000000e+00
0.000000000000000000e+00 0.000000000000000000e+00 0.000000000000000000e+00 0.000000000000000000e+00 0.000000000000000000e+00
0.000000000000000000e+00 0.000000000000000000e+00 0.000000000000000000e+00 0.000000000000000000e+00 0.000000000000000000e+00
0.000000000000000000e+00 0.000000000000000000e+00 0.000000000000000000e+00 0.000000000000000000e+00 0.000000000000000000e+00
0.000000000000000000e+00 0.000000000000000000e+00 0.000000000000000000e+00 0.000000000000000000e+00 0.000000000000000000e+00
0.000000000000000000e+00 0.000000000000000000e+00 0.000000000000000000e+00 0.000000000000000000e+00 0.000000000000000000e+00
0.000000000000000000e+00 0.000000000000000000e+00 0.000000000000000000e+00 0.000000000000000000e+00 0.000000000000000000e+00
0.000000000000000000e+00 0.000000000000000000e+00 0.000000000000000000e+00 0.000000000000000000e+00 0.000000000000000000e+00
0.000000000000000000e+00 0.000000000000000000e+00 0.000000000000000000e+00 0.000000000000000000e+00 0.000000000000000000e+00
0.000000000000000000e+00 0.000000000000000000e+00 0.000000000000000000e+00 0.000000000000000000e+00 0.000000000000000000e+00
0.000000000000000000e+00 0.000000000000000000e+00 0.000000000000000000e+00 0.000000000000000000e+00 0.000000000000000000e+00
0.000000000000000000e+00 0.000000000000000000e+00 0.000000000000000000e+00 0.000000000000000000e+00 0.000000000000000000e+00
0.000000000000000000e+00 0.000000000000000000e+00 0.000000000000000000e+00 0.000000000000000000e+00 0.000000000000000000e+00
0.000000000000000000e+00 0.000000000000000000e+00 0.000000000000000000e+00 0.000000000000000000e+00 0.000000000000000000e+00
0.000000000000000000e+00 0.000000000000000000e+00 0.000000000000000000e+00 0.000000000000000000e+00 0.000000000000000000e+00
0.000000000000000000e+00 0.000000000000000000e+00 0.000000000000000000e+00 0.000000000000000000e+00 0.000000000000000000e+00
0.000000000000000000e+00 0.000000000000000000e+00 0.000000000000000000e+00 0.000000000000000000e+00 0.000000000000000000e+00
0.000000000000000000e+00 0.000000000000000000e+00 0.000000000000000000e+00 0.000000000000000000e+00 0.000000000000000000e+00
0.000000000000000000e+00 0.000000000000000000e+00 0.000000000000000000e+00 0.000000000000000000e+00 0.000000000000000000e+00
0.000000000000000000e+00 0.000000000000000000e+00 0.000000000000000000e+00 0.000000000000000000e+00 0.000000000000000000e+00
0.000000000000000000e+00 0.000000000000000000e+00 0.000000000000000000e+00 0.000000000000000000e+00 0.000000000000000000e+00
0.000000000000000000e+00 0.000000000000000000e+00 0.000000000000000000e+00 0.000000000000000000e+00 0.000000000000000000e+00
0.000000000000000000e+00 0.000000000000000000e+00 0.000000000000000000e+00 0.000000000000000000e+00 0.000000000000000000e+00
0.000000000000000000e+00 0.000000000000000000e+00 0.000000000000000000e+00 0.000000000000000000e+00 0.000000000000000000e+00
0.000000000000000000e+00 0.000000000000000000e+00 0.000000000000000000e+00 0.000000000000000000e+00 0.000000000000000000e+00
0.000000000000000000e+00 0.000000000000000000e+00 0.000000000000000000e+00 0.000000000000000000e+00 0.000000000000000000e+00
0.000000000000000000e+00 0.000000000000000000e+00 0.000000000000000000e+00 0.000000000000000000e+00 0.000000000000000000e+00
0.000000000000000000e+00 0.000000000000000000e+00 0.000000000000000000e+00 0.000000000000000000e+00 0.000000000000000000e+00
0.000000000000000000e+00 0.000000000000000000e+00 0.000000000000000000e+00 0.000000000000000000e+00 0.000000000000000000e+00
0.000000000000000000e+00 0.000000000000000000e+00 0.000000000000000000e+00 0.000000000000000000e+00 0.000000000000000000e+00
0.000000000000000000e+00 0.000000000000000000e+00 0.000000000000000000e+00 0.000000000000000000e+00 0.000000000000000000e+00
0.000000000000000000e+00 0.000000000000000000e+00 0.000000000000000000e+00 0.000000000000000000e+00 0.000000000000000000e+00
0.000000000000000000e+00 0.000000000000000000e+00 0.000000000000000000e+00 0.000000000000000000e+00 0.000000000000000000e+00
0.000000000000000000e+00 0.000000000000000000e+00 0.000000000000000000e+00 0.000000000000000000e+00 0.000000000000000000e+00
0.000000000000000000e+00 0.000000000000000000e+00 0.000000000000000000e+00 0.000000000000000000e+00 0.000000000000000000e+00
0.000000000000000000e+00 0.000000000000000000e+00 0.000000000000000000e+00 0.000000000000000000e+00 0.000000000000000000e+00
0.000000000000000000e+00 0.000000000000000000e+00 0.000000000000000000e+00 0.000000000000000000e+00 0.000000000000000000e+00
0.000000000000000000e+00 0.000000000000000000e+00 0.000000000000000000e+00 0.000000000000000000e+00 0.000000000000000000e+00
0.000000000000000000e+00 0.000000000000000000e+00 0.000000000000000000e+00 0.000000000000000000e+00 0.000000000000000000e+00
0.000000000000000000e+00 0.000000000000000000e+00 0.000000000000000000e+00 0.000000000000000000e+00 0.000000000000000000e+00
0.000000000000000000e+00 0.000000000000000000e+00 0.000000000000000000e+00 0.000000000000000000e+00 0.000000000000000000e+00
0.000000000000000000e+00 0.000000000000000000e+00 0.000000000000000000e+00 0.000000000000000000e+00 0.000000000000000000e+00
0.000000000000000000e+00 0.000000000000000000e+00 0.000000000000000000e+00 0.000000000000000000e+00 0.000000000000000000e+00
0.000000000000000000e+00 0.000000000000000000e+00 0.000000000000000000e+00 0.000000000000000000e+00 0.000000000000000000e+00
0.000000000000000000e+00 0.000000000000000000e+00 0.000000000000000000e+00 0.000000000000000000e+00 0.000000000000000000e+00
0.000000000000000000e+00 0.000000000000000000e+00 0.000000000000000000e+00 0.000000000000000000e+00 0.000000000000000000e+00
0.000000000000000000e+00 0.000000000000000000e+00 0.000000000000000000e+00 0.000000000000000000e+00 0.000000000000000000e+00
0.000000000000000000e+00 0.000000000000000000e+00 0.000000000000000000e+00 0.000000000000000000e+00 0.000000000000000000e+00
0.000000000000000000e+00 0.000000000000000000e+00 0.000000000000000000e+00 0.000000000000000000e+00 0.000000000000000000e+00
0.000000000000000000e+00 0.000000000000000000e+00 0.000000000000000000e+00 0.000000000000000000e+00 0.000000000000000000e+00
0.000000000000000000e+00 0.000000000000000000e+00 0.000000000000000000e+00 0.000000000000000000e+00 0.000000000000000000e+00
0.000000000000000000e+00 0.000000000000000000e+00 0.000000000000000000e+00 0.000000000000000000e+00 0.000000000000000000e+00
0.000000000000000000e+00 0.000000000000000000e+00 0.000000000000000000e+00 0.000000000000000000e+00 0.000000000000000000e+00
0.000000000000000000e+00 0.000000000000000000e+00 0.000000000000000000e+00 0.000000000000000000e+00 0.000000000000000000e+00
0.000000000000000000e+00 0.000000000000000000e+00 0.000000000000000000e+00 0.000000000000000000e+00 0.000000000000000000e+00
0.000000000000000000e+00 0.000000000000000000e+00 0.000000000000000000e+00 0.000000000000000000e+00 0.000000000000000000e+00
0.000000000000000000e+00 0.000000000000000000e+00 0.000000000000000000e+00 0.000000000000000000e+00 0.000000000000000000e+00
0.000000000000000000e+00 0.000000000000000000e+00 0.000000000000000000e+00 0.000000000000000000e+00 0.000000000000000000e+00
0.000000000000000000e+00 0.000000000000000000e+00 0.000000000000000000e+00 0.000000000000000000e+00 0.000000000000000000e+00
0.000000000000000000e+00 0.000000000000000000e+00 0.000000000000000000e+00 0.000000000000000000e+00 0.000000000000000000e+00
0.000000000000000000e+00 0.000000000000000000e+00 0.000000000000000000e+00 0.000000000000000000e+00 0.000000000000000000e+00
0.000000000000000000e+00 0.000000000000000000e+00 0.000000000000000000e+00 0.000000000000000000e+00 0.000000000000000000e+00
0.000000000000000000e+00 0.000000000000000000e+00 0.000000000000000000e+00 0.000000000000000000e+00 0.000000000000000000e+00
0.000000000000000000e+00 0.000000000000000000e+00 0.000000000000000000e+00 0.000000000000000000e+00 0.000000000000000000e+00
0.000000000000000000e+00 0.000000000000000000e+00 0.000000000000000000e+00 0.000000000000000000e+00 0.000000000000000000e+00
0.000000000000000000e+00 0.000000000000000000e+00 0.000000000000000000e+00 0.000000000000000000e+00 0.000000000000000000e+00
0.000000000000000000e+00 0.000000000000000000e+00 0.000000000000000000e+00 0.000000000000000000e+00 0.000000000000000000e+00
0.000000000000000000e+00 0.000000000000000000e+00 0.000000000000000000e+00 0.000000000000000000e+00 0.000000000000000000e+00
0.000000000000000000e+00 0.000000000000000000e+00 0.000000000000000000e+00 0.000000000000000000e+00 0.000000000000000000e+00
0.000000000000000000e+00 0.000000000000000000e+00 0.000000000000000000e+00 0.000000000000000000e+00 0.000000000000000000e+00
0.000000000000000000e+00 0.000000000000000000e+00 0.000000000000000000e+00 0.000000000000000000e+00 0.000000000000000000e+00
0.000000000000000000e+00 0.000000000000000000e+00 0.000000000000000000e+00 0.000000000000000000e+00 0.000000000000000000e+00
0.000000000000000000e+00 0.000000000000000000e+00 0.000000000000000000e+00 0.000000000000000000e+00 0.000000000000000000e+00
0.000000000000000000e+00 0.000000000000000000e+00 0.000000000000000000e+00 0.000000000000000000e+00 0.000000000000000000e+00
0.000000000000000000e+00 0.000000000000000000e+00 0.000000000000000000e+00 0.000000000000000000e+00 0.000000000000000000e+00
0.000000000000000000e+00 0.000000000000000000e+00 0.000000000000000000e+00 0.000000000000000000e+00 0.000000000000000000e+00
0.000000000000000000e+00 0.000000000000000000e+00 0.000000000000000000e+00 0.000000000000000000e+00 0.000000000000000000e+00
0.000000000000000000e+00 0.000000000000000000e+00 0.000000000000000000e+00 0.000000000000000000e+00 0.000000000000000000e+00
0.000000000000000000e+00 0.000000000000000000e+00 0.000000000000000000e+00 0.000000000000000000e+00 0.000000000000000000e+00
0.000000000000000000e+00 0.000000000000000000e+00 0.000000000000000000e+00 0.000000000000000000e+00 0.000000000000000000e+00
0.000000000000000000e+00 0.000000000000000000e+00 0.000000000000000000e+00 0.000000000000000000e+00 0.000000000000000000e+00
0.000000000000000000e+00 0.000000000000000000e+00 0.000000000000000000e+00 0.000000000000000000e+00 0.000000000000000000e+00
0.000000000000000000e+00 0.000000000000000000e+00 0.000000000000000000e+00 0.000000000000000000e+00 0.000000000000000000e+00
0.000000000000000000e+00 0.000000000000000000e+00 0.000000000000000000e+00 0.000000000000000000e+00 0.000000000000000000e+00
0.000000000000000000e+00 0.000000000000000000e+00 0.000000000000000000e+00 0.000000000000000000e+00 0.000000000000000000e+00
0.000000000000000000e+00 0.000000000000000000e+00 0.000000000000000000e+00 0.000000000000000000e+00 0.000000000000000000e+00
0.000000000000000000e+00 0.000000000000000000e+00 0.000000000000000000e+00 0.000000000000000000e+00 0.000000000000000000e+00
0.000000000000000000e+00 0.000000000000000000e+00 0.000000000000000000e+00 0.000000000000000000e+00 0.000000000000000000e+00
0.000000000000000000e+00 0.000000000000000000e+00 0.000000000000000000e+00 0.000000000000000000e+00 0.000000000000000000e+00
0.000000000000000000e+00 0.000000000000000000e+00 0.000000000000000000e+00 0.000000000000000000e+00 0.000000000000000000e+00
0.000000000000000000e+00 0.000000000000000000e+00 0.000000000000000000e+00 0.000000000000000000e+00 0.000000000000000000e+00
0.000000000000000000e+00 0.000000000000000000e+00 0.000000000000000000e+00 0.000000000000000000e+00 0.000000000000000000e+00
0.000000000000000000e+00 0.000000000000000000e+00 0.000000000000000000e+00 0.000000000000000000e+00 0.000000000000000000e+00
0.000000000000000000e+00 0.000000000000000000e+00 0.000000000000000000e+00 0.000000000000000000e+00 0.000000000000000000e+00
0.000000000000000000e+00 0.000000000000000000e+00 0.000000000000000000e+00 0.000000000000000000e+00 0.000000000000000000e+00
0.000000000000000000e+00 0.000000000000000000e+00 0.000000000000000000e+00 0.000000000000000000e+00 0.000000000000000000e+00
0.000000000000000000e+00 0.000000000000000000e+00 0.000000000000000000e+00 0.000000000000000000e+00 0.000000000000000000e+00
0.000000000000000000e+00 0.000000000000000000e+00 0.000000000000000000e+00 0.000000000000000000e+00 0.000000000000000000e+00
0.000000000000000000e+00 0.000000000000000000e+00 0.000000000000000000e+00 0.000000000000000000e+00 0.000000000000000000e+00
0.000000000000000000e+00 0.000000000000000000e+00 0.000000000000000000e+00 0.000000000000000000e+00 0.000000000000000000e+00
0.000000000000000000e+00 0.000000000000000000e+00 0.000000000000000000e+00 0.000000000000000000e+00 0.000000000000000000e+00
0.000000000000000000e+00 0.000000000000000000e+00 0.000000000000000000e+00 0.000000000000000000e+00 0.000000000000000000e+00
0.000000000000000000e+00 0.000000000000000000e+00 0.000000000000000000e+00 0.000000000000000000e+00 0.000000000000000000e+00
0.000000000000000000e+00 0.000000000000000000e+00 0.000000000000000000e+00 0.000000000000000000e+00 0.000000000000000000e+00
0.000000000000000000e+00 0.000000000000000000e+00 0.000000000000000000e+00 0.000000000000000000e+00 0.000000000000000000e+00
0.000000000000000000e+00 0.000000000000000000e+00 0.000000000000000000e+00 0.000000000000000000e+00 0.000000000000000000e+00
0.000000000000000000e+00 0.000000000000000000e+00 0.000000000000000000e+00 0.000000000000000000e+00 0.000000000000000000e+00
0.000000000000000000e+00 0.000000000000000000e+00 0.000000000000000000e+00 0.000000000000000000e+00 0.000000000000000000e+00
0.000000000000000000e+00 0.000000000000000000e+00 0.000000000000000000e+00 0.000000000000000000e+00 0.000000000000000000e+00
0.000000000000000000e+00 0.000000000000000000e+00 0.000000000000000000e+00 0.000000000000000000e+00 0.000000000000000000e+00
0.000000000000000000e+00 0.000000000000000000e+00 0.000000000000000000e+00 0.000000000000000000e+00 0.000000000000000000e+00
0.000000000000000000e+00 0.000000000000000000e+00 0.000000000000000000e+00 0.000000000000000000e+00 0.000000000000000000e+00
0.000000000000000000e+00 0.000000000000000000e+00 0.000000000000000000e+00 0.000000000000000000e+00 0.000000000000000000e+00
0.000000000000000000e+00 0.000000000000000000e+00 0.000000000000000000e+00 0.000000000000000000e+00 0.000000000000000000e+00
0.000000000000000000e+00 0.000000000000000000e+00 0.000000000000000000e+00 0.000000000000000000e+00 0.000000000000000000e+00
0.000000000000000000e+00 0.000000000000000000e+00 0.000000000000000000e+00 0.000000000000000000e+00 0.000000000000000000e+00
0.000000000000000000e+00 0.000000000000000000e+00 0.000000000000000000e+00 0.000000000000000000e+00 0.000000000000000000e+00
0.000000000000000000e+00 0.000000000000000000e+00 0.000000000000000000e+00 0.000000000000000000e+00 0.000000000000000000e+00
0.000000000000000000e+00 0.000000000000000000e+00 0.000000000000000000e+00 0.000000000000000000e+00 0.000000000000000000e+00
0.000000000000000000e+00 0.000000000000000000e+00 0.000000000000000000e+00 0.000000000000000000e+00 0.000000000000000000e+00
0.000000000000000000e+00 0.000000000000000000e+00 0.000000000000000000e+00 0.000000000000000000e+00 0.000000000000000000e+00
0.000000000000000000e+00 0.000000000000000000e+00 0.000000000000000000e+00 0.000000000000000000e+00 0.000000000000000000e+00
0.000000000000000000e+00 0.000000000000000000e+00 0.000000000000000000e+00 0.000000000000000000e+00 0.000000000000000000e+00
0.000000000000000000e+00 0.000000000000000000e+00 0.000000000000000000e+00 0.000000000000000000e+00 0.000000000000000000e+00
0.000000000000000000e+00 0.000000000000000000e+00 0.000000000000000000e+00 0.000000000000000000e+00 0.000000000000000000e+00
0.000000000000000000e+00 0.000000000000000000e+00 0.000000000000000000e+00 0.000000000000000000e+00 0.000000000000000000e+00
0.000000000000000000e+00 0.000000000000000000e+00 0.000000000000000000e+00 0.000000000000000000e+00 0.000000000000000000e+00
0.000000000000000000e+00 0.000000000000000000e+00 0.000000000000000000e+00 0.000000000000000000e+00 0.000000000000000000e+00
0.000000000000000000e+00 0.000000000000000000e+00 0.000000000000000000e+00 0.000000000000000000e+00 0.000000000000000000e+00
0.000000000000000000e+00 0.000000000000000000e+00 0.000000000000000000e+00 0.000000000000000000e+00 0.000000000000000000e+00
0.000000000000000000e+00 0.000000000000000000e+00 0.000000000000000000e+00 0.000000000000000000e+00 0.000000000000000000e+00
0.000000000000000000e+00 0.000000000000000000e+00 0.000000000000000000e+00 0.000000000000000000e+00 0.000000000000000000e+00
0.000000000000000000e+00 0.000000000000000000e+00 0.000000000000000000e+00 0.000000000000000000e+00 0.000000000000000000e+00
0.000000000000000000e+00 0.000000000000000000e+00 0.000000000000000000e+00 0.000000000000000000e+00 0.000000000000000000e+00
0.000000000000000000e+00 0.000000000000000000e+00 0.000000000000000000e+00 0.000000000000000000e+00 0.000000000000000000e+00
0.000000000000000000e+00 0.000000000000000000e+00 0.000000000000000000e+00 0.000000000000000000e+00 0.000000000000000000e+00
0.000000000000000000e+00 0.000000000000000000e+00 0.000000000000000000e+00 0.000000000000000000e+00 0.000000000000000000e+00
0.000000000000000000e+00 0.000000000000000000e+00 0.000000000000000000e+00 0.000000000000000000e+00 0.000000000000000000e+00
0.000000000000000000e+00 0.000000000000000000e+00 0.000000000000000000e+00 0.000000000000000000e+00 0.000000000000000000e+00
0.000000000000000000e+00 0.000000000000000000e+00 0.000000000000000000e+00 0.000000000000000000e+00 0.000000000000000000e+00
0.000000000000000000e+00 0.000000000000000000e+00 0.000000000000000000e+00 0.000000000000000000e+00 0.000000000000000000e+00
0.000000000000000000e+00 0.000000000000000000e+00 0.000000000000000000e+00 0.000000000000000000e+00 0.000000000000000000e+00
0.000000000000000000e+00 0.000000000000000000e+00 0.000000000000000000e+00 0.000000000000000000e+00 0.000000000000000000e+00
0.000000000000000000e+00 0.000000000000000000e+00 0.000000000000000000e+00 0.000000000000000000e+00 0.000000000000000000e+00
0.000000000000000000e+00 0.000000000000000000e+00 0.000000000000000000e+00 0.000000000000000000e+00 0.000000000000000000e+00
0.000000000000000000e+00 0.000000000000000000e+00 0.000000000000000000e+00 0.000000000000000000e+00 0.000000000000000000e+00
0.000000000000000000e+00 0.000000000000000000e+00 0.000000000000000000e+00 0.000000000000000000e+00 0.000000000000000000e+00
0.000000000000000000e+00 0.000000000000000000e+00 0.000000000000000000e+00 0.000000000000000000e+00 0.000000000000000000e+00
0.000000000000000000e+00 0.000000000000000000e+00 0.000000000000000000e+00 0.000000000000000000e+00 0.000000000000000000e+00
0.000000000000000000e+00 0.000000000000000000e+00 0.000000000000000000e+00 0.000000000000000000e+00 0.000000000000000000e+00
0.000000000000000000e+00 0.000000000000000000e+00 0.000000000000000000e+00 0.000000000000000000e+00 0.000000000000000000e+00
0.000000000000000000e+00 0.000000000000000000e+00 0.000000000000000000e+00 0.000000000000000000e+00 0.000000000000000000e+00
0.000000000000000000e+00 0.000000000000000000e+00 0.000000000000000000e+00 0.000000000000000000e+00 0.000000000000000000e+00
0.000000000000000000e+00 0.000000000000000000e+00 0.000000000000000000e+00 0.000000000000000000e+00 0.000000000000000000e+00
0.000000000000000000e+00 0.000000000000000000e+00 0.000000000000000000e+00 0.000000000000000000e+00 0.000000000000000000e+00
0.000000000000000000e+00 0.000000000000000000e+00 0.000000000000000000e+00 0.000000000000000000e+00 0.000000000000000000e+00
0.000000000000000000e+00 0.000000000000000000e+00 0.000000000000000000e+00 0.000000000000000000e+00 0.000000000000000000e+00
0.000000000000000000e+00 0.000000000000000000e+00 0.000000000000000000e+00 0.000000000000000000e+00 0.000000000000000000e+00
0.000000000000000000e+00 0.000000000000000000e+00 0.000000000000000000e+00 0.000000000000000000e+00 0.000000000000000000e+00
0.000000000000000000e+00 0.000000000000000000e+00 0.000000000000000000e+00 0.000000000000000000e+00 0.000000000000000000e+00
0.000000000000000000e+00 0.000000000000000000e+00 0.000000000000000000e+00 0.000000000000000000e+00 0.000000000000000000e+00
0.000000000000000000e+00 0.000000000000000000e+00 0.000000000000000000e+00 0.000000000000000000e+00 0.000000000000000000e+00
0.000000000000000000e+00 0.000000000000000000e+00 0.000000000000000000e+00 0.000000000000000000e+00 0.000000000000000000e+00
0.000000000000000000e+00 0.000000000000000000e+00 0.000000000000000000e+00 0.000000000000000000e+00 0.000000000000000000e+00
0.000000000000000000e+00 0.000000000000000000e+00 0.000000000000000000e+00 0.000000000000000000e+00 0.000000000000000000e+00
0.000000000000000000e+00 0.000000000000000000e+00 0.000000000000000000e+00 0.000000000000000000e+00 0.000000000000000000e+00
0.000000000000000000e+00 0.000000000000000000e+00 0.000000000000000000e+00 0.000000000000000000e+00 0.000000000000000000e+00
0.000000000000000000e+00 0.000000000000000000e+00 0.000000000000000000e+00 0.000000000000000000e+00 0.000000000000000000e+00
0.000000000000000000e+00 0.000000000000000000e+00 0.000000000000000000e+00 0.000000000000000000e+00 0.000000000000000000e+00
0.000000000000000000e+00 0.000000000000000000e+00 0.000000000000000000e+00 0.000000000000000000e+00 0.000000000000000000e+00
0.000000000000000000e+00 0.000000000000000000e+00 0.000000000000000000e+00 0.000000000000000000e+00 0.000000000000000000e+00
0.000000000000000000e+00 0.000000000000000000e+00 0.000000000000000000e+00 0.000000000000000000e+00 0.000000000000000000e+00
0.000000000000000000e+00 0.000000000000000000e+00 0.000000000000000000e+00 0.000000000000000000e+00 0.000000000000000000e+00
0.000000000000000000e+00 0.000000000000000000e+00 0.000000000000000000e+00 0.000000000000000000e+00 0.000000000000000000e+00
0.000000000000000000e+00 0.000000000000000000e+00 0.000000000000000000e+00 0.000000000000000000e+00 0.000000000000000000e+00
0.000000000000000000e+00 0.000000000000000000e+00 0.000000000000000000e+00 0.000000000000000000e+00 0.000000000000000000e+00
0.000000000000000000e+00 0.000000000000000000e+00 0.000000000000000000e+00 0.000000000000000000e+00 0.000000000000000000e+00
0.000000000000000000e+00 0.000000000000000000e+00 0.000000000000000000e+00 0.000000000000000000e+00 0.000000000000000000e+00
0.000000000000000000e+00 0.000000000000000000e+00 0.000000000000000000e+00 0.000000000000000000e+00 0.000000000000000000e+00
0.000000000000000000e+00 0.000000000000000000e+00 0.000000000000000000e+00 0.000000000000000000e+00 0.000000000000000000e+00
0.000000000000000000e+00 0.000000000000000000e+00 0.000000000000000000e+00 0.000000000000000000e+00 0.000000000000000000e+00
0.000000000000000000e+00 0.000000000000000000e+00 0.000000000000000000e+00 0.000000000000000000e+00 0.000000000000000000e+00
0.000000000000000000e+00 0.000000000000000000e+00 0.000000000000000000e+00 0.000000000000000000e+00 0.000000000000000000e+00
0.000000000000000000e+00 0.000000000000000000e+00 0.000000000000000000e+00 0.000000000000000000e+00 0.000000000000000000e+00
0.000000000000000000e+00 0.000000000000000000e+00 0.000000000000000000e+00 0.000000000000000000e+00 0.000000000000000000e+00
0.000000000000000000e+00 0.000000000000000000e+00 0.000000000000000000e+00 0.000000000000000000e+00 0.000000000000000000e+00
0.000000000000000000e+00 0.000000000000000000e+00 0.000000000000000000e+00 0.000000000000000000e+00 0.000000000000000000e+00
0.000000000000000000e+00 0.000000000000000000e+00 0.000000000000000000e+00 0.000000000000000000e+00 0.000000000000000000e+00
0.000000000000000000e+00 0.000000000000000000e+00 0.000000000000000000e+00 0.000000000000000000e+00 0.000000000000000000e+00
0.000000000000000000e+00 0.000000000000000000e+00 0.000000000000000000e+00 0.000000000000000000e+00 0.000000000000000000e+00
0.000000000000000000e+00 0.000000000000000000e+00 0.000000000000000000e+00 0.000000000000000000e+00 0.000000000000000000e+00
0.000000000000000000e+00 0.000000000000000000e+00 0.000000000000000000e+00 0.000000000000000000e+00 0.000000000000000000e+00
0.000000000000000000e+00 0.000000000000000000e+00 0.000000000000000000e+00 0.000000000000000000e+00 0.000000000000000000e+00
0.000000000000000000e+00 0.000000000000000000e+00 0.000000000000000000e+00 0.000000000000000000e+00 0.000000000000000000e+00
0.000000000000000000e+00 0.000000000000000000e+00 0.000000000000000000e+00 0.000000000000000000e+00 0.000000000000000000e+00
0.000000000000000000e+00 0.000000000000000000e+00 0.000000000000000000e+00 0.000000000000000000e+00 0.000000000000000000e+00
0.000000000000000000e+00 0.000000000000000000e+00 0.000000000000000000e+00 0.000000000000000000e+00 0.000000000000000000e+00
0.000000000000000000e+00 0.000000000000000000e+00 0.000000000000000000e+00 0.000000000000000000e+00 0.000000000000000000e+00
0.000000000000000000e+00 0.000000000000000000e+00 0.000000000000000000e+00 0.000000000000000000e+00 0.000000000000000000e+00
0.000000000000000000e+00 0.000000000000000000e+00 0.000000000000000000e+00 0.000000000000000000e+00 0.000000000000000000e+00
0.000000000000000000e+00 0.000000000000000000e+00 0.000000000000000000e+00 0.000000000000000000e+00 0.000000000000000000e+00
0.000000000000000000e+00 0.000000000000000000e+00 0.000000000000000000e+00 0.000000000000000000e+00 0.000000000000000000e+00
0.000000000000000000e+00 0.000000000000000000e+00 0.000000000000000000e+00 0.000000000000000000e+00 0.000000000000000000e+00
0.000000000000000000e+00 0.000000000000000000e+00 0.000000000000000000e+00 0.000000000000000000e+00 0.000000000000000000e+00
0.000000000000000000e+00 0.000000000000000000e+00 0.000000000000000000e+00 0.000000000000000000e+00 0.000000000000000000e+00
0.000000000000000000e+00 0.000000000000000000e+00 0.000000000000000000e+00 0.000000000000000000e+00 0.000000000000000000e+00
0.000000000000000000e+00 0.000000000000000000e+00 0.000000000000000000e+00 0.000000000000000000e+00 0.000000000000000000e+00
0.000000000000000000e+00 0.000000000000000000e+00 0.000000000000000000e+00 0.000000000000000000e+00 0.000000000000000000e+00
0.000000000000000000e+00 0.000000000000000000e+00 0.000000000000000000e+00 0.000000000000000000e+00 0.000000000000000000e+00
0.000000000000000000e+00 0.000000000000000000e+00 0.000000000000000000e+00 0.000000000000000000e+00 0.000000000000000000e+00
0.000000000000000000e+00 0.000000000000000000e+00 0.000000000000000000e+00 0.000000000000000000e+00 0.000000000000000000e+00
0.000000000000000000e+00 0.000000000000000000e+00 0.000000000000000000e+00 0.000000000000000000e+00 0.000000000000000000e+00
0.000000000000000000e+00 0.000000000000000000e+00 0.000000000000000000e+00 0.000000000000000000e+00 0.000000000000000000e+00
0.000000000000000000e+00 0.000000000000000000e+00 0.000000000000000000e+00 0.000000000000000000e+00 0.000000000000000000e+00
0.000000000000000000e+00 0.000000000000000000e+00 0.000000000000000000e+00 0.000000000000000000e+00 0.000000000000000000e+00
0.000000000000000000e+00 0.000000000000000000e+00 0.000000000000000000e+00 0.000000000000000000e+00 0.000000000000000000e+00
0.000000000000000000e+00 0.000000000000000000e+00 0.000000000000000000e+00 0.000000000000000000e+00 0.000000000000000000e+00
0.000000000000000000e+00 0.000000000000000000e+00 0.000000000000000000e+00 0.000000000000000000e+00 0.000000000000000000e+00
0.000000000000000000e+00 0.000000000000000000e+00 0.000000000000000000e+00 0.000000000000000000e+00 0.000000000000000000e+00
0.000000000000000000e+00 0.000000000000000000e+00 0.000000000000000000e+00 0.000000000000000000e+00 0.000000000000000000e+00
0.000000000000000000e+00 0.000000000000000000e+00 0.000000000000000000e+00 0.000000000000000000e+00 0.000000000000000000e+00
0.000000000000000000e+00 0.000000000000000000e+00 0.000000000000000000e+00 0.000000000000000000e+00 0.000000000000000000e+00
0.000000000000000000e+00 0.000000000000000000e+00 0.000000000000000000e+00 0.000000000000000000e+00 0.000000000000000000e+00
0.000000000000000000e+00 0.000000000000000000e+00 0.000000000000000000e+00 0.000000000000000000e+00 0.000000000000000000e+00
0.000000000000000000e+00 0.000000000000000000e+00 0.000000000000000000e+00 0.000000000000000000e+00 0.000000000000000000e+00
0.000000000000000000e+00 0.000000000000000000e+00 0.000000000000000000e+00 0.000000000000000000e+00 0.000000000000000000e+00
0.000000000000000000e+00 0.000000000000000000e+00 0.000000000000000000e+00 0.000000000000000000e+00 0.000000000000000000e+00
0.000000000000000000e+00 0.000000000000000000e+00 0.000000000000000000e+00 0.000000000000000000e+00 0.000000000000000000e+00
0.000000000000000000e+00 0.000000000000000000e+00 0.000000000000000000e+00 0.000000000000000000e+00 0.000000000000000000e+00
0.000000000000000000e+00 0.000000000000000000e+00 0.000000000000000000e+00 0.000000000000000000e+00 0.000000000000000000e+00
0.000000000000000000e+00 0.000000000000000000e+00 0.000000000000000000e+00 0.000000000000000000e+00 0.000000000000000000e+00
0.000000000000000000e+00 0.000000000000000000e+00 0.000000000000000000e+00 0.000000000000000000e+00 0.000000000000000000e+00
0.000000000000000000e+00 0.000000000000000000e+00 0.000000000000000000e+00 0.000000000000000000e+00 0.000000000000000000e+00
0.000000000000000000e+00 0.000000000000000000e+00 0.000000000000000000e+00 0.000000000000000000e+00 0.000000000000000000e+00
0.000000000000000000e+00 0.000000000000000000e+00 0.000000000000000000e+00 0.000000000000000000e+00 0.000000000000000000e+00
0.000000000000000000e+00 0.000000000000000000e+00 0.000000000000000000e+00 0.000000000000000000e+00 0.000000000000000000e+00
0.000000000000000000e+00 0.000000000000000000e+00 0.000000000000000000e+00 0.000000000000000000e+00 0.000000000000000000e+00
0.000000000000000000e+00 0.000000000000000000e+00 0.000000000000000000e+00 0.000000000000000000e+00 0.000000000000000000e+00
0.000000000000000000e+00 0.000000000000000000e+00 0.000000000000000000e+00 0.000000000000000000e+00 0.000000000000000000e+00
0.000000000000000000e+00 0.000000000000000000e+00 0.000000000000000000e+00 0.000000000000000000e+00 0.000000000000000000e+00
0.000000000000000000e+00 0.000000000000000000e+00 0.000000000000000000e+00 0.000000000000000000e+00 0.000000000000000000e+00
0.000000000000000000e+00 0.000000000000000000e+00 0.000000000000000000e+00 0.000000000000000000e+00 0.000000000000000000e+00
0.000000000000000000e+00 0.000000000000000000e+00 0.000000000000000000e+00 0.000000000000000000e+00 0.000000000000000000e+00
0.000000000000000000e+00 0.000000000000000000e+00 0.000000000000000000e+00 0.000000000000000000e+00 0.000000000000000000e+00
0.000000000000000000e+00 0.000000000000000000e+00 0.000000000000000000e+00 0.000000000000000000e+00 0.000000000000000000e+00
0.000000000000000000e+00 0.000000000000000000e+00 0.000000000000000000e+00 0.000000000000000000e+00 0.000000000000000000e+00
0.000000000000000000e+00 0.000000000000000000e+00 0.000000000000000000e+00 0.000000000000000000e+00 0.000000000000000000e+00
0.000000000000000000e+00 0.000000000000000000e+00 0.000000000000000000e+00 0.000000000000000000e+00 0.000000000000000000e+00
0.000000000000000000e+00 0.000000000000000000e+00 0.000000000000000000e+00 2.425581181301263101e+00 3.327622235121070027e+00
0.000000000000000000e+00 0.000000000000000000e+00 0.000000000000000000e+00 1.510637182522214905e+00 3.596421637169112007e+00
0.000000000000000000e+00 0.000000000000000000e+00 0.000000000000000000e+00 7.582457718278173830e-01 3.405479133768424038e+00
0.000000000000000000e+00 0.000000000000000000e+00 0.000000000000000000e+00 1.476075366481073292e-01 2.813868127313330358e+00
0.000000000000000000e+00 0.000000000000000000e+00 0.000000000000000000e+00 0.000000000000000000e+00 2.030113837492681483e+00
3.166478706978030910e-01 0.000000000000000000e+00 0.000000000000000000e+00 0.000000000000000000e+00 1.235499152593042105e+00
1.534810639856107439e+00 0.000000000000000000e+00 0.000000000000000000e+00 0.000000000000000000e+00 5.158999419736511882e-01
2.589731803267060428e+00 0.000000000000000000e+00 0.000000000000000000e+00 0.000000000000000000e+00 0.000000000000000000e+00
3.352942499592340919e+00 0.000000000000000000e+00 0.000000000000000000e+00 0.000000000000000000e+00 0.000000000000000000e+00
3.719734482287271771e+00 1.426176690861702678e-01 0.000000000000000000e+00 0.000000000000000000e+00 0.000000000000000000e+00
3.642280761479000706e+00 1.385486074511995236e+00 0.000000000000000000e+00 0.000000000000000000e+00 0.000000000000000000e+00
3.202851583372306798e+00 2.500976690435591010e+00 0.000000000000000000e+00 0.000000000000000000e+00 0.000000000000000000e+00
2.533003935686104047e+00 3.327923716844999991e+00 0.000000000000000000e+00 0.000000000000000000e+00 0.000000000000000000e+00
1.764068074105634043e+00 3.731642118948727660e+00 6.426475044573676243e-02 0.000000000000000000e+00 0.000000000000000000e+00
1.007646585410098217e+00 3.654628171251518953e+00 1.347073782161390287e+00 0.000000000000000000e+00 0.000000000000000000e+00
3.308027743344001959e-01 3.198949284642627511e+00 2.494475753558154540e+00 0.000000000000000000e+00 0.000000000000000000e+00
0.000000000000000000e+00 2.521117804641499927e+00 3.339217918136146324e+00 0.000000000000000000e+00 0.000000000000000000e+00
0.000000000000000000e+00 1.762846786065994209e+00 3.754156943970545335e+00 2.790664547101862070e-03 0.000000000000000000e+00
0.000000000000000000e+00 1.029269432380265803e+00 3.692608510208676087e+00 1.295014285578356183e+00 0.000000000000000000e+00
0.000000000000000000e+00 3.712473799156299492e-01 3.263028383368879126e+00 2.445192210490302109e+00 0.000000000000000000e+00
0.000000000000000000e+00 0.000000000000000000e+00 2.611946435705452707e+00 3.299012743437270689e+00 0.000000000000000000e+00
0.000000000000000000e+00 0.000000000000000000e+00 1.866466079146231305e+00 3.739332256403563814e+00 0.000000000000000000e+00
0.000000000000000000e+00 0.000000000000000000e+00 1.129885825962237744e+00 3.714268321333241918e+00 1.179653168994562407e+00
0.000000000000000000e+00 0.000000000000000000e+00 4.604645563409570652e-01 3.313780870338365769e+00 2.347477361671530982e+00
0.000000000000000000e+00 0.000000000000000000e+00 0.000000000000000000e+00 2.678639090647313648e+00 3.233933832941021880e+00
0.000000000000000000e+00 0.000000000000000000e+00 0.000000000000000000e+00 1.937379929490637975e+00 3.716811833090436057e+00
0.000000000000000000e+00 0.000000000000000000e+00 0.000000000000000000e+00 1.198125837780624980e+00 3.735275471804493375e+00
0.000000000000000000e+00 0.000000000000000000e+00 0.000000000000000000e+00 5.262459559876246917e-01 3.327985391625836620e+00
0.000000000000000000e+00 0.000000000000000000e+00 0.000000000000000000e+00 0.000000000000000000e+00 2.621399564131349447e+00
0.000000000000000000e+00 0.000000000000000000e+00 0.000000000000000000e+00 0.000000000000000000e+00 1.777455007388276442e+00
8.139229324994086134e-01 0.000000000000000000e+00 0.000000000000000000e+00 0.000000000000000000e+00 9.445598258855196772e-01
2.104769858724506282e+00 0.000000000000000000e+00 0.000000000000000000e+00 0.000000000000000000e+00 2.102319776418242192e-01
3.185839890672269803e+00 0.000000000000000000e+00 0.000000000000000000e+00 0.000000000000000000e+00 0.000000000000000000e+00
3.893665150256620855e+00 0.000000000000000000e+00 0.000000000000000000e+00 0.000000000000000000e+00 0.000000000000000000e+00
4.104992849142234057e+00 5.896968419717387722e-01 0.000000000000000000e+00 0.000000000000000000e+00 0.000000000000000000e+00
3.815674777288001973e+00 1.958441907527386894e+00 0.000000000000000000e+00 0.000000000000000000e+00 0.000000000000000000e+00
3.164420719114298564e+00 3.121184333691370938e+00 0.000000000000000000e+00 0.000000000000000000e+00 0.000000000000000000e+00
2.328518445715023866e+00 3.882303913963674802e+00 0.000000000000000000e+00 0.000000000000000000e+00 0.000000000000000000e+00
1.462086310515985588e+00 4.102047800628958463e+00 5.530483352820370069e-01 0.000000000000000000e+00 0.000000000000000000e+00
6.694178867533449040e-01 3.787638953615663162e+00 1.956591197447644648e+00 0.000000000000000000e+00 0.000000000000000000e+00
4.793371926332667954e-04 3.113632496153296625e+00 3.131599804315200686e+00 0.000000000000000000e+00 0.000000000000000000e+00
0.000000000000000000e+00 2.279997650681686139e+00 3.885776406466951993e+00 0.000000000000000000e+00 0.000000000000000000e+00
0.000000000000000000e+00 1.442907555326861324e+00 4.099747662202140930e+00 5.384041230982208326e-01 0.000000000000000000e+00
0.000000000000000000e+00 6.853192419057525520e-01 3.800925114885456590e+00 1.929935589451847067e+00 0.000000000000000000e+00
0.000000000000000000e+00 3.724009758957769201e-02 3.161251534092481830e+00 3.086094911896906989e+00 0.000000000000000000e+00
0.000000000000000000e+00 0.000000000000000000e+00 2.358262397926548903e+00 3.836605644266103621e+00 0.000000000000000000e+00
0.000000000000000000e+00 0.000000000000000000e+00 1.532607401717013040e+00 4.071757359626415607e+00 4.586391096811781587e-01
0.000000000000000000e+00 0.000000000000000000e+00 7.708762536280521216e-01 3.804683011151059446e+00 1.841240756516645538e+00
0.000000000000000000e+00 0.000000000000000000e+00 1.123752651909704081e-01 3.191716084938065467e+00 3.002976560893796165e+00
0.000000000000000000e+00 0.000000000000000000e+00 0.000000000000000000e+00 2.404960674158181710e+00 3.775842799264505167e+00
0.000000000000000000e+00 0.000000000000000000e+00 0.000000000000000000e+00 1.585557438418710996e+00 4.045471997329368463e+00
0.000000000000000000e+00 0.000000000000000000e+00 0.000000000000000000e+00 8.254424739465876515e-01 3.799216990369338021e+00
0.000000000000000000e+00 0.000000000000000000e+00 0.000000000000000000e+00 1.686203004855582055e-01 3.144032018658372785e+00
0.000000000000000000e+00 0.000000000000000000e+00 0.000000000000000000e+00 0.000000000000000000e+00 2.259219647933581321e+00
1.325794457311360031e-01 0.000000000000000000e+00 0.000000000000000000e+00 0.000000000000000000e+00 1.331394743421924654e+00
1.565574659716933548e+00 0.000000000000000000e+00 0.000000000000000000e+00 0.000000000000000000e+00 4.910486483462881413e-01
2.866200437633860787e+00 0.000000000000000000e+00 0.000000000000000000e+00 0.000000000000000000e+00 0.000000000000000000e+00
3.843653185180341048e+00 0.000000000000000000e+00 0.000000000000000000e+00 0.000000000000000000e+00 0.000000000000000000e+00
4.326198197518722033e+00 0.000000000000000000e+00 0.000000000000000000e+00 0.000000000000000000e+00 0.000000000000000000e+00
4.221221420563166404e+00 1.398868832135565121e+00 0.000000000000000000e+00 0.000000000000000000e+00 0.000000000000000000e+00
3.639200976361061990e+00 2.781359743507555660e+00 0.000000000000000000e+00 0.000000000000000000e+00 0.000000000000000000e+00
2.782700573592026938e+00 3.817699186137136547e+00 0.000000000000000000e+00 0.000000000000000000e+00 0.000000000000000000e+00
1.843190278520947301e+00 4.309332623968852083e+00 0.000000000000000000e+00 0.000000000000000000e+00 0.000000000000000000e+00
9.614996294632727203e-01 4.171016681286557670e+00 1.425244988004587432e+00 0.000000000000000000e+00 0.000000000000000000e+00
2.077257375753716051e-01 3.552572774055358540e+00 2.814041835233852318e+00 0.000000000000000000e+00 0.000000000000000000e+00
0.000000000000000000e+00 2.690631369621430125e+00 3.826155776572896183e+00 0.000000000000000000e+00 0.000000000000000000e+00
0.000000000000000000e+00 1.782514355887451218e+00 4.286631392974966204e+00 0.000000000000000000e+00 0.000000000000000000e+00
0.000000000000000000e+00 9.462752684532441672e-01 4.143136926416962851e+00 1.443587352858342499e+00 0.000000000000000000e+00
0.000000000000000000e+00 2.266306896992326958e-01 3.555186507760054404e+00 2.793311875070136452e+00 0.000000000000000000e+00
0.000000000000000000e+00 0.000000000000000000e+00 2.733999035456934124e+00 3.772742657195665039e+00 0.000000000000000000e+00
0.000000000000000000e+00 0.000000000000000000e+00 1.851116168120209959e+00 4.228670262095200805e+00 0.000000000000000000e+00
0.000000000000000000e+00 0.000000000000000000e+00 1.021105899603862888e+00 4.107600363380148778e+00 1.383264971730068238e+00
0.000000000000000000e+00 0.000000000000000000e+00 2.974142389432143929e-01 3.549473498980579844e+00 2.717079618593773560e+00
0.000000000000000000e+00 0.000000000000000000e+00 0.000000000000000000e+00 2.752533276407346907e+00 3.697019795473081238e+00
0.000000000000000000e+00 0.000000000000000000e+00 0.000000000000000000e+00 1.884698498530179567e+00 4.170865616149628252e+00
0.000000000000000000e+00 0.000000000000000000e+00 0.000000000000000000e+00 1.062686214241560734e+00 4.080178820294187325e+00
0.000000000000000000e+00 0.000000000000000000e+00 0.000000000000000000e+00 3.466326901645477854e-01 3.502267336801776487e+00
0.000000000000000000e+00 0.000000000000000000e+00 0.000000000000000000e+00 0.000000000000000000e+00 2.618309620260955484e+00
0.000000000000000000e+00 0.000000000000000000e+00 0.000000000000000000e+00 0.000000000000000000e+00 1.637494626313215962e+00
1.101348277631297501e+00 0.000000000000000000e+00 0.000000000000000000e+00 0.000000000000000000e+00 7.230757285929125810e-01
2.531566067540973908e+00 0.000000000000000000e+00 0.000000000000000000e+00 0.000000000000000000e+00 0.000000000000000000e+00
3.690774430951661689e+00 0.000000000000000000e+00 0.000000000000000000e+00 0.000000000000000000e+00 0.000000000000000000e+00
4.378073476985785639e+00 0.000000000000000000e+00 0.000000000000000000e+00 0.000000000000000000e+00 0.000000000000000000e+00
4.455863660235629631e+00 9.167389308703476347e-01 0.000000000000000000e+00 0.000000000000000000e+00 0.000000000000000000e+00
3.968615941122112911e+00 2.429475829690192601e+00 0.000000000000000000e+00 0.000000000000000000e+00 0.000000000000000000e+00
3.122189100009646889e+00 3.656837233534636411e+00 0.000000000000000000e+00 0.000000000000000000e+00 0.000000000000000000e+00
2.142382864044396484e+00 4.361543440931989757e+00 0.000000000000000000e+00 0.000000000000000000e+00 0.000000000000000000e+00
1.198628221732004562e+00 4.403278448759484931e+00 9.620435572234806720e-01 0.000000000000000000e+00 0.000000000000000000e+00
3.822948240043277934e-01 3.866510989224825501e+00 2.485333937567791640e+00 0.000000000000000000e+00 0.000000000000000000e+00
0.000000000000000000e+00 3.002511282097953593e+00 3.683372584603574307e+00 0.000000000000000000e+00 0.000000000000000000e+00
0.000000000000000000e+00 2.050234217462673314e+00 4.339906728498854172e+00 0.000000000000000000e+00 0.000000000000000000e+00
0.000000000000000000e+00 1.157723133825884432e+00 4.355431056823458214e+00 1.015832602476240742e+00 0.000000000000000000e+00
0.000000000000000000e+00 3.856692350432812666e-01 3.838816034579411340e+00 2.492824654141182705e+00 0.000000000000000000e+00
0.000000000000000000e+00 0.000000000000000000e+00 3.019413406500756736e+00 3.640130831498287645e+00 0.000000000000000000e+00
0.000000000000000000e+00 0.000000000000000000e+00 2.102251668316913236e+00 4.271690753098125626e+00 0.000000000000000000e+00
0.000000000000000000e+00 0.000000000000000000e+00 1.224231391070167874e+00 4.296362038416273954e+00 9.838010889774958523e-01
0.000000000000000000e+00 0.000000000000000000e+00 4.528827029584198693e-01 3.807825500014634823e+00 2.431856283869217261e+00
0.000000000000000000e+00 0.000000000000000000e+00 0.000000000000000000e+00 3.017378967432082337e+00 3.564015600977652021e+00
0.000000000000000000e+00 0.000000000000000000e+00 0.000000000000000000e+00 2.121113693593656535e+00 4.199766846947895260e+00
0.000000000000000000e+00 0.000000000000000000e+00 0.000000000000000000e+00 1.256517438926692432e+00 4.246363229791538352e+00
0.000000000000000000e+00 0.000000000000000000e+00 0.000000000000000000e+00 4.961255089810920893e-01 3.751942217431909921e+00
0.000000000000000000e+00 0.000000000000000000e+00 0.000000000000000000e+00 0.000000000000000000e+00 2.890475064248800852e+00
0.000000000000000000e+00 0.000000000000000000e+00 0.000000000000000000e+00 0.000000000000000000e+00 1.883024445674457592e+00
7.296667269236367659e-01 0.000000000000000000e+00 0.000000000000000000e+00 0.000000000000000000e+00 9.176875031110713898e-01
2.234733329144865888e+00 0.000000000000000000e+00 0.000000000000000000e+00 0.000000000000000000e+00 9.718397814731116746e-02
3.514750830124572012e+00 0.000000000000000000e+00 0.000000000000000000e+00 0.000000000000000000e+00 0.000000000000000000e+00
4.353773721036023225e+00 0.000000000000000000e+00 0.000000000000000000e+00 0.000000000000000000e+00 0.000000000000000000e+00
4.583529678037146837e+00 5.414328729878942204e-01 0.000000000000000000e+00 0.000000000000000000e+00 0.000000000000000000e+00
4.191309357122571022e+00 2.125185647433797342e+00 0.000000000000000000e+00 0.000000000000000000e+00 0.000000000000000000e+00
3.373463505643815363e+00 3.477966886546956182e+00 0.000000000000000000e+00 0.000000000000000000e+00 0.000000000000000000e+00
2.376122776319224084e+00 4.340274542783955525e+00 0.000000000000000000e+00 0.000000000000000000e+00 0.000000000000000000e+00
1.391251980311222214e+00 4.532282860781793765e+00 6.010564034472454242e-01 0.000000000000000000e+00 0.000000000000000000e+00
5.290797711864032582e-01 4.080607948154852060e+00 2.200281570451735114e+00 0.000000000000000000e+00 0.000000000000000000e+00
0.000000000000000000e+00 3.234744378087929473e+00 3.522247396933203323e+00 0.000000000000000000e+00 0.000000000000000000e+00
0.000000000000000000e+00 2.259888242787403634e+00 4.325238209542729528e+00 0.000000000000000000e+00 0.000000000000000000e+00
0.000000000000000000e+00 1.329464297992315913e+00 4.473931219866574160e+00 6.808767075468622476e-01 0.000000000000000000e+00
0.000000000000000000e+00 5.193915906612902589e-01 4.031159522869733003e+00 2.231863141132496065e+00 0.000000000000000000e+00
0.000000000000000000e+00 0.000000000000000000e+00 3.230431371783402561e+00 3.491791451630839482e+00 0.000000000000000000e+00
0.000000000000000000e+00 0.000000000000000000e+00 2.297937152785287651e+00 4.254285012015998291e+00 0.000000000000000000e+00
0.000000000000000000e+00 0.000000000000000000e+00 1.388898151344010179e+00 4.400215466728419678e+00 6.704830505875332136e-01
0.000000000000000000e+00 0.000000000000000000e+00 5.836028199120382176e-01 3.982239550146979390e+00 2.184933437760444797e+00
0.000000000000000000e+00 0.000000000000000000e+00 0.000000000000000000e+00 3.212953097572242456e+00 3.419138087379448798e+00
0.000000000000000000e+00 0.000000000000000000e+00 0.000000000000000000e+00 2.305430589661477736e+00 4.175472357344204077e+00
0.000000000000000000e+00 0.000000000000000000e+00 0.000000000000000000e+00 1.413875652711483522e+00 4.335815497880505021e+00
0.000000000000000000e+00 0.000000000000000000e+00 0.000000000000000000e+00 6.219883483805386248e-01 3.921659949732302142e+00
0.000000000000000000e+00 0.000000000000000000e+00 0.000000000000000000e+00 0.000000000000000000e+00 3.094526397018884989e+00
0.000000000000000000e+00 0.000000000000000000e+00 0.000000000000000000e+00 0.000000000000000000e+00 2.079089974972727184e+00
4.392590591674817024e-01 0.000000000000000000e+00 0.000000000000000000e+00 0.000000000000000000e+00 1.081363978142444005e+00
1.983361312802360388e+00 0.000000000000000000e+00 0.000000000000000000e+00 0.000000000000000000e+00 2.221011500337359834e-01
3.340646943032421046e+00 0.000000000000000000e+00 0.000000000000000000e+00 0.000000000000000000e+00 0.000000000000000000e+00
4.289244947384895923e+00 0.000000000000000000e+00 0.000000000000000000e+00 0.000000000000000000e+00 0.000000000000000000e+00
4.641355901512994819e+00 2.491199591300201632e-01 0.000000000000000000e+00 0.000000000000000000e+00 0.000000000000000000e+00
4.338232597303690596e+00 1.867212821758382768e+00 0.000000000000000000e+00 0.000000000000000000e+00 0.000000000000000000e+00
3.560015472959863647e+00 3.300458650618165901e+00 0.000000000000000000e+00 0.000000000000000000e+00 0.000000000000000000e+00
2.561859195916545318e+00 4.278296147375918679e+00 0.000000000000000000e+00 0.000000000000000000e+00 0.000000000000000000e+00
1.551879873730170889e+00 4.594006473635185550e+00 3.156516230267472078e-01 0.000000000000000000e+00 0.000000000000000000e+00
6.566121089280716472e-01 4.225518233426683423e+00 1.954425218251573559e+00 0.000000000000000000e+00 0.000000000000000000e+00
0.000000000000000000e+00 3.410673380139237931e+00 3.358667126324296426e+00 0.000000000000000000e+00 0.000000000000000000e+00
0.000000000000000000e+00 2.428919767268580721e+00 4.271769718006670935e+00 0.000000000000000000e+00 0.000000000000000000e+00
0.000000000000000000e+00 1.474250948416013784e+00 4.531930442130339465e+00 4.116906519369314399e-01 0.000000000000000000e+00
0.000000000000000000e+00 6.367436862642403828e-01 4.161924042711338423e+00 2.003710283336545217e+00 0.000000000000000000e+00
0.000000000000000000e+00 0.000000000000000000e+00 3.390763808322406092e+00 3.339893693353227277e+00 0.000000000000000000e+00
0.000000000000000000e+00 0.000000000000000000e+00 2.456418782000364676e+00 4.201817929279053843e+00 0.000000000000000000e+00
0.000000000000000000e+00 0.000000000000000000e+00 1.528605475516779943e+00 4.449906910834362073e+00 4.156745215021857565e-01
0.000000000000000000e+00 0.000000000000000000e+00 6.991146257494225136e-01 4.101306543132539062e+00 1.967236386775446988e+00
0.000000000000000000e+00 0.000000000000000000e+00 3.149726948242781432e-03 3.362735983794588712e+00 3.271186853515846593e+00
0.000000000000000000e+00 0.000000000000000000e+00 0.000000000000000000e+00 2.456070824512359252e+00 4.120005181827488094e+00
0.000000000000000000e+00 0.000000000000000000e+00 0.000000000000000000e+00 1.548546214102049401e+00 4.376888678301468438e+00
0.000000000000000000e+00 0.000000000000000000e+00 0.000000000000000000e+00 7.339925276070435878e-01 4.039589428560693030e+00
0.000000000000000000e+00 0.000000000000000000e+00 0.000000000000000000e+00 5.022206694181052811e-02 3.254301557832292247e+00
0.000000000000000000e+00 0.000000000000000000e+00 0.000000000000000000e+00 0.000000000000000000e+00 2.244298278476042796e+00
1.996688594397104666e-01 0.000000000000000000e+00 0.000000000000000000e+00 0.000000000000000000e+00 1.226444137331383022e+00
1.761999861844087301e+00 0.000000000000000000e+00 0.000000000000000000e+00 0.000000000000000000e+00 3.369988472405005542e-01
3.170756313629033318e+00 0.000000000000000000e+00 0.000000000000000000e+00 0.000000000000000000e+00 0.000000000000000000e+00
4.202179350112425382e+00 0.000000000000000000e+00 0.000000000000000000e+00 0.000000000000000000e+00 0.000000000000000000e+00
4.655915431093886170e+00 8.538836196275934043e-03 0.000000000000000000e+00 0.000000000000000000e+00 0.000000000000000000e+00
4.436635923989664221e+00 1.639731009078158719e+00 0.000000000000000000e+00 0.000000000000000000e+00 0.000000000000000000e+00
3.705402110209424560e+00 3.125609815681324566e+00 0.000000000000000000e+00 0.000000000000000000e+00 0.000000000000000000e+00
2.718285051392496765e+00 4.191761771939575887e+00 0.000000000000000000e+00 0.000000000000000000e+00 0.000000000000000000e+00
1.694220713556340074e+00 4.613369963414411856e+00 7.648915896591690355e-02 0.000000000000000000e+00 0.000000000000000000e+00
7.741741469416254517e-01 4.326656079874789285e+00 1.733039064853734157e+00 0.000000000000000000e+00 0.000000000000000000e+00
1.489751220616519767e-02 3.551750108405522521e+00 3.193963735860140929e+00 0.000000000000000000e+00 0.000000000000000000e+00
0.000000000000000000e+00 2.574199524562695629e+00 4.194290956866420395e+00 0.000000000000000000e+00 0.000000000000000000e+00
0.000000000000000000e+00 1.604365057747635603e+00 4.552129431104462221e+00 1.814552742032340404e-01 0.000000000000000000e+00
0.000000000000000000e+00 7.459145518847883904e-01 4.254506295006159178e+00 1.794918086220269160e+00 0.000000000000000000e+00
0.000000000000000000e+00 2.809301027162747211e-02 3.520405169819269098e+00 3.185431304896845450e+00 0.000000000000000000e+00
0.000000000000000000e+00 0.000000000000000000e+00 2.593737051900851576e+00 4.127456039123911680e+00 0.000000000000000000e+00
0.000000000000000000e+00 0.000000000000000000e+00 1.655002042121879402e+00 4.466106857033598665e+00 1.946435325866355537e-01
0.000000000000000000e+00 0.000000000000000000e+00 8.069036806122750205e-01 4.186639338399261057e+00 1.766125439814700604e+00
0.000000000000000000e+00 0.000000000000000000e+00 8.919687377679585971e-02 3.485171871131958365e+00 3.120715480468376768e+00
0.000000000000000000e+00 0.000000000000000000e+00 0.000000000000000000e+00 2.588470606715064015e+00 4.045249745182823098e+00
0.000000000000000000e+00 0.000000000000000000e+00 0.000000000000000000e+00 1.671253561983847336e+00 4.389153595416353859e+00
0.000000000000000000e+00 0.000000000000000000e+00 0.000000000000000000e+00 8.376405226551467686e-01 4.127332074229590475e+00
0.000000000000000000e+00 0.000000000000000000e+00 0.000000000000000000e+00 1.330467830490014158e-01 3.387859422472542903e+00
0.000000000000000000e+00 0.000000000000000000e+00 0.000000000000000000e+00 0.000000000000000000e+00 2.390667274228614136e+00
0.000000000000000000e+00 0.000000000000000000e+00 0.000000000000000000e+00 0.000000000000000000e+00 1.360086645469236855e+00
1.558469271579501436e+00 0.000000000000000000e+00 0.000000000000000000e+00 0.000000000000000000e+00 4.461410965964645037e-01
3.003560148513718442e+00 0.000000000000000000e+00 0.000000000000000000e+00 0.000000000000000000e+00 0.000000000000000000e+00
4.101026683248579552e+00 0.000000000000000000e+00 0.000000000000000000e+00 0.000000000000000000e+00 0.000000000000000000e+00
4.642666248871250900e+00 0.000000000000000000e+00 0.000000000000000000e+00 0.000000000000000000e+00 0.000000000000000000e+00
4.511310244594061380e+00 1.415488776917482872e+00 0.000000000000000000e+00 0.000000000000000000e+00 0.000000000000000000e+00
3.833171927734706497e+00 2.943620004753329411e+00 0.000000000000000000e+00 0.000000000000000000e+00 0.000000000000000000e+00
2.861565675252450536e+00 4.087566627476901360e+00 0.000000000000000000e+00 0.000000000000000000e+00 0.000000000000000000e+00
1.828713294965097713e+00 4.607175000205375959e+00 0.000000000000000000e+00 0.000000000000000000e+00 0.000000000000000000e+00
8.879056366522832811e-01 4.407939641416612986e+00 1.512095442708510706e+00 0.000000000000000000e+00 0.000000000000000000e+00
1.044485412769009525e-01 3.679809703288843714e+00 3.020754795774440726e+00 0.000000000000000000e+00 0.000000000000000000e+00
0.000000000000000000e+00 2.711822662695851260e+00 4.100504033268911108e+00 0.000000000000000000e+00 0.000000000000000000e+00
0.000000000000000000e+00 1.729907689524250225e+00 4.552009595871729708e+00 0.000000000000000000e+00 0.000000000000000000e+00
0.000000000000000000e+00 8.516285913439888278e-01 4.329824412441024784e+00 1.591348870671536853e+00 0.000000000000000000e+00
0.000000000000000000e+00 1.123840662682873415e-01 3.636885503484536653e+00 3.027384920208861629e+00 0.000000000000000000e+00
0.000000000000000000e+00 0.000000000000000000e+00 2.722033515520456692e+00 4.041425512603660231e+00 0.000000000000000000e+00
0.000000000000000000e+00 0.000000000000000000e+00 1.775217476040540587e+00 4.465367337599164266e+00 0.000000000000000000e+00
0.000000000000000000e+00 0.000000000000000000e+00 9.101861566382465352e-01 4.255225328962575659e+00 1.573231397283166633e+00
0.000000000000000000e+00 0.000000000000000000e+00 1.725996747914200213e-01 3.593638694072314177e+00 2.969485598891472566e+00
0.000000000000000000e+00 0.000000000000000000e+00 0.000000000000000000e+00 2.710294779478570337e+00 3.960739192544389997e+00
0.000000000000000000e+00 0.000000000000000000e+00 0.000000000000000000e+00 1.786915282954699258e+00 4.384934879625379089e+00
0.000000000000000000e+00 0.000000000000000000e+00 0.000000000000000000e+00 9.374010581571294853e-01 4.196552142994647738e+00
0.000000000000000000e+00 0.000000000000000000e+00 0.000000000000000000e+00 2.142401543316112544e-01 3.505574472031578459e+00
0.000000000000000000e+00 0.000000000000000000e+00 0.000000000000000000e+00 0.000000000000000000e+00 2.526298655461674869e+00
0.000000000000000000e+00 0.000000000000000000e+00 0.000000000000000000e+00 0.000000000000000000e+00 1.488019264966800925e+00
1.351717987777267815e+00 0.000000000000000000e+00 0.000000000000000000e+00 0.000000000000000000e+00 5.525356527336529044e-01
2.829918599185018202e+00 0.000000000000000000e+00 0.000000000000000000e+00 0.000000000000000000e+00 0.000000000000000000e+00
3.989519233524906117e+00 0.000000000000000000e+00 0.000000000000000000e+00 0.000000000000000000e+00 0.000000000000000000e+00
4.614709697556482304e+00 0.000000000000000000e+00 0.000000000000000000e+00 0.000000000000000000e+00 0.000000000000000000e+00
4.570406094175452516e+00 1.199341277201118272e+00 0.000000000000000000e+00 0.000000000000000000e+00 0.000000000000000000e+00
3.948759228512569663e+00 2.761440302677043768e+00 0.000000000000000000e+00 0.000000000000000000e+00 0.000000000000000000e+00
2.997440226499269667e+00 3.974340014835114676e+00 0.000000000000000000e+00 0.000000000000000000e+00 0.000000000000000000e+00
1.959544750708745120e+00 4.585982964001859230e+00 0.000000000000000000e+00 0.000000000000000000e+00 0.000000000000000000e+00
9.999487013394181556e-01 4.476538437178394503e+00 1.294180886050234180e+00 0.000000000000000000e+00 0.000000000000000000e+00
1.937337527961435768e-01 3.799543906231796608e+00 2.844188949358659180e+00 0.000000000000000000e+00 0.000000000000000000e+00
0.000000000000000000e+00 2.844315356592962640e+00 3.997480344357583704e+00 0.000000000000000000e+00 0.000000000000000000e+00
0.000000000000000000e+00 1.852698057679335042e+00 4.538787528108199965e+00 0.000000000000000000e+00 0.000000000000000000e+00
0.000000000000000000e+00 9.556163571818088176e-01 4.398938634247412161e+00 1.380230707823902669e+00 0.000000000000000000e+00
0.000000000000000000e+00 1.963809680506331812e-01 3.751205253335156531e+00 2.860755697461310643e+00 0.000000000000000000e+00
0.000000000000000000e+00 0.000000000000000000e+00 2.848509293574217782e+00 3.946021071198161145e+00 0.000000000000000000e+00
0.000000000000000000e+00 0.000000000000000000e+00 1.894475951212200027e+00 4.454182584342117224e+00 0.000000000000000000e+00
0.000000000000000000e+00 0.000000000000000000e+00 1.012901122800706766e+00 4.321551131050807903e+00 1.368519506208889736e+00
0.000000000000000000e+00 0.000000000000000000e+00 2.563651228018992700e-01 3.703526194216698375e+00 2.808139179636201632e+00
0.000000000000000000e+00 0.000000000000000000e+00 0.000000000000000000e+00 2.832805210521487815e+00 3.867764376158846051e+00
0.000000000000000000e+00 0.000000000000000000e+00 0.000000000000000000e+00 1.903184268510405008e+00 4.372771533093854579e+00
0.000000000000000000e+00 0.000000000000000000e+00 0.000000000000000000e+00 1.038157741849243365e+00 4.259081309686086669e+00
0.000000000000000000e+00 0.000000000000000000e+00 0.000000000000000000e+00 2.963475072270886912e-01 3.618930972071894736e+00
0.000000000000000000e+00 0.000000000000000000e+00 0.000000000000000000e+00 0.000000000000000000e+00 2.660061154109228720e+00
0.000000000000000000e+00 0.000000000000000000e+00 0.000000000000000000e+00 0.000000000000000000e+00 1.615800349829991989e+00
1.149564278708631759e+00 0.000000000000000000e+00 0.000000000000000000e+00 0.000000000000000000e+00 6.596031461034760346e-01
2.656757835067384388e+00 0.000000000000000000e+00 0.000000000000000000e+00 0.000000000000000000e+00 0.000000000000000000e+00
3.873691905065564267e+00 0.000000000000000000e+00 0.000000000000000000e+00 0.000000000000000000e+00 0.000000000000000000e+00
4.578393021169028465e+00 0.000000000000000000e+00 0.000000000000000000e+00 0.000000000000000000e+00 0.000000000000000000e+00
4.619869565719374016e+00 9.893700693827702786e-01 0.000000000000000000e+00 0.000000000000000000e+00 0.000000000000000000e+00
4.056991432565742350e+00 2.579948643645133100e+00 0.000000000000000000e+00 0.000000000000000000e+00 0.000000000000000000e+00
3.129287010504638644e+00 3.855900601274328654e+00 0.000000000000000000e+00 0.000000000000000000e+00 0.000000000000000000e+00
2.088656239210978427e+00 4.555493593034583455e+00 0.000000000000000000e+00 0.000000000000000000e+00 0.000000000000000000e+00
1.111409769011376003e+00 4.535287455677069701e+00 1.082401005735620814e+00 0.000000000000000000e+00 0.000000000000000000e+00
2.829583061985811998e-01 3.912109025733682799e+00 2.668037632404248960e+00 0.000000000000000000e+00 0.000000000000000000e+00
0.000000000000000000e+00 2.972759943872358868e+00 3.889166484770493870e+00 0.000000000000000000e+00 0.000000000000000000e+00
0.000000000000000000e+00 1.973409048147883871e+00 4.516462707840760871e+00 0.000000000000000000e+00 0.000000000000000000e+00
0.000000000000000000e+00 1.058629138176947260e+00 4.458266602631301367e+00 1.175251244768319214e+00 0.000000000000000000e+00
0.000000000000000000e+00 2.800938452235075538e-01 3.857982698854158343e+00 2.694573470676209670e+00 0.000000000000000000e+00
