0.000000000000000000e+00 0.000000000000000000e+00 0.000000000000000000e+00 0.000000000000000000e+00 0.000000000000000000e+00
0.000000000000000000e+00 0.000000000000000000e+00 0.000000000000000000e+00 0.000000000000000000e+00 0.000000000000000000e+00
0.000000000000000000e+00 0.000000000000000000e+00 0.000000000000000000e+00 0.000000000000000000e+00 0.000000000000000000e+00
0.000000000000000000e+00 0.000000000000000000e+00 0.000000000000000000e+00 0.000000000000000000e+00 0.000000000000000000e+00
0.000000000000000000e+00 0.000000000000000000e+00 0.000000000000000000e+00 0.000000000000000000e+00 0.000000000000000000e+00
0.000000000000000000e+00 0.000000000000000000e+00 0.000000000000000000e+00 0.000000000000000000e+00 0.000000000000000000e+00
0.000000000000000000e+00 0.000000000000000000e+00 0.000000000000000000e+00 0.000000000000000000e+00 0.000000000000000000e+00
0.000000000000000000e+00 0.000000000000000000e+00 0.000000000000000000e+00 0.000000000000000000e+00 0.000000000000000000e+00
0.000000000000000000e+00 0.000000000000000000e+00 0.000000000000000000e+00 0.000000000000000000e+00 0.000000000000000000e+00
0.000000000000000000e+00 0.000000000000000000e+00 0.000000000000000000e+00 0.000000000000000000e+00 0.000000000000000000e+00
0.000000000000000000e+00 0.000000000000000000e+00 0.000000000000000000e+00 0.000000000000000000e+00 0.000000000000000000e+00
0.000000000000000000e+00 0.000000000000000000e+00 0.000000000000000000e+00 0.000000000000000000e+00 0.000000000000000000e+00
0.000000000000000000e+00 0.000000000000000000e+00 0.000000000000000000e+00 0.000000000000000000e+00 0.000000000000000000e+00
0.000000000000000000e+00 0.000000000000000000e+00 0.000000000000000000e+00 0.000000000000000000e+00 0.000000000000000000e+00
0.000000000000000000e+00 0.000000000000000000e+00 0.000000000000000000e+00 0.000000000000000000e+00 0.000000000000000000e+00
0.000000000000000000e+00 0.000000000000000000e+00 0.000000000000000000e+00 0.000000000000000000e+00 0.000000000000000000e+00
0.000000000000000000e+00 0.000000000000000000e+00 0.000000000000000000e+00 0.000000000000000000e+00 0.000000000000000000e+00
0.000000000000000000e+00 0.000000000000000000e+00 0.000000000000000000e+00 0.000000000000000000e+00 0.000000000000000000e+00
0.000000000000000000e+00 0.000000000000000000e+00 0.000000000000000000e+00 0.000000000000000000e+00 0.000000000000000000e+00
0.000000000000000000e+00 0.000000000000000000e+00 0.000000000000000000e+00 0.000000000000000000e+00 0.000000000000000000e+00
0.000000000000000000e+00 0.000000000000000000e+00 0.000000000000000000e+00 0.000000000000000000e+00 0.000000000000000000e+00
0.000000000000000000e+00 0.000000000000000000e+00 0.000000000000000000e+00 0.000000000000000000e+00 0.000000000000000000e+00
0.000000000000000000e+00 0.000000000000000000e+00 0.000000000000000000e+00 0.000000000000000000e+00 0.000000000000000000e+00
0.000000000000000000e+00 0.000000000000000000e+00 0.000000000000000000e+00 0.000000000000000000e+00 0.000000000000000000e+00
0.000000000000000000e+00 0.000000000000000000e+00 0.000000000000000000e+00 0.000000000000000000e+00 0.000000000000000000e+00
0.000000000000000000e+00 0.000000000000000000e+00 0.000000000000000000e+00 0.000000000000000000e+00 0.000000000000000000e+00
0.000000000000000000e+00 0.000000000000000000e+00 0.000000000000000000e+00 0.000000000000000000e+00 0.000000000000000000e+00
0.000000000000000000e+00 0.000000000000000000e+00 0.000000000000000000e+00 0.000000000000000000e+00 0.000000000000000000e+00
0.000000000000000000e+00 0.000000000000000000e+00 0.000000000000000000e+00 0.000000000000000000e+00 0.000000000000000000e+00
0.000000000000000000e+00 0.000000000000000000e+00 0.000000000000000000e+00 0.000000000000000000e+00 0.000000000000000000e+00
0.000000000000000000e+00 0.000000000000000000e+00 0.000000000000000000e+00 0.000000000000000000e+00 0.000000000000000000e+00
0.000000000000000000e+00 0.000000000000000000e+00 0.000000000000000000e+00 0.000000000000000000e+00 0.000000000000000000e+00
0.000000000000000000e+00 0.000000000000000000e+00 0.000000000000000000e+00 0.000000000000000000e+00 0.000000000000000000e+00
0.000000000000000000e+00 0.000000000000000000e+00 0.000000000000000000e+00 0.000000000000000000e+00 0.000000000000000000e+00
0.000000000000000000e+00 0.000000000000000000e+00 0.000000000000000000e+00 0.000000000000000000e+00 0.000000000000000000e+00
0.000000000000000000e+00 0.000000000000000000e+00 0.000000000000000000e+00 0.000000000000000000e+00 0.000000000000000000e+00
0.000000000000000000e+00 0.000000000000000000e+00 0.000000000000000000e+00 0.000000000000000000e+00 0.000000000000000000e+00
0.000000000000000000e+00 0.000000000000000000e+00 0.000000000000000000e+00 0.000000000000000000e+00 0.000000000000000000e+00
0.000000000000000000e+00 0.000000000000000000e+00 0.000000000000000000e+00 0.000000000000000000e+00 0.000000000000000000e+00
0.000000000000000000e+00 0.000000000000000000e+00 0.000000000000000000e+00 0.000000000000000000e+00 0.000000000000000000e+00
0.000000000000000000e+00 0.000000000000000000e+00 0.000000000000000000e+00 0.000000000000000000e+00 0.000000000000000000e+00
0.000000000000000000e+00 0.000000000000000000e+00 0.000000000000000000e+00 0.000000000000000000e+00 0.000000000000000000e+00
0.000000000000000000e+00 0.000000000000000000e+00 0.000000000000000000e+00 0.000000000000000000e+00 0.000000000000000000e+00
0.000000000000000000e+00 0.000000000000000000e+00 0.000000000000000000e+00 0.000000000000000000e+00 0.000000000000000000e+00
0.000000000000000000e+00 0.000000000000000000e+00 0.000000000000000000e+00 0.000000000000000000e+00 0.000000000000000000e+00
0.000000000000000000e+00 0.000000000000000000e+00 0.000000000000000000e+00 0.000000000000000000e+00 0.000000000000000000e+00
0.000000000000000000e+00 0.000000000000000000e+00 0.000000000000000000e+00 0.000000000000000000e+00 0.000000000000000000e+00
0.000000000000000000e+00 0.000000000000000000e+00 0.000000000000000000e+00 0.000000000000000000e+00 0.000000000000000000e+00
0.000000000000000000e+00 0.000000000000000000e+00 0.000000000000000000e+00 0.000000000000000000e+00 0.000000000000000000e+00
0.000000000000000000e+00 0.000000000000000000e+00 0.000000000000000000e+00 0.000000000000000000e+00 0.000000000000000000e+00
0.000000000000000000e+00 0.000000000000000000e+00 0.000000000000000000e+00 0.000000000000000000e+00 0.000000000000000000e+00
0.000000000000000000e+00 0.000000000000000000e+00 0.000000000000000000e+00 0.000000000000000000e+00 0.000000000000000000e+00
0.000000000000000000e+00 0.000000000000000000e+00 0.000000000000000000e+00 0.000000000000000000e+00 0.000000000000000000e+00
0.000000000000000000e+00 0.000000000000000000e+00 0.000000000000000000e+00 0.000000000000000000e+00 0.000000000000000000e+00
0.000000000000000000e+00 0.000000000000000000e+00 0.000000000000000000e+00 0.000000000000000000e+00 0.000000000000000000e+00
0.000000000000000000e+00 0.000000000000000000e+00 0.000000000000000000e+00 0.000000000000000000e+00 0.000000000000000000e+00
0.000000000000000000e+00 0.000000000000000000e+00 0.000000000000000000e+00 0.000000000000000000e+00 0.000000000000000000e+00
0.000000000000000000e+00 0.000000000000000000e+00 0.000000000000000000e+00 0.000000000000000000e+00 0.000000000000000000e+00
0.000000000000000000e+00 0.000000000000000000e+00 0.000000000000000000e+00 0.000000000000000000e+00 0.000000000000000000e+00
0.000000000000000000e+00 0.000000000000000000e+00 0.000000000000000000e+00 0.000000000000000000e+00 0.000000000000000000e+00
0.000000000000000000e+00 0.000000000000000000e+00 0.000000000000000000e+00 0.000000000000000000e+00 0.000000000000000000e+00
0.000000000000000000e+00 0.000000000000000000e+00 0.000000000000000000e+00 0.000000000000000000e+00 0.000000000000000000e+00
0.000000000000000000e+00 0.000000000000000000e+00 0.000000000000000000e+00 0.000000000000000000e+00 0.000000000000000000e+00
0.000000000000000000e+00 0.000000000000000000e+00 0.000000000000000000e+00 0.000000000000000000e+00 0.000000000000000000e+00
0.000000000000000000e+00 0.000000000000000000e+00 0.000000000000000000e+00 0.000000000000000000e+00 0.000000000000000000e+00
0.000000000000000000e+00 0.000000000000000000e+00 0.000000000000000000e+00 0.000000000000000000e+00 0.000000000000000000e+00
0.000000000000000000e+00 0.000000000000000000e+00 0.000000000000000000e+00 0.000000000000000000e+00 0.000000000000000000e+00
0.000000000000000000e+00 0.000000000000000000e+00 0.000000000000000000e+00 0.000000000000000000e+00 0.000000000000000000e+00
0.000000000000000000e+00 0.000000000000000000e+00 0.000000000000000000e+00 0.000000000000000000e+00 0.000000000000000000e+00
0.000000000000000000e+00 0.000000000000000000e+00 0.000000000000000000e+00 0.000000000000000000e+00 0.000000000000000000e+00
0.000000000000000000e+00 0.000000000000000000e+00 0.000000000000000000e+00 0.000000000000000000e+00 0.000000000000000000e+00
0.000000000000000000e+00 0.000000000000000000e+00 0.000000000000000000e+00 0.000000000000000000e+00 0.000000000000000000e+00
0.000000000000000000e+00 0.000000000000000000e+00 0.000000000000000000e+00 0.000000000000000000e+00 0.000000000000000000e+00
0.000000000000000000e+00 0.000000000000000000e+00 0.000000000000000000e+00 0.000000000000000000e+00 0.000000000000000000e+00
0.000000000000000000e+00 0.000000000000000000e+00 0.000000000000000000e+00 0.000000000000000000e+00 0.000000000000000000e+00
0.000000000000000000e+00 0.000000000000000000e+00 0.000000000000000000e+00 0.000000000000000000e+00 0.000000000000000000e+00
0.000000000000000000e+00 0.000000000000000000e+00 0.000000000000000000e+00 0.000000000000000000e+00 0.000000000000000000e+00
0.000000000000000000e+00 0.000000000000000000e+00 0.000000000000000000e+00 0.000000000000000000e+00 0.000000000000000000e+00
0.000000000000000000e+00 0.000000000000000000e+00 0.000000000000000000e+00 0.000000000000000000e+00 0.000000000000000000e+00
0.000000000000000000e+00 0.000000000000000000e+00 0.000000000000000000e+00 0.000000000000000000e+00 0.000000000000000000e+00
0.000000000000000000e+00 0.000000000000000000e+00 0.000000000000000000e+00 0.000000000000000000e+00 0.000000000000000000e+00
0.000000000000000000e+00 0.000000000000000000e+00 0.000000000000000000e+00 0.000000000000000000e+00 0.000000000000000000e+00
0.000000000000000000e+00 0.000000000000000000e+00 0.000000000000000000e+00 0.000000000000000000e+00 0.000000000000000000e+00
0.000000000000000000e+00 0.000000000000000000e+00 0.000000000000000000e+00 0.000000000000000000e+00 0.000000000000000000e+00
0.000000000000000000e+00 0.000000000000000000e+00 0.000000000000000000e+00 0.000000000000000000e+00 0.000000000000000000e+00
0.000000000000000000e+00 0.000000000000000000e+00 0.000000000000000000e+00 0.000000000000000000e+00 0.000000000000000000e+00
0.000000000000000000e+00 0.000000000000000000e+00 0.000000000000000000e+00 0.000000000000000000e+00 0.000000000000000000e+00
0.000000000000000000e+00 0.000000000000000000e+00 0.000000000000000000e+00 0.000000000000000000e+00 0.000000000000000000e+00
0.000000000000000000e+00 0.000000000000000000e+00 0.000000000000000000e+00 0.000000000000000000e+00 0.000000000000000000e+00
0.000000000000000000e+00 0.000000000000000000e+00 0.000000000000000000e+00 0.000000000000000000e+00 0.000000000000000000e+00
0.000000000000000000e+00 0.000000000000000000e+00 0.000000000000000000e+00 0.000000000000000000e+00 0.000000000000000000e+00
0.000000000000000000e+00 0.000000000000000000e+00 0.000000000000000000e+00 0.000000000000000000e+00 0.000000000000000000e+00
0.000000000000000000e+00 0.000000000000000000e+00 0.000000000000000000e+00 0.000000000000000000e+00 0.000000000000000000e+00
0.000000000000000000e+00 0.000000000000000000e+00 0.000000000000000000e+00 0.000000000000000000e+00 0.000000000000000000e+00
0.000000000000000000e+00 0.000000000000000000e+00 0.000000000000000000e+00 0.000000000000000000e+00 0.000000000000000000e+00
0.000000000000000000e+00 0.000000000000000000e+00 0.000000000000000000e+00 0.000000000000000000e+00 0.000000000000000000e+00
0.000000000000000000e+00 0.000000000000000000e+00 0.000000000000000000e+00 0.000000000000000000e+00 0.000000000000000000e+00
0.000000000000000000e+00 0.000000000000000000e+00 0.000000000000000000e+00 0.000000000000000000e+00 0.000000000000000000e+00
0.000000000000000000e+00 0.000000000000000000e+00 0.000000000000000000e+00 0.000000000000000000e+00 0.000000000000000000e+00
0.000000000000000000e+00 0.000000000000000000e+00 0.000000000000000000e+00 0.000000000000000000e+00 0.000000000000000000e+00
0.000000000000000000e+00 0.000000000000000000e+00 0.000000000000000000e+00 0.000000000000000000e+00 0.000000000000000000e+00
0.000000000000000000e+00 0.000000000000000000e+00 0.000000000000000000e+00 0.000000000000000000e+00 0.000000000000000000e+00
0.000000000000000000e+00 0.000000000000000000e+00 0.000000000000000000e+00 0.000000000000000000e+00 0.000000000000000000e+00
0.000000000000000000e+00 0.000000000000000000e+00 0.000000000000000000e+00 0.000000000000000000e+00 0.000000000000000000e+00
0.000000000000000000e+00 0.000000000000000000e+00 0.000000000000000000e+00 0.000000000000000000e+00 0.000000000000000000e+00
0.000000000000000000e+00 0.000000000000000000e+00 0.000000000000000000e+00 0.000000000000000000e+00 0.000000000000000000e+00
0.000000000000000000e+00 0.000000000000000000e+00 0.000000000000000000e+00 0.000000000000000000e+00 0.000000000000000000e+00
0.000000000000000000e+00 0.000000000000000000e+00 0.000000000000000000e+00 0.000000000000000000e+00 0.000000000000000000e+00
0.000000000000000000e+00 0.000000000000000000e+00 0.000000000000000000e+00 0.000000000000000000e+00 0.000000000000000000e+00
0.000000000000000000e+00 0.000000000000000000e+00 0.000000000000000000e+00 0.000000000000000000e+00 0.000000000000000000e+00
0.000000000000000000e+00 0.000000000000000000e+00 0.000000000000000000e+00 0.000000000000000000e+00 0.000000000000000000e+00
0.000000000000000000e+00 0.000000000000000000e+00 0.000000000000000000e+00 0.000000000000000000e+00 0.000000000000000000e+00
0.000000000000000000e+00 0.000000000000000000e+00 0.000000000000000000e+00 0.000000000000000000e+00 0.000000000000000000e+00
0.000000000000000000e+00 0.000000000000000000e+00 0.000000000000000000e+00 0.000000000000000000e+00 0.000000000000000000e+00
0.000000000000000000e+00 0.000000000000000000e+00 0.000000000000000000e+00 0.000000000000000000e+00 0.000000000000000000e+00
0.000000000000000000e+00 0.000000000000000000e+00 0.000000000000000000e+00 0.000000000000000000e+00 0.000000000000000000e+00
0.000000000000000000e+00 0.000000000000000000e+00 0.000000000000000000e+00 0.000000000000000000e+00 0.000000000000000000e+00
0.000000000000000000e+00 0.000000000000000000e+00 0.000000000000000000e+00 0.000000000000000000e+00 0.000000000000000000e+00
0.000000000000000000e+00 0.000000000000000000e+00 0.000000000000000000e+00 0.000000000000000000e+00 0.000000000000000000e+00
0.000000000000000000e+00 0.000000000000000000e+00 0.000000000000000000e+00 0.000000000000000000e+00 0.000000000000000000e+00
0.000000000000000000e+00 0.000000000000000000e+00 0.000000000000000000e+00 0.000000000000000000e+00 0.000000000000000000e+00
0.000000000000000000e+00 0.000000000000000000e+00 0.000000000000000000e+00 0.000000000000000000e+00 0.000000000000000000e+00
0.000000000000000000e+00 0.000000000000000000e+00 0.000000000000000000e+00 0.000000000000000000e+00 0.000000000000000000e+00
0.000000000000000000e+00 0.000000000000000000e+00 0.000000000000000000e+00 0.000000000000000000e+00 0.000000000000000000e+00
0.000000000000000000e+00 0.000000000000000000e+00 0.000000000000000000e+00 0.000000000000000000e+00 0.000000000000000000e+00
0.000000000000000000e+00 0.000000000000000000e+00 0.000000000000000000e+00 0.000000000000000000e+00 0.000000000000000000e+00
0.000000000000000000e+00 0.000000000000000000e+00 0.000000000000000000e+00 0.000000000000000000e+00 0.000000000000000000e+00
0.000000000000000000e+00 0.000000000000000000e+00 0.000000000000000000e+00 0.000000000000000000e+00 0.000000000000000000e+00
0.000000000000000000e+00 0.000000000000000000e+00 0.000000000000000000e+00 0.000000000000000000e+00 0.000000000000000000e+00
0.000000000000000000e+00 0.000000000000000000e+00 0.000000000000000000e+00 0.000000000000000000e+00 0.000000000000000000e+00
0.000000000000000000e+00 0.000000000000000000e+00 0.000000000000000000e+00 0.000000000000000000e+00 0.000000000000000000e+00
0.000000000000000000e+00 0.000000000000000000e+00 0.000000000000000000e+00 0.000000000000000000e+00 0.000000000000000000e+00
0.000000000000000000e+00 0.000000000000000000e+00 0.000000000000000000e+00 0.000000000000000000e+00 0.000000000000000000e+00
0.000000000000000000e+00 0.000000000000000000e+00 0.000000000000000000e+00 0.000000000000000000e+00 0.000000000000000000e+00
0.000000000000000000e+00 0.000000000000000000e+00 0.000000000000000000e+00 0.000000000000000000e+00 0.000000000000000000e+00
0.000000000000000000e+00 0.000000000000000000e+00 0.000000000000000000e+00 0.000000000000000000e+00 0.000000000000000000e+00
0.000000000000000000e+00 0.000000000000000000e+00 0.000000000000000000e+00 0.000000000000000000e+00 0.000000000000000000e+00
0.000000000000000000e+00 0.000000000000000000e+00 0.000000000000000000e+00 0.000000000000000000e+00 0.000000000000000000e+00
0.000000000000000000e+00 0.000000000000000000e+00 0.000000000000000000e+00 0.000000000000000000e+00 0.000000000000000000e+00
0.000000000000000000e+00 0.000000000000000000e+00 0.000000000000000000e+00 0.000000000000000000e+00 0.000000000000000000e+00
0.000000000000000000e+00 0.000000000000000000e+00 0.000000000000000000e+00 0.000000000000000000e+00 0.000000000000000000e+00
0.000000000000000000e+00 0.000000000000000000e+00 0.000000000000000000e+00 0.000000000000000000e+00 0.000000000000000000e+00
0.000000000000000000e+00 0.000000000000000000e+00 0.000000000000000000e+00 0.000000000000000000e+00 0.000000000000000000e+00
0.000000000000000000e+00 0.000000000000000000e+00 0.000000000000000000e+00 0.000000000000000000e+00 0.000000000000000000e+00
0.000000000000000000e+00 0.000000000000000000e+00 0.000000000000000000e+00 0.000000000000000000e+00 0.000000000000000000e+00
0.000000000000000000e+00 0.000000000000000000e+00 0.000000000000000000e+00 0.000000000000000000e+00 0.000000000000000000e+00
0.000000000000000000e+00 0.000000000000000000e+00 0.000000000000000000e+00 0.000000000000000000e+00 0.000000000000000000e+00
0.000000000000000000e+00 0.000000000000000000e+00 0.000000000000000000e+00 0.000000000000000000e+00 0.000000000000000000e+00
0.000000000000000000e+00 0.000000000000000000e+00 0.000000000000000000e+00 0.000000000000000000e+00 0.000000000000000000e+00
0.000000000000000000e+00 0.000000000000000000e+00 0.000000000000000000e+00 0.000000000000000000e+00 0.000000000000000000e+00
0.000000000000000000e+00 0.000000000000000000e+00 0.000000000000000000e+00 0.000000000000000000e+00 0.000000000000000000e+00
0.000000000000000000e+00 0.000000000000000000e+00 0.000000000000000000e+00 0.000000000000000000e+00 0.000000000000000000e+00
0.000000000000000000e+00 0.000000000000000000e+00 0.000000000000000000e+00 0.000000000000000000e+00 0.000000000000000000e+00
0.000000000000000000e+00 0.000000000000000000e+00 0.000000000000000000e+00 0.000000000000000000e+00 0.000000000000000000e+00
0.000000000000000000e+00 0.000000000000000000e+00 0.000000000000000000e+00 0.000000000000000000e+00 0.000000000000000000e+00
0.000000000000000000e+00 0.000000000000000000e+00 0.000000000000000000e+00 0.000000000000000000e+00 0.000000000000000000e+00
0.000000000000000000e+00 0.000000000000000000e+00 0.000000000000000000e+00 0.000000000000000000e+00 0.000000000000000000e+00
0.000000000000000000e+00 0.000000000000000000e+00 0.000000000000000000e+00 0.000000000000000000e+00 0.000000000000000000e+00
0.000000000000000000e+00 0.000000000000000000e+00 0.000000000000000000e+00 0.000000000000000000e+00 0.000000000000000000e+00
0.000000000000000000e+00 0.000000000000000000e+00 0.000000000000000000e+00 0.000000000000000000e+00 0.000000000000000000e+00
0.000000000000000000e+00 0.000000000000000000e+00 0.000000000000000000e+00 0.000000000000000000e+00 0.000000000000000000e+00
0.000000000000000000e+00 0.000000000000000000e+00 0.000000000000000000e+00 0.000000000000000000e+00 0.000000000000000000e+00
0.000000000000000000e+00 0.000000000000000000e+00 0.000000000000000000e+00 0.000000000000000000e+00 0.000000000000000000e+00
0.000000000000000000e+00 0.000000000000000000e+00 0.000000000000000000e+00 0.000000000000000000e+00 0.000000000000000000e+00
0.000000000000000000e+00 0.000000000000000000e+00 0.000000000000000000e+00 0.000000000000000000e+00 0.000000000000000000e+00
0.000000000000000000e+00 0.000000000000000000e+00 0.000000000000000000e+00 0.000000000000000000e+00 0.000000000000000000e+00
0.000000000000000000e+00 0.000000000000000000e+00 0.000000000000000000e+00 0.000000000000000000e+00 0.000000000000000000e+00
0.000000000000000000e+00 0.000000000000000000e+00 0.000000000000000000e+00 0.000000000000000000e+00 0.000000000000000000e+00
0.000000000000000000e+00 0.000000000000000000e+00 0.000000000000000000e+00 0.000000000000000000e+00 0.000000000000000000e+00
0.000000000000000000e+00 0.000000000000000000e+00 0.000000000000000000e+00 0.000000000000000000e+00 0.000000000000000000e+00
0.000000000000000000e+00 0.000000000000000000e+00 0.000000000000000000e+00 0.000000000000000000e+00 0.000000000000000000e+00
0.000000000000000000e+00 0.000000000000000000e+00 0.000000000000000000e+00 0.000000000000000000e+00 0.000000000000000000e+00
0.000000000000000000e+00 0.000000000000000000e+00 0.000000000000000000e+00 0.000000000000000000e+00 0.000000000000000000e+00
0.000000000000000000e+00 0.000000000000000000e+00 0.000000000000000000e+00 0.000000000000000000e+00 0.000000000000000000e+00
0.000000000000000000e+00 0.000000000000000000e+00 0.000000000000000000e+00 0.000000000000000000e+00 0.000000000000000000e+00
0.000000000000000000e+00 0.000000000000000000e+00 0.000000000000000000e+00 0.000000000000000000e+00 0.000000000000000000e+00
0.000000000000000000e+00 0.000000000000000000e+00 0.000000000000000000e+00 0.000000000000000000e+00 0.000000000000000000e+00
0.000000000000000000e+00 0.000000000000000000e+00 0.000000000000000000e+00 0.000000000000000000e+00 0.000000000000000000e+00
0.000000000000000000e+00 0.000000000000000000e+00 0.000000000000000000e+00 0.000000000000000000e+00 0.000000000000000000e+00
0.000000000000000000e+00 0.000000000000000000e+00 0.000000000000000000e+00 0.000000000000000000e+00 0.000000000000000000e+00
0.000000000000000000e+00 0.000000000000000000e+00 0.000000000000000000e+00 0.000000000000000000e+00 0.000000000000000000e+00
0.000000000000000000e+00 0.000000000000000000e+00 0.000000000000000000e+00 0.000000000000000000e+00 0.000000000000000000e+00
0.000000000000000000e+00 0.000000000000000000e+00 0.000000000000000000e+00 0.000000000000000000e+00 0.000000000000000000e+00
0.000000000000000000e+00 0.000000000000000000e+00 0.000000000000000000e+00 0.000000000000000000e+00 0.000000000000000000e+00
0.000000000000000000e+00 0.000000000000000000e+00 0.000000000000000000e+00 0.000000000000000000e+00 0.000000000000000000e+00
0.000000000000000000e+00 0.000000000000000000e+00 0.000000000000000000e+00 0.000000000000000000e+00 0.000000000000000000e+00
0.000000000000000000e+00 0.000000000000000000e+00 0.000000000000000000e+00 0.000000000000000000e+00 0.000000000000000000e+00
0.000000000000000000e+00 0.000000000000000000e+00 0.000000000000000000e+00 0.000000000000000000e+00 0.000000000000000000e+00
0.000000000000000000e+00 0.000000000000000000e+00 0.000000000000000000e+00 0.000000000000000000e+00 0.000000000000000000e+00
0.000000000000000000e+00 0.000000000000000000e+00 0.000000000000000000e+00 0.000000000000000000e+00 0.000000000000000000e+00
0.000000000000000000e+00 0.000000000000000000e+00 0.000000000000000000e+00 0.000000000000000000e+00 0.000000000000000000e+00
0.000000000000000000e+00 0.000000000000000000e+00 0.000000000000000000e+00 0.000000000000000000e+00 0.000000000000000000e+00
0.000000000000000000e+00 0.000000000000000000e+00 0.000000000000000000e+00 0.000000000000000000e+00 0.000000000000000000e+00
0.000000000000000000e+00 0.000000000000000000e+00 0.000000000000000000e+00 0.000000000000000000e+00 0.000000000000000000e+00
0.000000000000000000e+00 0.000000000000000000e+00 0.000000000000000000e+00 0.000000000000000000e+00 0.000000000000000000e+00
0.000000000000000000e+00 0.000000000000000000e+00 0.000000000000000000e+00 0.000000000000000000e+00 0.000000000000000000e+00
0.000000000000000000e+00 0.000000000000000000e+00 0.000000000000000000e+00 0.000000000000000000e+00 0.000000000000000000e+00
0.000000000000000000e+00 0.000000000000000000e+00 0.000000000000000000e+00 0.000000000000000000e+00 0.000000000000000000e+00
0.000000000000000000e+00 0.000000000000000000e+00 0.000000000000000000e+00 0.000000000000000000e+00 0.000000000000000000e+00
0.000000000000000000e+00 0.000000000000000000e+00 0.000000000000000000e+00 0.000000000000000000e+00 0.000000000000000000e+00
0.000000000000000000e+00 0.000000000000000000e+00 0.000000000000000000e+00 0.000000000000000000e+00 0.000000000000000000e+00
0.000000000000000000e+00 0.000000000000000000e+00 0.000000000000000000e+00 0.000000000000000000e+00 0.000000000000000000e+00
0.000000000000000000e+00 0.000000000000000000e+00 0.000000000000000000e+00 0.000000000000000000e+00 0.000000000000000000e+00
0.000000000000000000e+00 0.000000000000000000e+00 0.000000000000000000e+00 0.000000000000000000e+00 0.000000000000000000e+00
0.000000000000000000e+00 0.000000000000000000e+00 0.000000000000000000e+00 0.000000000000000000e+00 0.000000000000000000e+00
0.000000000000000000e+00 0.000000000000000000e+00 0.000000000000000000e+00 0.000000000000000000e+00 0.000000000000000000e+00
0.000000000000000000e+00 0.000000000000000000e+00 0.000000000000000000e+00 0.000000000000000000e+00 0.000000000000000000e+00
0.000000000000000000e+00 0.000000000000000000e+00 0.000000000000000000e+00 0.000000000000000000e+00 0.000000000000000000e+00
0.000000000000000000e+00 0.000000000000000000e+00 0.000000000000000000e+00 0.000000000000000000e+00 0.000000000000000000e+00
0.000000000000000000e+00 0.000000000000000000e+00 0.000000000000000000e+00 0.000000000000000000e+00 0.000000000000000000e+00
0.000000000000000000e+00 0.000000000000000000e+00 0.000000000000000000e+00 0.000000000000000000e+00 0.000000000000000000e+00
0.000000000000000000e+00 0.000000000000000000e+00 0.000000000000000000e+00 0.000000000000000000e+00 0.000000000000000000e+00
0.000000000000000000e+00 0.000000000000000000e+00 0.000000000000000000e+00 0.000000000000000000e+00 0.000000000000000000e+00
0.000000000000000000e+00 0.000000000000000000e+00 0.000000000000000000e+00 0.000000000000000000e+00 0.000000000000000000e+00
0.000000000000000000e+00 0.000000000000000000e+00 0.000000000000000000e+00 0.000000000000000000e+00 0.000000000000000000e+00
0.000000000000000000e+00 0.000000000000000000e+00 0.000000000000000000e+00 0.000000000000000000e+00 0.000000000000000000e+00
0.000000000000000000e+00 0.000000000000000000e+00 0.000000000000000000e+00 0.000000000000000000e+00 0.000000000000000000e+00
0.000000000000000000e+00 0.000000000000000000e+00 0.000000000000000000e+00 0.000000000000000000e+00 0.000000000000000000e+00
0.000000000000000000e+00 0.000000000000000000e+00 0.000000000000000000e+00 0.000000000000000000e+00 0.000000000000000000e+00
0.000000000000000000e+00 0.000000000000000000e+00 0.000000000000000000e+00 0.000000000000000000e+00 0.000000000000000000e+00
0.000000000000000000e+00 0.000000000000000000e+00 0.000000000000000000e+00 0.000000000000000000e+00 0.000000000000000000e+00
0.000000000000000000e+00 0.000000000000000000e+00 0.000000000000000000e+00 0.000000000000000000e+00 0.000000000000000000e+00
0.000000000000000000e+00 0.000000000000000000e+00 0.000000000000000000e+00 0.000000000000000000e+00 0.000000000000000000e+00
0.000000000000000000e+00 0.000000000000000000e+00 0.000000000000000000e+00 0.000000000000000000e+00 0.000000000000000000e+00
0.000000000000000000e+00 0.000000000000000000e+00 0.000000000000000000e+00 0.000000000000000000e+00 0.000000000000000000e+00
0.000000000000000000e+00 0.000000000000000000e+00 0.000000000000000000e+00 0.000000000000000000e+00 0.000000000000000000e+00
0.000000000000000000e+00 0.000000000000000000e+00 0.000000000000000000e+00 0.000000000000000000e+00 0.000000000000000000e+00
0.000000000000000000e+00 0.000000000000000000e+00 0.000000000000000000e+00 0.000000000000000000e+00 0.000000000000000000e+00
0.000000000000000000e+00 0.000000000000000000e+00 0.000000000000000000e+00 0.000000000000000000e+00 0.000000000000000000e+00
0.000000000000000000e+00 0.000000000000000000e+00 0.000000000000000000e+00 0.000000000000000000e+00 0.000000000000000000e+00
0.000000000000000000e+00 0.000000000000000000e+00 0.000000000000000000e+00 0.000000000000000000e+00 0.000000000000000000e+00
0.000000000000000000e+00 0.000000000000000000e+00 0.000000000000000000e+00 0.000000000000000000e+00 0.000000000000000000e+00
0.000000000000000000e+00 0.000000000000000000e+00 0.000000000000000000e+00 0.000000000000000000e+00 0.000000000000000000e+00
0.000000000000000000e+00 0.000000000000000000e+00 0.000000000000000000e+00 0.000000000000000000e+00 0.000000000000000000e+00
0.000000000000000000e+00 0.000000000000000000e+00 0.000000000000000000e+00 0.000000000000000000e+00 0.000000000000000000e+00
0.000000000000000000e+00 0.000000000000000000e+00 0.000000000000000000e+00 0.000000000000000000e+00 0.000000000000000000e+00
0.000000000000000000e+00 0.000000000000000000e+00 0.000000000000000000e+00 0.000000000000000000e+00 0.000000000000000000e+00
0.000000000000000000e+00 0.000000000000000000e+00 0.000000000000000000e+00 0.000000000000000000e+00 0.000000000000000000e+00
0.000000000000000000e+00 0.000000000000000000e+00 0.000000000000000000e+00 0.000000000000000000e+00 0.000000000000000000e+00
0.000000000000000000e+00 0.000000000000000000e+00 0.000000000000000000e+00 0.000000000000000000e+00 0.000000000000000000e+00
0.000000000000000000e+00 0.000000000000000000e+00 0.000000000000000000e+00 0.000000000000000000e+00 0.000000000000000000e+00
0.000000000000000000e+00 0.000000000000000000e+00 0.000000000000000000e+00 0.000000000000000000e+00 0.000000000000000000e+00
0.000000000000000000e+00 0.000000000000000000e+00 0.000000000000000000e+00 0.000000000000000000e+00 0.000000000000000000e+00
0.000000000000000000e+00 0.000000000000000000e+00 0.000000000000000000e+00 0.000000000000000000e+00 0.000000000000000000e+00
0.000000000000000000e+00 0.000000000000000000e+00 0.000000000000000000e+00 0.000000000000000000e+00 0.000000000000000000e+00
0.000000000000000000e+00 0.000000000000000000e+00 0.000000000000000000e+00 0.000000000000000000e+00 0.000000000000000000e+00
0.000000000000000000e+00 0.000000000000000000e+00 0.000000000000000000e+00 0.000000000000000000e+00 0.000000000000000000e+00
0.000000000000000000e+00 0.000000000000000000e+00 0.000000000000000000e+00 0.000000000000000000e+00 0.000000000000000000e+00
0.000000000000000000e+00 0.000000000000000000e+00 0.000000000000000000e+00 0.000000000000000000e+00 0.000000000000000000e+00
0.000000000000000000e+00 0.000000000000000000e+00 0.000000000000000000e+00 0.000000000000000000e+00 0.000000000000000000e+00
0.000000000000000000e+00 0.000000000000000000e+00 0.000000000000000000e+00 0.000000000000000000e+00 0.000000000000000000e+00
0.000000000000000000e+00 0.000000000000000000e+00 0.000000000000000000e+00 0.000000000000000000e+00 0.000000000000000000e+00
0.000000000000000000e+00 0.000000000000000000e+00 0.000000000000000000e+00 0.000000000000000000e+00 0.000000000000000000e+00
0.000000000000000000e+00 0.000000000000000000e+00 0.000000000000000000e+00 0.000000000000000000e+00 0.000000000000000000e+00
0.000000000000000000e+00 0.000000000000000000e+00 0.000000000000000000e+00 0.000000000000000000e+00 0.000000000000000000e+00
0.000000000000000000e+00 0.000000000000000000e+00 0.000000000000000000e+00 0.000000000000000000e+00 0.000000000000000000e+00
0.000000000000000000e+00 0.000000000000000000e+00 0.000000000000000000e+00 0.000000000000000000e+00 0.000000000000000000e+00
0.000000000000000000e+00 0.000000000000000000e+00 0.000000000000000000e+00 0.000000000000000000e+00 0.000000000000000000e+00
0.000000000000000000e+00 0.000000000000000000e+00 0.000000000000000000e+00 0.000000000000000000e+00 0.000000000000000000e+00
0.000000000000000000e+00 0.000000000000000000e+00 0.000000000000000000e+00 0.000000000000000000e+00 0.000000000000000000e+00
0.000000000000000000e+00 0.000000000000000000e+00 0.000000000000000000e+00 0.000000000000000000e+00 0.000000000000000000e+00
0.000000000000000000e+00 0.000000000000000000e+00 0.000000000000000000e+00 0.000000000000000000e+00 0.000000000000000000e+00
0.000000000000000000e+00 0.000000000000000000e+00 0.000000000000000000e+00 0.000000000000000000e+00 0.000000000000000000e+00
0.000000000000000000e+00 0.000000000000000000e+00 0.000000000000000000e+00 0.000000000000000000e+00 0.000000000000000000e+00
0.000000000000000000e+00 0.000000000000000000e+00 0.000000000000000000e+00 0.000000000000000000e+00 0.000000000000000000e+00
0.000000000000000000e+00 0.000000000000000000e+00 0.000000000000000000e+00 0.000000000000000000e+00 0.000000000000000000e+00
0.000000000000000000e+00 0.000000000000000000e+00 0.000000000000000000e+00 0.000000000000000000e+00 0.000000000000000000e+00
0.000000000000000000e+00 0.000000000000000000e+00 0.000000000000000000e+00 0.000000000000000000e+00 0.000000000000000000e+00
0.000000000000000000e+00 0.000000000000000000e+00 0.000000000000000000e+00 0.000000000000000000e+00 0.000000000000000000e+00
0.000000000000000000e+00 0.000000000000000000e+00 0.000000000000000000e+00 0.000000000000000000e+00 0.000000000000000000e+00
0.000000000000000000e+00 0.000000000000000000e+00 0.000000000000000000e+00 0.000000000000000000e+00 0.000000000000000000e+00
0.000000000000000000e+00 0.000000000000000000e+00 0.000000000000000000e+00 0.000000000000000000e+00 0.000000000000000000e+00
0.000000000000000000e+00 0.000000000000000000e+00 0.000000000000000000e+00 0.000000000000000000e+00 0.000000000000000000e+00
0.000000000000000000e+00 0.000000000000000000e+00 0.000000000000000000e+00 0.000000000000000000e+00 0.000000000000000000e+00
0.000000000000000000e+00 0.000000000000000000e+00 0.000000000000000000e+00 0.000000000000000000e+00 0.000000000000000000e+00
0.000000000000000000e+00 0.000000000000000000e+00 0.000000000000000000e+00 7.276743543903789302e+00 9.982866705363209192e+00
0.000000000000000000e+00 0.000000000000000000e+00 0.000000000000000000e+00 4.056865097133065312e+00 9.376682919098492164e+00
0.000000000000000000e+00 0.000000000000000000e+00 0.000000000000000000e+00 2.288364107719110585e+00 7.871018620847940461e+00
0.000000000000000000e+00 0.000000000000000000e+00 0.000000000000000000e+00 9.866874346765541759e-01 5.765840465663799819e+00
0.000000000000000000e+00 0.000000000000000000e+00 0.000000000000000000e+00 0.000000000000000000e+00 3.813784864075609793e+00
2.097523436762745330e+00 0.000000000000000000e+00 0.000000000000000000e+00 0.000000000000000000e+00 2.244455563787013386e+00
4.806175029962171941e+00 0.000000000000000000e+00 0.000000000000000000e+00 0.000000000000000000e+00 9.174683241374452791e-01
6.455648439593164589e+00 0.000000000000000000e+00 0.000000000000000000e+00 0.000000000000000000e+00 0.000000000000000000e+00
7.358624152309303668e+00 0.000000000000000000e+00 0.000000000000000000e+00 0.000000000000000000e+00 0.000000000000000000e+00
7.646346204771800714e+00 9.479996590006527502e-01 0.000000000000000000e+00 0.000000000000000000e+00 0.000000000000000000e+00
7.410023996701177396e+00 3.515245791318811097e+00 0.000000000000000000e+00 0.000000000000000000e+00 0.000000000000000000e+00
6.855959169001571318e+00 5.328875566598550328e+00 0.000000000000000000e+00 0.000000000000000000e+00 0.000000000000000000e+00
6.009479168425635898e+00 6.473291204478935690e+00 0.000000000000000000e+00 0.000000000000000000e+00 0.000000000000000000e+00
4.883144709625668156e+00 6.964291764325742484e+00 6.336770981098371891e-01 0.000000000000000000e+00 0.000000000000000000e+00
3.605151542787881080e+00 6.833968293156669205e+00 3.203359122468984133e+00 0.000000000000000000e+00 0.000000000000000000e+00
2.298738436416385422e+00 6.339749354771610612e+00 5.000611802005860085e+00 0.000000000000000000e+00 0.000000000000000000e+00
1.068043182234160726e+00 5.591574864637384401e+00 6.096356323702573299e+00 0.000000000000000000e+00 0.000000000000000000e+00
0.000000000000000000e+00 4.614030486569627776e+00 6.558983328295131976e+00 1.925048283132226867e-01 0.000000000000000000e+00
0.000000000000000000e+00 3.505610321091496395e+00 6.437689237752054261e+00 2.686804558155288181e+00 0.000000000000000000e+00
0.000000000000000000e+00 2.389554388609997915e+00 6.017484746005500540e+00 4.398433136592093895e+00 0.000000000000000000e+00
0.000000000000000000e+00 1.321343825502745872e+00 5.415529357278358269e+00 5.448560455521300305e+00 0.000000000000000000e+00
0.000000000000000000e+00 3.073318789919710081e-01 4.617097401982651839e+00 5.956955746741686930e+00 0.000000000000000000e+00
0.000000000000000000e+00 0.000000000000000000e+00 3.664978216838204350e+00 5.968749151225693161e+00 1.954195495508171732e+00
0.000000000000000000e+00 0.000000000000000000e+00 2.641848022373465277e+00 5.690627228201222465e+00 3.674588183295025789e+00
0.000000000000000000e+00 0.000000000000000000e+00 1.622108548173344156e+00 5.226231612161810425e+00 4.786090821890449654e+00
0.000000000000000000e+00 0.000000000000000000e+00 6.422095176054143373e-01 4.557230151158040421e+00 5.404692685269818497e+00
0.000000000000000000e+00 0.000000000000000000e+00 0.000000000000000000e+00 3.716237176898703254e+00 5.565324797711620697e+00
0.000000000000000000e+00 0.000000000000000000e+00 0.000000000000000000e+00 2.784352553519173323e+00 5.299034400987232551e+00
0.000000000000000000e+00 0.000000000000000000e+00 0.000000000000000000e+00 1.833736223614126137e+00 4.684408859070403608e+00
0.000000000000000000e+00 0.000000000000000000e+00 0.000000000000000000e+00 8.760539813903645001e-01 3.837176872698800256e+00
3.687737650626494723e-01 0.000000000000000000e+00 0.000000000000000000e+00 0.000000000000000000e+00 2.862223706068628637e+00
2.408706711572818904e+00 0.000000000000000000e+00 0.000000000000000000e+00 0.000000000000000000e+00 1.833907442635459795e+00
3.884376953856079950e+00 0.000000000000000000e+00 0.000000000000000000e+00 0.000000000000000000e+00 8.354271266261419360e-01
4.859324029193064831e+00 0.000000000000000000e+00 0.000000000000000000e+00 0.000000000000000000e+00 0.000000000000000000e+00
5.394723800892950116e+00 0.000000000000000000e+00 0.000000000000000000e+00 0.000000000000000000e+00 0.000000000000000000e+00
5.509329114628378932e+00 1.590027792836636866e+00 0.000000000000000000e+00 0.000000000000000000e+00 0.000000000000000000e+00
5.365325821668810669e+00 3.134477765963160412e+00 0.000000000000000000e+00 0.000000000000000000e+00 0.000000000000000000e+00
5.032968693774009239e+00 4.198091149133356126e+00 0.000000000000000000e+00 0.000000000000000000e+00 0.000000000000000000e+00
4.455173536603648010e+00 4.868357526963237092e+00 0.000000000000000000e+00 0.000000000000000000e+00 0.000000000000000000e+00
3.647655533784916138e+00 5.140106129792881617e+00 1.288256072654021311e+00 0.000000000000000000e+00 0.000000000000000000e+00
2.696786463783571008e+00 5.081688565973148108e+00 2.885960533345018231e+00 0.000000000000000000e+00 0.000000000000000000e+00
1.696995241634867924e+00 4.773616711216416064e+00 4.006437714439524456e+00 0.000000000000000000e+00 0.000000000000000000e+00
7.243110760430157002e-01 4.229445264463648435e+00 4.697177192575809457e+00 0.000000000000000000e+00 0.000000000000000000e+00
0.000000000000000000e+00 3.492013213873645050e+00 4.964853327861072252e+00 8.801157927579310591e-01 0.000000000000000000e+00
0.000000000000000000e+00 2.643428485669609973e+00 4.887424779667622232e+00 2.517856245998022491e+00 0.000000000000000000e+00
0.000000000000000000e+00 1.771611026902696340e+00 4.599806327809583983e+00 3.634345908433179950e+00 0.000000000000000000e+00
0.000000000000000000e+00 9.111208238304382423e-01 4.140690666963067201e+00 4.314001402662883677e+00 0.000000000000000000e+00
0.000000000000000000e+00 5.855934168561627295e-02 3.518825988315808839e+00 4.615149609625325944e+00 4.172534930659874686e-01
0.000000000000000000e+00 0.000000000000000000e+00 2.767518920472732624e+00 4.595405041523818568e+00 2.056848009780718467e+00
0.000000000000000000e+00 0.000000000000000000e+00 1.958554485101990261e+00 4.388991143728962818e+00 3.182762389671383030e+00
0.000000000000000000e+00 0.000000000000000000e+00 1.140703686363704783e+00 4.026388921537070509e+00 3.899740669867872711e+00
0.000000000000000000e+00 0.000000000000000000e+00 3.239837552528688214e-01 3.493329512520929825e+00 4.276034493777892465e+00
0.000000000000000000e+00 0.000000000000000000e+00 0.000000000000000000e+00 2.821428464198794117e+00 4.326134005938270022e+00
0.000000000000000000e+00 0.000000000000000000e+00 0.000000000000000000e+00 2.076181435346241333e+00 4.074994107215951900e+00
0.000000000000000000e+00 0.000000000000000000e+00 0.000000000000000000e+00 1.298252285386620963e+00 3.581621230452749050e+00
0.000000000000000000e+00 0.000000000000000000e+00 0.000000000000000000e+00 4.921495268912666199e-01 2.921975710953611305e+00
9.830261310941528219e-01 0.000000000000000000e+00 0.000000000000000000e+00 0.000000000000000000e+00 2.158469816032398292e+00
2.384217745337698702e+00 0.000000000000000000e+00 0.000000000000000000e+00 0.000000000000000000e+00 1.345987778089020148e+00
3.377608335594279865e+00 0.000000000000000000e+00 0.000000000000000000e+00 0.000000000000000000e+00 5.440400527773481265e-01
4.018978198416865766e+00 0.000000000000000000e+00 0.000000000000000000e+00 0.000000000000000000e+00 0.000000000000000000e+00
4.336618753445303120e+00 3.840911276802454477e-01 0.000000000000000000e+00 0.000000000000000000e+00 0.000000000000000000e+00
4.372757871669243457e+00 1.837244430475905910e+00 0.000000000000000000e+00 0.000000000000000000e+00 0.000000000000000000e+00
4.243618003186730547e+00 2.871919625860639869e+00 0.000000000000000000e+00 0.000000000000000000e+00 0.000000000000000000e+00
3.953203195907516232e+00 3.573706491154082343e+00 0.000000000000000000e+00 0.000000000000000000e+00 0.000000000000000000e+00
3.455567197855261785e+00 3.993114730640343613e+00 1.875054759850447450e-01 0.000000000000000000e+00 0.000000000000000000e+00
2.780169020722560891e+00 4.125251184328059040e+00 1.651718135631710993e+00 0.000000000000000000e+00 0.000000000000000000e+00
1.991459027864982412e+00 4.048500207632943493e+00 2.721224437527899109e+00 0.000000000000000000e+00 0.000000000000000000e+00
1.162222039004194851e+00 3.779537864396221192e+00 3.458688573798747612e+00 0.000000000000000000e+00 0.000000000000000000e+00
3.484198031832634879e-01 3.306035914763933548e+00 3.893028385119842838e+00 0.000000000000000000e+00 0.000000000000000000e+00
0.000000000000000000e+00 2.678722000190448149e+00 4.010117041867302667e+00 1.360755325534662941e+00 0.000000000000000000e+00
0.000000000000000000e+00 1.972986816430409851e+00 3.916117478018723119e+00 2.460481352909902331e+00 0.000000000000000000e+00
0.000000000000000000e+00 1.245164654856525388e+00 3.669988465221731389e+00 3.195797636062505109e+00 0.000000000000000000e+00
0.000000000000000000e+00 5.134918699397783559e-01 3.265748502911145934e+00 3.628670258447454611e+00 0.000000000000000000e+00
0.000000000000000000e+00 0.000000000000000000e+00 2.725304493964995967e+00 3.778171840291285832e+00 9.849391348593632411e-01
0.000000000000000000e+00 0.000000000000000000e+00 2.086788177086629670e+00 3.728783411178017815e+00 2.110995038844270422e+00
0.000000000000000000e+00 0.000000000000000000e+00 1.404092219141885423e+00 3.539885456874965808e+00 2.873461834041375784e+00
0.000000000000000000e+00 0.000000000000000000e+00 7.075565201326413645e-01 3.203042628880126585e+00 3.346749038713058511e+00
0.000000000000000000e+00 0.000000000000000000e+00 0.000000000000000000e+00 2.726079826416647034e+00 3.556992287799348507e+00
0.000000000000000000e+00 0.000000000000000000e+00 0.000000000000000000e+00 2.140156204552603469e+00 3.513587650452444588e+00
0.000000000000000000e+00 0.000000000000000000e+00 0.000000000000000000e+00 1.506175118561761339e+00 3.242183830316430981e+00
0.000000000000000000e+00 0.000000000000000000e+00 0.000000000000000000e+00 8.410127744642970082e-01 2.796665545621880078e+00
1.081467407662421998e-01 0.000000000000000000e+00 0.000000000000000000e+00 1.393302081984640062e-01 2.234734559526429631e+00
1.419550599905186727e+00 0.000000000000000000e+00 0.000000000000000000e+00 0.000000000000000000e+00 1.591751680595512308e+00
2.383021507438352948e+00 0.000000000000000000e+00 0.000000000000000000e+00 0.000000000000000000e+00 9.150093057704120625e-01
3.047283779525525205e+00 0.000000000000000000e+00 0.000000000000000000e+00 0.000000000000000000e+00 2.440466926412045989e-01
3.457025614315023532e+00 0.000000000000000000e+00 0.000000000000000000e+00 0.000000000000000000e+00 0.000000000000000000e+00
3.617987244264797120e+00 9.505776033797195268e-01 0.000000000000000000e+00 0.000000000000000000e+00 0.000000000000000000e+00
3.608435360947048753e+00 1.959567780059352282e+00 0.000000000000000000e+00 0.000000000000000000e+00 0.000000000000000000e+00
3.473109933474956446e+00 2.669555956856916268e+00 0.000000000000000000e+00 0.000000000000000000e+00 0.000000000000000000e+00
3.176817252554602788e+00 3.143932276794661806e+00 0.000000000000000000e+00 0.000000000000000000e+00 0.000000000000000000e+00
2.708150684419817544e+00 3.392058304714903549e+00 7.814872237185165327e-01 0.000000000000000000e+00 0.000000000000000000e+00
2.102750281224913920e+00 3.446025710212889503e+00 1.823008902824470034e+00 0.000000000000000000e+00 0.000000000000000000e+00
1.416326780622829462e+00 3.335843183757873920e+00 2.573659204734555228e+00 0.000000000000000000e+00 0.000000000000000000e+00
7.056051637792496445e-01 3.050346174184589643e+00 3.075113056571677550e+00 0.000000000000000000e+00 0.000000000000000000e+00
2.994363763428875558e-03 2.602690650270047978e+00 3.328230953945211290e+00 5.149838209189943061e-01 0.000000000000000000e+00
0.000000000000000000e+00 2.037862645144220775e+00 3.359157498485256799e+00 1.610586597827146305e+00 0.000000000000000000e+00
0.000000000000000000e+00 1.429410330986453426e+00 3.234963803445230379e+00 2.379887187864873077e+00 0.000000000000000000e+00
0.000000000000000000e+00 8.067555524861141913e-01 2.978616253756257937e+00 2.875636308972287836e+00 0.000000000000000000e+00
0.000000000000000000e+00 1.637988940246533076e-01 2.596954529293717506e+00 3.131588630523025607e+00 2.365354924499789568e-01
0.000000000000000000e+00 0.000000000000000000e+00 2.106372701809619663e+00 3.178392638662973724e+00 1.348765446489589070e+00
0.000000000000000000e+00 0.000000000000000000e+00 1.544762810340813530e+00 3.097221113410384419e+00 2.122328402379288104e+00
0.000000000000000000e+00 0.000000000000000000e+00 9.492177240517523096e-01 2.901178286613967039e+00 2.632934913024164825e+00
0.000000000000000000e+00 0.000000000000000000e+00 3.348527645692169763e-01 2.571871946032221690e+00 2.929402653052929129e+00
0.000000000000000000e+00 0.000000000000000000e+00 0.000000000000000000e+00 2.126667117062651879e+00 3.016429687367254253e+00
0.000000000000000000e+00 0.000000000000000000e+00 0.000000000000000000e+00 1.606445582182282950e+00 2.901980553621837711e+00
0.000000000000000000e+00 0.000000000000000000e+00 0.000000000000000000e+00 1.044103243030527706e+00 2.615678198225609652e+00
0.000000000000000000e+00 0.000000000000000000e+00 0.000000000000000000e+00 4.455895426882690025e-01 2.201055744133003422e+00
6.799005280945876750e-01 0.000000000000000000e+00 0.000000000000000000e+00 0.000000000000000000e+00 1.695105595493678230e+00
1.636488557225529661e+00 0.000000000000000000e+00 0.000000000000000000e+00 0.000000000000000000e+00 1.128049326215230685e+00
2.322496744994132278e+00 0.000000000000000000e+00 0.000000000000000000e+00 0.000000000000000000e+00 5.440532960600366064e-01
2.779955468235519866e+00 0.000000000000000000e+00 0.000000000000000000e+00 0.000000000000000000e+00 0.000000000000000000e+00
3.027560290325967962e+00 3.038544481560276900e-01 0.000000000000000000e+00 0.000000000000000000e+00 0.000000000000000000e+00
3.090744751911024046e+00 1.295815217593206059e+00 0.000000000000000000e+00 0.000000000000000000e+00 0.000000000000000000e+00
3.040017581083306109e+00 2.005047125835709210e+00 0.000000000000000000e+00 0.000000000000000000e+00 0.000000000000000000e+00
2.877425344980709454e+00 2.493847543723466842e+00 0.000000000000000000e+00 0.000000000000000000e+00 0.000000000000000000e+00
2.565732087624419844e+00 2.801511756684905929e+00 1.816488074292821331e-01 0.000000000000000000e+00 0.000000000000000000e+00
2.111550749405996186e+00 2.931465954122553175e+00 1.181993470256652579e+00 0.000000000000000000e+00 0.000000000000000000e+00
1.552562727625216299e+00 2.923700156951460460e+00 1.915396065814582771e+00 0.000000000000000000e+00 0.000000000000000000e+00
9.395800002013392493e-01 2.774839710107912527e+00 2.434520482975187416e+00 0.000000000000000000e+00 0.000000000000000000e+00
3.161090441353864855e-01 2.468436904469033966e+00 2.759591445901440121e+00 0.000000000000000000e+00 0.000000000000000000e+00
0.000000000000000000e+00 2.034787077062827354e+00 2.875664765231453313e+00 9.968222869401183184e-01 0.000000000000000000e+00
0.000000000000000000e+00 1.524786521760786329e+00 2.846415347698208365e+00 1.759914407878626186e+00 0.000000000000000000e+00
0.000000000000000000e+00 9.827364447092894473e-01 2.702135384849595923e+00 2.280928775070385939e+00 0.000000000000000000e+00
0.000000000000000000e+00 4.239313475739565629e-01 2.434200772347833386e+00 2.601306486767305248e+00 0.000000000000000000e+00
0.000000000000000000e+00 0.000000000000000000e+00 2.057972647855133452e+00 2.729307060840724386e+00 7.555276888438737792e-01
0.000000000000000000e+00 0.000000000000000000e+00 1.597394675000215258e+00 2.721667067504710324e+00 1.540980293936544454e+00
0.000000000000000000e+00 0.000000000000000000e+00 1.090878746601675831e+00 2.611688396387943811e+00 2.078706751528614394e+00
0.000000000000000000e+00 0.000000000000000000e+00 5.604120639699099460e-01 2.387752935473267168e+00 2.421890560561048122e+00
0.000000000000000000e+00 0.000000000000000000e+00 8.462924015562478530e-03 2.054141944520731844e+00 2.585972599253338888e+00
0.000000000000000000e+00 0.000000000000000000e+00 0.000000000000000000e+00 1.630054302542405020e+00 2.574980963040524262e+00
0.000000000000000000e+00 0.000000000000000000e+00 0.000000000000000000e+00 1.158121910672974320e+00 2.403012082319850418e+00
0.000000000000000000e+00 0.000000000000000000e+00 0.000000000000000000e+00 6.514821720556628337e-01 2.102658836408532128e+00
1.644542983940109615e-01 0.000000000000000000e+00 0.000000000000000000e+00 1.077305298358322005e-01 1.709872724933541699e+00
1.088624434148078857e+00 0.000000000000000000e+00 0.000000000000000000e+00 0.000000000000000000e+00 1.245205609485601439e+00
1.767291654765958064e+00 0.000000000000000000e+00 0.000000000000000000e+00 0.000000000000000000e+00 7.426650487545582990e-01
2.239296094720490071e+00 0.000000000000000000e+00 0.000000000000000000e+00 0.000000000000000000e+00 2.307346014569056081e-01
2.535579687502382829e+00 0.000000000000000000e+00 0.000000000000000000e+00 0.000000000000000000e+00 0.000000000000000000e+00
2.659745793707659622e+00 7.882645679687200202e-01 0.000000000000000000e+00 0.000000000000000000e+00 0.000000000000000000e+00
2.670169822541047733e+00 1.489814530460619846e+00 0.000000000000000000e+00 0.000000000000000000e+00 0.000000000000000000e+00
2.589732537563694592e+00 1.985743295600058245e+00 0.000000000000000000e+00 0.000000000000000000e+00 0.000000000000000000e+00
2.386595427686801774e+00 2.323216584344759195e+00 0.000000000000000000e+00 0.000000000000000000e+00 0.000000000000000000e+00
2.051287754561154308e+00 2.506300835203512989e+00 6.798638526851036312e-01 0.000000000000000000e+00 0.000000000000000000e+00
1.604950853363201535e+00 2.562200497062931071e+00 1.404278362775097655e+00 0.000000000000000000e+00 0.000000000000000000e+00
1.085467693112206033e+00 2.500674247648464021e+00 1.929797513324059688e+00 0.000000000000000000e+00 0.000000000000000000e+00
5.353381323709791584e-01 2.302481074846622011e+00 2.288515153426435855e+00 0.000000000000000000e+00 0.000000000000000000e+00
0.000000000000000000e+00 1.976106240357303090e+00 2.475896727836470301e+00 4.890569787541503843e-01 0.000000000000000000e+00
0.000000000000000000e+00 1.553819624896513929e+00 2.512811954939352610e+00 1.260306343471243373e+00 0.000000000000000000e+00
0.000000000000000000e+00 1.090161978741463367e+00 2.435381510205586242e+00 1.805213182209102207e+00 0.000000000000000000e+00
0.000000000000000000e+00 6.066319142963128019e-01 2.252397552609464171e+00 2.161490049826716664e+00 0.000000000000000000e+00
0.000000000000000000e+00 9.825781545147349583e-02 1.970950663379921197e+00 2.347792526733601282e+00 2.926360258338764897e-01
0.000000000000000000e+00 0.000000000000000000e+00 1.601626637748137405e+00 2.391186223975017899e+00 1.083101416514793636e+00
0.000000000000000000e+00 0.000000000000000000e+00 1.173705503187241206e+00 2.340281247883041704e+00 1.633643160515382275e+00
0.000000000000000000e+00 0.000000000000000000e+00 7.128580233855928983e-01 2.198028241057152776e+00 1.999550708798286003e+00
0.000000000000000000e+00 0.000000000000000000e+00 2.272817114186442833e-01 1.953429873860306198e+00 2.212131384054556449e+00
0.000000000000000000e+00 0.000000000000000000e+00 0.000000000000000000e+00 1.617396772704071006e+00 2.274367383913738383e+00
0.000000000000000000e+00 0.000000000000000000e+00 0.000000000000000000e+00 1.218977323572750571e+00 2.191627222397107388e+00
0.000000000000000000e+00 0.000000000000000000e+00 0.000000000000000000e+00 7.810111171815066200e-01 1.983384249346878958e+00
0.000000000000000000e+00 0.000000000000000000e+00 0.000000000000000000e+00 3.080077122407420820e-01 1.677980926907829407e+00
6.412724063607617708e-01 0.000000000000000000e+00 0.000000000000000000e+00 0.000000000000000000e+00 1.298576157470013870e+00
1.317883216772836485e+00 0.000000000000000000e+00 0.000000000000000000e+00 0.000000000000000000e+00 8.666971896546047383e-01
1.802337843865071010e+00 0.000000000000000000e+00 0.000000000000000000e+00 0.000000000000000000e+00 4.140541884015516705e-01
2.127400261859323294e+00 0.000000000000000000e+00 0.000000000000000000e+00 0.000000000000000000e+00 0.000000000000000000e+00
2.302437039797471385e+00 3.717627523972828474e-01 0.000000000000000000e+00 0.000000000000000000e+00 0.000000000000000000e+00
2.353203449394627444e+00 1.075815349568012724e+00 0.000000000000000000e+00 0.000000000000000000e+00 0.000000000000000000e+00
2.320245604258339256e+00 1.579356838628320547e+00 0.000000000000000000e+00 0.000000000000000000e+00 0.000000000000000000e+00
2.196620869394476205e+00 1.928396915952913737e+00 0.000000000000000000e+00 0.000000000000000000e+00 0.000000000000000000e+00
1.957814940258938208e+00 2.146466768471082087e+00 2.859810713097579171e-01 0.000000000000000000e+00 0.000000000000000000e+00
1.607449213468547855e+00 2.244268593943476553e+00 1.000244111863271890e+00 0.000000000000000000e+00 0.000000000000000000e+00
1.172195710048532291e+00 2.241475804597397481e+00 1.523228317255728381e+00 0.000000000000000000e+00 0.000000000000000000e+00
6.899375711690911572e-01 2.126273028240813545e+00 1.894907060353683059e+00 0.000000000000000000e+00 0.000000000000000000e+00
1.925795375455165992e-01 1.888598914423705644e+00 2.125477600840561365e+00 1.166851089190301671e-01 0.000000000000000000e+00
0.000000000000000000e+00 1.550429957731322750e+00 2.209781250184561063e+00 8.732180591550358084e-01 0.000000000000000000e+00
0.000000000000000000e+00 1.152446060772850167e+00 2.188254250480116792e+00 1.418586910497060760e+00 0.000000000000000000e+00
0.000000000000000000e+00 7.254355532234685322e-01 2.075561013965268486e+00 1.791045309859281787e+00 0.000000000000000000e+00
0.000000000000000000e+00 2.771543544027434969e-01 1.866473520789471374e+00 2.017295224835495393e+00 0.000000000000000000e+00
0.000000000000000000e+00 0.000000000000000000e+00 1.571982615063247879e+00 2.102028272605316772e+00 7.207755340778476683e-01
0.000000000000000000e+00 0.000000000000000000e+00 1.209919324901889581e+00 2.095668884570588641e+00 1.272956057856185375e+00
0.000000000000000000e+00 0.000000000000000000e+00 8.079452348327285094e-01 2.012818336996109014e+00 1.650473976368047602e+00
0.000000000000000000e+00 0.000000000000000000e+00 3.822829882887168740e-01 1.835922369327007697e+00 1.892657170346870643e+00
0.000000000000000000e+00 0.000000000000000000e+00 0.000000000000000000e+00 1.570863947510157566e+00 2.003874624091189549e+00
0.000000000000000000e+00 0.000000000000000000e+00 0.000000000000000000e+00 1.236100917177655578e+00 1.984835259922067330e+00
0.000000000000000000e+00 0.000000000000000000e+00 0.000000000000000000e+00 8.602811934887087952e-01 1.846639407517823850e+00
0.000000000000000000e+00 0.000000000000000000e+00 0.000000000000000000e+00 4.512078323845858385e-01 1.612452482108474694e+00
2.895935180203583759e-01 0.000000000000000000e+00 0.000000000000000000e+00 1.094553636128847707e-02 1.305623875794498900e+00
9.582816711180648372e-01 0.000000000000000000e+00 0.000000000000000000e+00 0.000000000000000000e+00 9.384266790295454630e-01
1.446260459975374779e+00 0.000000000000000000e+00 0.000000000000000000e+00 0.000000000000000000e+00 5.425814137297467754e-01
1.784260601264844093e+00 0.000000000000000000e+00 0.000000000000000000e+00 0.000000000000000000e+00 1.368066217578296495e-01
1.990544807575665098e+00 6.416995631188360250e-02 0.000000000000000000e+00 0.000000000000000000e+00 0.000000000000000000e+00
2.072073936836265506e+00 7.535646527720742949e-01 0.000000000000000000e+00 0.000000000000000000e+00 0.000000000000000000e+00
2.076561677776004977e+00 1.250383035198340709e+00 0.000000000000000000e+00 0.000000000000000000e+00 0.000000000000000000e+00
2.010535765938209707e+00 1.600814286408661635e+00 0.000000000000000000e+00 0.000000000000000000e+00 0.000000000000000000e+00
1.843702415966677499e+00 1.838988848529858000e+00 0.000000000000000000e+00 0.000000000000000000e+00 0.000000000000000000e+00
1.571723805822015096e+00 1.962683392131940430e+00 6.894361943748199550e-01 0.000000000000000000e+00 0.000000000000000000e+00
1.211223208500783244e+00 1.999843473697759277e+00 1.198448473247102797e+00 0.000000000000000000e+00 0.000000000000000000e+00
7.921170669850179369e-01 1.947295657694402271e+00 1.568280087476864759e+00 0.000000000000000000e+00 0.000000000000000000e+00
3.481647587667819899e-01 1.781780801866975850e+00 1.821239186951219891e+00 0.000000000000000000e+00 0.000000000000000000e+00
0.000000000000000000e+00 1.514689287222392489e+00 1.945857343602445333e+00 5.484995983081782933e-01 0.000000000000000000e+00
0.000000000000000000e+00 1.175654289858433232e+00 1.966474893428377557e+00 1.095360902278686765e+00 0.000000000000000000e+00
0.000000000000000000e+00 8.019636688905580346e-01 1.901677309334315114e+00 1.480702034279267387e+00 0.000000000000000000e+00
0.000000000000000000e+00 4.076280003153807119e-01 1.749313827118101017e+00 1.731727974577191187e+00 0.000000000000000000e+00
0.000000000000000000e+00 0.000000000000000000e+00 1.517051760589883225e+00 1.855826452900582124e+00 4.000571069826253101e-01
0.000000000000000000e+00 0.000000000000000000e+00 1.213701619942629595e+00 1.881757478925481175e+00 9.650752325256035657e-01
0.000000000000000000e+00 0.000000000000000000e+00 8.675723148577675348e-01 1.834824616800371233e+00 1.357772532138135979e+00
0.000000000000000000e+00 0.000000000000000000e+00 4.954052949180354215e-01 1.710367961626005684e+00 1.617617243967772067e+00
0.000000000000000000e+00 0.000000000000000000e+00 9.771242579784922277e-02 1.506448847663959700e+00 1.760358496357421254e+00
0.000000000000000000e+00 0.000000000000000000e+00 0.000000000000000000e+00 1.231148551469154029e+00 1.788409709780206081e+00
0.000000000000000000e+00 0.000000000000000000e+00 0.000000000000000000e+00 9.077495662986301284e-01 1.707788093844981869e+00
0.000000000000000000e+00 0.000000000000000000e+00 0.000000000000000000e+00 5.500816464948077300e-01 1.533895734103477793e+00
2.404851701197729952e-02 0.000000000000000000e+00 0.000000000000000000e+00 1.606162168570595128e-01 1.286477193649268935e+00
6.722322353082019752e-01 0.000000000000000000e+00 0.000000000000000000e+00 0.000000000000000000e+00 9.795296336282219851e-01
1.152313911244064570e+00 0.000000000000000000e+00 0.000000000000000000e+00 0.000000000000000000e+00 6.321131593366626777e-01
1.493241870585531039e+00 0.000000000000000000e+00 0.000000000000000000e+00 0.000000000000000000e+00 2.663317180883797430e-01
1.719811150994986493e+00 0.000000000000000000e+00 0.000000000000000000e+00 0.000000000000000000e+00 0.000000000000000000e+00
1.833706769112117385e+00 4.699351128808590961e-01 0.000000000000000000e+00 0.000000000000000000e+00 0.000000000000000000e+00
1.865030831298221559e+00 9.701600636526033217e-01 0.000000000000000000e+00 0.000000000000000000e+00 0.000000000000000000e+00
1.832715170660981663e+00 1.327721645906940751e+00 0.000000000000000000e+00 0.000000000000000000e+00 0.000000000000000000e+00
1.719836573449856409e+00 1.576557240552970418e+00 0.000000000000000000e+00 0.000000000000000000e+00 0.000000000000000000e+00
1.513102002276585090e+00 1.725399771151638229e+00 4.059025487229839246e-01 0.000000000000000000e+00 0.000000000000000000e+00
1.218821178480979928e+00 1.790007394783452499e+00 9.184616638736012861e-01 0.000000000000000000e+00 0.000000000000000000e+00
8.589457512693976504e-01 1.776074854869483133e+00 1.293423479010516575e+00 0.000000000000000000e+00 0.000000000000000000e+00
4.634765612198575302e-01 1.666866408650106379e+00 1.558524902957996616e+00 0.000000000000000000e+00 0.000000000000000000e+00
5.536438796583431632e-02 1.460702764922449548e+00 1.713827330702942575e+00 2.766042855556525848e-01 0.000000000000000000e+00
0.000000000000000000e+00 1.176148413052686914e+00 1.765767678662536477e+00 8.244728154714129342e-01 0.000000000000000000e+00
0.000000000000000000e+00 8.501491173367529131e-01 1.736219286631137892e+00 1.217213503311119327e+00 0.000000000000000000e+00
0.000000000000000000e+00 5.015613035171639922e-01 1.630228900866456110e+00 1.482508900653139783e+00 0.000000000000000000e+00
0.000000000000000000e+00 1.297989855008456761e-01 1.449741979283149185e+00 1.634139406047811605e+00 1.492018729250039755e-01
0.000000000000000000e+00 0.000000000000000000e+00 1.201430109363283538e+00 1.685160589140476617e+00 7.135845339967238354e-01
0.000000000000000000e+00 0.000000000000000000e+00 9.021863888663064213e-01 1.669211389890875141e+00 1.109842953614957217e+00
0.000000000000000000e+00 0.000000000000000000e+00 5.711062808815232650e-01 1.588884504425275290e+00 1.378515257326133892e+00
0.000000000000000000e+00 0.000000000000000000e+00 2.167025347243165811e-01 1.432870021918404957e+00 1.544224237201525796e+00
0.000000000000000000e+00 0.000000000000000000e+00 0.000000000000000000e+00 1.206691513061780796e+00 1.608411787422724615e+00
0.000000000000000000e+00 0.000000000000000000e+00 0.000000000000000000e+00 9.279439598717984516e-01 1.572392065346781553e+00
0.000000000000000000e+00 0.000000000000000000e+00 0.000000000000000000e+00 6.147453659691715089e-01 1.446315149775701192e+00
0.000000000000000000e+00 0.000000000000000000e+00 0.000000000000000000e+00 2.715048606347088000e-01 1.247433990629723155e+00
4.140352161818123822e-01 0.000000000000000000e+00 0.000000000000000000e+00 0.000000000000000000e+00 9.907190493439715917e-01
8.969267070847308787e-01 0.000000000000000000e+00 0.000000000000000000e+00 0.000000000000000000e+00 6.879466048196856143e-01
1.245844919679957030e+00 0.000000000000000000e+00 0.000000000000000000e+00 0.000000000000000000e+00 3.623787123404555999e-01
1.485271647324648114e+00 0.000000000000000000e+00 0.000000000000000000e+00 0.000000000000000000e+00 2.641018535964945527e-02
