0.000000000000000000e+00 0.000000000000000000e+00 0.000000000000000000e+00 0.000000000000000000e+00 0.000000000000000000e+00
0.000000000000000000e+00 0.000000000000000000e+00 0.000000000000000000e+00 0.000000000000000000e+00 0.000000000000000000e+00
0.000000000000000000e+00 0.000000000000000000e+00 0.000000000000000000e+00 0.000000000000000000e+00 0.000000000000000000e+00
0.000000000000000000e+00 0.000000000000000000e+00 0.000000000000000000e+00 0.000000000000000000e+00 0.000000000000000000e+00
0.000000000000000000e+00 0.000000000000000000e+00 0.000000000000000000e+00 0.000000000000000000e+00 0.000000000000000000e+00
0.000000000000000000e+00 0.000000000000000000e+00 0.000000000000000000e+00 0.000000000000000000e+00 0.000000000000000000e+00
0.000000000000000000e+00 0.000000000000000000e+00 0.000000000000000000e+00 0.000000000000000000e+00 0.000000000000000000e+00
0.000000000000000000e+00 0.000000000000000000e+00 0.000000000000000000e+00 0.000000000000000000e+00 0.000000000000000000e+00
0.000000000000000000e+00 0.000000000000000000e+00 0.000000000000000000e+00 0.000000000000000000e+00 0.000000000000000000e+00
0.000000000000000000e+00 0.000000000000000000e+00 0.000000000000000000e+00 0.000000000000000000e+00 0.000000000000000000e+00
0.000000000000000000e+00 0.000000000000000000e+00 0.000000000000000000e+00 0.000000000000000000e+00 0.000000000000000000e+00
0.000000000000000000e+00 0.000000000000000000e+00 0.000000000000000000e+00 0.000000000000000000e+00 0.000000000000000000e+00
0.000000000000000000e+00 0.000000000000000000e+00 0.000000000000000000e+00 0.000000000000000000e+00 0.000000000000000000e+00
0.000000000000000000e+00 0.000000000000000000e+00 0.000000000000000000e+00 0.000000000000000000e+00 0.000000000000000000e+00
0.000000000000000000e+00 0.000000000000000000e+00 0.000000000000000000e+00 0.000000000000000000e+00 0.000000000000000000e+00
0.000000000000000000e+00 0.000000000000000000e+00 0.000000000000000000e+00 0.000000000000000000e+00 0.000000000000000000e+00
0.000000000000000000e+00 0.000000000000000000e+00 0.000000000000000000e+00 0.000000000000000000e+00 0.000000000000000000e+00
0.000000000000000000e+00 0.000000000000000000e+00 0.000000000000000000e+00 0.000000000000000000e+00 0.000000000000000000e+00
0.000000000000000000e+00 0.000000000000000000e+00 0.000000000000000000e+00 0.000000000000000000e+00 0.000000000000000000e+00
0.000000000000000000e+00 0.000000000000000000e+00 0.000000000000000000e+00 0.000000000000000000e+00 0.000000000000000000e+00
0.000000000000000000e+00 0.000000000000000000e+00 0.000000000000000000e+00 0.000000000000000000e+00 0.000000000000000000e+00
0.000000000000000000e+00 0.000000000000000000e+00 0.000000000000000000e+00 0.000000000000000000e+00 0.000000000000000000e+00
0.000000000000000000e+00 0.000000000000000000e+00 0.000000000000000000e+00 0.000000000000000000e+00 0.000000000000000000e+00
0.000000000000000000e+00 0.000000000000000000e+00 0.000000000000000000e+00 0.000000000000000000e+00 0.000000000000000000e+00
0.000000000000000000e+00 0.000000000000000000e+00 0.000000000000000000e+00 0.000000000000000000e+00 0.000000000000000000e+00
0.000000000000000000e+00 0.000000000000000000e+00 0.000000000000000000e+00 0.000000000000000000e+00 0.000000000000000000e+00
0.000000000000000000e+00 0.000000000000000000e+00 0.000000000000000000e+00 0.000000000000000000e+00 0.000000000000000000e+00
0.000000000000000000e+00 0.000000000000000000e+00 0.000000000000000000e+00 0.000000000000000000e+00 0.000000000000000000e+00
0.000000000000000000e+00 0.000000000000000000e+00 0.000000000000000000e+00 0.000000000000000000e+00 0.000000000000000000e+00
0.000000000000000000e+00 0.000000000000000000e+00 0.000000000000000000e+00 0.000000000000000000e+00 0.000000000000000000e+00
0.000000000000000000e+00 0.000000000000000000e+00 0.000000000000000000e+00 0.000000000000000000e+00 0.000000000000000000e+00
0.000000000000000000e+00 0.000000000000000000e+00 0.000000000000000000e+00 0.000000000000000000e+00 0.000000000000000000e+00
0.000000000000000000e+00 0.000000000000000000e+00 0.000000000000000000e+00 0.000000000000000000e+00 0.000000000000000000e+00
0.000000000000000000e+00 0.000000000000000000e+00 0.000000000000000000e+00 0.000000000000000000e+00 0.000000000000000000e+00
0.000000000000000000e+00 0.000000000000000000e+00 0.000000000000000000e+00 0.000000000000000000e+00 0.000000000000000000e+00
0.000000000000000000e+00 0.000000000000000000e+00 0.000000000000000000e+00 0.000000000000000000e+00 0.000000000000000000e+00
0.000000000000000000e+00 0.000000000000000000e+00 0.000000000000000000e+00 0.000000000000000000e+00 0.000000000000000000e+00
0.000000000000000000e+00 0.000000000000000000e+00 0.000000000000000000e+00 0.000000000000000000e+00 0.000000000000000000e+00
0.000000000000000000e+00 0.000000000000000000e+00 0.000000000000000000e+00 0.000000000000000000e+00 0.000000000000000000e+00
0.000000000000000000e+00 0.000000000000000000e+00 0.000000000000000000e+00 0.000000000000000000e+00 0.000000000000000000e+00
0.000000000000000000e+00 0.000000000000000000e+00 0.000000000000000000e+00 0.000000000000000000e+00 0.000000000000000000e+00
0.000000000000000000e+00 0.000000000000000000e+00 0.000000000000000000e+00 0.000000000000000000e+00 0.000000000000000000e+00
0.000000000000000000e+00 0.000000000000000000e+00 0.000000000000000000e+00 0.000000000000000000e+00 0.000000000000000000e+00
0.000000000000000000e+00 0.000000000000000000e+00 0.000000000000000000e+00 0.000000000000000000e+00 0.000000000000000000e+00
0.000000000000000000e+00 0.000000000000000000e+00 0.000000000000000000e+00 0.000000000000000000e+00 0.000000000000000000e+00
0.000000000000000000e+00 0.000000000000000000e+00 0.000000000000000000e+00 0.000000000000000000e+00 0.000000000000000000e+00
0.000000000000000000e+00 0.000000000000000000e+00 0.000000000000000000e+00 0.000000000000000000e+00 0.000000000000000000e+00
0.000000000000000000e+00 0.000000000000000000e+00 0.000000000000000000e+00 0.000000000000000000e+00 0.000000000000000000e+00
0.000000000000000000e+00 0.000000000000000000e+00 0.000000000000000000e+00 0.000000000000000000e+00 0.000000000000000000e+00
0.000000000000000000e+00 0.000000000000000000e+00 0.000000000000000000e+00 0.000000000000000000e+00 0.000000000000000000e+00
0.000000000000000000e+00 0.000000000000000000e+00 0.000000000000000000e+00 0.000000000000000000e+00 0.000000000000000000e+00
0.000000000000000000e+00 0.000000000000000000e+00 0.000000000000000000e+00 0.000000000000000000e+00 0.000000000000000000e+00
0.000000000000000000e+00 0.000000000000000000e+00 0.000000000000000000e+00 0.000000000000000000e+00 0.000000000000000000e+00
0.000000000000000000e+00 0.000000000000000000e+00 0.000000000000000000e+00 0.000000000000000000e+00 0.000000000000000000e+00
0.000000000000000000e+00 0.000000000000000000e+00 0.000000000000000000e+00 0.000000000000000000e+00 0.000000000000000000e+00
0.000000000000000000e+00 0.000000000000000000e+00 0.000000000000000000e+00 0.000000000000000000e+00 0.000000000000000000e+00
0.000000000000000000e+00 0.000000000000000000e+00 0.000000000000000000e+00 0.000000000000000000e+00 0.000000000000000000e+00
0.000000000000000000e+00 0.000000000000000000e+00 0.000000000000000000e+00 0.000000000000000000e+00 0.000000000000000000e+00
0.000000000000000000e+00 0.000000000000000000e+00 0.000000000000000000e+00 0.000000000000000000e+00 0.000000000000000000e+00
0.000000000000000000e+00 0.000000000000000000e+00 0.000000000000000000e+00 0.000000000000000000e+00 0.000000000000000000e+00
0.000000000000000000e+00 0.000000000000000000e+00 0.000000000000000000e+00 0.000000000000000000e+00 0.000000000000000000e+00
0.000000000000000000e+00 0.000000000000000000e+00 0.000000000000000000e+00 0.000000000000000000e+00 0.000000000000000000e+00
0.000000000000000000e+00 0.000000000000000000e+00 0.000000000000000000e+00 0.000000000000000000e+00 0.000000000000000000e+00
0.000000000000000000e+00 0.000000000000000000e+00 0.000000000000000000e+00 0.000000000000000000e+00 0.000000000000000000e+00
0.000000000000000000e+00 0.000000000000000000e+00 0.000000000000000000e+00 0.000000000000000000e+00 0.000000000000000000e+00
0.000000000000000000e+00 0.000000000000000000e+00 0.000000000000000000e+00 0.000000000000000000e+00 0.000000000000000000e+00
0.000000000000000000e+00 0.000000000000000000e+00 0.000000000000000000e+00 0.000000000000000000e+00 0.000000000000000000e+00
0.000000000000000000e+00 0.000000000000000000e+00 0.000000000000000000e+00 0.000000000000000000e+00 0.000000000000000000e+00
0.000000000000000000e+00 0.000000000000000000e+00 0.000000000000000000e+00 0.000000000000000000e+00 0.000000000000000000e+00
0.000000000000000000e+00 0.000000000000000000e+00 0.000000000000000000e+00 0.000000000000000000e+00 0.000000000000000000e+00
0.000000000000000000e+00 0.000000000000000000e+00 0.000000000000000000e+00 0.000000000000000000e+00 0.000000000000000000e+00
0.000000000000000000e+00 0.000000000000000000e+00 0.000000000000000000e+00 0.000000000000000000e+00 0.000000000000000000e+00
0.000000000000000000e+00 0.000000000000000000e+00 0.000000000000000000e+00 0.000000000000000000e+00 0.000000000000000000e+00
0.000000000000000000e+00 0.000000000000000000e+00 0.000000000000000000e+00 0.000000000000000000e+00 0.000000000000000000e+00
0.000000000000000000e+00 0.000000000000000000e+00 0.000000000000000000e+00 0.000000000000000000e+00 0.000000000000000000e+00
0.000000000000000000e+00 0.000000000000000000e+00 0.000000000000000000e+00 0.000000000000000000e+00 0.000000000000000000e+00
0.000000000000000000e+00 0.000000000000000000e+00 0.000000000000000000e+00 0.000000000000000000e+00 0.000000000000000000e+00
0.000000000000000000e+00 0.000000000000000000e+00 0.000000000000000000e+00 0.000000000000000000e+00 0.000000000000000000e+00
0.000000000000000000e+00 0.000000000000000000e+00 0.000000000000000000e+00 0.000000000000000000e+00 0.000000000000000000e+00
0.000000000000000000e+00 0.000000000000000000e+00 0.000000000000000000e+00 0.000000000000000000e+00 0.000000000000000000e+00
0.000000000000000000e+00 0.000000000000000000e+00 0.000000000000000000e+00 0.000000000000000000e+00 0.000000000000000000e+00
0.000000000000000000e+00 0.000000000000000000e+00 0.000000000000000000e+00 0.000000000000000000e+00 0.000000000000000000e+00
0.000000000000000000e+00 0.000000000000000000e+00 0.000000000000000000e+00 0.000000000000000000e+00 0.000000000000000000e+00
0.000000000000000000e+00 0.000000000000000000e+00 0.000000000000000000e+00 0.000000000000000000e+00 0.000000000000000000e+00
0.000000000000000000e+00 0.000000000000000000e+00 0.000000000000000000e+00 0.000000000000000000e+00 0.000000000000000000e+00
0.000000000000000000e+00 0.000000000000000000e+00 0.000000000000000000e+00 0.000000000000000000e+00 0.000000000000000000e+00
0.000000000000000000e+00 0.000000000000000000e+00 0.000000000000000000e+00 0.000000000000000000e+00 0.000000000000000000e+00
0.000000000000000000e+00 0.000000000000000000e+00 0.000000000000000000e+00 0.000000000000000000e+00 0.000000000000000000e+00
0.000000000000000000e+00 0.000000000000000000e+00 0.000000000000000000e+00 0.000000000000000000e+00 0.000000000000000000e+00
0.000000000000000000e+00 0.000000000000000000e+00 0.000000000000000000e+00 0.000000000000000000e+00 0.000000000000000000e+00
0.000000000000000000e+00 0.000000000000000000e+00 0.000000000000000000e+00 0.000000000000000000e+00 0.000000000000000000e+00
0.000000000000000000e+00 0.000000000000000000e+00 0.000000000000000000e+00 0.000000000000000000e+00 0.000000000000000000e+00
0.000000000000000000e+00 0.000000000000000000e+00 0.000000000000000000e+00 0.000000000000000000e+00 0.000000000000000000e+00
0.000000000000000000e+00 0.000000000000000000e+00 0.000000000000000000e+00 0.000000000000000000e+00 0.000000000000000000e+00
0.000000000000000000e+00 0.000000000000000000e+00 0.000000000000000000e+00 0.000000000000000000e+00 0.000000000000000000e+00
0.000000000000000000e+00 0.000000000000000000e+00 0.000000000000000000e+00 0.000000000000000000e+00 0.000000000000000000e+00
0.000000000000000000e+00 0.000000000000000000e+00 0.000000000000000000e+00 0.000000000000000000e+00 0.000000000000000000e+00
0.000000000000000000e+00 0.000000000000000000e+00 0.000000000000000000e+00 0.000000000000000000e+00 0.000000000000000000e+00
0.000000000000000000e+00 0.000000000000000000e+00 0.000000000000000000e+00 0.000000000000000000e+00 0.000000000000000000e+00
0.000000000000000000e+00 0.000000000000000000e+00 0.000000000000000000e+00 0.000000000000000000e+00 0.000000000000000000e+00
0.000000000000000000e+00 0.000000000000000000e+00 0.000000000000000000e+00 0.000000000000000000e+00 0.000000000000000000e+00
0.000000000000000000e+00 0.000000000000000000e+00 0.000000000000000000e+00 0.000000000000000000e+00 0.000000000000000000e+00
0.000000000000000000e+00 0.000000000000000000e+00 0.000000000000000000e+00 0.000000000000000000e+00 0.000000000000000000e+00
0.000000000000000000e+00 0.000000000000000000e+00 0.000000000000000000e+00 0.000000000000000000e+00 0.000000000000000000e+00
0.000000000000000000e+00 0.000000000000000000e+00 0.000000000000000000e+00 0.000000000000000000e+00 0.000000000000000000e+00
0.000000000000000000e+00 0.000000000000000000e+00 0.000000000000000000e+00 0.000000000000000000e+00 0.000000000000000000e+00
0.000000000000000000e+00 0.000000000000000000e+00 0.000000000000000000e+00 0.000000000000000000e+00 0.000000000000000000e+00
0.000000000000000000e+00 0.000000000000000000e+00 0.000000000000000000e+00 0.000000000000000000e+00 0.000000000000000000e+00
0.000000000000000000e+00 0.000000000000000000e+00 0.000000000000000000e+00 0.000000000000000000e+00 0.000000000000000000e+00
0.000000000000000000e+00 0.000000000000000000e+00 0.000000000000000000e+00 0.000000000000000000e+00 0.000000000000000000e+00
0.000000000000000000e+00 0.000000000000000000e+00 0.000000000000000000e+00 0.000000000000000000e+00 0.000000000000000000e+00
0.000000000000000000e+00 0.000000000000000000e+00 0.000000000000000000e+00 0.000000000000000000e+00 0.000000000000000000e+00
0.000000000000000000e+00 0.000000000000000000e+00 0.000000000000000000e+00 0.000000000000000000e+00 0.000000000000000000e+00
0.000000000000000000e+00 0.000000000000000000e+00 0.000000000000000000e+00 0.000000000000000000e+00 0.000000000000000000e+00
0.000000000000000000e+00 0.000000000000000000e+00 0.000000000000000000e+00 0.000000000000000000e+00 0.000000000000000000e+00
0.000000000000000000e+00 0.000000000000000000e+00 0.000000000000000000e+00 0.000000000000000000e+00 0.000000000000000000e+00
0.000000000000000000e+00 0.000000000000000000e+00 0.000000000000000000e+00 0.000000000000000000e+00 0.000000000000000000e+00
0.000000000000000000e+00 0.000000000000000000e+00 0.000000000000000000e+00 0.000000000000000000e+00 0.000000000000000000e+00
0.000000000000000000e+00 0.000000000000000000e+00 0.000000000000000000e+00 0.000000000000000000e+00 0.000000000000000000e+00
0.000000000000000000e+00 0.000000000000000000e+00 0.000000000000000000e+00 0.000000000000000000e+00 0.000000000000000000e+00
0.000000000000000000e+00 0.000000000000000000e+00 0.000000000000000000e+00 0.000000000000000000e+00 0.000000000000000000e+00
0.000000000000000000e+00 0.000000000000000000e+00 0.000000000000000000e+00 0.000000000000000000e+00 0.000000000000000000e+00
0.000000000000000000e+00 0.000000000000000000e+00 0.000000000000000000e+00 0.000000000000000000e+00 0.000000000000000000e+00
0.000000000000000000e+00 0.000000000000000000e+00 0.000000000000000000e+00 0.000000000000000000e+00 0.000000000000000000e+00
0.000000000000000000e+00 0.000000000000000000e+00 0.000000000000000000e+00 0.000000000000000000e+00 0.000000000000000000e+00
0.000000000000000000e+00 0.000000000000000000e+00 0.000000000000000000e+00 0.000000000000000000e+00 0.000000000000000000e+00
0.000000000000000000e+00 0.000000000000000000e+00 0.000000000000000000e+00 0.000000000000000000e+00 0.000000000000000000e+00
0.000000000000000000e+00 0.000000000000000000e+00 0.000000000000000000e+00 0.000000000000000000e+00 0.000000000000000000e+00
0.000000000000000000e+00 0.000000000000000000e+00 0.000000000000000000e+00 0.000000000000000000e+00 0.000000000000000000e+00
0.000000000000000000e+00 0.000000000000000000e+00 0.000000000000000000e+00 0.000000000000000000e+00 0.000000000000000000e+00
0.000000000000000000e+00 0.000000000000000000e+00 0.000000000000000000e+00 0.000000000000000000e+00 0.000000000000000000e+00
0.000000000000000000e+00 0.000000000000000000e+00 0.000000000000000000e+00 0.000000000000000000e+00 0.000000000000000000e+00
0.000000000000000000e+00 0.000000000000000000e+00 0.000000000000000000e+00 0.000000000000000000e+00 0.000000000000000000e+00
0.000000000000000000e+00 0.000000000000000000e+00 0.000000000000000000e+00 0.000000000000000000e+00 0.000000000000000000e+00
0.000000000000000000e+00 0.000000000000000000e+00 0.000000000000000000e+00 0.000000000000000000e+00 0.000000000000000000e+00
0.000000000000000000e+00 0.000000000000000000e+00 0.000000000000000000e+00 0.000000000000000000e+00 0.000000000000000000e+00
0.000000000000000000e+00 0.000000000000000000e+00 0.000000000000000000e+00 0.000000000000000000e+00 0.000000000000000000e+00
0.000000000000000000e+00 0.000000000000000000e+00 0.000000000000000000e+00 0.000000000000000000e+00 0.000000000000000000e+00
0.000000000000000000e+00 0.000000000000000000e+00 0.000000000000000000e+00 0.000000000000000000e+00 0.000000000000000000e+00
0.000000000000000000e+00 0.000000000000000000e+00 0.000000000000000000e+00 0.000000000000000000e+00 0.000000000000000000e+00
0.000000000000000000e+00 0.000000000000000000e+00 0.000000000000000000e+00 0.000000000000000000e+00 0.000000000000000000e+00
0.000000000000000000e+00 0.000000000000000000e+00 0.000000000000000000e+00 0.000000000000000000e+00 0.000000000000000000e+00
0.000000000000000000e+00 0.000000000000000000e+00 0.000000000000000000e+00 0.000000000000000000e+00 0.000000000000000000e+00
0.000000000000000000e+00 0.000000000000000000e+00 0.000000000000000000e+00 0.000000000000000000e+00 0.000000000000000000e+00
0.000000000000000000e+00 0.000000000000000000e+00 0.000000000000000000e+00 0.000000000000000000e+00 0.000000000000000000e+00
0.000000000000000000e+00 0.000000000000000000e+00 0.000000000000000000e+00 0.000000000000000000e+00 0.000000000000000000e+00
0.000000000000000000e+00 0.000000000000000000e+00 0.000000000000000000e+00 0.000000000000000000e+00 0.000000000000000000e+00
0.000000000000000000e+00 0.000000000000000000e+00 0.000000000000000000e+00 0.000000000000000000e+00 0.000000000000000000e+00
0.000000000000000000e+00 0.000000000000000000e+00 0.000000000000000000e+00 0.000000000000000000e+00 0.000000000000000000e+00
0.000000000000000000e+00 0.000000000000000000e+00 0.000000000000000000e+00 0.000000000000000000e+00 0.000000000000000000e+00
0.000000000000000000e+00 0.000000000000000000e+00 0.000000000000000000e+00 0.000000000000000000e+00 0.000000000000000000e+00
0.000000000000000000e+00 0.000000000000000000e+00 0.000000000000000000e+00 0.000000000000000000e+00 0.000000000000000000e+00
0.000000000000000000e+00 0.000000000000000000e+00 0.000000000000000000e+00 0.000000000000000000e+00 0.000000000000000000e+00
0.000000000000000000e+00 0.000000000000000000e+00 0.000000000000000000e+00 0.000000000000000000e+00 0.000000000000000000e+00
0.000000000000000000e+00 0.000000000000000000e+00 0.000000000000000000e+00 0.000000000000000000e+00 0.000000000000000000e+00
0.000000000000000000e+00 0.000000000000000000e+00 0.000000000000000000e+00 0.000000000000000000e+00 0.000000000000000000e+00
0.000000000000000000e+00 0.000000000000000000e+00 0.000000000000000000e+00 0.000000000000000000e+00 0.000000000000000000e+00
0.000000000000000000e+00 0.000000000000000000e+00 0.000000000000000000e+00 0.000000000000000000e+00 0.000000000000000000e+00
0.000000000000000000e+00 0.000000000000000000e+00 0.000000000000000000e+00 0.000000000000000000e+00 0.000000000000000000e+00
0.000000000000000000e+00 0.000000000000000000e+00 0.000000000000000000e+00 0.000000000000000000e+00 0.000000000000000000e+00
0.000000000000000000e+00 0.000000000000000000e+00 0.000000000000000000e+00 0.000000000000000000e+00 0.000000000000000000e+00
0.000000000000000000e+00 0.000000000000000000e+00 0.000000000000000000e+00 0.000000000000000000e+00 0.000000000000000000e+00
0.000000000000000000e+00 0.000000000000000000e+00 0.000000000000000000e+00 0.000000000000000000e+00 0.000000000000000000e+00
0.000000000000000000e+00 0.000000000000000000e+00 0.000000000000000000e+00 0.000000000000000000e+00 0.000000000000000000e+00
0.000000000000000000e+00 0.000000000000000000e+00 0.000000000000000000e+00 0.000000000000000000e+00 0.000000000000000000e+00
0.000000000000000000e+00 0.000000000000000000e+00 0.000000000000000000e+00 0.000000000000000000e+00 0.000000000000000000e+00
0.000000000000000000e+00 0.000000000000000000e+00 0.000000000000000000e+00 0.000000000000000000e+00 0.000000000000000000e+00
0.000000000000000000e+00 0.000000000000000000e+00 0.000000000000000000e+00 0.000000000000000000e+00 0.000000000000000000e+00
0.000000000000000000e+00 0.000000000000000000e+00 0.000000000000000000e+00 0.000000000000000000e+00 0.000000000000000000e+00
0.000000000000000000e+00 0.000000000000000000e+00 0.000000000000000000e+00 0.000000000000000000e+00 0.000000000000000000e+00
0.000000000000000000e+00 0.000000000000000000e+00 0.000000000000000000e+00 0.000000000000000000e+00 0.000000000000000000e+00
0.000000000000000000e+00 0.000000000000000000e+00 0.000000000000000000e+00 0.000000000000000000e+00 0.000000000000000000e+00
0.000000000000000000e+00 0.000000000000000000e+00 0.000000000000000000e+00 0.000000000000000000e+00 0.000000000000000000e+00
0.000000000000000000e+00 0.000000000000000000e+00 0.000000000000000000e+00 0.000000000000000000e+00 0.000000000000000000e+00
0.000000000000000000e+00 0.000000000000000000e+00 0.000000000000000000e+00 0.000000000000000000e+00 0.000000000000000000e+00
0.000000000000000000e+00 0.000000000000000000e+00 0.000000000000000000e+00 0.000000000000000000e+00 0.000000000000000000e+00
0.000000000000000000e+00 0.000000000000000000e+00 0.000000000000000000e+00 0.000000000000000000e+00 0.000000000000000000e+00
0.000000000000000000e+00 0.000000000000000000e+00 0.000000000000000000e+00 0.000000000000000000e+00 0.000000000000000000e+00
0.000000000000000000e+00 0.000000000000000000e+00 0.000000000000000000e+00 0.000000000000000000e+00 0.000000000000000000e+00
0.000000000000000000e+00 0.000000000000000000e+00 0.000000000000000000e+00 0.000000000000000000e+00 0.000000000000000000e+00
0.000000000000000000e+00 0.000000000000000000e+00 0.000000000000000000e+00 0.000000000000000000e+00 0.000000000000000000e+00
0.000000000000000000e+00 0.000000000000000000e+00 0.000000000000000000e+00 0.000000000000000000e+00 0.000000000000000000e+00
0.000000000000000000e+00 0.000000000000000000e+00 0.000000000000000000e+00 0.000000000000000000e+00 0.000000000000000000e+00
0.000000000000000000e+00 0.000000000000000000e+00 0.000000000000000000e+00 0.000000000000000000e+00 0.000000000000000000e+00
0.000000000000000000e+00 0.000000000000000000e+00 0.000000000000000000e+00 0.000000000000000000e+00 0.000000000000000000e+00
0.000000000000000000e+00 0.000000000000000000e+00 0.000000000000000000e+00 0.000000000000000000e+00 0.000000000000000000e+00
0.000000000000000000e+00 0.000000000000000000e+00 0.000000000000000000e+00 0.000000000000000000e+00 0.000000000000000000e+00
0.000000000000000000e+00 0.000000000000000000e+00 0.000000000000000000e+00 0.000000000000000000e+00 0.000000000000000000e+00
0.000000000000000000e+00 0.000000000000000000e+00 0.000000000000000000e+00 0.000000000000000000e+00 0.000000000000000000e+00
0.000000000000000000e+00 0.000000000000000000e+00 0.000000000000000000e+00 0.000000000000000000e+00 0.000000000000000000e+00
0.000000000000000000e+00 0.000000000000000000e+00 0.000000000000000000e+00 0.000000000000000000e+00 0.000000000000000000e+00
0.000000000000000000e+00 0.000000000000000000e+00 0.000000000000000000e+00 0.000000000000000000e+00 0.000000000000000000e+00
0.000000000000000000e+00 0.000000000000000000e+00 0.000000000000000000e+00 0.000000000000000000e+00 0.000000000000000000e+00
0.000000000000000000e+00 0.000000000000000000e+00 0.000000000000000000e+00 0.000000000000000000e+00 0.000000000000000000e+00
0.000000000000000000e+00 0.000000000000000000e+00 0.000000000000000000e+00 0.000000000000000000e+00 0.000000000000000000e+00
0.000000000000000000e+00 0.000000000000000000e+00 0.000000000000000000e+00 0.000000000000000000e+00 0.000000000000000000e+00
0.000000000000000000e+00 0.000000000000000000e+00 0.000000000000000000e+00 0.000000000000000000e+00 0.000000000000000000e+00
0.000000000000000000e+00 0.000000000000000000e+00 0.000000000000000000e+00 0.000000000000000000e+00 0.000000000000000000e+00
0.000000000000000000e+00 0.000000000000000000e+00 0.000000000000000000e+00 0.000000000000000000e+00 0.000000000000000000e+00
0.000000000000000000e+00 0.000000000000000000e+00 0.000000000000000000e+00 0.000000000000000000e+00 0.000000000000000000e+00
0.000000000000000000e+00 0.000000000000000000e+00 0.000000000000000000e+00 0.000000000000000000e+00 0.000000000000000000e+00
0.000000000000000000e+00 0.000000000000000000e+00 0.000000000000000000e+00 0.000000000000000000e+00 0.000000000000000000e+00
0.000000000000000000e+00 0.000000000000000000e+00 0.000000000000000000e+00 0.000000000000000000e+00 0.000000000000000000e+00
0.000000000000000000e+00 0.000000000000000000e+00 0.000000000000000000e+00 0.000000000000000000e+00 0.000000000000000000e+00
0.000000000000000000e+00 0.000000000000000000e+00 0.000000000000000000e+00 0.000000000000000000e+00 0.000000000000000000e+00
0.000000000000000000e+00 0.000000000000000000e+00 0.000000000000000000e+00 0.000000000000000000e+00 0.000000000000000000e+00
0.000000000000000000e+00 0.000000000000000000e+00 0.000000000000000000e+00 0.000000000000000000e+00 0.000000000000000000e+00
0.000000000000000000e+00 0.000000000000000000e+00 0.000000000000000000e+00 0.000000000000000000e+00 0.000000000000000000e+00
0.000000000000000000e+00 0.000000000000000000e+00 0.000000000000000000e+00 0.000000000000000000e+00 0.000000000000000000e+00
0.000000000000000000e+00 0.000000000000000000e+00 0.000000000000000000e+00 0.000000000000000000e+00 0.000000000000000000e+00
0.000000000000000000e+00 0.000000000000000000e+00 0.000000000000000000e+00 0.000000000000000000e+00 0.000000000000000000e+00
0.000000000000000000e+00 0.000000000000000000e+00 0.000000000000000000e+00 0.000000000000000000e+00 0.000000000000000000e+00
0.000000000000000000e+00 0.000000000000000000e+00 0.000000000000000000e+00 0.000000000000000000e+00 0.000000000000000000e+00
0.000000000000000000e+00 0.000000000000000000e+00 0.000000000000000000e+00 0.000000000000000000e+00 0.000000000000000000e+00
0.000000000000000000e+00 0.000000000000000000e+00 0.000000000000000000e+00 0.000000000000000000e+00 0.000000000000000000e+00
0.000000000000000000e+00 0.000000000000000000e+00 0.000000000000000000e+00 0.000000000000000000e+00 0.000000000000000000e+00
0.000000000000000000e+00 0.000000000000000000e+00 0.000000000000000000e+00 0.000000000000000000e+00 0.000000000000000000e+00
0.000000000000000000e+00 0.000000000000000000e+00 0.000000000000000000e+00 0.000000000000000000e+00 0.000000000000000000e+00
0.000000000000000000e+00 0.000000000000000000e+00 0.000000000000000000e+00 0.000000000000000000e+00 0.000000000000000000e+00
0.000000000000000000e+00 0.000000000000000000e+00 0.000000000000000000e+00 0.000000000000000000e+00 0.000000000000000000e+00
0.000000000000000000e+00 0.000000000000000000e+00 0.000000000000000000e+00 0.000000000000000000e+00 0.000000000000000000e+00
0.000000000000000000e+00 0.000000000000000000e+00 0.000000000000000000e+00 0.000000000000000000e+00 0.000000000000000000e+00
0.000000000000000000e+00 0.000000000000000000e+00 0.000000000000000000e+00 0.000000000000000000e+00 0.000000000000000000e+00
0.000000000000000000e+00 0.000000000000000000e+00 0.000000000000000000e+00 0.000000000000000000e+00 0.000000000000000000e+00
0.000000000000000000e+00 0.000000000000000000e+00 0.000000000000000000e+00 0.000000000000000000e+00 0.000000000000000000e+00
0.000000000000000000e+00 0.000000000000000000e+00 0.000000000000000000e+00 0.000000000000000000e+00 0.000000000000000000e+00
0.000000000000000000e+00 0.000000000000000000e+00 0.000000000000000000e+00 0.000000000000000000e+00 0.000000000000000000e+00
0.000000000000000000e+00 0.000000000000000000e+00 0.000000000000000000e+00 0.000000000000000000e+00 0.000000000000000000e+00
0.000000000000000000e+00 0.000000000000000000e+00 0.000000000000000000e+00 0.000000000000000000e+00 0.000000000000000000e+00
0.000000000000000000e+00 0.000000000000000000e+00 0.000000000000000000e+00 0.000000000000000000e+00 0.000000000000000000e+00
0.000000000000000000e+00 0.000000000000000000e+00 0.000000000000000000e+00 0.000000000000000000e+00 0.000000000000000000e+00
0.000000000000000000e+00 0.000000000000000000e+00 0.000000000000000000e+00 0.000000000000000000e+00 0.000000000000000000e+00
0.000000000000000000e+00 0.000000000000000000e+00 0.000000000000000000e+00 0.000000000000000000e+00 0.000000000000000000e+00
0.000000000000000000e+00 0.000000000000000000e+00 0.000000000000000000e+00 0.000000000000000000e+00 0.000000000000000000e+00
0.000000000000000000e+00 0.000000000000000000e+00 0.000000000000000000e+00 0.000000000000000000e+00 0.000000000000000000e+00
0.000000000000000000e+00 0.000000000000000000e+00 0.000000000000000000e+00 0.000000000000000000e+00 0.000000000000000000e+00
0.000000000000000000e+00 0.000000000000000000e+00 0.000000000000000000e+00 0.000000000000000000e+00 0.000000000000000000e+00
0.000000000000000000e+00 0.000000000000000000e+00 0.000000000000000000e+00 0.000000000000000000e+00 0.000000000000000000e+00
0.000000000000000000e+00 0.000000000000000000e+00 0.000000000000000000e+00 0.000000000000000000e+00 0.000000000000000000e+00
0.000000000000000000e+00 0.000000000000000000e+00 0.000000000000000000e+00 0.000000000000000000e+00 0.000000000000000000e+00
0.000000000000000000e+00 0.000000000000000000e+00 0.000000000000000000e+00 0.000000000000000000e+00 0.000000000000000000e+00
0.000000000000000000e+00 0.000000000000000000e+00 0.000000000000000000e+00 0.000000000000000000e+00 0.000000000000000000e+00
0.000000000000000000e+00 0.000000000000000000e+00 0.000000000000000000e+00 0.000000000000000000e+00 0.000000000000000000e+00
0.000000000000000000e+00 0.000000000000000000e+00 0.000000000000000000e+00 0.000000000000000000e+00 0.000000000000000000e+00
0.000000000000000000e+00 0.000000000000000000e+00 0.000000000000000000e+00 0.000000000000000000e+00 0.000000000000000000e+00
0.000000000000000000e+00 0.000000000000000000e+00 0.000000000000000000e+00 0.000000000000000000e+00 0.000000000000000000e+00
0.000000000000000000e+00 0.000000000000000000e+00 0.000000000000000000e+00 0.000000000000000000e+00 0.000000000000000000e+00
0.000000000000000000e+00 0.000000000000000000e+00 0.000000000000000000e+00 0.000000000000000000e+00 0.000000000000000000e+00
0.000000000000000000e+00 0.000000000000000000e+00 0.000000000000000000e+00 0.000000000000000000e+00 0.000000000000000000e+00
0.000000000000000000e+00 0.000000000000000000e+00 0.000000000000000000e+00 0.000000000000000000e+00 0.000000000000000000e+00
0.000000000000000000e+00 0.000000000000000000e+00 0.000000000000000000e+00 0.000000000000000000e+00 0.000000000000000000e+00
0.000000000000000000e+00 0.000000000000000000e+00 0.000000000000000000e+00 0.000000000000000000e+00 0.000000000000000000e+00
0.000000000000000000e+00 0.000000000000000000e+00 0.000000000000000000e+00 0.000000000000000000e+00 0.000000000000000000e+00
0.000000000000000000e+00 0.000000000000000000e+00 0.000000000000000000e+00 0.000000000000000000e+00 0.000000000000000000e+00
0.000000000000000000e+00 0.000000000000000000e+00 0.000000000000000000e+00 0.000000000000000000e+00 0.000000000000000000e+00
0.000000000000000000e+00 0.000000000000000000e+00 0.000000000000000000e+00 0.000000000000000000e+00 0.000000000000000000e+00
0.000000000000000000e+00 0.000000000000000000e+00 0.000000000000000000e+00 0.000000000000000000e+00 0.000000000000000000e+00
0.000000000000000000e+00 0.000000000000000000e+00 0.000000000000000000e+00 0.000000000000000000e+00 0.000000000000000000e+00
0.000000000000000000e+00 0.000000000000000000e+00 0.000000000000000000e+00 0.000000000000000000e+00 0.000000000000000000e+00
0.000000000000000000e+00 0.000000000000000000e+00 0.000000000000000000e+00 0.000000000000000000e+00 0.000000000000000000e+00
0.000000000000000000e+00 0.000000000000000000e+00 0.000000000000000000e+00 0.000000000000000000e+00 0.000000000000000000e+00
0.000000000000000000e+00 0.000000000000000000e+00 0.000000000000000000e+00 0.000000000000000000e+00 0.000000000000000000e+00
0.000000000000000000e+00 0.000000000000000000e+00 0.000000000000000000e+00 0.000000000000000000e+00 0.000000000000000000e+00
0.000000000000000000e+00 0.000000000000000000e+00 0.000000000000000000e+00 0.000000000000000000e+00 0.000000000000000000e+00
0.000000000000000000e+00 0.000000000000000000e+00 0.000000000000000000e+00 0.000000000000000000e+00 0.000000000000000000e+00
0.000000000000000000e+00 0.000000000000000000e+00 0.000000000000000000e+00 0.000000000000000000e+00 0.000000000000000000e+00
0.000000000000000000e+00 0.000000000000000000e+00 0.000000000000000000e+00 0.000000000000000000e+00 0.000000000000000000e+00
0.000000000000000000e+00 0.000000000000000000e+00 0.000000000000000000e+00 0.000000000000000000e+00 0.000000000000000000e+00
0.000000000000000000e+00 0.000000000000000000e+00 0.000000000000000000e+00 0.000000000000000000e+00 0.000000000000000000e+00
0.000000000000000000e+00 0.000000000000000000e+00 0.000000000000000000e+00 0.000000000000000000e+00 0.000000000000000000e+00
0.000000000000000000e+00 0.000000000000000000e+00 0.000000000000000000e+00 0.000000000000000000e+00 0.000000000000000000e+00
0.000000000000000000e+00 0.000000000000000000e+00 0.000000000000000000e+00 0.000000000000000000e+00 0.000000000000000000e+00
0.000000000000000000e+00 0.000000000000000000e+00 0.000000000000000000e+00 0.000000000000000000e+00 0.000000000000000000e+00
0.000000000000000000e+00 0.000000000000000000e+00 0.000000000000000000e+00 0.000000000000000000e+00 0.000000000000000000e+00
0.000000000000000000e+00 0.000000000000000000e+00 0.000000000000000000e+00 0.000000000000000000e+00 0.000000000000000000e+00
0.000000000000000000e+00 0.000000000000000000e+00 0.000000000000000000e+00 1.102536900591483260e+01 1.512555561418668049e+01
0.000000000000000000e+00 0.000000000000000000e+00 0.000000000000000000e+00 5.584567272099650204e+00 1.258049834246081033e+01
0.000000000000000000e+00 0.000000000000000000e+00 0.000000000000000000e+00 3.448191765540509213e+00 9.708124855797940711e+00
0.000000000000000000e+00 0.000000000000000000e+00 0.000000000000000000e+00 1.811943283525974113e+00 6.627601166811480482e+00
0.000000000000000000e+00 0.000000000000000000e+00 0.000000000000000000e+00 1.602147452303359643e-01 4.269268807505399721e+00
3.958941125763427049e+00 0.000000000000000000e+00 0.000000000000000000e+00 0.000000000000000000e+00 2.562702644598080504e+00
6.845027744176768181e+00 0.000000000000000000e+00 0.000000000000000000e+00 0.000000000000000000e+00 1.051091583147734099e+00
8.204976138829145782e+00 0.000000000000000000e+00 0.000000000000000000e+00 0.000000000000000000e+00 0.000000000000000000e+00
8.944652135139174121e+00 0.000000000000000000e+00 0.000000000000000000e+00 0.000000000000000000e+00 0.000000000000000000e+00
9.177201675630353606e+00 1.507923896157936428e+00 0.000000000000000000e+00 0.000000000000000000e+00 0.000000000000000000e+00
8.994560829380370492e+00 4.520959914778243771e+00 0.000000000000000000e+00 0.000000000000000000e+00 0.000000000000000000e+00
8.615401120386733780e+00 6.386295227531424423e+00 0.000000000000000000e+00 0.000000000000000000e+00 0.000000000000000000e+00
7.875136827348939050e+00 7.521200904527525211e+00 0.000000000000000000e+00 0.000000000000000000e+00 0.000000000000000000e+00
6.688989284424318171e+00 8.025994729037966735e+00 1.041216739145311987e+00 0.000000000000000000e+00 0.000000000000000000e+00
5.237363332695800011e+00 7.947201807005154883e+00 4.129823800579124793e+00 0.000000000000000000e+00 0.000000000000000000e+00
3.689791128533226328e+00 7.603207101337239315e+00 5.964036748015089096e+00 0.000000000000000000e+00 0.000000000000000000e+00
2.195137606985042567e+00 6.978832270053247022e+00 6.982125932219851450e+00 0.000000000000000000e+00 0.000000000000000000e+00
8.155456718008546879e-01 6.003840125562875940e+00 7.388567963564251606e+00 2.927180632642634173e-01 0.000000000000000000e+00
0.000000000000000000e+00 4.812125169879332809e+00 7.232987229508769822e+00 3.329957224993773668e+00 0.000000000000000000e+00
0.000000000000000000e+00 3.532405675976368453e+00 6.913186677367622046e+00 5.051412652289221761e+00 0.000000000000000000e+00
0.000000000000000000e+00 2.304421481558894147e+00 6.433427304695316096e+00 5.987676837616751513e+00 0.000000000000000000e+00
0.000000000000000000e+00 1.145521833475438012e+00 5.669013669520272636e+00 6.428840021406267979e+00 0.000000000000000000e+00
0.000000000000000000e+00 0.000000000000000000e+00 4.713020701589488048e+00 6.398532088711716526e+00 2.250610423718257813e+00
0.000000000000000000e+00 0.000000000000000000e+00 3.616181517079874563e+00 6.187242215331034245e+00 4.037714692770144609e+00
0.000000000000000000e+00 0.000000000000000000e+00 2.508967566138309291e+00 5.855099889060255691e+00 5.034917523551518670e+00
0.000000000000000000e+00 0.000000000000000000e+00 1.451608985001506591e+00 5.277228323092820084e+00 5.565805516185019286e+00
0.000000000000000000e+00 0.000000000000000000e+00 3.651434322171299152e-01 4.495145574927317256e+00 5.687901499761894186e+00
0.000000000000000000e+00 0.000000000000000000e+00 0.000000000000000000e+00 3.578698537324198181e+00 5.425079136916177269e+00
0.000000000000000000e+00 0.000000000000000000e+00 0.000000000000000000e+00 2.590140810677321603e+00 4.853359214552888545e+00
0.000000000000000000e+00 0.000000000000000000e+00 0.000000000000000000e+00 1.559137864684068120e+00 4.069893520225575934e+00
2.039597168937534732e-01 0.000000000000000000e+00 0.000000000000000000e+00 4.784576577849919965e-01 3.161350542492336047e+00
2.482765735883996072e+00 0.000000000000000000e+00 0.000000000000000000e+00 0.000000000000000000e+00 2.177172156660545088e+00
3.866588039505547414e+00 0.000000000000000000e+00 0.000000000000000000e+00 0.000000000000000000e+00 1.173422580288929540e+00
4.688380578231742923e+00 0.000000000000000000e+00 0.000000000000000000e+00 0.000000000000000000e+00 2.241180414229826390e-01
5.150929879306831438e+00 0.000000000000000000e+00 0.000000000000000000e+00 0.000000000000000000e+00 0.000000000000000000e+00
5.281494355978511024e+00 1.443595895504756754e+00 0.000000000000000000e+00 0.000000000000000000e+00 0.000000000000000000e+00
5.261923406995627772e+00 2.917199738494469230e+00 0.000000000000000000e+00 0.000000000000000000e+00 0.000000000000000000e+00
5.154249130502396525e+00 3.818666967883399543e+00 0.000000000000000000e+00 0.000000000000000000e+00 0.000000000000000000e+00
4.810407391705274094e+00 4.404316361521531498e+00 0.000000000000000000e+00 0.000000000000000000e+00 0.000000000000000000e+00
4.180413642721559242e+00 4.709953248749276788e+00 1.192001206059922769e+00 0.000000000000000000e+00 0.000000000000000000e+00
3.338589621912646521e+00 4.793047351881118523e+00 2.693076586666032224e+00 0.000000000000000000e+00 0.000000000000000000e+00
2.383518847387910977e+00 4.696365241721500716e+00 3.640426347839776255e+00 0.000000000000000000e+00 0.000000000000000000e+00
1.403734148823931882e+00 4.357303811502400315e+00 4.225677108489422906e+00 0.000000000000000000e+00 0.000000000000000000e+00
4.317037449739657973e-01 3.781313791508367217e+00 4.481786898485317749e+00 7.161261639135774182e-01 0.000000000000000000e+00
0.000000000000000000e+00 3.041958039419768056e+00 4.470562618142504441e+00 2.299946835190214145e+00 0.000000000000000000e+00
0.000000000000000000e+00 2.231573736451853307e+00 4.327892254303367991e+00 3.229127639640294145e+00 0.000000000000000000e+00
0.000000000000000000e+00 1.423109695723933976e+00 4.034560794823105923e+00 3.757513569604209902e+00 0.000000000000000000e+00
0.000000000000000000e+00 6.032127617630611560e-01 3.564161726397985230e+00 3.999530858892252461e+00 2.567718810404739926e-01
0.000000000000000000e+00 0.000000000000000000e+00 2.959952880177707968e+00 3.995053055285824328e+00 1.835943734275957695e+00
0.000000000000000000e+00 0.000000000000000000e+00 2.252674954471989288e+00 3.905645923258815877e+00 2.739335657781094557e+00
0.000000000000000000e+00 0.000000000000000000e+00 1.516898703929470127e+00 3.709262135636659519e+00 3.261492370791874151e+00
0.000000000000000000e+00 0.000000000000000000e+00 7.769195825526375998e-01 3.331341937146292675e+00 3.547155306034388556e+00
0.000000000000000000e+00 0.000000000000000000e+00 0.000000000000000000e+00 2.815197010484904894e+00 3.594015709197462272e+00
0.000000000000000000e+00 0.000000000000000000e+00 0.000000000000000000e+00 2.197960428401102284e+00 3.411792029302640028e+00
0.000000000000000000e+00 0.000000000000000000e+00 0.000000000000000000e+00 1.536731096250143480e+00 3.043310313223390740e+00
0.000000000000000000e+00 0.000000000000000000e+00 0.000000000000000000e+00 8.332883875280415742e-01 2.549317128050287984e+00
7.814603188336822770e-01 0.000000000000000000e+00 0.000000000000000000e+00 7.164544507950454388e-02 1.977351893095957713e+00
1.967362854507304082e+00 0.000000000000000000e+00 0.000000000000000000e+00 0.000000000000000000e+00 1.333228815170706127e+00
2.692784075967302737e+00 0.000000000000000000e+00 0.000000000000000000e+00 0.000000000000000000e+00 6.758962062735851539e-01
3.134515666080195384e+00 0.000000000000000000e+00 0.000000000000000000e+00 0.000000000000000000e+00 3.735896551788631115e-02
3.364598227142490128e+00 2.503605274866815833e-01 0.000000000000000000e+00 0.000000000000000000e+00 0.000000000000000000e+00
3.417684305544699264e+00 1.457715120410374654e+00 0.000000000000000000e+00 0.000000000000000000e+00 0.000000000000000000e+00
3.416463845789008857e+00 2.182741058177239513e+00 0.000000000000000000e+00 0.000000000000000000e+00 0.000000000000000000e+00
3.333473098313022298e+00 2.642814757665179481e+00 0.000000000000000000e+00 0.000000000000000000e+00 0.000000000000000000e+00
3.066079932406118758e+00 2.949728651758631859e+00 1.746401396491736868e-01 0.000000000000000000e+00 0.000000000000000000e+00
2.613362532160512508e+00 3.100094646729867343e+00 1.341294552809468854e+00 0.000000000000000000e+00 0.000000000000000000e+00
2.024136686767064042e+00 3.149787986424767983e+00 2.074102622491546644e+00 0.000000000000000000e+00 0.000000000000000000e+00
1.361483418117648281e+00 3.064477351695904517e+00 2.558244993404590328e+00 0.000000000000000000e+00 0.000000000000000000e+00
6.776429160128993878e-01 2.789801186150264733e+00 2.861233965329934570e+00 0.000000000000000000e+00 0.000000000000000000e+00
0.000000000000000000e+00 2.364985329509239342e+00 2.957748331379672635e+00 1.089895486396441626e+00 0.000000000000000000e+00
0.000000000000000000e+00 1.833740818433426956e+00 2.943482593234370004e+00 1.855704338469843728e+00 0.000000000000000000e+00
0.000000000000000000e+00 1.279421817574721842e+00 2.833598627618217236e+00 2.316673511760458659e+00 0.000000000000000000e+00
0.000000000000000000e+00 7.241605178469168180e-01 2.589750734763318629e+00 2.584155105449825740e+00 0.000000000000000000e+00
0.000000000000000000e+00 1.259720263511510119e-01 2.242091712178217566e+00 2.670621811993867389e+00 7.893526792969729478e-01
0.000000000000000000e+00 0.000000000000000000e+00 1.804178434920722385e+00 2.659980776648196432e+00 1.566483896986314628e+00
0.000000000000000000e+00 0.000000000000000000e+00 1.312344580149882534e+00 2.588173264867554835e+00 2.020559649571529448e+00
0.000000000000000000e+00 0.000000000000000000e+00 7.999684334513812445e-01 2.407560710372536050e+00 2.290717231244365326e+00
0.000000000000000000e+00 0.000000000000000000e+00 2.550238636886859034e-01 2.113974705419108258e+00 2.410355257432461595e+00
0.000000000000000000e+00 0.000000000000000000e+00 0.000000000000000000e+00 1.732221559980129388e+00 2.377763698492641353e+00
0.000000000000000000e+00 0.000000000000000000e+00 0.000000000000000000e+00 1.291114354920752660e+00 2.208000816536304090e+00
0.000000000000000000e+00 0.000000000000000000e+00 0.000000000000000000e+00 8.106333778036155513e-01 1.930971304536432953e+00
1.336146056561959838e-01 0.000000000000000000e+00 0.000000000000000000e+00 2.886692138080459991e-01 1.578183979598135389e+00
1.064432614843058289e+00 0.000000000000000000e+00 0.000000000000000000e+00 0.000000000000000000e+00 1.166051879849039352e+00
1.640928055999002266e+00 0.000000000000000000e+00 0.000000000000000000e+00 0.000000000000000000e+00 7.138415790513552572e-01
1.999575650653639958e+00 0.000000000000000000e+00 0.000000000000000000e+00 0.000000000000000000e+00 2.560164647699259000e-01
2.219348711824653542e+00 0.000000000000000000e+00 0.000000000000000000e+00 0.000000000000000000e+00 0.000000000000000000e+00
2.307409302621687974e+00 7.321607564078957964e-01 0.000000000000000000e+00 0.000000000000000000e+00 0.000000000000000000e+00
2.336988240810610851e+00 1.314688718052714478e+00 0.000000000000000000e+00 0.000000000000000000e+00 0.000000000000000000e+00
2.322644694441966529e+00 1.680850125868227574e+00 0.000000000000000000e+00 0.000000000000000000e+00 0.000000000000000000e+00
2.202633692093558082e+00 1.930848152329977863e+00 0.000000000000000000e+00 0.000000000000000000e+00 0.000000000000000000e+00
1.952861131084027146e+00 2.076017613457992628e+00 6.737000785442927020e-01 0.000000000000000000e+00 0.000000000000000000e+00
1.588391173302028392e+00 2.152507895936095483e+00 1.249734819963199683e+00 0.000000000000000000e+00 0.000000000000000000e+00
1.144929575652708920e+00 2.150711860343867965e+00 1.628056642580533175e+00 0.000000000000000000e+00 0.000000000000000000e+00
6.650214305377044610e-01 2.022270804025549928e+00 1.884515350273330281e+00 0.000000000000000000e+00 0.000000000000000000e+00
1.693451432940640267e-01 1.772469217850291878e+00 2.013708476888165233e+00 4.804222889343345848e-01 0.000000000000000000e+00
0.000000000000000000e+00 1.432574338705439043e+00 2.042987206115753906e+00 1.106251395348167854e+00 0.000000000000000000e+00
0.000000000000000000e+00 1.049994227042871930e+00 2.001923683789141872e+00 1.489358959424480489e+00 0.000000000000000000e+00
0.000000000000000000e+00 6.545075209591023624e-01 1.875094269349342202e+00 1.720838082821007919e+00 0.000000000000000000e+00
0.000000000000000000e+00 2.341632533363835478e-01 1.664179902374818054e+00 1.830153977397453113e+00 3.063711650262201935e-01
0.000000000000000000e+00 0.000000000000000000e+00 1.383084800645206780e+00 1.849058119357616325e+00 9.376372724613335485e-01
0.000000000000000000e+00 0.000000000000000000e+00 1.048203574512485137e+00 1.823199895525629000e+00 1.306785244511510236e+00
0.000000000000000000e+00 0.000000000000000000e+00 6.884231448744505544e-01 1.733277587856363544e+00 1.528894532999014455e+00
0.000000000000000000e+00 0.000000000000000000e+00 3.075247387225311102e-01 1.558304890692175038e+00 1.650104299827292786e+00
0.000000000000000000e+00 0.000000000000000000e+00 0.000000000000000000e+00 1.313515799391529182e+00 1.668467501457704172e+00
0.000000000000000000e+00 0.000000000000000000e+00 0.000000000000000000e+00 1.015082340836481745e+00 1.588077433917256531e+00
0.000000000000000000e+00 0.000000000000000000e+00 0.000000000000000000e+00 6.852881145804401442e-01 1.424936653061192882e+00
0.000000000000000000e+00 0.000000000000000000e+00 0.000000000000000000e+00 3.248741961495050234e-01 1.200957099181798604e+00
5.833764047776025530e-01 0.000000000000000000e+00 0.000000000000000000e+00 0.000000000000000000e+00 9.317149139799862922e-01
1.037461321148958060e+00 0.000000000000000000e+00 0.000000000000000000e+00 0.000000000000000000e+00 6.206017359808746470e-01
1.321824081485478697e+00 0.000000000000000000e+00 0.000000000000000000e+00 0.000000000000000000e+00 2.971301705196549570e-01
1.503691682260055451e+00 0.000000000000000000e+00 0.000000000000000000e+00 0.000000000000000000e+00 0.000000000000000000e+00
1.595129184951971313e+00 3.566597222057321659e-01 0.000000000000000000e+00 0.000000000000000000e+00 0.000000000000000000e+00
1.628942077697337343e+00 8.212021227212984442e-01 0.000000000000000000e+00 0.000000000000000000e+00 0.000000000000000000e+00
1.633214497038737667e+00 1.109124417457407974e+00 0.000000000000000000e+00 0.000000000000000000e+00 0.000000000000000000e+00
1.580766662649468524e+00 1.300772835322339116e+00 0.000000000000000000e+00 0.000000000000000000e+00 0.000000000000000000e+00
1.439943809854127288e+00 1.423959924452555814e+00 3.312796714606824899e-01 0.000000000000000000e+00 0.000000000000000000e+00
1.209529648957130554e+00 1.496625046596744335e+00 7.814178043357711267e-01 0.000000000000000000e+00 0.000000000000000000e+00
9.104100402629433653e-01 1.519978058887894168e+00 1.072448816722426423e+00 0.000000000000000000e+00 0.000000000000000000e+00
5.728626102129874553e-01 1.461945522877372561e+00 1.273183606018457592e+00 0.000000000000000000e+00 0.000000000000000000e+00
2.174979593662196287e-01 1.312393241682152656e+00 1.392440131335181963e+00 1.995147681475351042e-01 0.000000000000000000e+00
0.000000000000000000e+00 1.090519775855802731e+00 1.433351122940474065e+00 6.863369296494670202e-01 0.000000000000000000e+00
0.000000000000000000e+00 8.240212392208512426e-01 1.423659488871742207e+00 9.859189772270070540e-01 0.000000000000000000e+00
0.000000000000000000e+00 5.426334879572669578e-01 1.356806030645129946e+00 1.171118837299456317e+00 0.000000000000000000e+00
0.000000000000000000e+00 2.464729923551955970e-01 1.224921864796135740e+00 1.272695905145848627e+00 9.136723886277176021e-02
0.000000000000000000e+00 0.000000000000000000e+00 1.040584461836224550e+00 1.299818602309676940e+00 5.821558029891039654e-01
0.000000000000000000e+00 0.000000000000000000e+00 8.103744023182479772e-01 1.294145270983593221e+00 8.692635048866970138e-01
0.000000000000000000e+00 0.000000000000000000e+00 5.572130552117804392e-01 1.249548463741012583e+00 1.042746768529922985e+00
0.000000000000000000e+00 0.000000000000000000e+00 2.895471214842793017e-01 1.142515262895205108e+00 1.146896031336252841e+00
0.000000000000000000e+00 0.000000000000000000e+00 0.000000000000000000e+00 9.824111581536509874e-01 1.180503202883343095e+00
0.000000000000000000e+00 0.000000000000000000e+00 0.000000000000000000e+00 7.778510127164462995e-01 1.143453735955080042e+00
0.000000000000000000e+00 0.000000000000000000e+00 0.000000000000000000e+00 5.491224967311469918e-01 1.044392224992707341e+00
0.000000000000000000e+00 0.000000000000000000e+00 0.000000000000000000e+00 2.980476816083155733e-01 8.985939604464032726e-01
3.143973109739683913e-01 0.000000000000000000e+00 0.000000000000000000e+00 1.957695725880448379e-02 7.189680655703356571e-01
6.711483324709832665e-01 0.000000000000000000e+00 0.000000000000000000e+00 0.000000000000000000e+00 5.045954145674214075e-01
8.946332309138105288e-01 0.000000000000000000e+00 0.000000000000000000e+00 0.000000000000000000e+00 2.757230045322801026e-01
1.038078360789773669e+00 0.000000000000000000e+00 0.000000000000000000e+00 0.000000000000000000e+00 4.229714417713914543e-02
1.118254989291556090e+00 1.672053576830978550e-01 0.000000000000000000e+00 0.000000000000000000e+00 0.000000000000000000e+00
1.150664282275271066e+00 5.277835042688971967e-01 0.000000000000000000e+00 0.000000000000000000e+00 0.000000000000000000e+00
1.161930339163874670e+00 7.490670971181501159e-01 0.000000000000000000e+00 0.000000000000000000e+00 0.000000000000000000e+00
1.139703199544272794e+00 8.947293292308255985e-01 0.000000000000000000e+00 0.000000000000000000e+00 0.000000000000000000e+00
1.056541861926940662e+00 9.934337343316611557e-01 1.587036599112523483e-01 0.000000000000000000e+00 0.000000000000000000e+00
9.074722147907386960e-01 1.053597623006963246e+00 5.041594396940407563e-01 0.000000000000000000e+00 0.000000000000000000e+00
7.039437767985878835e-01 1.081888644537754018e+00 7.245828985869340322e-01 0.000000000000000000e+00 0.000000000000000000e+00
4.657603177564251240e-01 1.058110329817651962e+00 8.768234496716486026e-01 0.000000000000000000e+00 0.000000000000000000e+00
2.103886083996031608e-01 9.671188349706149046e-01 9.752797505370836006e-01 6.818771019088121221e-02 0.000000000000000000e+00
0.000000000000000000e+00 8.197719399600676971e-01 1.015141330365443295e+00 4.388514947766486429e-01 0.000000000000000000e+00
0.000000000000000000e+00 6.324787212570348593e-01 1.019046161573922138e+00 6.671896173790936579e-01 0.000000000000000000e+00
0.000000000000000000e+00 4.316159970128241596e-01 9.838708815476659986e-01 8.104739055133425296e-01 0.000000000000000000e+00
0.000000000000000000e+00 2.217853199311559387e-01 8.993247628690359541e-01 8.958019397552584584e-01 0.000000000000000000e+00
0.000000000000000000e+00 0.000000000000000000e+00 7.760915805025914160e-01 9.227693316979589389e-01 3.708239642586819707e-01
0.000000000000000000e+00 0.000000000000000000e+00 6.161580840862157515e-01 9.254150951931160440e-01 5.903379201803615750e-01
0.000000000000000000e+00 0.000000000000000000e+00 4.370847514685638480e-01 9.037104234737579622e-01 7.231033640025863463e-01
0.000000000000000000e+00 0.000000000000000000e+00 2.477584794152387637e-01 8.367206426190708646e-01 8.070364924501638448e-01
0.000000000000000000e+00 0.000000000000000000e+00 3.951391647420976483e-02 7.301391150642766448e-01 8.418563852650272628e-01
0.000000000000000000e+00 0.000000000000000000e+00 0.000000000000000000e+00 5.908275294128628730e-01 8.262055060025085274e-01
0.000000000000000000e+00 0.000000000000000000e+00 0.000000000000000000e+00 4.291727908544817893e-01 7.658860956695545674e-01
0.000000000000000000e+00 0.000000000000000000e+00 0.000000000000000000e+00 2.490464441636586479e-01 6.699682810618058371e-01
1.704002617619604643e-01 0.000000000000000000e+00 0.000000000000000000e+00 4.939520849274181558e-02 5.464896284791520564e-01
4.446805827025168689e-01 0.000000000000000000e+00 0.000000000000000000e+00 0.000000000000000000e+00 3.966581071377595080e-01
6.168272874920055493e-01 0.000000000000000000e+00 0.000000000000000000e+00 0.000000000000000000e+00 2.326062472802759018e-01
7.276531958610998885e-01 0.000000000000000000e+00 0.000000000000000000e+00 0.000000000000000000e+00 6.326561451487355825e-02
7.934760833731236973e-01 7.307152139550687764e-02 0.000000000000000000e+00 0.000000000000000000e+00 0.000000000000000000e+00
8.215218261240497810e-01 3.483643244360790092e-01 0.000000000000000000e+00 0.000000000000000000e+00 0.000000000000000000e+00
8.338413645312069411e-01 5.162201199897298309e-01 0.000000000000000000e+00 0.000000000000000000e+00 0.000000000000000000e+00
8.251729790350935678e-01 6.259504179458641460e-01 0.000000000000000000e+00 0.000000000000000000e+00 0.000000000000000000e+00
7.741297811574843202e-01 7.024337049516438114e-01 7.292820001817412745e-02 0.000000000000000000e+00 0.000000000000000000e+00
6.754307268009407395e-01 7.495397050045871090e-01 3.346358364015866727e-01 0.000000000000000000e+00 0.000000000000000000e+00
5.350847309279593844e-01 7.756111045529534564e-01 4.998561969727033372e-01 0.000000000000000000e+00 0.000000000000000000e+00
3.658555225636406782e-01 7.679172935573741476e-01 6.136283621575477909e-01 0.000000000000000000e+00 0.000000000000000000e+00
1.816194674007176602e-01 7.112289823387075716e-01 6.910111450364353480e-01 9.925046304493090332e-03 0.000000000000000000e+00
0.000000000000000000e+00 6.114990536915554387e-01 7.252519798750856062e-01 2.887049199635227659e-01 0.000000000000000000e+00
0.000000000000000000e+00 4.786561769628105978e-01 7.339182269298083483e-01 4.603705655189083701e-01 0.000000000000000000e+00
0.000000000000000000e+00 3.345213142499803283e-01 7.153909574926786696e-01 5.691365195802156052e-01 0.000000000000000000e+00
0.000000000000000000e+00 1.847852043955988677e-01 6.598192068435483337e-01 6.372139206679340306e-01 0.000000000000000000e+00
0.000000000000000000e+00 1.983306505937143527e-02 5.755877887464233567e-01 6.634159661703664668e-01 2.328714962271605238e-01
0.000000000000000000e+00 0.000000000000000000e+00 4.648938202139741294e-01 6.684995456261333402e-01 4.050076767312172366e-01
0.000000000000000000e+00 0.000000000000000000e+00 3.373173074357471712e-01 6.565631651873848895e-01 5.088616102180587575e-01
0.000000000000000000e+00 0.000000000000000000e+00 2.000737426567589239e-01 6.140566055563456693e-01 5.743169056485197821e-01
0.000000000000000000e+00 0.000000000000000000e+00 4.935749072811912441e-02 5.416221907794338541e-01 6.051168038169185692e-01
0.000000000000000000e+00 0.000000000000000000e+00 0.000000000000000000e+00 4.439700334725293907e-01 6.000401067474014916e-01
0.000000000000000000e+00 0.000000000000000000e+00 0.000000000000000000e+00 3.283875917498124686e-01 5.619483777907330335e-01
0.000000000000000000e+00 0.000000000000000000e+00 0.000000000000000000e+00 1.990948837197192844e-01 4.967429868502071244e-01
9.325781653949372085e-02 0.000000000000000000e+00 0.000000000000000000e+00 5.555239757025765696e-02 4.105138105027772433e-01
3.013312947512281070e-01 0.000000000000000000e+00 0.000000000000000000e+00 0.000000000000000000e+00 3.050235434105763588e-01
4.318849206964014975e-01 0.000000000000000000e+00 0.000000000000000000e+00 0.000000000000000000e+00 1.870667441030815781e-01
5.159404077051288340e-01 0.000000000000000000e+00 0.000000000000000000e+00 0.000000000000000000e+00 6.397186449191849533e-02
5.678358661089233372e-01 2.726557077477043123e-02 0.000000000000000000e+00 0.000000000000000000e+00 0.000000000000000000e+00
5.907334475231396098e-01 2.350201442570698518e-01 0.000000000000000000e+00 0.000000000000000000e+00 0.000000000000000000e+00
6.019372156996328771e-01 3.611456860485251497e-01 0.000000000000000000e+00 0.000000000000000000e+00 0.000000000000000000e+00
5.995718950464801189e-01 4.432200271853314888e-01 0.000000000000000000e+00 0.000000000000000000e+00 0.000000000000000000e+00
5.674234828380808615e-01 5.014531809100053472e-01 3.015363483359623231e-02 0.000000000000000000e+00 0.000000000000000000e+00
5.008041672749818929e-01 5.374933341512290186e-01 2.268552981486871012e-01 0.000000000000000000e+00 0.000000000000000000e+00
4.028115062066128793e-01 5.593721365027559678e-01 3.500421023614364024e-01 0.000000000000000000e+00 0.000000000000000000e+00
2.817852835278356061e-01 5.589392518882463357e-01 4.345703531107858453e-01 0.000000000000000000e+00 0.000000000000000000e+00
1.484018505375384045e-01 5.228251614421974836e-01 4.939868482003118011e-01 0.000000000000000000e+00 0.000000000000000000e+00
9.075395814028830443e-03 4.541514440492556148e-01 5.228607299276655240e-01 1.900039578676127050e-01 0.000000000000000000e+00
0.000000000000000000e+00 3.599792027754622481e-01 5.321898222068743856e-01 3.208770968581742267e-01 0.000000000000000000e+00
0.000000000000000000e+00 2.560066725179832581e-01 5.218492915745054361e-01 4.041220414859214571e-01 0.000000000000000000e+00
0.000000000000000000e+00 1.474913516973486161e-01 4.848196186579722955e-01 4.570368334462560078e-01 0.000000000000000000e+00
0.000000000000000000e+00 2.787324249873268656e-02 4.263213794541531598e-01 4.797459230596379243e-01 1.492902749554714248e-01
0.000000000000000000e+00 0.000000000000000000e+00 3.483534483740280963e-01 4.853580119124401016e-01 2.820221232139652479e-01
0.000000000000000000e+00 0.000000000000000000e+00 2.566077957061985715e-01 4.786958614006797674e-01 3.618576783016469456e-01
0.000000000000000000e+00 0.000000000000000000e+00 1.568522245764092382e-01 4.508919174791126694e-01 4.120943521599418347e-01
0.000000000000000000e+00 0.000000000000000000e+00 4.754413353077469040e-02 4.007603619645583315e-01 4.375073780315541505e-01
0.000000000000000000e+00 0.000000000000000000e+00 0.000000000000000000e+00 3.316344484761035716e-01 4.371174417918122224e-01
0.000000000000000000e+00 0.000000000000000000e+00 0.000000000000000000e+00 2.485456050565826580e-01 4.124218543855806551e-01
0.000000000000000000e+00 0.000000000000000000e+00 0.000000000000000000e+00 1.552641794057785241e-01 3.673850426273550518e-01
5.116645725092850566e-02 0.000000000000000000e+00 0.000000000000000000e+00 5.153702071686305786e-02 3.065208162595367547e-01
2.077021018903391358e-01 0.000000000000000000e+00 0.000000000000000000e+00 0.000000000000000000e+00 2.315583513558094886e-01
3.058693111624544159e-01 0.000000000000000000e+00 0.000000000000000000e+00 0.000000000000000000e+00 1.463328024123522475e-01
3.690628254711114664e-01 0.000000000000000000e+00 0.000000000000000000e+00 0.000000000000000000e+00 5.667366862524004373e-02
4.091012899284041104e-01 5.523173979060658212e-03 0.000000000000000000e+00 0.000000000000000000e+00 0.000000000000000000e+00
4.271519446232718842e-01 1.613166550693767576e-01 0.000000000000000000e+00 0.000000000000000000e+00 0.000000000000000000e+00
4.365325493459693007e-01 2.555837858152387732e-01 0.000000000000000000e+00 0.000000000000000000e+00 0.000000000000000000e+00
4.369598812461350512e-01 3.166980253517470700e-01 0.000000000000000000e+00 0.000000000000000000e+00 0.000000000000000000e+00
4.162629148928620459e-01 3.605823094295024234e-01 9.216004648382458697e-03 0.000000000000000000e+00 0.000000000000000000e+00
3.705666517314298858e-01 3.878105487700400644e-01 1.563370889834270194e-01 0.000000000000000000e+00 0.000000000000000000e+00
3.014274293788533066e-01 4.053450391737656866e-01 2.479068994304278739e-01 0.000000000000000000e+00 0.000000000000000000e+00
2.143812861228999722e-01 4.078816886292635502e-01 3.105345018577398974e-01 0.000000000000000000e+00 0.000000000000000000e+00
1.175064060706887403e-01 3.844065096438309403e-01 3.555699925673061479e-01 0.000000000000000000e+00 0.000000000000000000e+00
1.573918842809884922e-02 3.364804656683761941e-01 3.791129618042066163e-01 1.263222590881407648e-01 0.000000000000000000e+00
0.000000000000000000e+00 2.695037258361288046e-01 3.875604890561490379e-01 2.259007405445934147e-01 0.000000000000000000e+00
0.000000000000000000e+00 1.941270901431591256e-01 3.816255047296768232e-01 2.893334540025493951e-01 0.000000000000000000e+00
0.000000000000000000e+00 1.148327977379737241e-01 3.566172600807493431e-01 3.298316336097895096e-01 0.000000000000000000e+00
0.000000000000000000e+00 2.773591336295844201e-02 3.154382687061363377e-01 3.484713329827693884e-01 9.750244857704704060e-02
0.000000000000000000e+00 0.000000000000000000e+00 2.597815061883834709e-01 3.537013426268775795e-01 1.986813666777442755e-01
0.000000000000000000e+00 0.000000000000000000e+00 1.934314785695945282e-01 3.498907272850848571e-01 2.593970959191894132e-01
0.000000000000000000e+00 0.000000000000000000e+00 1.208492239382352729e-01 3.312321249151262692e-01 2.975481804448731893e-01
0.000000000000000000e+00 0.000000000000000000e+00 4.138414345637997371e-02 2.961021257361529102e-01 3.177112255508762750e-01
0.000000000000000000e+00 0.000000000000000000e+00 0.000000000000000000e+00 2.468347549701377375e-01 3.191944089708353971e-01
0.000000000000000000e+00 0.000000000000000000e+00 0.000000000000000000e+00 1.868249272275246675e-01 3.028558696099636904e-01
0.000000000000000000e+00 0.000000000000000000e+00 0.000000000000000000e+00 1.192188833672558484e-01 2.713788098194669374e-01
2.790412709455791784e-02 0.000000000000000000e+00 0.000000000000000000e+00 4.395898618321236739e-02 2.280436021226628363e-01
1.450561820362961107e-01 0.000000000000000000e+00 0.000000000000000000e+00 0.000000000000000000e+00 1.743647512239099306e-01
2.184956970439411172e-01 0.000000000000000000e+00 0.000000000000000000e+00 0.000000000000000000e+00 1.125379417537764049e-01
2.657605119086525747e-01 0.000000000000000000e+00 0.000000000000000000e+00 0.000000000000000000e+00 4.710578739364201795e-02
2.962508925720808151e-01 0.000000000000000000e+00 0.000000000000000000e+00 0.000000000000000000e+00 0.000000000000000000e+00
3.105106198896256942e-01 1.110514374573212670e-01 0.000000000000000000e+00 0.000000000000000000e+00 0.000000000000000000e+00
