0.000000000000000000e+00 0.000000000000000000e+00 0.000000000000000000e+00 0.000000000000000000e+00 0.000000000000000000e+00
0.000000000000000000e+00 0.000000000000000000e+00 0.000000000000000000e+00 0.000000000000000000e+00 0.000000000000000000e+00
0.000000000000000000e+00 0.000000000000000000e+00 0.000000000000000000e+00 0.000000000000000000e+00 0.000000000000000000e+00
0.000000000000000000e+00 0.000000000000000000e+00 0.000000000000000000e+00 0.000000000000000000e+00 0.000000000000000000e+00
0.000000000000000000e+00 0.000000000000000000e+00 0.000000000000000000e+00 0.000000000000000000e+00 0.000000000000000000e+00
0.000000000000000000e+00 0.000000000000000000e+00 0.000000000000000000e+00 0.000000000000000000e+00 0.000000000000000000e+00
0.000000000000000000e+00 0.000000000000000000e+00 0.000000000000000000e+00 0.000000000000000000e+00 0.000000000000000000e+00
0.000000000000000000e+00 0.000000000000000000e+00 0.000000000000000000e+00 0.000000000000000000e+00 0.000000000000000000e+00
0.000000000000000000e+00 0.000000000000000000e+00 0.000000000000000000e+00 0.000000000000000000e+00 0.000000000000000000e+00
0.000000000000000000e+00 0.000000000000000000e+00 0.000000000000000000e+00 0.000000000000000000e+00 0.000000000000000000e+00
0.000000000000000000e+00 0.000000000000000000e+00 0.000000000000000000e+00 0.000000000000000000e+00 0.000000000000000000e+00
0.000000000000000000e+00 0.000000000000000000e+00 0.000000000000000000e+00 0.000000000000000000e+00 0.000000000000000000e+00
0.000000000000000000e+00 0.000000000000000000e+00 0.000000000000000000e+00 0.000000000000000000e+00 0.000000000000000000e+00
0.000000000000000000e+00 0.000000000000000000e+00 0.000000000000000000e+00 0.000000000000000000e+00 0.000000000000000000e+00
0.000000000000000000e+00 0.000000000000000000e+00 0.000000000000000000e+00 0.000000000000000000e+00 0.000000000000000000e+00
0.000000000000000000e+00 0.000000000000000000e+00 0.000000000000000000e+00 0.000000000000000000e+00 0.000000000000000000e+00
0.000000000000000000e+00 0.000000000000000000e+00 0.000000000000000000e+00 0.000000000000000000e+00 0.000000000000000000e+00
0.000000000000000000e+00 0.000000000000000000e+00 0.000000000000000000e+00 0.000000000000000000e+00 0.000000000000000000e+00
0.000000000000000000e+00 0.000000000000000000e+00 0.000000000000000000e+00 0.000000000000000000e+00 0.000000000000000000e+00
0.000000000000000000e+00 0.000000000000000000e+00 0.000000000000000000e+00 0.000000000000000000e+00 0.000000000000000000e+00
0.000000000000000000e+00 0.000000000000000000e+00 0.000000000000000000e+00 0.000000000000000000e+00 0.000000000000000000e+00
0.000000000000000000e+00 0.000000000000000000e+00 0.000000000000000000e+00 0.000000000000000000e+00 0.000000000000000000e+00
0.000000000000000000e+00 0.000000000000000000e+00 0.000000000000000000e+00 0.000000000000000000e+00 0.000000000000000000e+00
0.000000000000000000e+00 0.000000000000000000e+00 0.000000000000000000e+00 0.000000000000000000e+00 0.000000000000000000e+00
0.000000000000000000e+00 0.000000000000000000e+00 0.000000000000000000e+00 0.000000000000000000e+00 0.000000000000000000e+00
0.000000000000000000e+00 0.000000000000000000e+00 0.000000000000000000e+00 0.000000000000000000e+00 0.000000000000000000e+00
0.000000000000000000e+00 0.000000000000000000e+00 0.000000000000000000e+00 0.000000000000000000e+00 0.000000000000000000e+00
0.000000000000000000e+00 0.000000000000000000e+00 0.000000000000000000e+00 0.000000000000000000e+00 0.000000000000000000e+00
0.000000000000000000e+00 0.000000000000000000e+00 0.000000000000000000e+00 0.000000000000000000e+00 0.000000000000000000e+00
0.000000000000000000e+00 0.000000000000000000e+00 0.000000000000000000e+00 0.000000000000000000e+00 0.000000000000000000e+00
0.000000000000000000e+00 0.000000000000000000e+00 0.000000000000000000e+00 0.000000000000000000e+00 0.000000000000000000e+00
0.000000000000000000e+00 0.000000000000000000e+00 0.000000000000000000e+00 0.000000000000000000e+00 0.000000000000000000e+00
0.000000000000000000e+00 0.000000000000000000e+00 0.000000000000000000e+00 0.000000000000000000e+00 0.000000000000000000e+00
0.000000000000000000e+00 0.000000000000000000e+00 0.000000000000000000e+00 0.000000000000000000e+00 0.000000000000000000e+00
0.000000000000000000e+00 0.000000000000000000e+00 0.000000000000000000e+00 0.000000000000000000e+00 0.000000000000000000e+00
0.000000000000000000e+00 0.000000000000000000e+00 0.000000000000000000e+00 0.000000000000000000e+00 0.000000000000000000e+00
0.000000000000000000e+00 0.000000000000000000e+00 0.000000000000000000e+00 0.000000000000000000e+00 0.000000000000000000e+00
0.000000000000000000e+00 0.000000000000000000e+00 0.000000000000000000e+00 0.000000000000000000e+00 0.000000000000000000e+00
0.000000000000000000e+00 0.000000000000000000e+00 0.000000000000000000e+00 0.000000000000000000e+00 0.000000000000000000e+00
0.000000000000000000e+00 0.000000000000000000e+00 0.000000000000000000e+00 0.000000000000000000e+00 0.000000000000000000e+00
0.000000000000000000e+00 0.000000000000000000e+00 0.000000000000000000e+00 0.000000000000000000e+00 0.000000000000000000e+00
0.000000000000000000e+00 0.000000000000000000e+00 0.000000000000000000e+00 0.000000000000000000e+00 0.000000000000000000e+00
0.000000000000000000e+00 0.000000000000000000e+00 0.000000000000000000e+00 0.000000000000000000e+00 0.000000000000000000e+00
0.000000000000000000e+00 0.000000000000000000e+00 0.000000000000000000e+00 0.000000000000000000e+00 0.000000000000000000e+00
0.000000000000000000e+00 0.000000000000000000e+00 0.000000000000000000e+00 0.000000000000000000e+00 0.000000000000000000e+00
0.000000000000000000e+00 0.000000000000000000e+00 0.000000000000000000e+00 0.000000000000000000e+00 0.000000000000000000e+00
0.000000000000000000e+00 0.000000000000000000e+00 0.000000000000000000e+00 0.000000000000000000e+00 0.000000000000000000e+00
0.000000000000000000e+00 0.000000000000000000e+00 0.000000000000000000e+00 0.000000000000000000e+00 0.000000000000000000e+00
0.000000000000000000e+00 0.000000000000000000e+00 0.000000000000000000e+00 0.000000000000000000e+00 0.000000000000000000e+00
0.000000000000000000e+00 0.000000000000000000e+00 0.000000000000000000e+00 0.000000000000000000e+00 0.000000000000000000e+00
0.000000000000000000e+00 0.000000000000000000e+00 0.000000000000000000e+00 0.000000000000000000e+00 0.000000000000000000e+00
0.000000000000000000e+00 0.000000000000000000e+00 0.000000000000000000e+00 0.000000000000000000e+00 0.000000000000000000e+00
0.000000000000000000e+00 0.000000000000000000e+00 0.000000000000000000e+00 0.000000000000000000e+00 0.000000000000000000e+00
0.000000000000000000e+00 0.000000000000000000e+00 0.000000000000000000e+00 0.000000000000000000e+00 0.000000000000000000e+00
0.000000000000000000e+00 0.000000000000000000e+00 0.000000000000000000e+00 0.000000000000000000e+00 0.000000000000000000e+00
0.000000000000000000e+00 0.000000000000000000e+00 0.000000000000000000e+00 0.000000000000000000e+00 0.000000000000000000e+00
0.000000000000000000e+00 0.000000000000000000e+00 0.000000000000000000e+00 0.000000000000000000e+00 0.000000000000000000e+00
0.000000000000000000e+00 0.000000000000000000e+00 0.000000000000000000e+00 0.000000000000000000e+00 0.000000000000000000e+00
0.000000000000000000e+00 0.000000000000000000e+00 0.000000000000000000e+00 0.000000000000000000e+00 0.000000000000000000e+00
0.000000000000000000e+00 0.000000000000000000e+00 0.000000000000000000e+00 0.000000000000000000e+00 0.000000000000000000e+00
0.000000000000000000e+00 0.000000000000000000e+00 0.000000000000000000e+00 0.000000000000000000e+00 0.000000000000000000e+00
0.000000000000000000e+00 0.000000000000000000e+00 0.000000000000000000e+00 0.000000000000000000e+00 0.000000000000000000e+00
0.000000000000000000e+00 0.000000000000000000e+00 0.000000000000000000e+00 0.000000000000000000e+00 0.000000000000000000e+00
0.000000000000000000e+00 0.000000000000000000e+00 0.000000000000000000e+00 0.000000000000000000e+00 0.000000000000000000e+00
0.000000000000000000e+00 0.000000000000000000e+00 0.000000000000000000e+00 0.000000000000000000e+00 0.000000000000000000e+00
0.000000000000000000e+00 0.000000000000000000e+00 0.000000000000000000e+00 0.000000000000000000e+00 0.000000000000000000e+00
0.000000000000000000e+00 0.000000000000000000e+00 0.000000000000000000e+00 0.000000000000000000e+00 0.000000000000000000e+00
0.000000000000000000e+00 0.000000000000000000e+00 0.000000000000000000e+00 0.000000000000000000e+00 0.000000000000000000e+00
0.000000000000000000e+00 0.000000000000000000e+00 0.000000000000000000e+00 0.000000000000000000e+00 0.000000000000000000e+00
0.000000000000000000e+00 0.000000000000000000e+00 0.000000000000000000e+00 0.000000000000000000e+00 0.000000000000000000e+00
0.000000000000000000e+00 0.000000000000000000e+00 0.000000000000000000e+00 0.000000000000000000e+00 0.000000000000000000e+00
0.000000000000000000e+00 0.000000000000000000e+00 0.000000000000000000e+00 0.000000000000000000e+00 0.000000000000000000e+00
0.000000000000000000e+00 0.000000000000000000e+00 0.000000000000000000e+00 0.000000000000000000e+00 0.000000000000000000e+00
0.000000000000000000e+00 0.000000000000000000e+00 0.000000000000000000e+00 0.000000000000000000e+00 0.000000000000000000e+00
0.000000000000000000e+00 0.000000000000000000e+00 0.000000000000000000e+00 0.000000000000000000e+00 0.000000000000000000e+00
0.000000000000000000e+00 0.000000000000000000e+00 0.000000000000000000e+00 0.000000000000000000e+00 0.000000000000000000e+00
0.000000000000000000e+00 0.000000000000000000e+00 0.000000000000000000e+00 0.000000000000000000e+00 0.000000000000000000e+00
0.000000000000000000e+00 0.000000000000000000e+00 0.000000000000000000e+00 0.000000000000000000e+00 0.000000000000000000e+00
0.000000000000000000e+00 0.000000000000000000e+00 0.000000000000000000e+00 0.000000000000000000e+00 0.000000000000000000e+00
0.000000000000000000e+00 0.000000000000000000e+00 0.000000000000000000e+00 0.000000000000000000e+00 0.000000000000000000e+00
0.000000000000000000e+00 0.000000000000000000e+00 0.000000000000000000e+00 0.000000000000000000e+00 0.000000000000000000e+00
0.000000000000000000e+00 0.000000000000000000e+00 0.000000000000000000e+00 0.000000000000000000e+00 0.000000000000000000e+00
0.000000000000000000e+00 0.000000000000000000e+00 0.000000000000000000e+00 0.000000000000000000e+00 0.000000000000000000e+00
0.000000000000000000e+00 0.000000000000000000e+00 0.000000000000000000e+00 0.000000000000000000e+00 0.000000000000000000e+00
0.000000000000000000e+00 0.000000000000000000e+00 0.000000000000000000e+00 0.000000000000000000e+00 0.000000000000000000e+00
0.000000000000000000e+00 0.000000000000000000e+00 0.000000000000000000e+00 0.000000000000000000e+00 0.000000000000000000e+00
0.000000000000000000e+00 0.000000000000000000e+00 0.000000000000000000e+00 0.000000000000000000e+00 0.000000000000000000e+00
0.000000000000000000e+00 0.000000000000000000e+00 0.000000000000000000e+00 0.000000000000000000e+00 0.000000000000000000e+00
0.000000000000000000e+00 0.000000000000000000e+00 0.000000000000000000e+00 0.000000000000000000e+00 0.000000000000000000e+00
0.000000000000000000e+00 0.000000000000000000e+00 0.000000000000000000e+00 0.000000000000000000e+00 0.000000000000000000e+00
0.000000000000000000e+00 0.000000000000000000e+00 0.000000000000000000e+00 0.000000000000000000e+00 0.000000000000000000e+00
0.000000000000000000e+00 0.000000000000000000e+00 0.000000000000000000e+00 0.000000000000000000e+00 0.000000000000000000e+00
0.000000000000000000e+00 0.000000000000000000e+00 0.000000000000000000e+00 0.000000000000000000e+00 0.000000000000000000e+00
0.000000000000000000e+00 0.000000000000000000e+00 0.000000000000000000e+00 0.000000000000000000e+00 0.000000000000000000e+00
0.000000000000000000e+00 0.000000000000000000e+00 0.000000000000000000e+00 0.000000000000000000e+00 0.000000000000000000e+00
0.000000000000000000e+00 0.000000000000000000e+00 0.000000000000000000e+00 0.000000000000000000e+00 0.000000000000000000e+00
0.000000000000000000e+00 0.000000000000000000e+00 0.000000000000000000e+00 0.000000000000000000e+00 0.000000000000000000e+00
0.000000000000000000e+00 0.000000000000000000e+00 0.000000000000000000e+00 0.000000000000000000e+00 0.000000000000000000e+00
0.000000000000000000e+00 0.000000000000000000e+00 0.000000000000000000e+00 0.000000000000000000e+00 0.000000000000000000e+00
0.000000000000000000e+00 0.000000000000000000e+00 0.000000000000000000e+00 0.000000000000000000e+00 0.000000000000000000e+00
0.000000000000000000e+00 0.000000000000000000e+00 0.000000000000000000e+00 0.000000000000000000e+00 0.000000000000000000e+00
0.000000000000000000e+00 0.000000000000000000e+00 0.000000000000000000e+00 0.000000000000000000e+00 0.000000000000000000e+00
0.000000000000000000e+00 0.000000000000000000e+00 0.000000000000000000e+00 0.000000000000000000e+00 0.000000000000000000e+00
0.000000000000000000e+00 0.000000000000000000e+00 0.000000000000000000e+00 0.000000000000000000e+00 0.000000000000000000e+00
0.000000000000000000e+00 0.000000000000000000e+00 0.000000000000000000e+00 0.000000000000000000e+00 0.000000000000000000e+00
0.000000000000000000e+00 0.000000000000000000e+00 0.000000000000000000e+00 0.000000000000000000e+00 0.000000000000000000e+00
0.000000000000000000e+00 0.000000000000000000e+00 0.000000000000000000e+00 0.000000000000000000e+00 0.000000000000000000e+00
0.000000000000000000e+00 0.000000000000000000e+00 0.000000000000000000e+00 0.000000000000000000e+00 0.000000000000000000e+00
0.000000000000000000e+00 0.000000000000000000e+00 0.000000000000000000e+00 0.000000000000000000e+00 0.000000000000000000e+00
0.000000000000000000e+00 0.000000000000000000e+00 0.000000000000000000e+00 0.000000000000000000e+00 0.000000000000000000e+00
0.000000000000000000e+00 0.000000000000000000e+00 0.000000000000000000e+00 0.000000000000000000e+00 0.000000000000000000e+00
0.000000000000000000e+00 0.000000000000000000e+00 0.000000000000000000e+00 0.000000000000000000e+00 0.000000000000000000e+00
0.000000000000000000e+00 0.000000000000000000e+00 0.000000000000000000e+00 0.000000000000000000e+00 0.000000000000000000e+00
0.000000000000000000e+00 0.000000000000000000e+00 0.000000000000000000e+00 0.000000000000000000e+00 0.000000000000000000e+00
0.000000000000000000e+00 0.000000000000000000e+00 0.000000000000000000e+00 0.000000000000000000e+00 0.000000000000000000e+00
0.000000000000000000e+00 0.000000000000000000e+00 0.000000000000000000e+00 0.000000000000000000e+00 0.000000000000000000e+00
0.000000000000000000e+00 0.000000000000000000e+00 0.000000000000000000e+00 0.000000000000000000e+00 0.000000000000000000e+00
0.000000000000000000e+00 0.000000000000000000e+00 0.000000000000000000e+00 0.000000000000000000e+00 0.000000000000000000e+00
0.000000000000000000e+00 0.000000000000000000e+00 0.000000000000000000e+00 0.000000000000000000e+00 0.000000000000000000e+00
0.000000000000000000e+00 0.000000000000000000e+00 0.000000000000000000e+00 0.000000000000000000e+00 0.000000000000000000e+00
0.000000000000000000e+00 0.000000000000000000e+00 0.000000000000000000e+00 0.000000000000000000e+00 0.000000000000000000e+00
0.000000000000000000e+00 0.000000000000000000e+00 0.000000000000000000e+00 0.000000000000000000e+00 0.000000000000000000e+00
0.000000000000000000e+00 0.000000000000000000e+00 0.000000000000000000e+00 0.000000000000000000e+00 0.000000000000000000e+00
0.000000000000000000e+00 0.000000000000000000e+00 0.000000000000000000e+00 0.000000000000000000e+00 0.000000000000000000e+00
0.000000000000000000e+00 0.000000000000000000e+00 0.000000000000000000e+00 0.000000000000000000e+00 0.000000000000000000e+00
0.000000000000000000e+00 0.000000000000000000e+00 0.000000000000000000e+00 0.000000000000000000e+00 0.000000000000000000e+00
0.000000000000000000e+00 0.000000000000000000e+00 0.000000000000000000e+00 0.000000000000000000e+00 0.000000000000000000e+00
0.000000000000000000e+00 0.000000000000000000e+00 0.000000000000000000e+00 0.000000000000000000e+00 0.000000000000000000e+00
0.000000000000000000e+00 0.000000000000000000e+00 0.000000000000000000e+00 0.000000000000000000e+00 0.000000000000000000e+00
0.000000000000000000e+00 0.000000000000000000e+00 0.000000000000000000e+00 0.000000000000000000e+00 0.000000000000000000e+00
0.000000000000000000e+00 0.000000000000000000e+00 0.000000000000000000e+00 0.000000000000000000e+00 0.000000000000000000e+00
0.000000000000000000e+00 0.000000000000000000e+00 0.000000000000000000e+00 0.000000000000000000e+00 0.000000000000000000e+00
0.000000000000000000e+00 0.000000000000000000e+00 0.000000000000000000e+00 0.000000000000000000e+00 0.000000000000000000e+00
0.000000000000000000e+00 0.000000000000000000e+00 0.000000000000000000e+00 0.000000000000000000e+00 0.000000000000000000e+00
0.000000000000000000e+00 0.000000000000000000e+00 0.000000000000000000e+00 0.000000000000000000e+00 0.000000000000000000e+00
0.000000000000000000e+00 0.000000000000000000e+00 0.000000000000000000e+00 0.000000000000000000e+00 0.000000000000000000e+00
0.000000000000000000e+00 0.000000000000000000e+00 0.000000000000000000e+00 0.000000000000000000e+00 0.000000000000000000e+00
0.000000000000000000e+00 0.000000000000000000e+00 0.000000000000000000e+00 0.000000000000000000e+00 0.000000000000000000e+00
0.000000000000000000e+00 0.000000000000000000e+00 0.000000000000000000e+00 0.000000000000000000e+00 0.000000000000000000e+00
0.000000000000000000e+00 0.000000000000000000e+00 0.000000000000000000e+00 0.000000000000000000e+00 0.000000000000000000e+00
0.000000000000000000e+00 0.000000000000000000e+00 0.000000000000000000e+00 0.000000000000000000e+00 0.000000000000000000e+00
0.000000000000000000e+00 0.000000000000000000e+00 0.000000000000000000e+00 0.000000000000000000e+00 0.000000000000000000e+00
0.000000000000000000e+00 0.000000000000000000e+00 0.000000000000000000e+00 0.000000000000000000e+00 0.000000000000000000e+00
0.000000000000000000e+00 0.000000000000000000e+00 0.000000000000000000e+00 0.000000000000000000e+00 0.000000000000000000e+00
0.000000000000000000e+00 0.000000000000000000e+00 0.000000000000000000e+00 0.000000000000000000e+00 0.000000000000000000e+00
0.000000000000000000e+00 0.000000000000000000e+00 0.000000000000000000e+00 0.000000000000000000e+00 0.000000000000000000e+00
0.000000000000000000e+00 0.000000000000000000e+00 0.000000000000000000e+00 0.000000000000000000e+00 0.000000000000000000e+00
0.000000000000000000e+00 0.000000000000000000e+00 0.000000000000000000e+00 0.000000000000000000e+00 0.000000000000000000e+00
0.000000000000000000e+00 0.000000000000000000e+00 0.000000000000000000e+00 0.000000000000000000e+00 0.000000000000000000e+00
0.000000000000000000e+00 0.000000000000000000e+00 0.000000000000000000e+00 0.000000000000000000e+00 0.000000000000000000e+00
0.000000000000000000e+00 0.000000000000000000e+00 0.000000000000000000e+00 0.000000000000000000e+00 0.000000000000000000e+00
0.000000000000000000e+00 0.000000000000000000e+00 0.000000000000000000e+00 0.000000000000000000e+00 0.000000000000000000e+00
0.000000000000000000e+00 0.000000000000000000e+00 0.000000000000000000e+00 0.000000000000000000e+00 0.000000000000000000e+00
0.000000000000000000e+00 0.000000000000000000e+00 0.000000000000000000e+00 0.000000000000000000e+00 0.000000000000000000e+00
0.000000000000000000e+00 0.000000000000000000e+00 0.000000000000000000e+00 0.000000000000000000e+00 0.000000000000000000e+00
0.000000000000000000e+00 0.000000000000000000e+00 0.000000000000000000e+00 0.000000000000000000e+00 0.000000000000000000e+00
0.000000000000000000e+00 0.000000000000000000e+00 0.000000000000000000e+00 0.000000000000000000e+00 0.000000000000000000e+00
0.000000000000000000e+00 0.000000000000000000e+00 0.000000000000000000e+00 0.000000000000000000e+00 0.000000000000000000e+00
0.000000000000000000e+00 0.000000000000000000e+00 0.000000000000000000e+00 0.000000000000000000e+00 0.000000000000000000e+00
0.000000000000000000e+00 0.000000000000000000e+00 0.000000000000000000e+00 0.000000000000000000e+00 0.000000000000000000e+00
0.000000000000000000e+00 0.000000000000000000e+00 0.000000000000000000e+00 0.000000000000000000e+00 0.000000000000000000e+00
0.000000000000000000e+00 0.000000000000000000e+00 0.000000000000000000e+00 0.000000000000000000e+00 0.000000000000000000e+00
0.000000000000000000e+00 0.000000000000000000e+00 0.000000000000000000e+00 0.000000000000000000e+00 0.000000000000000000e+00
0.000000000000000000e+00 0.000000000000000000e+00 0.000000000000000000e+00 0.000000000000000000e+00 0.000000000000000000e+00
0.000000000000000000e+00 0.000000000000000000e+00 0.000000000000000000e+00 0.000000000000000000e+00 0.000000000000000000e+00
0.000000000000000000e+00 0.000000000000000000e+00 0.000000000000000000e+00 0.000000000000000000e+00 0.000000000000000000e+00
0.000000000000000000e+00 0.000000000000000000e+00 0.000000000000000000e+00 0.000000000000000000e+00 0.000000000000000000e+00
0.000000000000000000e+00 0.000000000000000000e+00 0.000000000000000000e+00 0.000000000000000000e+00 0.000000000000000000e+00
0.000000000000000000e+00 0.000000000000000000e+00 0.000000000000000000e+00 0.000000000000000000e+00 0.000000000000000000e+00
0.000000000000000000e+00 0.000000000000000000e+00 0.000000000000000000e+00 0.000000000000000000e+00 0.000000000000000000e+00
0.000000000000000000e+00 0.000000000000000000e+00 0.000000000000000000e+00 0.000000000000000000e+00 0.000000000000000000e+00
0.000000000000000000e+00 0.000000000000000000e+00 0.000000000000000000e+00 0.000000000000000000e+00 0.000000000000000000e+00
0.000000000000000000e+00 0.000000000000000000e+00 0.000000000000000000e+00 0.000000000000000000e+00 0.000000000000000000e+00
0.000000000000000000e+00 0.000000000000000000e+00 0.000000000000000000e+00 0.000000000000000000e+00 0.000000000000000000e+00
0.000000000000000000e+00 0.000000000000000000e+00 0.000000000000000000e+00 0.000000000000000000e+00 0.000000000000000000e+00
0.000000000000000000e+00 0.000000000000000000e+00 0.000000000000000000e+00 0.000000000000000000e+00 0.000000000000000000e+00
0.000000000000000000e+00 0.000000000000000000e+00 0.000000000000000000e+00 0.000000000000000000e+00 0.000000000000000000e+00
0.000000000000000000e+00 0.000000000000000000e+00 0.000000000000000000e+00 0.000000000000000000e+00 0.000000000000000000e+00
0.000000000000000000e+00 0.000000000000000000e+00 0.000000000000000000e+00 0.000000000000000000e+00 0.000000000000000000e+00
0.000000000000000000e+00 0.000000000000000000e+00 0.000000000000000000e+00 0.000000000000000000e+00 0.000000000000000000e+00
0.000000000000000000e+00 0.000000000000000000e+00 0.000000000000000000e+00 0.000000000000000000e+00 0.000000000000000000e+00
0.000000000000000000e+00 0.000000000000000000e+00 0.000000000000000000e+00 0.000000000000000000e+00 0.000000000000000000e+00
0.000000000000000000e+00 0.000000000000000000e+00 0.000000000000000000e+00 0.000000000000000000e+00 0.000000000000000000e+00
0.000000000000000000e+00 0.000000000000000000e+00 0.000000000000000000e+00 0.000000000000000000e+00 0.000000000000000000e+00
0.000000000000000000e+00 0.000000000000000000e+00 0.000000000000000000e+00 0.000000000000000000e+00 0.000000000000000000e+00
0.000000000000000000e+00 0.000000000000000000e+00 0.000000000000000000e+00 0.000000000000000000e+00 0.000000000000000000e+00
0.000000000000000000e+00 0.000000000000000000e+00 0.000000000000000000e+00 0.000000000000000000e+00 0.000000000000000000e+00
0.000000000000000000e+00 0.000000000000000000e+00 0.000000000000000000e+00 0.000000000000000000e+00 0.000000000000000000e+00
0.000000000000000000e+00 0.000000000000000000e+00 0.000000000000000000e+00 0.000000000000000000e+00 0.000000000000000000e+00
0.000000000000000000e+00 0.000000000000000000e+00 0.000000000000000000e+00 0.000000000000000000e+00 0.000000000000000000e+00
0.000000000000000000e+00 0.000000000000000000e+00 0.000000000000000000e+00 0.000000000000000000e+00 0.000000000000000000e+00
0.000000000000000000e+00 0.000000000000000000e+00 0.000000000000000000e+00 0.000000000000000000e+00 0.000000000000000000e+00
0.000000000000000000e+00 0.000000000000000000e+00 0.000000000000000000e+00 0.000000000000000000e+00 0.000000000000000000e+00
0.000000000000000000e+00 0.000000000000000000e+00 0.000000000000000000e+00 0.000000000000000000e+00 0.000000000000000000e+00
0.000000000000000000e+00 0.000000000000000000e+00 0.000000000000000000e+00 0.000000000000000000e+00 0.000000000000000000e+00
0.000000000000000000e+00 0.000000000000000000e+00 0.000000000000000000e+00 0.000000000000000000e+00 0.000000000000000000e+00
0.000000000000000000e+00 0.000000000000000000e+00 0.000000000000000000e+00 0.000000000000000000e+00 0.000000000000000000e+00
0.000000000000000000e+00 0.000000000000000000e+00 0.000000000000000000e+00 0.000000000000000000e+00 0.000000000000000000e+00
0.000000000000000000e+00 0.000000000000000000e+00 0.000000000000000000e+00 0.000000000000000000e+00 0.000000000000000000e+00
0.000000000000000000e+00 0.000000000000000000e+00 0.000000000000000000e+00 0.000000000000000000e+00 0.000000000000000000e+00
0.000000000000000000e+00 0.000000000000000000e+00 0.000000000000000000e+00 0.000000000000000000e+00 0.000000000000000000e+00
0.000000000000000000e+00 0.000000000000000000e+00 0.000000000000000000e+00 0.000000000000000000e+00 0.000000000000000000e+00
0.000000000000000000e+00 0.000000000000000000e+00 0.000000000000000000e+00 0.000000000000000000e+00 0.000000000000000000e+00
0.000000000000000000e+00 0.000000000000000000e+00 0.000000000000000000e+00 0.000000000000000000e+00 0.000000000000000000e+00
0.000000000000000000e+00 0.000000000000000000e+00 0.000000000000000000e+00 0.000000000000000000e+00 0.000000000000000000e+00
0.000000000000000000e+00 0.000000000000000000e+00 0.000000000000000000e+00 0.000000000000000000e+00 0.000000000000000000e+00
0.000000000000000000e+00 0.000000000000000000e+00 0.000000000000000000e+00 0.000000000000000000e+00 0.000000000000000000e+00
0.000000000000000000e+00 0.000000000000000000e+00 0.000000000000000000e+00 0.000000000000000000e+00 0.000000000000000000e+00
0.000000000000000000e+00 0.000000000000000000e+00 0.000000000000000000e+00 0.000000000000000000e+00 0.000000000000000000e+00
0.000000000000000000e+00 0.000000000000000000e+00 0.000000000000000000e+00 0.000000000000000000e+00 0.000000000000000000e+00
0.000000000000000000e+00 0.000000000000000000e+00 0.000000000000000000e+00 0.000000000000000000e+00 0.000000000000000000e+00
0.000000000000000000e+00 0.000000000000000000e+00 0.000000000000000000e+00 0.000000000000000000e+00 0.000000000000000000e+00
0.000000000000000000e+00 0.000000000000000000e+00 0.000000000000000000e+00 0.000000000000000000e+00 0.000000000000000000e+00
0.000000000000000000e+00 0.000000000000000000e+00 0.000000000000000000e+00 0.000000000000000000e+00 0.000000000000000000e+00
0.000000000000000000e+00 0.000000000000000000e+00 0.000000000000000000e+00 0.000000000000000000e+00 0.000000000000000000e+00
0.000000000000000000e+00 0.000000000000000000e+00 0.000000000000000000e+00 0.000000000000000000e+00 0.000000000000000000e+00
0.000000000000000000e+00 0.000000000000000000e+00 0.000000000000000000e+00 0.000000000000000000e+00 0.000000000000000000e+00
0.000000000000000000e+00 0.000000000000000000e+00 0.000000000000000000e+00 0.000000000000000000e+00 0.000000000000000000e+00
0.000000000000000000e+00 0.000000000000000000e+00 0.000000000000000000e+00 0.000000000000000000e+00 0.000000000000000000e+00
0.000000000000000000e+00 0.000000000000000000e+00 0.000000000000000000e+00 0.000000000000000000e+00 0.000000000000000000e+00
0.000000000000000000e+00 0.000000000000000000e+00 0.000000000000000000e+00 0.000000000000000000e+00 0.000000000000000000e+00
0.000000000000000000e+00 0.000000000000000000e+00 0.000000000000000000e+00 0.000000000000000000e+00 0.000000000000000000e+00
0.000000000000000000e+00 0.000000000000000000e+00 0.000000000000000000e+00 0.000000000000000000e+00 0.000000000000000000e+00
0.000000000000000000e+00 0.000000000000000000e+00 0.000000000000000000e+00 0.000000000000000000e+00 0.000000000000000000e+00
0.000000000000000000e+00 0.000000000000000000e+00 0.000000000000000000e+00 0.000000000000000000e+00 0.000000000000000000e+00
0.000000000000000000e+00 0.000000000000000000e+00 0.000000000000000000e+00 0.000000000000000000e+00 0.000000000000000000e+00
0.000000000000000000e+00 0.000000000000000000e+00 0.000000000000000000e+00 0.000000000000000000e+00 0.000000000000000000e+00
0.000000000000000000e+00 0.000000000000000000e+00 0.000000000000000000e+00 0.000000000000000000e+00 0.000000000000000000e+00
0.000000000000000000e+00 0.000000000000000000e+00 0.000000000000000000e+00 0.000000000000000000e+00 0.000000000000000000e+00
0.000000000000000000e+00 0.000000000000000000e+00 0.000000000000000000e+00 0.000000000000000000e+00 0.000000000000000000e+00
0.000000000000000000e+00 0.000000000000000000e+00 0.000000000000000000e+00 0.000000000000000000e+00 0.000000000000000000e+00
0.000000000000000000e+00 0.000000000000000000e+00 0.000000000000000000e+00 0.000000000000000000e+00 0.000000000000000000e+00
0.000000000000000000e+00 0.000000000000000000e+00 0.000000000000000000e+00 0.000000000000000000e+00 0.000000000000000000e+00
0.000000000000000000e+00 0.000000000000000000e+00 0.000000000000000000e+00 0.000000000000000000e+00 0.000000000000000000e+00
0.000000000000000000e+00 0.000000000000000000e+00 0.000000000000000000e+00 0.000000000000000000e+00 0.000000000000000000e+00
0.000000000000000000e+00 0.000000000000000000e+00 0.000000000000000000e+00 0.000000000000000000e+00 0.000000000000000000e+00
0.000000000000000000e+00 0.000000000000000000e+00 0.000000000000000000e+00 0.000000000000000000e+00 0.000000000000000000e+00
0.000000000000000000e+00 0.000000000000000000e+00 0.000000000000000000e+00 0.000000000000000000e+00 0.000000000000000000e+00
0.000000000000000000e+00 0.000000000000000000e+00 0.000000000000000000e+00 0.000000000000000000e+00 0.000000000000000000e+00
0.000000000000000000e+00 0.000000000000000000e+00 0.000000000000000000e+00 0.000000000000000000e+00 0.000000000000000000e+00
0.000000000000000000e+00 0.000000000000000000e+00 0.000000000000000000e+00 0.000000000000000000e+00 0.000000000000000000e+00
0.000000000000000000e+00 0.000000000000000000e+00 0.000000000000000000e+00 0.000000000000000000e+00 0.000000000000000000e+00
0.000000000000000000e+00 0.000000000000000000e+00 0.000000000000000000e+00 0.000000000000000000e+00 0.000000000000000000e+00
0.000000000000000000e+00 0.000000000000000000e+00 0.000000000000000000e+00 0.000000000000000000e+00 0.000000000000000000e+00
0.000000000000000000e+00 0.000000000000000000e+00 0.000000000000000000e+00 0.000000000000000000e+00 0.000000000000000000e+00
0.000000000000000000e+00 0.000000000000000000e+00 0.000000000000000000e+00 0.000000000000000000e+00 0.000000000000000000e+00
0.000000000000000000e+00 0.000000000000000000e+00 0.000000000000000000e+00 0.000000000000000000e+00 0.000000000000000000e+00
0.000000000000000000e+00 0.000000000000000000e+00 0.000000000000000000e+00 0.000000000000000000e+00 0.000000000000000000e+00
0.000000000000000000e+00 0.000000000000000000e+00 0.000000000000000000e+00 0.000000000000000000e+00 0.000000000000000000e+00
0.000000000000000000e+00 0.000000000000000000e+00 0.000000000000000000e+00 0.000000000000000000e+00 0.000000000000000000e+00
0.000000000000000000e+00 0.000000000000000000e+00 0.000000000000000000e+00 0.000000000000000000e+00 0.000000000000000000e+00
0.000000000000000000e+00 0.000000000000000000e+00 0.000000000000000000e+00 0.000000000000000000e+00 0.000000000000000000e+00
0.000000000000000000e+00 0.000000000000000000e+00 0.000000000000000000e+00 0.000000000000000000e+00 0.000000000000000000e+00
0.000000000000000000e+00 0.000000000000000000e+00 0.000000000000000000e+00 0.000000000000000000e+00 0.000000000000000000e+00
0.000000000000000000e+00 0.000000000000000000e+00 0.000000000000000000e+00 0.000000000000000000e+00 0.000000000000000000e+00
0.000000000000000000e+00 0.000000000000000000e+00 0.000000000000000000e+00 0.000000000000000000e+00 0.000000000000000000e+00
0.000000000000000000e+00 0.000000000000000000e+00 0.000000000000000000e+00 0.000000000000000000e+00 0.000000000000000000e+00
0.000000000000000000e+00 0.000000000000000000e+00 0.000000000000000000e+00 0.000000000000000000e+00 0.000000000000000000e+00
0.000000000000000000e+00 0.000000000000000000e+00 0.000000000000000000e+00 0.000000000000000000e+00 0.000000000000000000e+00
0.000000000000000000e+00 0.000000000000000000e+00 0.000000000000000000e+00 0.000000000000000000e+00 0.000000000000000000e+00
0.000000000000000000e+00 0.000000000000000000e+00 0.000000000000000000e+00 0.000000000000000000e+00 0.000000000000000000e+00
0.000000000000000000e+00 0.000000000000000000e+00 0.000000000000000000e+00 0.000000000000000000e+00 0.000000000000000000e+00
0.000000000000000000e+00 0.000000000000000000e+00 0.000000000000000000e+00 0.000000000000000000e+00 0.000000000000000000e+00
0.000000000000000000e+00 0.000000000000000000e+00 0.000000000000000000e+00 0.000000000000000000e+00 0.000000000000000000e+00
0.000000000000000000e+00 0.000000000000000000e+00 0.000000000000000000e+00 0.000000000000000000e+00 0.000000000000000000e+00
0.000000000000000000e+00 0.000000000000000000e+00 0.000000000000000000e+00 0.000000000000000000e+00 0.000000000000000000e+00
0.000000000000000000e+00 0.000000000000000000e+00 0.000000000000000000e+00 0.000000000000000000e+00 0.000000000000000000e+00
0.000000000000000000e+00 0.000000000000000000e+00 0.000000000000000000e+00 0.000000000000000000e+00 0.000000000000000000e+00
0.000000000000000000e+00 0.000000000000000000e+00 0.000000000000000000e+00 0.000000000000000000e+00 0.000000000000000000e+00
0.000000000000000000e+00 0.000000000000000000e+00 0.000000000000000000e+00 0.000000000000000000e+00 0.000000000000000000e+00
0.000000000000000000e+00 0.000000000000000000e+00 0.000000000000000000e+00 0.000000000000000000e+00 0.000000000000000000e+00
0.000000000000000000e+00 0.000000000000000000e+00 0.000000000000000000e+00 0.000000000000000000e+00 0.000000000000000000e+00
0.000000000000000000e+00 0.000000000000000000e+00 0.000000000000000000e+00 0.000000000000000000e+00 0.000000000000000000e+00
0.000000000000000000e+00 0.000000000000000000e+00 0.000000000000000000e+00 0.000000000000000000e+00 0.000000000000000000e+00
0.000000000000000000e+00 0.000000000000000000e+00 0.000000000000000000e+00 0.000000000000000000e+00 0.000000000000000000e+00
0.000000000000000000e+00 0.000000000000000000e+00 0.000000000000000000e+00 5.512684502957416299e+00 7.562777807093340243e+00
0.000000000000000000e+00 0.000000000000000000e+00 0.000000000000000000e+00 3.204798853901047462e+00 7.490408407121812218e+00
0.000000000000000000e+00 0.000000000000000000e+00 0.000000000000000000e+00 1.733514888109133123e+00 6.562172407888915870e+00
0.000000000000000000e+00 0.000000000000000000e+00 0.000000000000000000e+00 6.287682671063332673e-01 5.005787484165709067e+00
0.000000000000000000e+00 0.000000000000000000e+00 0.000000000000000000e+00 0.000000000000000000e+00 3.394332578930142397e+00
1.330706121435693001e+00 0.000000000000000000e+00 0.000000000000000000e+00 0.000000000000000000e+00 2.004352347667154088e+00
3.664613675725941988e+00 0.000000000000000000e+00 0.000000000000000000e+00 0.000000000000000000e+00 8.183251639489242946e-01
5.277392871012653863e+00 0.000000000000000000e+00 0.000000000000000000e+00 0.000000000000000000e+00 0.000000000000000000e+00
6.235793996011607554e+00 0.000000000000000000e+00 0.000000000000000000e+00 0.000000000000000000e+00 0.000000000000000000e+00
6.580039368271461520e+00 6.414752336623530393e-01 0.000000000000000000e+00 0.000000000000000000e+00 0.000000000000000000e+00
6.363396050573877361e+00 2.866220455958074176e+00 0.000000000000000000e+00 0.000000000000000000e+00 0.000000000000000000e+00
5.774501946508299177e+00 4.559328555215302892e+00 0.000000000000000000e+00 0.000000000000000000e+00 0.000000000000000000e+00
4.912309005275361073e+00 5.668231978561899531e+00 0.000000000000000000e+00 0.000000000000000000e+00 0.000000000000000000e+00
3.845742640639021381e+00 6.148571265795017560e+00 4.268356563160324302e-01 0.000000000000000000e+00 0.000000000000000000e+00
2.694058250288061451e+00 6.010976998488021472e+00 2.644990339402775170e+00 0.000000000000000000e+00 0.000000000000000000e+00
1.558531527055706523e+00 5.473684903616804043e+00 4.324111580183070735e+00 0.000000000000000000e+00 0.000000000000000000e+00
5.171519522028211746e-01 4.687401971049864891e+00 5.406053974056068689e+00 0.000000000000000000e+00 0.000000000000000000e+00
0.000000000000000000e+00 3.728154062772232269e+00 5.881110595792755191e+00 1.349547306887743936e-01 0.000000000000000000e+00
0.000000000000000000e+00 2.705477387124060940e+00 5.776357074635989797e+00 2.288537090791764594e+00 0.000000000000000000e+00
0.000000000000000000e+00 1.698087565197115012e+00 5.326409119777086865e+00 3.901463140311556277e+00 0.000000000000000000e+00
0.000000000000000000e+00 7.453865855934993512e-01 4.670495523368877855e+00 4.957270526014328382e+00 0.000000000000000000e+00
0.000000000000000000e+00 0.000000000000000000e+00 3.842121896155209715e+00 5.484612677647366041e+00 0.000000000000000000e+00
0.000000000000000000e+00 0.000000000000000000e+00 2.906787546481426343e+00 5.500689141368947155e+00 1.759189202884076098e+00
0.000000000000000000e+00 0.000000000000000000e+00 1.950190267405277122e+00 5.172150499450401284e+00 3.373989590196746491e+00
0.000000000000000000e+00 0.000000000000000000e+00 1.025684034859641880e+00 4.624212122650006584e+00 4.482817417579093799e+00
0.000000000000000000e+00 0.000000000000000000e+00 1.603953921629375223e-01 3.894752427533227035e+00 5.105656087193138681e+00
0.000000000000000000e+00 0.000000000000000000e+00 0.000000000000000000e+00 3.035261550416184839e+00 5.250754068340751424e+00
0.000000000000000000e+00 0.000000000000000000e+00 0.000000000000000000e+00 2.136891630617454130e+00 4.952317915776171198e+00
0.000000000000000000e+00 0.000000000000000000e+00 0.000000000000000000e+00 1.250562019026052463e+00 4.302452731571414724e+00
0.000000000000000000e+00 0.000000000000000000e+00 0.000000000000000000e+00 3.852547008475759593e-01 3.425802668475969259e+00
5.123556411470664429e-01 0.000000000000000000e+00 0.000000000000000000e+00 0.000000000000000000e+00 2.435459579130705876e+00
2.359403210879801094e+00 0.000000000000000000e+00 0.000000000000000000e+00 0.000000000000000000e+00 1.433815503376567380e+00
3.792273063399054234e+00 0.000000000000000000e+00 0.000000000000000000e+00 0.000000000000000000e+00 4.899679382335042632e-01
4.775471539779147179e+00 0.000000000000000000e+00 0.000000000000000000e+00 0.000000000000000000e+00 0.000000000000000000e+00
5.296935758824133700e+00 0.000000000000000000e+00 0.000000000000000000e+00 0.000000000000000000e+00 0.000000000000000000e+00
5.353250662082892575e+00 1.722091646068535375e+00 0.000000000000000000e+00 0.000000000000000000e+00 0.000000000000000000e+00
5.090086890738993119e+00 3.224847589084606003e+00 0.000000000000000000e+00 0.000000000000000000e+00 0.000000000000000000e+00
4.586150383186510027e+00 4.301236784425150006e+00 0.000000000000000000e+00 0.000000000000000000e+00 0.000000000000000000e+00
3.851608692173369430e+00 4.944279416784568504e+00 0.000000000000000000e+00 0.000000000000000000e+00 0.000000000000000000e+00
2.955201074282393314e+00 5.118311432406280836e+00 1.458763555955960856e+00 0.000000000000000000e+00 0.000000000000000000e+00
1.989695988431872120e+00 4.914349806346713478e+00 3.010413643691378649e+00 0.000000000000000000e+00 0.000000000000000000e+00
1.037556504501502275e+00 4.438878808938700793e+00 4.131054151886543124e+00 0.000000000000000000e+00 0.000000000000000000e+00
1.566041428650688794e-01 3.749675774185418309e+00 4.797361880184536354e+00 0.000000000000000000e+00 0.000000000000000000e+00
0.000000000000000000e+00 2.920964171022388811e+00 4.992865671246921266e+00 1.123334700302963673e+00 0.000000000000000000e+00
0.000000000000000000e+00 2.050648908256763825e+00 4.813170016475677215e+00 2.689451481159721435e+00 0.000000000000000000e+00
0.000000000000000000e+00 1.192755814714840934e+00 4.395761952352594371e+00 3.810953812320932776e+00 0.000000000000000000e+00
0.000000000000000000e+00 3.678265064345209723e-01 3.801858959681014394e+00 4.494337119549624227e+00 0.000000000000000000e+00
0.000000000000000000e+00 0.000000000000000000e+00 3.066390420176223319e+00 4.756143077557594800e+00 7.004835612147375379e-01
0.000000000000000000e+00 0.000000000000000000e+00 2.252630975578667982e+00 4.661170736138259940e+00 2.272127341684443191e+00
0.000000000000000000e+00 0.000000000000000000e+00 1.421198291793751345e+00 4.330985285098854831e+00 3.424860373111043632e+00
0.000000000000000000e+00 0.000000000000000000e+00 6.098625293306736417e-01 3.818983251768360176e+00 4.172030848313939444e+00
0.000000000000000000e+00 0.000000000000000000e+00 0.000000000000000000e+00 3.150904926946773710e+00 4.526649883244104444e+00
0.000000000000000000e+00 0.000000000000000000e+00 0.000000000000000000e+00 2.384744705270963383e+00 4.496912428776095538e+00
0.000000000000000000e+00 0.000000000000000000e+00 0.000000000000000000e+00 1.593554885833104118e+00 4.124714654409105563e+00
0.000000000000000000e+00 0.000000000000000000e+00 0.000000000000000000e+00 8.048419766009285992e-01 3.495773712204663930e+00
0.000000000000000000e+00 0.000000000000000000e+00 0.000000000000000000e+00 2.409263608688650207e-02 2.707677151550125672e+00
1.336941231378357964e+00 0.000000000000000000e+00 0.000000000000000000e+00 0.000000000000000000e+00 1.841202406922309853e+00
2.742118563826023703e+00 0.000000000000000000e+00 0.000000000000000000e+00 0.000000000000000000e+00 9.785716383742870672e-01
3.779481792092448167e+00 0.000000000000000000e+00 0.000000000000000000e+00 0.000000000000000000e+00 1.672879127034621050e-01
4.437977149995236736e+00 0.000000000000000000e+00 0.000000000000000000e+00 0.000000000000000000e+00 0.000000000000000000e+00
4.706767203863315707e+00 7.517186967938571662e-01 0.000000000000000000e+00 0.000000000000000000e+00 0.000000000000000000e+00
4.644413068021479241e+00 2.226830541425228738e+00 0.000000000000000000e+00 0.000000000000000000e+00 0.000000000000000000e+00
4.349266235776827472e+00 3.341427720080614172e+00 0.000000000000000000e+00 0.000000000000000000e+00 0.000000000000000000e+00
3.843632328613050042e+00 4.096143396745143939e+00 0.000000000000000000e+00 0.000000000000000000e+00 0.000000000000000000e+00
3.146188193026022262e+00 4.478192961920118620e+00 5.116592522282747968e-01 0.000000000000000000e+00 0.000000000000000000e+00
2.325918663728460345e+00 4.493642261847385022e+00 2.027475448262250346e+00 0.000000000000000000e+00 0.000000000000000000e+00
1.460154633432303450e+00 4.232423524986750785e+00 3.192771519963172544e+00 0.000000000000000000e+00 0.000000000000000000e+00
6.152922830581109004e-01 3.751786866104622753e+00 3.985531550028237113e+00 0.000000000000000000e+00 0.000000000000000000e+00
0.000000000000000000e+00 3.094159639324972400e+00 4.389816218395203862e+00 2.153601668274496284e-01 0.000000000000000000e+00
0.000000000000000000e+00 2.335231400578730021e+00 4.411458897415792890e+00 1.762398173663720646e+00 0.000000000000000000e+00
0.000000000000000000e+00 1.550312127236541659e+00 4.174770418295264740e+00 2.937952863144543958e+00 0.000000000000000000e+00
0.000000000000000000e+00 7.760976252358997574e-01 3.756904889274160109e+00 3.735287042878848496e+00 0.000000000000000000e+00
0.000000000000000000e+00 2.776078242711644065e-02 3.180855735756510594e+00 4.170232683977209476e+00 0.000000000000000000e+00
0.000000000000000000e+00 0.000000000000000000e+00 2.487091812837300076e+00 4.250246557515691137e+00 1.403593458243079795e+00
0.000000000000000000e+00 0.000000000000000000e+00 1.742098540130581963e+00 4.082803415643832423e+00 2.598518010775469289e+00
0.000000000000000000e+00 0.000000000000000000e+00 9.907906825000422080e-01 3.737110882652633581e+00 3.436968253201955203e+00
0.000000000000000000e+00 0.000000000000000000e+00 2.545803362016152427e-01 3.227680610616939560e+00 3.938213081874553101e+00
0.000000000000000000e+00 0.000000000000000000e+00 0.000000000000000000e+00 2.588136958423020495e+00 4.103155659501106278e+00
0.000000000000000000e+00 0.000000000000000000e+00 0.000000000000000000e+00 1.883206280972960167e+00 3.946638788235129258e+00
0.000000000000000000e+00 0.000000000000000000e+00 0.000000000000000000e+00 1.157995259679173161e+00 3.519962707947449587e+00
0.000000000000000000e+00 0.000000000000000000e+00 0.000000000000000000e+00 4.256794431056031836e-01 2.900010409023134894e+00
4.727828972971082067e-01 0.000000000000000000e+00 0.000000000000000000e+00 0.000000000000000000e+00 2.161440344659482093e+00
1.883323057199654205e+00 0.000000000000000000e+00 0.000000000000000000e+00 0.000000000000000000e+00 1.374839531643129442e+00
2.981085534971372297e+00 0.000000000000000000e+00 0.000000000000000000e+00 0.000000000000000000e+00 5.997995051253536269e-01
3.748267458870619073e+00 0.000000000000000000e+00 0.000000000000000000e+00 0.000000000000000000e+00 0.000000000000000000e+00
4.178942866774426612e+00 0.000000000000000000e+00 0.000000000000000000e+00 0.000000000000000000e+00 0.000000000000000000e+00
4.268651598814260595e+00 1.431567079759649141e+00 0.000000000000000000e+00 0.000000000000000000e+00 0.000000000000000000e+00
4.125028169002170841e+00 2.577676335639461414e+00 0.000000000000000000e+00 0.000000000000000000e+00 0.000000000000000000e+00
3.795387307914971586e+00 3.406826040020261459e+00 0.000000000000000000e+00 0.000000000000000000e+00 0.000000000000000000e+00
3.268769035903495990e+00 3.927287791321021793e+00 0.000000000000000000e+00 0.000000000000000000e+00 0.000000000000000000e+00
2.584139121720613108e+00 4.114307987606852457e+00 1.217151008856426353e+00 0.000000000000000000e+00 0.000000000000000000e+00
1.808784506214777821e+00 4.025625519065139990e+00 2.416218782485185290e+00 0.000000000000000000e+00 0.000000000000000000e+00
1.010796325743812396e+00 3.716032082627518385e+00 3.299948104704752971e+00 0.000000000000000000e+00 0.000000000000000000e+00
2.432878528101867499e-01 3.210791429094139282e+00 3.855409198091596767e+00 0.000000000000000000e+00 0.000000000000000000e+00
0.000000000000000000e+00 2.563372551461834625e+00 4.061766237749036890e+00 9.366831727597779711e-01 0.000000000000000000e+00
0.000000000000000000e+00 1.851780763518584561e+00 3.979707046974850559e+00 2.178697048641603740e+00 0.000000000000000000e+00
0.000000000000000000e+00 1.127180854519255204e+00 3.697783904924717202e+00 3.082807151329469697e+00 0.000000000000000000e+00
0.000000000000000000e+00 4.105025515219684618e-01 3.255002963489106005e+00 3.654807610080712088e+00 0.000000000000000000e+00
0.000000000000000000e+00 0.000000000000000000e+00 2.677992117986566001e+00 3.903586710301520935e+00 6.025413519718580968e-01
0.000000000000000000e+00 0.000000000000000000e+00 2.013695682564836442e+00 3.875727634645864672e+00 1.867514010603532615e+00
0.000000000000000000e+00 0.000000000000000000e+00 1.314179345182109326e+00 3.654274536360330394e+00 2.803216542151904189e+00
0.000000000000000000e+00 0.000000000000000000e+00 6.124370348809859976e-01 3.272579736804321016e+00 3.424602445577651366e+00
0.000000000000000000e+00 0.000000000000000000e+00 0.000000000000000000e+00 2.747630786095428324e+00 3.741817388262725252e+00
0.000000000000000000e+00 0.000000000000000000e+00 0.000000000000000000e+00 2.120613643280194971e+00 3.758134914711264152e+00
0.000000000000000000e+00 0.000000000000000000e+00 0.000000000000000000e+00 1.453965151462139005e+00 3.499059980772612377e+00
0.000000000000000000e+00 0.000000000000000000e+00 0.000000000000000000e+00 7.730067853909894371e-01 3.024225130097874192e+00
0.000000000000000000e+00 0.000000000000000000e+00 0.000000000000000000e+00 8.239516678555935947e-02 2.404773460960179854e+00
1.140109409364092885e+00 0.000000000000000000e+00 0.000000000000000000e+00 0.000000000000000000e+00 1.699267640829610126e+00
2.287118954548806204e+00 0.000000000000000000e+00 0.000000000000000000e+00 0.000000000000000000e+00 9.712529778421130633e-01
3.140110788409284037e+00 0.000000000000000000e+00 0.000000000000000000e+00 0.000000000000000000e+00 2.639088435089365081e-01
3.695309296177428759e+00 0.000000000000000000e+00 0.000000000000000000e+00 0.000000000000000000e+00 0.000000000000000000e+00
3.943601902014803873e+00 6.748669740158086405e-01 0.000000000000000000e+00 0.000000000000000000e+00 0.000000000000000000e+00
3.930000804973931672e+00 1.882986350216020455e+00 0.000000000000000000e+00 0.000000000000000000e+00 0.000000000000000000e+00
3.725234183820097744e+00 2.798789215231128669e+00 0.000000000000000000e+00 0.000000000000000000e+00 0.000000000000000000e+00
3.340553119569461771e+00 3.429186770599180090e+00 0.000000000000000000e+00 0.000000000000000000e+00 0.000000000000000000e+00
2.783948961848476067e+00 3.767869140600393685e+00 4.730706702811337538e-01 0.000000000000000000e+00 0.000000000000000000e+00
2.104114119708783370e+00 3.821185746892230561e+00 1.721771878725619764e+00 0.000000000000000000e+00 0.000000000000000000e+00
1.362928508001826078e+00 3.648584975784685991e+00 2.686552773784445680e+00 0.000000000000000000e+00 0.000000000000000000e+00
6.185717004355939519e-01 3.282335979225048384e+00 3.357270092344683210e+00 0.000000000000000000e+00 0.000000000000000000e+00
0.000000000000000000e+00 2.750158625451632144e+00 3.720680257401615343e+00 2.117729678189017584e-01 0.000000000000000000e+00
0.000000000000000000e+00 2.110872727870199750e+00 3.777033994573825382e+00 1.503844560168193789e+00 0.000000000000000000e+00
0.000000000000000000e+00 1.433642358272774198e+00 3.614898353632317374e+00 2.491879629412435460e+00 0.000000000000000000e+00
0.000000000000000000e+00 7.522900457680725683e-01 3.290621151364353292e+00 3.172899676199735897e+00 0.000000000000000000e+00
0.000000000000000000e+00 7.832503916345158468e-02 2.822205658173565723e+00 3.558722065623770359e+00 0.000000000000000000e+00
0.000000000000000000e+00 0.000000000000000000e+00 2.240642582551394479e+00 3.654200241250721071e+00 1.217501468576775991e+00
0.000000000000000000e+00 0.000000000000000000e+00 1.598579839148234205e+00 3.544713072556260336e+00 2.225858197091279411e+00
0.000000000000000000e+00 0.000000000000000000e+00 9.359470996998576764e-01 3.279702898004111411e+00 2.940557980910324609e+00
0.000000000000000000e+00 0.000000000000000000e+00 2.740042144825427517e-01 2.864780867058985603e+00 3.380298408018062251e+00
0.000000000000000000e+00 0.000000000000000000e+00 0.000000000000000000e+00 2.326136568372771940e+00 3.543622359899612384e+00
0.000000000000000000e+00 0.000000000000000000e+00 0.000000000000000000e+00 1.717139078405099939e+00 3.438807350501865034e+00
0.000000000000000000e+00 0.000000000000000000e+00 0.000000000000000000e+00 1.078106262492295464e+00 3.103200351583135230e+00
0.000000000000000000e+00 0.000000000000000000e+00 0.000000000000000000e+00 4.219661263475892876e-01 2.595880400980016045e+00
4.414961705628994149e-01 0.000000000000000000e+00 0.000000000000000000e+00 0.000000000000000000e+00 1.975228494142949875e+00
1.643362473296245074e+00 0.000000000000000000e+00 0.000000000000000000e+00 0.000000000000000000e+00 1.296827649467757748e+00
2.579810189585390656e+00 0.000000000000000000e+00 0.000000000000000000e+00 0.000000000000000000e+00 6.132858176688460450e-01
3.240180519654656255e+00 0.000000000000000000e+00 0.000000000000000000e+00 0.000000000000000000e+00 0.000000000000000000e+00
3.620815433591034527e+00 2.340574752268121186e-02 0.000000000000000000e+00 0.000000000000000000e+00 0.000000000000000000e+00
3.718152734341601207e+00 1.272138298533354028e+00 0.000000000000000000e+00 0.000000000000000000e+00 0.000000000000000000e+00
3.620035965347706775e+00 2.248814707690216519e+00 0.000000000000000000e+00 0.000000000000000000e+00 0.000000000000000000e+00
3.362417092822816755e+00 2.958595730922880307e+00 0.000000000000000000e+00 0.000000000000000000e+00 0.000000000000000000e+00
2.929646970832072483e+00 3.413496560989553785e+00 0.000000000000000000e+00 0.000000000000000000e+00 0.000000000000000000e+00
2.348056388868213773e+00 3.594534840943852672e+00 1.091919608056463042e+00 0.000000000000000000e+00 0.000000000000000000e+00
1.671689797903358699e+00 3.547548677890489000e+00 2.116370121525351866e+00 0.000000000000000000e+00 0.000000000000000000e+00
9.599352366497394540e-01 3.308194453509055499e+00 2.877862646861922613e+00 0.000000000000000000e+00 0.000000000000000000e+00
2.619467677010212103e-01 2.888948732854756951e+00 3.368475774464996686e+00 0.000000000000000000e+00 0.000000000000000000e+00
0.000000000000000000e+00 2.332887083447970689e+00 3.567370539822867226e+00 8.462564400252613472e-01 0.000000000000000000e+00
0.000000000000000000e+00 1.706894957677901115e+00 3.521805320221493840e+00 1.919143342481416381e+00 0.000000000000000000e+00
0.000000000000000000e+00 1.058408447824327192e+00 3.299322112427638398e+00 2.705681956725902726e+00 0.000000000000000000e+00
0.000000000000000000e+00 4.073757996812421567e-01 2.928727454145812814e+00 3.211731914576027247e+00 0.000000000000000000e+00
0.000000000000000000e+00 0.000000000000000000e+00 2.432181999721594323e+00 3.443169350267821560e+00 5.597416488755668773e-01
0.000000000000000000e+00 0.000000000000000000e+00 1.848347204755029782e+00 3.439288207729757296e+00 1.659863315048226706e+00
0.000000000000000000e+00 0.000000000000000000e+00 1.223540451907484394e+00 3.265604226137603039e+00 2.476269310710771165e+00
0.000000000000000000e+00 0.000000000000000000e+00 5.873749214177936828e-01 2.946223221359067779e+00 3.024308984248202936e+00
0.000000000000000000e+00 0.000000000000000000e+00 0.000000000000000000e+00 2.494120928302129059e+00 3.312642340254784212e+00
0.000000000000000000e+00 0.000000000000000000e+00 0.000000000000000000e+00 1.942430003449135967e+00 3.342923323785418344e+00
0.000000000000000000e+00 0.000000000000000000e+00 0.000000000000000000e+00 1.346477814254959382e+00 3.134127056442459480e+00
0.000000000000000000e+00 0.000000000000000000e+00 0.000000000000000000e+00 7.294128860879933729e-01 2.734036916552118335e+00
0.000000000000000000e+00 0.000000000000000000e+00 0.000000000000000000e+00 9.555087573945297841e-02 2.200900649183912261e+00
1.044110400806663730e+00 0.000000000000000000e+00 0.000000000000000000e+00 0.000000000000000000e+00 1.582236684649385161e+00
2.046594183110556298e+00 0.000000000000000000e+00 0.000000000000000000e+00 0.000000000000000000e+00 9.317582626337027607e-01
2.793952687275897073e+00 0.000000000000000000e+00 0.000000000000000000e+00 0.000000000000000000e+00 2.887348356999996923e-01
3.285811465120514363e+00 0.000000000000000000e+00 0.000000000000000000e+00 0.000000000000000000e+00 0.000000000000000000e+00
3.513933997634599571e+00 6.430386070022664491e-01 0.000000000000000000e+00 0.000000000000000000e+00 0.000000000000000000e+00
3.517782981042960611e+00 1.700779550904074844e+00 0.000000000000000000e+00 0.000000000000000000e+00 0.000000000000000000e+00
3.354101601709790881e+00 2.503198771022074887e+00 0.000000000000000000e+00 0.000000000000000000e+00 0.000000000000000000e+00
3.028623436635219157e+00 3.059554446322626742e+00 0.000000000000000000e+00 0.000000000000000000e+00 0.000000000000000000e+00
2.545262654776137001e+00 3.365786341809218207e+00 4.652882192001994710e-01 0.000000000000000000e+00 0.000000000000000000e+00
1.942856362022149730e+00 3.429533605727369316e+00 1.562035493913915829e+00 0.000000000000000000e+00 0.000000000000000000e+00
1.274606270560207921e+00 3.295982732215974043e+00 2.410522421466604115e+00 0.000000000000000000e+00 0.000000000000000000e+00
5.931112710649555364e-01 2.985890665544133515e+00 3.005937858843160448e+00 0.000000000000000000e+00 0.000000000000000000e+00
0.000000000000000000e+00 2.520353536282543327e+00 3.336538135089372581e+00 2.283392316772159258e-01 0.000000000000000000e+00
0.000000000000000000e+00 1.949267340930266545e+00 3.402180124680115547e+00 1.371324838387777412e+00 0.000000000000000000e+00
0.000000000000000000e+00 1.336221958127686849e+00 3.273722402571355605e+00 2.246999719812048824e+00 0.000000000000000000e+00
0.000000000000000000e+00 7.123613497953207307e-01 2.996270960092001001e+00 2.854638561929395468e+00 0.000000000000000000e+00
0.000000000000000000e+00 8.729342878585621968e-02 2.585196412179635583e+00 3.203967898874854114e+00 0.000000000000000000e+00
0.000000000000000000e+00 0.000000000000000000e+00 2.066492963248201420e+00 3.298816359408552223e+00 1.128266341359362990e+00
0.000000000000000000e+00 0.000000000000000000e+00 1.485394022410907455e+00 3.214402288545137321e+00 2.022279912998043105e+00
0.000000000000000000e+00 0.000000000000000000e+00 8.781192853129393683e-01 2.989626637476322735e+00 2.658137287125500237e+00
0.000000000000000000e+00 0.000000000000000000e+00 2.648374587869539720e-01 2.625228118553696532e+00 3.054119743837796275e+00
0.000000000000000000e+00 0.000000000000000000e+00 0.000000000000000000e+00 2.143544036738564973e+00 3.207565635487752420e+00
0.000000000000000000e+00 0.000000000000000000e+00 0.000000000000000000e+00 1.591764646466725663e+00 3.123984215926395080e+00
0.000000000000000000e+00 0.000000000000000000e+00 0.000000000000000000e+00 1.006214647266706619e+00 2.834135693722577898e+00
0.000000000000000000e+00 0.000000000000000000e+00 0.000000000000000000e+00 3.989254381382534298e-01 2.387775656349366837e+00
4.433013574506816101e-01 0.000000000000000000e+00 0.000000000000000000e+00 0.000000000000000000e+00 1.834135859175390015e+00
1.516863053036932252e+00 0.000000000000000000e+00 0.000000000000000000e+00 0.000000000000000000e+00 1.220570799270098705e+00
2.352516175843605062e+00 0.000000000000000000e+00 0.000000000000000000e+00 0.000000000000000000e+00 5.946369145065355521e-01
2.943568026401477411e+00 0.000000000000000000e+00 0.000000000000000000e+00 0.000000000000000000e+00 0.000000000000000000e+00
3.287272759589815685e+00 7.169982690314324891e-02 0.000000000000000000e+00 0.000000000000000000e+00 0.000000000000000000e+00
3.382809899586241897e+00 1.189788081388082341e+00 0.000000000000000000e+00 0.000000000000000000e+00 0.000000000000000000e+00
3.304717383730065627e+00 2.062564111406600897e+00 0.000000000000000000e+00 0.000000000000000000e+00 0.000000000000000000e+00
3.082100796078013349e+00 2.697468240927614502e+00 0.000000000000000000e+00 0.000000000000000000e+00 0.000000000000000000e+00
2.699184895511208548e+00 3.106862784064484906e+00 0.000000000000000000e+00 0.000000000000000000e+00 0.000000000000000000e+00
2.176311234920447202e+00 3.275298301082152364e+00 1.036535102767388583e+00 0.000000000000000000e+00 0.000000000000000000e+00
1.559463269771282912e+00 3.244549651824779168e+00 1.950643505909105402e+00 0.000000000000000000e+00 0.000000000000000000e+00
9.024300769976288938e-01 3.040213872456898336e+00 2.631804322214687186e+00 0.000000000000000000e+00 0.000000000000000000e+00
2.513750530689584650e-01 2.667640359459738875e+00 3.075175097798227508e+00 0.000000000000000000e+00 0.000000000000000000e+00
0.000000000000000000e+00 2.164469151513065182e+00 3.260242197767287742e+00 8.143913331115303356e-01 0.000000000000000000e+00
0.000000000000000000e+00 1.591221684070665221e+00 3.228874374753637255e+00 1.777415815769522789e+00 0.000000000000000000e+00
0.000000000000000000e+00 9.916963803828505730e-01 3.036548763465524381e+00 2.484888955051439474e+00 0.000000000000000000e+00
0.000000000000000000e+00 3.843688252917920600e-01 2.705552689611123718e+00 2.942948020299501533e+00 0.000000000000000000e+00
0.000000000000000000e+00 0.000000000000000000e+00 2.255580552877284539e+00 3.155602026055931653e+00 5.569810165734490059e-01
0.000000000000000000e+00 0.000000000000000000e+00 1.720867962932798312e+00 3.159544757997390096e+00 1.548825454785940359e+00
0.000000000000000000e+00 0.000000000000000000e+00 1.143503817044999593e+00 3.009605421688011262e+00 2.285043407904618906e+00
0.000000000000000000e+00 0.000000000000000000e+00 5.504884307366564311e-01 2.723873842422763758e+00 2.781075846699582410e+00
0.000000000000000000e+00 0.000000000000000000e+00 0.000000000000000000e+00 2.313491283987356706e+00 3.044178139895986401e+00
0.000000000000000000e+00 0.000000000000000000e+00 0.000000000000000000e+00 1.807709154647818783e+00 3.075367103518300560e+00
0.000000000000000000e+00 0.000000000000000000e+00 0.000000000000000000e+00 1.256434437972214768e+00 2.890734984647125305e+00
0.000000000000000000e+00 0.000000000000000000e+00 0.000000000000000000e+00 6.807866890925828862e-01 2.531622292280816033e+00
0.000000000000000000e+00 0.000000000000000000e+00 0.000000000000000000e+00 8.530884591095855285e-02 2.048574889055232440e+00
1.007163986042036719e+00 0.000000000000000000e+00 0.000000000000000000e+00 0.000000000000000000e+00 1.482620784567301175e+00
1.912560789923700710e+00 0.000000000000000000e+00 0.000000000000000000e+00 0.000000000000000000e+00 8.819536677092953969e-01
2.586930488815480711e+00 0.000000000000000000e+00 0.000000000000000000e+00 0.000000000000000000e+00 2.825123444076316770e-01
3.031960722826370969e+00 0.000000000000000000e+00 0.000000000000000000e+00 0.000000000000000000e+00 0.000000000000000000e+00
3.239765997848015111e+00 6.460723735617734942e-01 0.000000000000000000e+00 0.000000000000000000e+00 0.000000000000000000e+00
3.248335848211076016e+00 1.602763532488616027e+00 0.000000000000000000e+00 0.000000000000000000e+00 0.000000000000000000e+00
3.105102725795944263e+00 2.327718092044755771e+00 0.000000000000000000e+00 0.000000000000000000e+00 0.000000000000000000e+00
2.811504613859328039e+00 2.831400607566997074e+00 0.000000000000000000e+00 0.000000000000000000e+00 0.000000000000000000e+00
2.370169790143444644e+00 3.110075087098079560e+00 4.841229268487068360e-01 0.000000000000000000e+00 0.000000000000000000e+00
1.814821221439960830e+00 3.173387329959787451e+00 1.478960717599708818e+00 0.000000000000000000e+00 0.000000000000000000e+00
1.193416765101068755e+00 3.057888500363398432e+00 2.247953346809411279e+00 0.000000000000000000e+00 0.000000000000000000e+00
5.545713504014947448e-01 2.777572582447823457e+00 2.788990954580266912e+00 0.000000000000000000e+00 0.000000000000000000e+00
0.000000000000000000e+00 2.350654633308135733e+00 3.090837959624836984e+00 2.644797173130098433e-01 0.000000000000000000e+00
0.000000000000000000e+00 1.822216205374155296e+00 3.155303902902212521e+00 1.306174336205245812e+00 0.000000000000000000e+00
0.000000000000000000e+00 1.250927952514224728e+00 3.042601219862500983e+00 2.103589390113930424e+00 0.000000000000000000e+00
0.000000000000000000e+00 6.654595449583522448e-01 2.790274532330350166e+00 2.657600849727187242e+00 0.000000000000000000e+00
0.000000000000000000e+00 7.440776968025142324e-02 2.412262845672846545e+00 2.976455369718289834e+00 2.602187494907814980e-02
0.000000000000000000e+00 0.000000000000000000e+00 1.931639956179270756e+00 3.064848939646408255e+00 1.090397288288397215e+00
0.000000000000000000e+00 0.000000000000000000e+00 1.389902159710421081e+00 2.990852629589724199e+00 1.904989260447687016e+00
0.000000000000000000e+00 0.000000000000000000e+00 8.201666710703270358e-01 2.786654667638971183e+00 2.484101902022040065e+00
0.000000000000000000e+00 0.000000000000000000e+00 2.406522790586840266e-01 2.451121918186377258e+00 2.845050799661147156e+00
0.000000000000000000e+00 0.000000000000000000e+00 0.000000000000000000e+00 2.004254612569994709e+00 2.984918196190688988e+00
0.000000000000000000e+00 0.000000000000000000e+00 0.000000000000000000e+00 1.489387197102054472e+00 2.908340172349610508e+00
0.000000000000000000e+00 0.000000000000000000e+00 0.000000000000000000e+00 9.394216390826548579e-01 2.642687204983285021e+00
0.000000000000000000e+00 0.000000000000000000e+00 0.000000000000000000e+00 3.653852725078954311e-01 2.232093844155769169e+00
4.692754273383170083e-01 0.000000000000000000e+00 0.000000000000000000e+00 0.000000000000000000e+00 1.719860377031290577e+00
1.453092958637780541e+00 0.000000000000000000e+00 0.000000000000000000e+00 0.000000000000000000e+00 1.148494509981229372e+00
2.216872219225368479e+00 0.000000000000000000e+00 0.000000000000000000e+00 0.000000000000000000e+00 5.616381421203132662e-01
2.756546990669050956e+00 0.000000000000000000e+00 0.000000000000000000e+00 0.000000000000000000e+00 0.000000000000000000e+00
