0.000000000000000000e+00 0.000000000000000000e+00 0.000000000000000000e+00 0.000000000000000000e+00 0.000000000000000000e+00
0.000000000000000000e+00 0.000000000000000000e+00 0.000000000000000000e+00 0.000000000000000000e+00 0.000000000000000000e+00
0.000000000000000000e+00 0.000000000000000000e+00 0.000000000000000000e+00 0.000000000000000000e+00 0.000000000000000000e+00
0.000000000000000000e+00 0.000000000000000000e+00 0.000000000000000000e+00 0.000000000000000000e+00 0.000000000000000000e+00
0.000000000000000000e+00 0.000000000000000000e+00 0.000000000000000000e+00 0.000000000000000000e+00 0.000000000000000000e+00
0.000000000000000000e+00 0.000000000000000000e+00 0.000000000000000000e+00 0.000000000000000000e+00 0.000000000000000000e+00
0.000000000000000000e+00 0.000000000000000000e+00 0.000000000000000000e+00 0.000000000000000000e+00 0.000000000000000000e+00
0.000000000000000000e+00 0.000000000000000000e+00 0.000000000000000000e+00 0.000000000000000000e+00 0.000000000000000000e+00
0.000000000000000000e+00 0.000000000000000000e+00 0.000000000000000000e+00 0.000000000000000000e+00 0.000000000000000000e+00
0.000000000000000000e+00 0.000000000000000000e+00 0.000000000000000000e+00 0.000000000000000000e+00 0.000000000000000000e+00
0.000000000000000000e+00 0.000000000000000000e+00 0.000000000000000000e+00 0.000000000000000000e+00 0.000000000000000000e+00
0.000000000000000000e+00 0.000000000000000000e+00 0.000000000000000000e+00 0.000000000000000000e+00 0.000000000000000000e+00
0.000000000000000000e+00 0.000000000000000000e+00 0.000000000000000000e+00 0.000000000000000000e+00 0.000000000000000000e+00
0.000000000000000000e+00 0.000000000000000000e+00 0.000000000000000000e+00 0.000000000000000000e+00 0.000000000000000000e+00
0.000000000000000000e+00 0.000000000000000000e+00 0.000000000000000000e+00 0.000000000000000000e+00 0.000000000000000000e+00
0.000000000000000000e+00 0.000000000000000000e+00 0.000000000000000000e+00 0.000000000000000000e+00 0.000000000000000000e+00
0.000000000000000000e+00 0.000000000000000000e+00 0.000000000000000000e+00 0.000000000000000000e+00 0.000000000000000000e+00
0.000000000000000000e+00 0.000000000000000000e+00 0.000000000000000000e+00 0.000000000000000000e+00 0.000000000000000000e+00
0.000000000000000000e+00 0.000000000000000000e+00 0.000000000000000000e+00 0.000000000000000000e+00 0.000000000000000000e+00
0.000000000000000000e+00 0.000000000000000000e+00 0.000000000000000000e+00 0.000000000000000000e+00 0.000000000000000000e+00
0.000000000000000000e+00 0.000000000000000000e+00 0.000000000000000000e+00 0.000000000000000000e+00 0.000000000000000000e+00
0.000000000000000000e+00 0.000000000000000000e+00 0.000000000000000000e+00 0.000000000000000000e+00 0.000000000000000000e+00
0.000000000000000000e+00 0.000000000000000000e+00 0.000000000000000000e+00 0.000000000000000000e+00 0.000000000000000000e+00
0.000000000000000000e+00 0.000000000000000000e+00 0.000000000000000000e+00 0.000000000000000000e+00 0.000000000000000000e+00
0.000000000000000000e+00 0.000000000000000000e+00 0.000000000000000000e+00 0.000000000000000000e+00 0.000000000000000000e+00
0.000000000000000000e+00 0.000000000000000000e+00 0.000000000000000000e+00 0.000000000000000000e+00 0.000000000000000000e+00
0.000000000000000000e+00 0.000000000000000000e+00 0.000000000000000000e+00 0.000000000000000000e+00 0.000000000000000000e+00
0.000000000000000000e+00 0.000000000000000000e+00 0.000000000000000000e+00 0.000000000000000000e+00 0.000000000000000000e+00
0.000000000000000000e+00 0.000000000000000000e+00 0.000000000000000000e+00 0.000000000000000000e+00 0.000000000000000000e+00
0.000000000000000000e+00 0.000000000000000000e+00 0.000000000000000000e+00 0.000000000000000000e+00 0.000000000000000000e+00
0.000000000000000000e+00 0.000000000000000000e+00 0.000000000000000000e+00 0.000000000000000000e+00 0.000000000000000000e+00
0.000000000000000000e+00 0.000000000000000000e+00 0.000000000000000000e+00 0.000000000000000000e+00 0.000000000000000000e+00
0.000000000000000000e+00 0.000000000000000000e+00 0.000000000000000000e+00 0.000000000000000000e+00 0.000000000000000000e+00
0.000000000000000000e+00 0.000000000000000000e+00 0.000000000000000000e+00 0.000000000000000000e+00 0.000000000000000000e+00
0.000000000000000000e+00 0.000000000000000000e+00 0.000000000000000000e+00 0.000000000000000000e+00 0.000000000000000000e+00
0.000000000000000000e+00 0.000000000000000000e+00 0.000000000000000000e+00 0.000000000000000000e+00 0.000000000000000000e+00
0.000000000000000000e+00 0.000000000000000000e+00 0.000000000000000000e+00 0.000000000000000000e+00 0.000000000000000000e+00
0.000000000000000000e+00 0.000000000000000000e+00 0.000000000000000000e+00 0.000000000000000000e+00 0.000000000000000000e+00
0.000000000000000000e+00 0.000000000000000000e+00 0.000000000000000000e+00 0.000000000000000000e+00 0.000000000000000000e+00
0.000000000000000000e+00 0.000000000000000000e+00 0.000000000000000000e+00 0.000000000000000000e+00 0.000000000000000000e+00
0.000000000000000000e+00 0.000000000000000000e+00 0.000000000000000000e+00 0.000000000000000000e+00 0.000000000000000000e+00
0.000000000000000000e+00 0.000000000000000000e+00 0.000000000000000000e+00 0.000000000000000000e+00 0.000000000000000000e+00
0.000000000000000000e+00 0.000000000000000000e+00 0.000000000000000000e+00 0.000000000000000000e+00 0.000000000000000000e+00
0.000000000000000000e+00 0.000000000000000000e+00 0.000000000000000000e+00 0.000000000000000000e+00 0.000000000000000000e+00
0.000000000000000000e+00 0.000000000000000000e+00 0.000000000000000000e+00 0.000000000000000000e+00 0.000000000000000000e+00
0.000000000000000000e+00 0.000000000000000000e+00 0.000000000000000000e+00 0.000000000000000000e+00 0.000000000000000000e+00
0.000000000000000000e+00 0.000000000000000000e+00 0.000000000000000000e+00 0.000000000000000000e+00 0.000000000000000000e+00
0.000000000000000000e+00 0.000000000000000000e+00 0.000000000000000000e+00 0.000000000000000000e+00 0.000000000000000000e+00
0.000000000000000000e+00 0.000000000000000000e+00 0.000000000000000000e+00 0.000000000000000000e+00 0.000000000000000000e+00
0.000000000000000000e+00 0.000000000000000000e+00 0.000000000000000000e+00 0.000000000000000000e+00 0.000000000000000000e+00
0.000000000000000000e+00 0.000000000000000000e+00 0.000000000000000000e+00 0.000000000000000000e+00 0.000000000000000000e+00
0.000000000000000000e+00 0.000000000000000000e+00 0.000000000000000000e+00 0.000000000000000000e+00 0.000000000000000000e+00
0.000000000000000000e+00 0.000000000000000000e+00 0.000000000000000000e+00 0.000000000000000000e+00 0.000000000000000000e+00
0.000000000000000000e+00 0.000000000000000000e+00 0.000000000000000000e+00 0.000000000000000000e+00 0.000000000000000000e+00
0.000000000000000000e+00 0.000000000000000000e+00 0.000000000000000000e+00 0.000000000000000000e+00 0.000000000000000000e+00
0.000000000000000000e+00 0.000000000000000000e+00 0.000000000000000000e+00 0.000000000000000000e+00 0.000000000000000000e+00
0.000000000000000000e+00 0.000000000000000000e+00 0.000000000000000000e+00 0.000000000000000000e+00 0.000000000000000000e+00
0.000000000000000000e+00 0.000000000000000000e+00 0.000000000000000000e+00 0.000000000000000000e+00 0.000000000000000000e+00
0.000000000000000000e+00 0.000000000000000000e+00 0.000000000000000000e+00 0.000000000000000000e+00 0.000000000000000000e+00
0.000000000000000000e+00 0.000000000000000000e+00 0.000000000000000000e+00 0.000000000000000000e+00 0.000000000000000000e+00
0.000000000000000000e+00 0.000000000000000000e+00 0.000000000000000000e+00 0.000000000000000000e+00 0.000000000000000000e+00
0.000000000000000000e+00 0.000000000000000000e+00 0.000000000000000000e+00 0.000000000000000000e+00 0.000000000000000000e+00
0.000000000000000000e+00 0.000000000000000000e+00 0.000000000000000000e+00 0.000000000000000000e+00 0.000000000000000000e+00
0.000000000000000000e+00 0.000000000000000000e+00 0.000000000000000000e+00 0.000000000000000000e+00 0.000000000000000000e+00
0.000000000000000000e+00 0.000000000000000000e+00 0.000000000000000000e+00 0.000000000000000000e+00 0.000000000000000000e+00
0.000000000000000000e+00 0.000000000000000000e+00 0.000000000000000000e+00 0.000000000000000000e+00 0.000000000000000000e+00
0.000000000000000000e+00 0.000000000000000000e+00 0.000000000000000000e+00 0.000000000000000000e+00 0.000000000000000000e+00
0.000000000000000000e+00 0.000000000000000000e+00 0.000000000000000000e+00 0.000000000000000000e+00 0.000000000000000000e+00
0.000000000000000000e+00 0.000000000000000000e+00 0.000000000000000000e+00 0.000000000000000000e+00 0.000000000000000000e+00
0.000000000000000000e+00 0.000000000000000000e+00 0.000000000000000000e+00 0.000000000000000000e+00 0.000000000000000000e+00
0.000000000000000000e+00 0.000000000000000000e+00 0.000000000000000000e+00 0.000000000000000000e+00 0.000000000000000000e+00
0.000000000000000000e+00 0.000000000000000000e+00 0.000000000000000000e+00 0.000000000000000000e+00 0.000000000000000000e+00
0.000000000000000000e+00 0.000000000000000000e+00 0.000000000000000000e+00 0.000000000000000000e+00 0.000000000000000000e+00
0.000000000000000000e+00 0.000000000000000000e+00 0.000000000000000000e+00 0.000000000000000000e+00 0.000000000000000000e+00
0.000000000000000000e+00 0.000000000000000000e+00 0.000000000000000000e+00 0.000000000000000000e+00 0.000000000000000000e+00
0.000000000000000000e+00 0.000000000000000000e+00 0.000000000000000000e+00 0.000000000000000000e+00 0.000000000000000000e+00
0.000000000000000000e+00 0.000000000000000000e+00 0.000000000000000000e+00 0.000000000000000000e+00 0.000000000000000000e+00
0.000000000000000000e+00 0.000000000000000000e+00 0.000000000000000000e+00 0.000000000000000000e+00 0.000000000000000000e+00
0.000000000000000000e+00 0.000000000000000000e+00 0.000000000000000000e+00 0.000000000000000000e+00 0.000000000000000000e+00
0.000000000000000000e+00 0.000000000000000000e+00 0.000000000000000000e+00 0.000000000000000000e+00 0.000000000000000000e+00
0.000000000000000000e+00 0.000000000000000000e+00 0.000000000000000000e+00 0.000000000000000000e+00 0.000000000000000000e+00
0.000000000000000000e+00 0.000000000000000000e+00 0.000000000000000000e+00 0.000000000000000000e+00 0.000000000000000000e+00
0.000000000000000000e+00 0.000000000000000000e+00 0.000000000000000000e+00 0.000000000000000000e+00 0.000000000000000000e+00
0.000000000000000000e+00 0.000000000000000000e+00 0.000000000000000000e+00 0.000000000000000000e+00 0.000000000000000000e+00
0.000000000000000000e+00 0.000000000000000000e+00 0.000000000000000000e+00 0.000000000000000000e+00 0.000000000000000000e+00
0.000000000000000000e+00 0.000000000000000000e+00 0.000000000000000000e+00 0.000000000000000000e+00 0.000000000000000000e+00
0.000000000000000000e+00 0.000000000000000000e+00 0.000000000000000000e+00 0.000000000000000000e+00 0.000000000000000000e+00
0.000000000000000000e+00 0.000000000000000000e+00 0.000000000000000000e+00 0.000000000000000000e+00 0.000000000000000000e+00
0.000000000000000000e+00 0.000000000000000000e+00 0.000000000000000000e+00 0.000000000000000000e+00 0.000000000000000000e+00
0.000000000000000000e+00 0.000000000000000000e+00 0.000000000000000000e+00 0.000000000000000000e+00 0.000000000000000000e+00
0.000000000000000000e+00 0.000000000000000000e+00 0.000000000000000000e+00 0.000000000000000000e+00 0.000000000000000000e+00
0.000000000000000000e+00 0.000000000000000000e+00 0.000000000000000000e+00 0.000000000000000000e+00 0.000000000000000000e+00
0.000000000000000000e+00 0.000000000000000000e+00 0.000000000000000000e+00 0.000000000000000000e+00 0.000000000000000000e+00
0.000000000000000000e+00 0.000000000000000000e+00 0.000000000000000000e+00 0.000000000000000000e+00 0.000000000000000000e+00
0.000000000000000000e+00 0.000000000000000000e+00 0.000000000000000000e+00 0.000000000000000000e+00 0.000000000000000000e+00
0.000000000000000000e+00 0.000000000000000000e+00 0.000000000000000000e+00 0.000000000000000000e+00 0.000000000000000000e+00
0.000000000000000000e+00 0.000000000000000000e+00 0.000000000000000000e+00 0.000000000000000000e+00 0.000000000000000000e+00
0.000000000000000000e+00 0.000000000000000000e+00 0.000000000000000000e+00 0.000000000000000000e+00 0.000000000000000000e+00
0.000000000000000000e+00 0.000000000000000000e+00 0.000000000000000000e+00 0.000000000000000000e+00 0.000000000000000000e+00
0.000000000000000000e+00 0.000000000000000000e+00 0.000000000000000000e+00 0.000000000000000000e+00 0.000000000000000000e+00
0.000000000000000000e+00 0.000000000000000000e+00 0.000000000000000000e+00 0.000000000000000000e+00 0.000000000000000000e+00
0.000000000000000000e+00 0.000000000000000000e+00 0.000000000000000000e+00 0.000000000000000000e+00 0.000000000000000000e+00
0.000000000000000000e+00 0.000000000000000000e+00 0.000000000000000000e+00 0.000000000000000000e+00 0.000000000000000000e+00
0.000000000000000000e+00 0.000000000000000000e+00 0.000000000000000000e+00 0.000000000000000000e+00 0.000000000000000000e+00
0.000000000000000000e+00 0.000000000000000000e+00 0.000000000000000000e+00 0.000000000000000000e+00 0.000000000000000000e+00
0.000000000000000000e+00 0.000000000000000000e+00 0.000000000000000000e+00 0.000000000000000000e+00 0.000000000000000000e+00
0.000000000000000000e+00 0.000000000000000000e+00 0.000000000000000000e+00 0.000000000000000000e+00 0.000000000000000000e+00
0.000000000000000000e+00 0.000000000000000000e+00 0.000000000000000000e+00 0.000000000000000000e+00 0.000000000000000000e+00
0.000000000000000000e+00 0.000000000000000000e+00 0.000000000000000000e+00 0.000000000000000000e+00 0.000000000000000000e+00
0.000000000000000000e+00 0.000000000000000000e+00 0.000000000000000000e+00 0.000000000000000000e+00 0.000000000000000000e+00
0.000000000000000000e+00 0.000000000000000000e+00 0.000000000000000000e+00 0.000000000000000000e+00 0.000000000000000000e+00
0.000000000000000000e+00 0.000000000000000000e+00 0.000000000000000000e+00 0.000000000000000000e+00 0.000000000000000000e+00
0.000000000000000000e+00 0.000000000000000000e+00 0.000000000000000000e+00 0.000000000000000000e+00 0.000000000000000000e+00
0.000000000000000000e+00 0.000000000000000000e+00 0.000000000000000000e+00 0.000000000000000000e+00 0.000000000000000000e+00
0.000000000000000000e+00 0.000000000000000000e+00 0.000000000000000000e+00 0.000000000000000000e+00 0.000000000000000000e+00
0.000000000000000000e+00 0.000000000000000000e+00 0.000000000000000000e+00 0.000000000000000000e+00 0.000000000000000000e+00
0.000000000000000000e+00 0.000000000000000000e+00 0.000000000000000000e+00 0.000000000000000000e+00 0.000000000000000000e+00
0.000000000000000000e+00 0.000000000000000000e+00 0.000000000000000000e+00 0.000000000000000000e+00 0.000000000000000000e+00
0.000000000000000000e+00 0.000000000000000000e+00 0.000000000000000000e+00 0.000000000000000000e+00 0.000000000000000000e+00
0.000000000000000000e+00 0.000000000000000000e+00 0.000000000000000000e+00 0.000000000000000000e+00 0.000000000000000000e+00
0.000000000000000000e+00 0.000000000000000000e+00 0.000000000000000000e+00 0.000000000000000000e+00 0.000000000000000000e+00
0.000000000000000000e+00 0.000000000000000000e+00 0.000000000000000000e+00 0.000000000000000000e+00 0.000000000000000000e+00
0.000000000000000000e+00 0.000000000000000000e+00 0.000000000000000000e+00 0.000000000000000000e+00 0.000000000000000000e+00
0.000000000000000000e+00 0.000000000000000000e+00 0.000000000000000000e+00 0.000000000000000000e+00 0.000000000000000000e+00
0.000000000000000000e+00 0.000000000000000000e+00 0.000000000000000000e+00 0.000000000000000000e+00 0.000000000000000000e+00
0.000000000000000000e+00 0.000000000000000000e+00 0.000000000000000000e+00 0.000000000000000000e+00 0.000000000000000000e+00
0.000000000000000000e+00 0.000000000000000000e+00 0.000000000000000000e+00 0.000000000000000000e+00 0.000000000000000000e+00
0.000000000000000000e+00 0.000000000000000000e+00 0.000000000000000000e+00 0.000000000000000000e+00 0.000000000000000000e+00
0.000000000000000000e+00 0.000000000000000000e+00 0.000000000000000000e+00 0.000000000000000000e+00 0.000000000000000000e+00
0.000000000000000000e+00 0.000000000000000000e+00 0.000000000000000000e+00 0.000000000000000000e+00 0.000000000000000000e+00
0.000000000000000000e+00 0.000000000000000000e+00 0.000000000000000000e+00 0.000000000000000000e+00 0.000000000000000000e+00
0.000000000000000000e+00 0.000000000000000000e+00 0.000000000000000000e+00 0.000000000000000000e+00 0.000000000000000000e+00
0.000000000000000000e+00 0.000000000000000000e+00 0.000000000000000000e+00 0.000000000000000000e+00 0.000000000000000000e+00
0.000000000000000000e+00 0.000000000000000000e+00 0.000000000000000000e+00 0.000000000000000000e+00 0.000000000000000000e+00
0.000000000000000000e+00 0.000000000000000000e+00 0.000000000000000000e+00 0.000000000000000000e+00 0.000000000000000000e+00
0.000000000000000000e+00 0.000000000000000000e+00 0.000000000000000000e+00 0.000000000000000000e+00 0.000000000000000000e+00
0.000000000000000000e+00 0.000000000000000000e+00 0.000000000000000000e+00 0.000000000000000000e+00 0.000000000000000000e+00
0.000000000000000000e+00 0.000000000000000000e+00 0.000000000000000000e+00 0.000000000000000000e+00 0.000000000000000000e+00
0.000000000000000000e+00 0.000000000000000000e+00 0.000000000000000000e+00 0.000000000000000000e+00 0.000000000000000000e+00
0.000000000000000000e+00 0.000000000000000000e+00 0.000000000000000000e+00 0.000000000000000000e+00 0.000000000000000000e+00
0.000000000000000000e+00 0.000000000000000000e+00 0.000000000000000000e+00 0.000000000000000000e+00 0.000000000000000000e+00
0.000000000000000000e+00 0.000000000000000000e+00 0.000000000000000000e+00 0.000000000000000000e+00 0.000000000000000000e+00
0.000000000000000000e+00 0.000000000000000000e+00 0.000000000000000000e+00 0.000000000000000000e+00 0.000000000000000000e+00
0.000000000000000000e+00 0.000000000000000000e+00 0.000000000000000000e+00 0.000000000000000000e+00 0.000000000000000000e+00
0.000000000000000000e+00 0.000000000000000000e+00 0.000000000000000000e+00 0.000000000000000000e+00 0.000000000000000000e+00
0.000000000000000000e+00 0.000000000000000000e+00 0.000000000000000000e+00 0.000000000000000000e+00 0.000000000000000000e+00
0.000000000000000000e+00 0.000000000000000000e+00 0.000000000000000000e+00 0.000000000000000000e+00 0.000000000000000000e+00
0.000000000000000000e+00 0.000000000000000000e+00 0.000000000000000000e+00 0.000000000000000000e+00 0.000000000000000000e+00
0.000000000000000000e+00 0.000000000000000000e+00 0.000000000000000000e+00 0.000000000000000000e+00 0.000000000000000000e+00
0.000000000000000000e+00 0.000000000000000000e+00 0.000000000000000000e+00 0.000000000000000000e+00 0.000000000000000000e+00
0.000000000000000000e+00 0.000000000000000000e+00 0.000000000000000000e+00 0.000000000000000000e+00 0.000000000000000000e+00
0.000000000000000000e+00 0.000000000000000000e+00 0.000000000000000000e+00 0.000000000000000000e+00 0.000000000000000000e+00
0.000000000000000000e+00 0.000000000000000000e+00 0.000000000000000000e+00 0.000000000000000000e+00 0.000000000000000000e+00
0.000000000000000000e+00 0.000000000000000000e+00 0.000000000000000000e+00 0.000000000000000000e+00 0.000000000000000000e+00
0.000000000000000000e+00 0.000000000000000000e+00 0.000000000000000000e+00 0.000000000000000000e+00 0.000000000000000000e+00
0.000000000000000000e+00 0.000000000000000000e+00 0.000000000000000000e+00 0.000000000000000000e+00 0.000000000000000000e+00
0.000000000000000000e+00 0.000000000000000000e+00 0.000000000000000000e+00 0.000000000000000000e+00 0.000000000000000000e+00
0.000000000000000000e+00 0.000000000000000000e+00 0.000000000000000000e+00 0.000000000000000000e+00 0.000000000000000000e+00
0.000000000000000000e+00 0.000000000000000000e+00 0.000000000000000000e+00 0.000000000000000000e+00 0.000000000000000000e+00
0.000000000000000000e+00 0.000000000000000000e+00 0.000000000000000000e+00 0.000000000000000000e+00 0.000000000000000000e+00
0.000000000000000000e+00 0.000000000000000000e+00 0.000000000000000000e+00 0.000000000000000000e+00 0.000000000000000000e+00
0.000000000000000000e+00 0.000000000000000000e+00 0.000000000000000000e+00 0.000000000000000000e+00 0.000000000000000000e+00
0.000000000000000000e+00 0.000000000000000000e+00 0.000000000000000000e+00 0.000000000000000000e+00 0.000000000000000000e+00
0.000000000000000000e+00 0.000000000000000000e+00 0.000000000000000000e+00 0.000000000000000000e+00 0.000000000000000000e+00
0.000000000000000000e+00 0.000000000000000000e+00 0.000000000000000000e+00 0.000000000000000000e+00 0.000000000000000000e+00
0.000000000000000000e+00 0.000000000000000000e+00 0.000000000000000000e+00 0.000000000000000000e+00 0.000000000000000000e+00
0.000000000000000000e+00 0.000000000000000000e+00 0.000000000000000000e+00 0.000000000000000000e+00 0.000000000000000000e+00
0.000000000000000000e+00 0.000000000000000000e+00 0.000000000000000000e+00 0.000000000000000000e+00 0.000000000000000000e+00
0.000000000000000000e+00 0.000000000000000000e+00 0.000000000000000000e+00 0.000000000000000000e+00 0.000000000000000000e+00
0.000000000000000000e+00 0.000000000000000000e+00 0.000000000000000000e+00 0.000000000000000000e+00 0.000000000000000000e+00
0.000000000000000000e+00 0.000000000000000000e+00 0.000000000000000000e+00 0.000000000000000000e+00 0.000000000000000000e+00
0.000000000000000000e+00 0.000000000000000000e+00 0.000000000000000000e+00 0.000000000000000000e+00 0.000000000000000000e+00
0.000000000000000000e+00 0.000000000000000000e+00 0.000000000000000000e+00 0.000000000000000000e+00 0.000000000000000000e+00
0.000000000000000000e+00 0.000000000000000000e+00 0.000000000000000000e+00 0.000000000000000000e+00 0.000000000000000000e+00
0.000000000000000000e+00 0.000000000000000000e+00 0.000000000000000000e+00 0.000000000000000000e+00 0.000000000000000000e+00
0.000000000000000000e+00 0.000000000000000000e+00 0.000000000000000000e+00 0.000000000000000000e+00 0.000000000000000000e+00
0.000000000000000000e+00 0.000000000000000000e+00 0.000000000000000000e+00 0.000000000000000000e+00 0.000000000000000000e+00
0.000000000000000000e+00 0.000000000000000000e+00 0.000000000000000000e+00 0.000000000000000000e+00 0.000000000000000000e+00
0.000000000000000000e+00 0.000000000000000000e+00 0.000000000000000000e+00 0.000000000000000000e+00 0.000000000000000000e+00
0.000000000000000000e+00 0.000000000000000000e+00 0.000000000000000000e+00 0.000000000000000000e+00 0.000000000000000000e+00
0.000000000000000000e+00 0.000000000000000000e+00 0.000000000000000000e+00 0.000000000000000000e+00 0.000000000000000000e+00
0.000000000000000000e+00 0.000000000000000000e+00 0.000000000000000000e+00 0.000000000000000000e+00 0.000000000000000000e+00
0.000000000000000000e+00 0.000000000000000000e+00 0.000000000000000000e+00 0.000000000000000000e+00 0.000000000000000000e+00
0.000000000000000000e+00 0.000000000000000000e+00 0.000000000000000000e+00 0.000000000000000000e+00 0.000000000000000000e+00
0.000000000000000000e+00 0.000000000000000000e+00 0.000000000000000000e+00 0.000000000000000000e+00 0.000000000000000000e+00
0.000000000000000000e+00 0.000000000000000000e+00 0.000000000000000000e+00 0.000000000000000000e+00 0.000000000000000000e+00
0.000000000000000000e+00 0.000000000000000000e+00 0.000000000000000000e+00 0.000000000000000000e+00 0.000000000000000000e+00
0.000000000000000000e+00 0.000000000000000000e+00 0.000000000000000000e+00 0.000000000000000000e+00 0.000000000000000000e+00
0.000000000000000000e+00 0.000000000000000000e+00 0.000000000000000000e+00 0.000000000000000000e+00 0.000000000000000000e+00
0.000000000000000000e+00 0.000000000000000000e+00 0.000000000000000000e+00 0.000000000000000000e+00 0.000000000000000000e+00
0.000000000000000000e+00 0.000000000000000000e+00 0.000000000000000000e+00 0.000000000000000000e+00 0.000000000000000000e+00
0.000000000000000000e+00 0.000000000000000000e+00 0.000000000000000000e+00 0.000000000000000000e+00 0.000000000000000000e+00
0.000000000000000000e+00 0.000000000000000000e+00 0.000000000000000000e+00 0.000000000000000000e+00 0.000000000000000000e+00
0.000000000000000000e+00 0.000000000000000000e+00 0.000000000000000000e+00 0.000000000000000000e+00 0.000000000000000000e+00
0.000000000000000000e+00 0.000000000000000000e+00 0.000000000000000000e+00 0.000000000000000000e+00 0.000000000000000000e+00
0.000000000000000000e+00 0.000000000000000000e+00 0.000000000000000000e+00 0.000000000000000000e+00 0.000000000000000000e+00
0.000000000000000000e+00 0.000000000000000000e+00 0.000000000000000000e+00 0.000000000000000000e+00 0.000000000000000000e+00
0.000000000000000000e+00 0.000000000000000000e+00 0.000000000000000000e+00 0.000000000000000000e+00 0.000000000000000000e+00
0.000000000000000000e+00 0.000000000000000000e+00 0.000000000000000000e+00 0.000000000000000000e+00 0.000000000000000000e+00
0.000000000000000000e+00 0.000000000000000000e+00 0.000000000000000000e+00 0.000000000000000000e+00 0.000000000000000000e+00
0.000000000000000000e+00 0.000000000000000000e+00 0.000000000000000000e+00 0.000000000000000000e+00 0.000000000000000000e+00
0.000000000000000000e+00 0.000000000000000000e+00 0.000000000000000000e+00 0.000000000000000000e+00 0.000000000000000000e+00
0.000000000000000000e+00 0.000000000000000000e+00 0.000000000000000000e+00 0.000000000000000000e+00 0.000000000000000000e+00
0.000000000000000000e+00 0.000000000000000000e+00 0.000000000000000000e+00 0.000000000000000000e+00 0.000000000000000000e+00
0.000000000000000000e+00 0.000000000000000000e+00 0.000000000000000000e+00 0.000000000000000000e+00 0.000000000000000000e+00
0.000000000000000000e+00 0.000000000000000000e+00 0.000000000000000000e+00 0.000000000000000000e+00 0.000000000000000000e+00
0.000000000000000000e+00 0.000000000000000000e+00 0.000000000000000000e+00 0.000000000000000000e+00 0.000000000000000000e+00
0.000000000000000000e+00 0.000000000000000000e+00 0.000000000000000000e+00 0.000000000000000000e+00 0.000000000000000000e+00
0.000000000000000000e+00 0.000000000000000000e+00 0.000000000000000000e+00 0.000000000000000000e+00 0.000000000000000000e+00
0.000000000000000000e+00 0.000000000000000000e+00 0.000000000000000000e+00 0.000000000000000000e+00 0.000000000000000000e+00
0.000000000000000000e+00 0.000000000000000000e+00 0.000000000000000000e+00 0.000000000000000000e+00 0.000000000000000000e+00
0.000000000000000000e+00 0.000000000000000000e+00 0.000000000000000000e+00 0.000000000000000000e+00 0.000000000000000000e+00
0.000000000000000000e+00 0.000000000000000000e+00 0.000000000000000000e+00 0.000000000000000000e+00 0.000000000000000000e+00
0.000000000000000000e+00 0.000000000000000000e+00 0.000000000000000000e+00 0.000000000000000000e+00 0.000000000000000000e+00
0.000000000000000000e+00 0.000000000000000000e+00 0.000000000000000000e+00 0.000000000000000000e+00 0.000000000000000000e+00
0.000000000000000000e+00 0.000000000000000000e+00 0.000000000000000000e+00 0.000000000000000000e+00 0.000000000000000000e+00
0.000000000000000000e+00 0.000000000000000000e+00 0.000000000000000000e+00 0.000000000000000000e+00 0.000000000000000000e+00
0.000000000000000000e+00 0.000000000000000000e+00 0.000000000000000000e+00 0.000000000000000000e+00 0.000000000000000000e+00
0.000000000000000000e+00 0.000000000000000000e+00 0.000000000000000000e+00 0.000000000000000000e+00 0.000000000000000000e+00
0.000000000000000000e+00 0.000000000000000000e+00 0.000000000000000000e+00 0.000000000000000000e+00 0.000000000000000000e+00
0.000000000000000000e+00 0.000000000000000000e+00 0.000000000000000000e+00 0.000000000000000000e+00 0.000000000000000000e+00
0.000000000000000000e+00 0.000000000000000000e+00 0.000000000000000000e+00 0.000000000000000000e+00 0.000000000000000000e+00
0.000000000000000000e+00 0.000000000000000000e+00 0.000000000000000000e+00 0.000000000000000000e+00 0.000000000000000000e+00
0.000000000000000000e+00 0.000000000000000000e+00 0.000000000000000000e+00 0.000000000000000000e+00 0.000000000000000000e+00
0.000000000000000000e+00 0.000000000000000000e+00 0.000000000000000000e+00 0.000000000000000000e+00 0.000000000000000000e+00
0.000000000000000000e+00 0.000000000000000000e+00 0.000000000000000000e+00 0.000000000000000000e+00 0.000000000000000000e+00
0.000000000000000000e+00 0.000000000000000000e+00 0.000000000000000000e+00 0.000000000000000000e+00 0.000000000000000000e+00
0.000000000000000000e+00 0.000000000000000000e+00 0.000000000000000000e+00 0.000000000000000000e+00 0.000000000000000000e+00
0.000000000000000000e+00 0.000000000000000000e+00 0.000000000000000000e+00 0.000000000000000000e+00 0.000000000000000000e+00
0.000000000000000000e+00 0.000000000000000000e+00 0.000000000000000000e+00 0.000000000000000000e+00 0.000000000000000000e+00
0.000000000000000000e+00 0.000000000000000000e+00 0.000000000000000000e+00 0.000000000000000000e+00 0.000000000000000000e+00
0.000000000000000000e+00 0.000000000000000000e+00 0.000000000000000000e+00 0.000000000000000000e+00 0.000000000000000000e+00
0.000000000000000000e+00 0.000000000000000000e+00 0.000000000000000000e+00 0.000000000000000000e+00 0.000000000000000000e+00
0.000000000000000000e+00 0.000000000000000000e+00 0.000000000000000000e+00 0.000000000000000000e+00 0.000000000000000000e+00
0.000000000000000000e+00 0.000000000000000000e+00 0.000000000000000000e+00 0.000000000000000000e+00 0.000000000000000000e+00
0.000000000000000000e+00 0.000000000000000000e+00 0.000000000000000000e+00 0.000000000000000000e+00 0.000000000000000000e+00
0.000000000000000000e+00 0.000000000000000000e+00 0.000000000000000000e+00 0.000000000000000000e+00 0.000000000000000000e+00
0.000000000000000000e+00 0.000000000000000000e+00 0.000000000000000000e+00 0.000000000000000000e+00 0.000000000000000000e+00
0.000000000000000000e+00 0.000000000000000000e+00 0.000000000000000000e+00 0.000000000000000000e+00 0.000000000000000000e+00
0.000000000000000000e+00 0.000000000000000000e+00 0.000000000000000000e+00 0.000000000000000000e+00 0.000000000000000000e+00
0.000000000000000000e+00 0.000000000000000000e+00 0.000000000000000000e+00 0.000000000000000000e+00 0.000000000000000000e+00
0.000000000000000000e+00 0.000000000000000000e+00 0.000000000000000000e+00 0.000000000000000000e+00 0.000000000000000000e+00
0.000000000000000000e+00 0.000000000000000000e+00 0.000000000000000000e+00 0.000000000000000000e+00 0.000000000000000000e+00
0.000000000000000000e+00 0.000000000000000000e+00 0.000000000000000000e+00 0.000000000000000000e+00 0.000000000000000000e+00
0.000000000000000000e+00 0.000000000000000000e+00 0.000000000000000000e+00 0.000000000000000000e+00 0.000000000000000000e+00
0.000000000000000000e+00 0.000000000000000000e+00 0.000000000000000000e+00 0.000000000000000000e+00 0.000000000000000000e+00
0.000000000000000000e+00 0.000000000000000000e+00 0.000000000000000000e+00 0.000000000000000000e+00 0.000000000000000000e+00
0.000000000000000000e+00 0.000000000000000000e+00 0.000000000000000000e+00 0.000000000000000000e+00 0.000000000000000000e+00
0.000000000000000000e+00 0.000000000000000000e+00 0.000000000000000000e+00 0.000000000000000000e+00 0.000000000000000000e+00
0.000000000000000000e+00 0.000000000000000000e+00 0.000000000000000000e+00 0.000000000000000000e+00 0.000000000000000000e+00
0.000000000000000000e+00 0.000000000000000000e+00 0.000000000000000000e+00 0.000000000000000000e+00 0.000000000000000000e+00
0.000000000000000000e+00 0.000000000000000000e+00 0.000000000000000000e+00 0.000000000000000000e+00 0.000000000000000000e+00
0.000000000000000000e+00 0.000000000000000000e+00 0.000000000000000000e+00 0.000000000000000000e+00 0.000000000000000000e+00
0.000000000000000000e+00 0.000000000000000000e+00 0.000000000000000000e+00 0.000000000000000000e+00 0.000000000000000000e+00
0.000000000000000000e+00 0.000000000000000000e+00 0.000000000000000000e+00 0.000000000000000000e+00 0.000000000000000000e+00
0.000000000000000000e+00 0.000000000000000000e+00 0.000000000000000000e+00 0.000000000000000000e+00 0.000000000000000000e+00
0.000000000000000000e+00 0.000000000000000000e+00 0.000000000000000000e+00 0.000000000000000000e+00 0.000000000000000000e+00
0.000000000000000000e+00 0.000000000000000000e+00 0.000000000000000000e+00 0.000000000000000000e+00 0.000000000000000000e+00
0.000000000000000000e+00 0.000000000000000000e+00 0.000000000000000000e+00 0.000000000000000000e+00 0.000000000000000000e+00
0.000000000000000000e+00 0.000000000000000000e+00 0.000000000000000000e+00 0.000000000000000000e+00 0.000000000000000000e+00
0.000000000000000000e+00 0.000000000000000000e+00 0.000000000000000000e+00 0.000000000000000000e+00 0.000000000000000000e+00
0.000000000000000000e+00 0.000000000000000000e+00 0.000000000000000000e+00 0.000000000000000000e+00 0.000000000000000000e+00
0.000000000000000000e+00 0.000000000000000000e+00 0.000000000000000000e+00 0.000000000000000000e+00 0.000000000000000000e+00
0.000000000000000000e+00 0.000000000000000000e+00 0.000000000000000000e+00 0.000000000000000000e+00 0.000000000000000000e+00
0.000000000000000000e+00 0.000000000000000000e+00 0.000000000000000000e+00 0.000000000000000000e+00 0.000000000000000000e+00
0.000000000000000000e+00 0.000000000000000000e+00 0.000000000000000000e+00 0.000000000000000000e+00 0.000000000000000000e+00
0.000000000000000000e+00 0.000000000000000000e+00 0.000000000000000000e+00 0.000000000000000000e+00 0.000000000000000000e+00
0.000000000000000000e+00 0.000000000000000000e+00 0.000000000000000000e+00 0.000000000000000000e+00 0.000000000000000000e+00
0.000000000000000000e+00 0.000000000000000000e+00 0.000000000000000000e+00 0.000000000000000000e+00 0.000000000000000000e+00
0.000000000000000000e+00 0.000000000000000000e+00 0.000000000000000000e+00 0.000000000000000000e+00 0.000000000000000000e+00
0.000000000000000000e+00 0.000000000000000000e+00 0.000000000000000000e+00 0.000000000000000000e+00 0.000000000000000000e+00
0.000000000000000000e+00 0.000000000000000000e+00 0.000000000000000000e+00 0.000000000000000000e+00 0.000000000000000000e+00
0.000000000000000000e+00 0.000000000000000000e+00 0.000000000000000000e+00 0.000000000000000000e+00 0.000000000000000000e+00
0.000000000000000000e+00 0.000000000000000000e+00 0.000000000000000000e+00 0.000000000000000000e+00 0.000000000000000000e+00
0.000000000000000000e+00 0.000000000000000000e+00 0.000000000000000000e+00 0.000000000000000000e+00 0.000000000000000000e+00
0.000000000000000000e+00 0.000000000000000000e+00 1.949400691785649620e-01 1.317059786531782883e+01 1.307374244328640778e+01
0.000000000000000000e+00 0.000000000000000000e+00 0.000000000000000000e+00 1.061538091427179786e+01 1.441360046580050280e+01
0.000000000000000000e+00 0.000000000000000000e+00 0.000000000000000000e+00 6.899992811678751892e+00 1.420556649674912464e+01
0.000000000000000000e+00 0.000000000000000000e+00 0.000000000000000000e+00 2.763397380122035507e+00 1.271828099472172546e+01
1.129879561834060020e+00 0.000000000000000000e+00 0.000000000000000000e+00 0.000000000000000000e+00 1.039091107546557069e+01
4.460544279206440699e+00 0.000000000000000000e+00 0.000000000000000000e+00 0.000000000000000000e+00 7.632939730872433159e+00
7.078555679395092781e+00 0.000000000000000000e+00 0.000000000000000000e+00 0.000000000000000000e+00 4.780094450994436528e+00
8.987413063090309961e+00 0.000000000000000000e+00 0.000000000000000000e+00 0.000000000000000000e+00 1.995806279123749638e+00
1.021726962935520788e+01 6.533028130704329195e-01 0.000000000000000000e+00 0.000000000000000000e+00 0.000000000000000000e+00
1.078436295580488213e+01 3.139229125804111398e+00 0.000000000000000000e+00 0.000000000000000000e+00 0.000000000000000000e+00
1.071639060613642869e+01 5.322420277549967160e+00 0.000000000000000000e+00 0.000000000000000000e+00 0.000000000000000000e+00
1.004747438170672602e+01 7.077244929482403357e+00 0.000000000000000000e+00 0.000000000000000000e+00 0.000000000000000000e+00
8.830760858922777956e+00 8.308314982867635479e+00 0.000000000000000000e+00 0.000000000000000000e+00 0.000000000000000000e+00
7.152671064197164696e+00 8.964851088491178288e+00 1.768834203186941068e+00 0.000000000000000000e+00 0.000000000000000000e+00
5.166794012536128911e+00 9.036518543356130806e+00 3.846698413048484699e+00 0.000000000000000000e+00 0.000000000000000000e+00
3.045952514353759799e+00 8.547392962315740306e+00 5.496841901556685173e+00 0.000000000000000000e+00 0.000000000000000000e+00
9.406363167666126346e-01 7.558995647927687855e+00 6.628896525320167932e+00 0.000000000000000000e+00 0.000000000000000000e+00
0.000000000000000000e+00 6.167375255570737735e+00 7.214408446180799572e+00 1.042101697776659064e+00 0.000000000000000000e+00
0.000000000000000000e+00 4.506919921151047781e+00 7.281501855504971310e+00 2.764566863488885140e+00 0.000000000000000000e+00
0.000000000000000000e+00 2.725261093260475942e+00 6.889501689573644505e+00 4.148835668067405891e+00 0.000000000000000000e+00
0.000000000000000000e+00 9.490048594673714533e-01 6.105830445550893160e+00 5.135334324626801283e+00 0.000000000000000000e+00
0.000000000000000000e+00 0.000000000000000000e+00 5.005548361580706818e+00 5.697484746715643311e+00 7.297227628698401691e-01
0.000000000000000000e+00 0.000000000000000000e+00 3.684318950782807800e+00 5.844814737699276286e+00 2.206386197562461682e+00
0.000000000000000000e+00 0.000000000000000000e+00 2.253205615332681155e+00 5.613759675564617524e+00 3.409447379841031633e+00
0.000000000000000000e+00 0.000000000000000000e+00 8.140790497064746001e-01 5.052212104642164192e+00 4.284653229620159820e+00
0.000000000000000000e+00 0.000000000000000000e+00 0.000000000000000000e+00 4.217678743387854645e+00 4.804107656406346294e+00
0.000000000000000000e+00 0.000000000000000000e+00 0.000000000000000000e+00 3.175558358468921760e+00 4.971217002067576551e+00
0.000000000000000000e+00 0.000000000000000000e+00 0.000000000000000000e+00 1.996021898978230125e+00 4.816136746622165177e+00
0.000000000000000000e+00 0.000000000000000000e+00 0.000000000000000000e+00 7.535613923883168752e-01 4.375681730103328171e+00
4.796942322645107448e-01 0.000000000000000000e+00 0.000000000000000000e+00 0.000000000000000000e+00 3.689210220179238053e+00
1.626264007304453862e+00 0.000000000000000000e+00 0.000000000000000000e+00 0.000000000000000000e+00 2.808036918273616234e+00
2.617781471559295969e+00 0.000000000000000000e+00 0.000000000000000000e+00 0.000000000000000000e+00 1.799027330275538406e+00
3.399157044480506595e+00 0.000000000000000000e+00 0.000000000000000000e+00 0.000000000000000000e+00 7.307103104497625345e-01
3.932499779720126654e+00 3.317085527829564118e-01 0.000000000000000000e+00 0.000000000000000000e+00 0.000000000000000000e+00
4.198627648818537672e+00 1.332256873194368030e+00 0.000000000000000000e+00 0.000000000000000000e+00 0.000000000000000000e+00
4.196955180916782879e+00 2.209528642959477818e+00 0.000000000000000000e+00 0.000000000000000000e+00 0.000000000000000000e+00
3.939882780157230702e+00 2.914045706782417255e+00 0.000000000000000000e+00 0.000000000000000000e+00 0.000000000000000000e+00
3.451919589630004559e+00 3.408862605046380168e+00 0.000000000000000000e+00 0.000000000000000000e+00 0.000000000000000000e+00
2.770402357855602737e+00 3.671593011165959819e+00 8.866356024829727955e-01 0.000000000000000000e+00 0.000000000000000000e+00
1.956261174054362506e+00 3.689970539047293663e+00 1.726437898652074976e+00 0.000000000000000000e+00 0.000000000000000000e+00
1.078197369840703246e+00 3.469821438373856815e+00 2.390825321316235375e+00 0.000000000000000000e+00 0.000000000000000000e+00
2.006954851588742539e-01 3.038286367023810275e+00 2.842163420572656918e+00 0.000000000000000000e+00 0.000000000000000000e+00
0.000000000000000000e+00 2.438887369409711958e+00 3.067374883360102000e+00 6.268966719744525351e-01 0.000000000000000000e+00
0.000000000000000000e+00 1.727700619294784357e+00 3.073951507165473274e+00 1.341710157019668781e+00 0.000000000000000000e+00
0.000000000000000000e+00 9.630330769455965889e-01 2.881622643576212450e+00 1.910915425187559080e+00 0.000000000000000000e+00
0.000000000000000000e+00 1.986377431160426532e-01 2.518108981520244871e+00 2.308572404049623383e+00 0.000000000000000000e+00
0.000000000000000000e+00 0.000000000000000000e+00 2.018409727188348324e+00 2.522301991035734492e+00 5.223073882637768728e-01
0.000000000000000000e+00 0.000000000000000000e+00 1.426384064351764458e+00 2.554495411947308892e+00 1.149115744013100571e+00
0.000000000000000000e+00 0.000000000000000000e+00 7.892622392105310691e-01 2.418646022283882147e+00 1.650663546966821826e+00
0.000000000000000000e+00 0.000000000000000000e+00 1.519986836811300090e-01 2.136319989625002247e+00 2.003652877870130133e+00
0.000000000000000000e+00 0.000000000000000000e+00 0.000000000000000000e+00 1.735920131508238207e+00 2.196565585281861743e+00
0.000000000000000000e+00 0.000000000000000000e+00 0.000000000000000000e+00 1.247472484415517169e+00 2.233335835835110306e+00
0.000000000000000000e+00 0.000000000000000000e+00 0.000000000000000000e+00 7.027458390873069227e-01 2.126625469643617983e+00
0.000000000000000000e+00 0.000000000000000000e+00 0.000000000000000000e+00 1.359788343094533170e-01 1.892027824059388408e+00
4.193845204184326603e-01 0.000000000000000000e+00 0.000000000000000000e+00 0.000000000000000000e+00 1.548335043065741434e+00
9.257965568340004170e-01 0.000000000000000000e+00 0.000000000000000000e+00 0.000000000000000000e+00 1.121152880082219694e+00
1.353372379772743717e+00 0.000000000000000000e+00 0.000000000000000000e+00 0.000000000000000000e+00 6.411035912378745261e-01
1.678112640149167500e+00 0.000000000000000000e+00 0.000000000000000000e+00 0.000000000000000000e+00 1.402308999334973549e-01
1.883800998891416834e+00 3.500014416279777496e-01 0.000000000000000000e+00 0.000000000000000000e+00 0.000000000000000000e+00
1.963154910902941586e+00 8.004273526699063890e-01 0.000000000000000000e+00 0.000000000000000000e+00 0.000000000000000000e+00
1.916813847767622647e+00 1.183432643503569581e+00 0.000000000000000000e+00 0.000000000000000000e+00 0.000000000000000000e+00
1.752373880114355353e+00 1.477437643413389123e+00 0.000000000000000000e+00 0.000000000000000000e+00 0.000000000000000000e+00
1.484087933268293247e+00 1.667278776707860732e+00 1.746798486605835032e-01 0.000000000000000000e+00 0.000000000000000000e+00
1.134399569808260955e+00 1.743751800780997563e+00 6.042102963374741398e-01 0.000000000000000000e+00 0.000000000000000000e+00
7.338268905265215025e-01 1.703858128399575067e+00 9.680586342678211276e-01 0.000000000000000000e+00 0.000000000000000000e+00
3.145563524545728629e-01 1.554576765534748217e+00 1.240780538573579950e+00 0.000000000000000000e+00 0.000000000000000000e+00
0.000000000000000000e+00 1.312640404352824586e+00 1.409207318385434782e+00 9.673331879757740559e-02 0.000000000000000000e+00
0.000000000000000000e+00 1.001494012576106041e+00 1.470735089591304723e+00 4.679102431580993149e-01 0.000000000000000000e+00
0.000000000000000000e+00 6.481576680640405153e-01 1.430774467750262069e+00 7.797320754096603856e-01 0.000000000000000000e+00
0.000000000000000000e+00 2.795294951482579227e-01 1.300090268968746354e+00 1.016047227531472030e+00 0.000000000000000000e+00
0.000000000000000000e+00 0.000000000000000000e+00 1.093737859171286297e+00 1.167008083784170092e+00 8.123327941272127928e-02
0.000000000000000000e+00 0.000000000000000000e+00 8.306038510152503607e-01 1.229284269063773971e+00 4.083393753172177010e-01
0.000000000000000000e+00 0.000000000000000000e+00 5.326183037059192271e-01 1.205930330828046460e+00 6.836256935344007246e-01
0.000000000000000000e+00 0.000000000000000000e+00 2.222299324713202240e-01 1.105059651743720339e+00 8.926768996719052218e-01
0.000000000000000000e+00 0.000000000000000000e+00 0.000000000000000000e+00 9.388893633443038400e-01 1.026654298738289395e+00
0.000000000000000000e+00 0.000000000000000000e+00 0.000000000000000000e+00 7.221052078159644338e-01 1.083047551785115470e+00
0.000000000000000000e+00 0.000000000000000000e+00 0.000000000000000000e+00 4.695258112445765963e-01 1.065943613641751275e+00
0.000000000000000000e+00 0.000000000000000000e+00 0.000000000000000000e+00 1.971261702452330178e-01 9.821325520674911713e-01
7.859871503989117325e-02 0.000000000000000000e+00 0.000000000000000000e+00 0.000000000000000000e+00 8.398589971471169813e-01
3.392834302603079943e-01 0.000000000000000000e+00 0.000000000000000000e+00 0.000000000000000000e+00 6.497368787797681566e-01
5.687830861772197322e-01 0.000000000000000000e+00 0.000000000000000000e+00 0.000000000000000000e+00 4.254335264326843946e-01
7.534829712715025440e-01 0.000000000000000000e+00 0.000000000000000000e+00 0.000000000000000000e+00 1.824583077724711844e-01
8.833252567752224449e-01 6.301861211739104296e-02 0.000000000000000000e+00 0.000000000000000000e+00 0.000000000000000000e+00
9.522601277727638092e-01 2.961100924698539805e-01 0.000000000000000000e+00 0.000000000000000000e+00 0.000000000000000000e+00
9.584431442809412394e-01 5.018987296405932330e-01 0.000000000000000000e+00 0.000000000000000000e+00 0.000000000000000000e+00
9.038621655548189082e-01 6.683255215157217766e-01 0.000000000000000000e+00 0.000000000000000000e+00 0.000000000000000000e+00
7.940691364043810374e-01 7.862946408296818124e-01 0.000000000000000000e+00 0.000000000000000000e+00 0.000000000000000000e+00
6.378591259008306036e-01 8.500973898825595620e-01 2.090332958531082030e-01 0.000000000000000000e+00 0.000000000000000000e+00
4.491151070865755934e-01 8.561551861812812803e-01 4.054464386553183752e-01 0.000000000000000000e+00 0.000000000000000000e+00
2.438408213763512133e-01 8.054862662901074444e-01 5.614764451572666903e-01 0.000000000000000000e+00 0.000000000000000000e+00
3.756297346203698456e-02 7.045426492017097253e-01 6.679986351710035519e-01 0.000000000000000000e+00 0.000000000000000000e+00
0.000000000000000000e+00 5.638115839566880672e-01 7.216105958242511331e-01 1.574909686885138660e-01 0.000000000000000000e+00
0.000000000000000000e+00 3.960982308973446386e-01 7.232898714078443980e-01 3.261071021738338183e-01 0.000000000000000000e+00
0.000000000000000000e+00 2.147762419143192381e-01 6.771190078272358859e-01 4.604343146933206343e-01 0.000000000000000000e+00
0.000000000000000000e+00 3.276582715485109459e-02 5.896460135063343877e-01 5.541443975415920598e-01 0.000000000000000000e+00
0.000000000000000000e+00 0.000000000000000000e+00 4.695077313627648574e-01 6.040610173117859638e-01 1.390974550789997044e-01
0.000000000000000000e+00 0.000000000000000000e+00 3.270886847014470300e-01 6.102410506679500912e-01 2.882353441570744690e-01
0.000000000000000000e+00 0.000000000000000000e+00 1.735373766661746919e-01 5.755860326124755399e-01 4.071099505482523861e-01
0.000000000000000000e+00 0.000000000000000000e+00 1.982901536721121821e-02 5.053700090137055456e-01 4.900590614834087755e-01
0.000000000000000000e+00 0.000000000000000000e+00 0.000000000000000000e+00 4.067660554877471912e-01 5.342553971174937022e-01
0.000000000000000000e+00 0.000000000000000000e+00 0.000000000000000000e+00 2.870198201839019858e-01 5.406278066038757713e-01
0.000000000000000000e+00 0.000000000000000000e+00 0.000000000000000000e+00 1.537986090709058673e-01 5.120743373868660298e-01
0.000000000000000000e+00 0.000000000000000000e+00 0.000000000000000000e+00 1.552807157273250992e-02 4.523234834287096495e-01
1.194613806550983426e-01 0.000000000000000000e+00 0.000000000000000000e+00 0.000000000000000000e+00 3.660972933708270816e-01
2.418167285092848451e-01 0.000000000000000000e+00 0.000000000000000000e+00 0.000000000000000000e+00 2.596283910201175327e-01
3.443264451066552212e-01 0.000000000000000000e+00 0.000000000000000000e+00 0.000000000000000000e+00 1.403740224890570321e-01
4.211519306758154113e-01 0.000000000000000000e+00 0.000000000000000000e+00 0.000000000000000000e+00 1.638359854168285057e-02
4.683505029009401577e-01 1.043166246678011444e-01 0.000000000000000000e+00 0.000000000000000000e+00 0.000000000000000000e+00
4.840781303227195131e-01 2.141884343662518453e-01 0.000000000000000000e+00 0.000000000000000000e+00 0.000000000000000000e+00
4.685137672434123157e-01 3.064774830916728865e-01 0.000000000000000000e+00 0.000000000000000000e+00 0.000000000000000000e+00
4.237393042394312359e-01 3.759536363353597199e-01 0.000000000000000000e+00 0.000000000000000000e+00 0.000000000000000000e+00
3.535822134691296581e-01 4.190239523910250785e-01 6.351872605289375640e-02 0.000000000000000000e+00 0.000000000000000000e+00
2.640710327776903399e-01 4.334306148473162645e-01 1.682561900813327738e-01 0.000000000000000000e+00 0.000000000000000000e+00
1.629412063200996463e-01 4.187361192362021867e-01 2.554440231038092035e-01 0.000000000000000000e+00 0.000000000000000000e+00
5.821374509725921881e-02 3.771506928471313191e-01 3.192276839964272583e-01 0.000000000000000000e+00 0.000000000000000000e+00
0.000000000000000000e+00 3.132524550246420514e-01 3.567541263895219750e-01 4.349822896068282485e-02 0.000000000000000000e+00
0.000000000000000000e+00 2.331078720169499074e-01 3.676396761299265403e-01 1.341349735570767643e-01 0.000000000000000000e+00
0.000000000000000000e+00 1.433966143825207706e-01 3.533312242101081524e-01 2.091240253795272341e-01 0.000000000000000000e+00
0.000000000000000000e+00 5.078490353705913257e-02 3.166750381423801275e-01 2.646538482510787937e-01 0.000000000000000000e+00
0.000000000000000000e+00 0.000000000000000000e+00 2.616799419259849824e-01 2.984828651387912424e-01 3.893570886976742418e-02
0.000000000000000000e+00 0.000000000000000000e+00 1.932982046308417690e-01 3.099808887483534448e-01 1.191813714798159729e-01
0.000000000000000000e+00 0.000000000000000000e+00 1.170598551035459400e-01 3.000530780224145988e-01 1.855855808422406383e-01
0.000000000000000000e+00 0.000000000000000000e+00 3.860466641634680007e-02 2.709293078023876644e-01 2.347342630814178988e-01
0.000000000000000000e+00 0.000000000000000000e+00 0.000000000000000000e+00 2.259216210255424184e-01 2.646316865700346632e-01
0.000000000000000000e+00 0.000000000000000000e+00 0.000000000000000000e+00 1.687568148021698633e-01 2.749954579292453460e-01
0.000000000000000000e+00 0.000000000000000000e+00 0.000000000000000000e+00 1.032399958404586898e-01 2.669578329489055712e-01
0.000000000000000000e+00 0.000000000000000000e+00 0.000000000000000000e+00 3.351667736671062880e-02 2.422729413938150556e-01
3.617607365690834326e-02 0.000000000000000000e+00 0.000000000000000000e+00 0.000000000000000000e+00 2.031554467498646599e-01
1.010829990552423313e-01 0.000000000000000000e+00 0.000000000000000000e+00 0.000000000000000000e+00 1.524816211896865836e-01
1.572475940438599062e-01 0.000000000000000000e+00 0.000000000000000000e+00 0.000000000000000000e+00 9.381948489225588883e-02
2.013672734305307077e-01 0.000000000000000000e+00 0.000000000000000000e+00 0.000000000000000000e+00 3.118497827693078595e-02
2.310577187099795149e-01 3.125973153231198509e-02 0.000000000000000000e+00 0.000000000000000000e+00 0.000000000000000000e+00
2.449628304830168968e-01 8.961233056900652638e-02 0.000000000000000000e+00 0.000000000000000000e+00 0.000000000000000000e+00
2.427796229853272925e-01 1.401734879465064976e-01 0.000000000000000000e+00 0.000000000000000000e+00 0.000000000000000000e+00
2.252148655919205544e-01 1.799977388506075471e-01 0.000000000000000000e+00 0.000000000000000000e+00 0.000000000000000000e+00
1.939103419033174902e-01 2.069348680091315229e-01 1.190027614130364196e-02 0.000000000000000000e+00 0.000000000000000000e+00
1.514543275100054820e-01 2.196397377904911463e-01 6.747892915934158853e-02 0.000000000000000000e+00 0.000000000000000000e+00
1.015861065584023198e-01 2.174385169852409982e-01 1.155450494471622069e-01 0.000000000000000000e+00 0.000000000000000000e+00
4.843041282263908787e-02 2.009412643669271081e-01 1.525503687531552244e-01 0.000000000000000000e+00 0.000000000000000000e+00
0.000000000000000000e+00 1.721097107540481841e-01 1.765156992978600126e-01 4.476544791683094784e-03 0.000000000000000000e+00
0.000000000000000000e+00 1.338344014896558076e-01 1.868457731210071693e-01 5.288434625988096965e-02 0.000000000000000000e+00
0.000000000000000000e+00 8.945399774308103458e-02 1.839798342100516793e-01 9.419245961271398293e-02 0.000000000000000000e+00
0.000000000000000000e+00 4.238802526462072395e-02 1.691256408222478747e-01 1.261863332268972626e-01 0.000000000000000000e+00
0.000000000000000000e+00 0.000000000000000000e+00 1.441269536943771135e-01 1.474325318285835407e-01 4.302135225973376630e-03
0.000000000000000000e+00 0.000000000000000000e+00 1.113530105879190907e-01 1.573082891588788723e-01 4.718307557985060990e-02
0.000000000000000000e+00 0.000000000000000000e+00 7.354526590856887147e-02 1.560006813218342281e-01 8.378233712355449836e-02
0.000000000000000000e+00 0.000000000000000000e+00 3.358497423374327134e-02 1.444174501690416168e-01 1.121125442224822910e-01
0.000000000000000000e+00 0.000000000000000000e+00 0.000000000000000000e+00 1.240702664892357338e-01 1.308942458570086786e-01
0.000000000000000000e+00 0.000000000000000000e+00 0.000000000000000000e+00 9.687576512124954076e-02 1.396244014686885693e-01
0.000000000000000000e+00 0.000000000000000000e+00 0.000000000000000000e+00 6.472029433302842194e-02 1.387135594984932607e-01
0.000000000000000000e+00 0.000000000000000000e+00 0.000000000000000000e+00 2.963536998898011129e-02 1.289804848030089990e-01
6.235057446018113514e-03 0.000000000000000000e+00 0.000000000000000000e+00 0.000000000000000000e+00 1.114540255334109664e-01
4.047769925902887367e-02 0.000000000000000000e+00 0.000000000000000000e+00 0.000000000000000000e+00 8.745929098514863831e-02
7.094504814557558992e-02 0.000000000000000000e+00 0.000000000000000000e+00 0.000000000000000000e+00 5.869670784112437228e-02
9.580299378344037109e-02 0.000000000000000000e+00 0.000000000000000000e+00 0.000000000000000000e+00 2.715648028996735588e-02
1.136598408802321630e-01 5.020750305466071747e-03 0.000000000000000000e+00 0.000000000000000000e+00 0.000000000000000000e+00
1.236296250893623300e-01 3.582525782276131665e-02 0.000000000000000000e+00 0.000000000000000000e+00 0.000000000000000000e+00
1.253661121228961672e-01 6.325224267040184534e-02 0.000000000000000000e+00 0.000000000000000000e+00 0.000000000000000000e+00
1.190511306611454073e-01 8.566914554587909403e-02 0.000000000000000000e+00 0.000000000000000000e+00 0.000000000000000000e+00
1.053630670135837916e-01 1.018274051695564481e-01 0.000000000000000000e+00 0.000000000000000000e+00 0.000000000000000000e+00
8.542261585041727168e-02 1.109197581402351362e-01 2.506397871303638752e-02 0.000000000000000000e+00 0.000000000000000000e+00
6.098880444501148662e-02 1.124295787781002809e-01 5.121747817840929806e-02 0.000000000000000000e+00 0.000000000000000000e+00
3.414478230399632663e-02 1.064253702205555235e-01 7.224395270500766353e-02 0.000000000000000000e+00 0.000000000000000000e+00
6.955884068661646533e-03 9.369732748040135450e-02 8.686128126711116504e-02 0.000000000000000000e+00 0.000000000000000000e+00
0.000000000000000000e+00 7.559254090751878208e-02 9.454623539143128252e-02 1.892405842847932548e-02 0.000000000000000000e+00
0.000000000000000000e+00 5.376290242988977786e-02 9.535381303771076067e-02 4.145665278096397760e-02 0.000000000000000000e+00
0.000000000000000000e+00 2.995512020152554800e-02 8.976999338607116741e-02 5.956973413178357629e-02 0.000000000000000000e+00
0.000000000000000000e+00 5.886766572573864063e-03 7.863152520440015725e-02 7.238815092244871297e-02 0.000000000000000000e+00
0.000000000000000000e+00 0.000000000000000000e+00 6.306766321907240902e-02 7.944932544212549019e-02 1.697671853095190572e-02
0.000000000000000000e+00 0.000000000000000000e+00 4.442940056576261121e-02 8.070680475673930321e-02 3.694678358676715263e-02
0.000000000000000000e+00 0.000000000000000000e+00 2.417953039709252669e-02 7.650202853750198706e-02 5.299249397833939029e-02
0.000000000000000000e+00 0.000000000000000000e+00 3.781130819519080370e-03 6.751064572744928938e-02 6.433071265032482000e-02
0.000000000000000000e+00 0.000000000000000000e+00 0.000000000000000000e+00 5.467435008218006487e-02 7.055260855366558836e-02
0.000000000000000000e+00 0.000000000000000000e+00 0.000000000000000000e+00 3.895546765777308656e-02 7.173591504948402531e-02
0.000000000000000000e+00 0.000000000000000000e+00 0.000000000000000000e+00 2.136528542746594928e-02 6.824050896076691575e-02
0.000000000000000000e+00 0.000000000000000000e+00 0.000000000000000000e+00 3.018826031307296227e-03 6.055242982569352533e-02
1.497042092651688742e-02 0.000000000000000000e+00 0.000000000000000000e+00 0.000000000000000000e+00 4.929359031374501432e-02
3.135416815839939253e-02 0.000000000000000000e+00 0.000000000000000000e+00 0.000000000000000000e+00 3.527341581625610678e-02
4.515978434904849292e-02 0.000000000000000000e+00 0.000000000000000000e+00 0.000000000000000000e+00 1.946969100259694774e-02
5.559218681447423982e-02 0.000000000000000000e+00 0.000000000000000000e+00 0.000000000000000000e+00 2.955945198048216902e-03
6.210557407735453617e-02 1.318459493524620947e-02 0.000000000000000000e+00 0.000000000000000000e+00 0.000000000000000000e+00
6.442723563776447948e-02 2.793339756477775798e-02 0.000000000000000000e+00 0.000000000000000000e+00 0.000000000000000000e+00
6.255869026536824140e-02 4.037657296786292815e-02 0.000000000000000000e+00 0.000000000000000000e+00 0.000000000000000000e+00
5.676372104535595819e-02 4.980286217270340349e-02 0.000000000000000000e+00 0.000000000000000000e+00 0.000000000000000000e+00
4.754453343556413331e-02 5.571877222080600517e-02 7.914994416574039002e-03 0.000000000000000000e+00 0.000000000000000000e+00
3.569153236418989850e-02 5.781182157009024519e-02 2.196993326354730949e-02 0.000000000000000000e+00 0.000000000000000000e+00
2.223129001191977497e-02 5.600726372847882051e-02 3.372591282957212305e-02 0.000000000000000000e+00 0.000000000000000000e+00
8.238795481496211104e-03 5.058567783148893576e-02 4.238249157455926952e-02 0.000000000000000000e+00 0.000000000000000000e+00
0.000000000000000000e+00 4.215049254490297465e-02 4.754104213132651080e-02 5.392866824277000454e-03 0.000000000000000000e+00
0.000000000000000000e+00 3.150659627952804437e-02 4.913419844927056912e-02 1.757683152357453205e-02 0.000000000000000000e+00
0.000000000000000000e+00 1.954152605159264686e-02 4.734146827555025389e-02 2.769327585493871341e-02 0.000000000000000000e+00
0.000000000000000000e+00 7.147366395649432103e-03 4.253521709452380561e-02 3.522360547992697127e-02 0.000000000000000000e+00
0.000000000000000000e+00 0.000000000000000000e+00 3.524837610910017821e-02 3.985796001890832413e-02 4.894023093013917698e-03
0.000000000000000000e+00 0.000000000000000000e+00 2.614060978376898589e-02 4.150002860471825594e-02 1.569352600065101327e-02
0.000000000000000000e+00 0.000000000000000000e+00 1.594873172766081426e-02 4.025973844683442687e-02 2.465838700160961905e-02
0.000000000000000000e+00 0.000000000000000000e+00 5.429069949049323413e-03 3.642916406291137055e-02 3.132361690579188451e-02
0.000000000000000000e+00 0.000000000000000000e+00 0.000000000000000000e+00 3.044970374646775030e-02 3.541381237101599161e-02
0.000000000000000000e+00 0.000000000000000000e+00 0.000000000000000000e+00 2.282216047251987151e-02 3.688091539868174062e-02
0.000000000000000000e+00 0.000000000000000000e+00 0.000000000000000000e+00 1.405542764148099907e-02 3.587027969115316739e-02
0.000000000000000000e+00 0.000000000000000000e+00 0.000000000000000000e+00 4.704344552856861914e-03 3.261430143554285010e-02
4.661266258826692564e-03 0.000000000000000000e+00 0.000000000000000000e+00 0.000000000000000000e+00 2.740862321275774546e-02
1.340092624667024550e-02 0.000000000000000000e+00 0.000000000000000000e+00 0.000000000000000000e+00 2.063615667682543175e-02
2.098043574375038980e-02 0.000000000000000000e+00 0.000000000000000000e+00 0.000000000000000000e+00 1.277223591201620892e-02
2.695245784865400382e-02 0.000000000000000000e+00 0.000000000000000000e+00 0.000000000000000000e+00 4.355803268869445910e-03
3.099199562123120671e-02 4.050978285635128615e-03 0.000000000000000000e+00 0.000000000000000000e+00 0.000000000000000000e+00
3.291089231872661863e-02 1.191924867099194985e-02 0.000000000000000000e+00 0.000000000000000000e+00 0.000000000000000000e+00
3.266271880430481056e-02 1.874836975229728087e-02 0.000000000000000000e+00 0.000000000000000000e+00 0.000000000000000000e+00
3.033881139614607800e-02 2.413906993642616836e-02 0.000000000000000000e+00 0.000000000000000000e+00 0.000000000000000000e+00
2.615799134156142000e-02 2.779892643904846583e-02 1.489287166025533111e-03 0.000000000000000000e+00 0.000000000000000000e+00
2.046587061140640873e-02 2.954447517822544889e-02 8.983052731813313124e-03 0.000000000000000000e+00 0.000000000000000000e+00
1.376408437869149765e-02 2.928119876457612597e-02 1.547520296967755567e-02 0.000000000000000000e+00 0.000000000000000000e+00
6.608328887298264495e-03 2.708787655654227092e-02 2.048427163100779991e-02 0.000000000000000000e+00 0.000000000000000000e+00
0.000000000000000000e+00 2.322689653585825742e-02 2.374010989441995706e-02 5.233538150099773141e-04 0.000000000000000000e+00
0.000000000000000000e+00 1.808695030298321585e-02 2.515953200571419135e-02 7.056000024873627235e-03 0.000000000000000000e+00
0.000000000000000000e+00 1.211610465825128068e-02 2.479820735066787935e-02 1.263757333160400731e-02 0.000000000000000000e+00
0.000000000000000000e+00 5.774512919107834853e-03 2.281652463915724571e-02 1.696794930134556956e-02 0.000000000000000000e+00
0.000000000000000000e+00 0.000000000000000000e+00 1.946205985212255338e-02 1.985189208685841922e-02 5.240536336812471425e-04
0.000000000000000000e+00 0.000000000000000000e+00 1.505401419881689622e-02 2.120320067130353550e-02 6.314687017391096627e-03
0.000000000000000000e+00 0.000000000000000000e+00 9.960935320019842845e-03 2.104432027336948854e-02 1.126234984570072956e-02
0.000000000000000000e+00 0.000000000000000000e+00 4.571107863368169960e-03 1.949588117814328447e-02 1.509749458742025430e-02
0.000000000000000000e+00 0.000000000000000000e+00 0.000000000000000000e+00 1.676120039778778228e-02 1.764592997313598963e-02
0.000000000000000000e+00 0.000000000000000000e+00 0.000000000000000000e+00 1.309926476150603293e-02 1.883788331630848606e-02
0.000000000000000000e+00 0.000000000000000000e+00 0.000000000000000000e+00 8.764334901129232358e-03 1.872720355493269831e-02
0.000000000000000000e+00 0.000000000000000000e+00 0.000000000000000000e+00 4.030233569503927776e-03 1.742354456583090558e-02
8.134789154402441913e-04 0.000000000000000000e+00 0.000000000000000000e+00 0.000000000000000000e+00 1.506541635155801521e-02
5.440344553293188778e-03 0.000000000000000000e+00 0.000000000000000000e+00 0.000000000000000000e+00 1.183140638936180933e-02
9.559932242343943676e-03 0.000000000000000000e+00 0.000000000000000000e+00 0.000000000000000000e+00 7.950181198250872924e-03
1.292395440350776678e-02 0.000000000000000000e+00 0.000000000000000000e+00 0.000000000000000000e+00 3.690146783832577021e-03
1.534358969905468169e-02 6.590524196093364585e-04 0.000000000000000000e+00 0.000000000000000000e+00 0.000000000000000000e+00
1.669813891048103557e-02 4.824708159244490459e-03 0.000000000000000000e+00 0.000000000000000000e+00 0.000000000000000000e+00
1.693955687015032824e-02 8.535278022881689908e-03 0.000000000000000000e+00 0.000000000000000000e+00 0.000000000000000000e+00
1.609157803733981401e-02 1.156953945472416131e-02 0.000000000000000000e+00 0.000000000000000000e+00 0.000000000000000000e+00
1.424555807635323468e-02 1.375818802005555203e-02 0.000000000000000000e+00 0.000000000000000000e+00 0.000000000000000000e+00
1.155289797056800391e-02 1.499158506968626368e-02 3.380158729235172976e-03 0.000000000000000000e+00 0.000000000000000000e+00
8.251078165097968514e-03 1.519937835420545613e-02 6.918107245221122650e-03 0.000000000000000000e+00 0.000000000000000000e+00
4.621691623957169606e-03 1.439041621770478785e-02 9.763731636335403960e-03 0.000000000000000000e+00 0.000000000000000000e+00
9.443131851923977768e-04 1.267136731160895327e-02 1.174318829858827379e-02 0.000000000000000000e+00 0.000000000000000000e+00
0.000000000000000000e+00 1.022442664095462445e-02 1.278527945708717202e-02 2.556920926334737502e-03 0.000000000000000000e+00
