0.000000000000000000e+00 0.000000000000000000e+00 0.000000000000000000e+00 0.000000000000000000e+00 0.000000000000000000e+00
0.000000000000000000e+00 0.000000000000000000e+00 0.000000000000000000e+00 0.000000000000000000e+00 0.000000000000000000e+00
0.000000000000000000e+00 0.000000000000000000e+00 0.000000000000000000e+00 0.000000000000000000e+00 0.000000000000000000e+00
0.000000000000000000e+00 0.000000000000000000e+00 0.000000000000000000e+00 0.000000000000000000e+00 0.000000000000000000e+00
0.000000000000000000e+00 0.000000000000000000e+00 0.000000000000000000e+00 0.000000000000000000e+00 0.000000000000000000e+00
0.000000000000000000e+00 0.000000000000000000e+00 0.000000000000000000e+00 0.000000000000000000e+00 0.000000000000000000e+00
0.000000000000000000e+00 0.000000000000000000e+00 0.000000000000000000e+00 0.000000000000000000e+00 0.000000000000000000e+00
0.000000000000000000e+00 0.000000000000000000e+00 0.000000000000000000e+00 0.000000000000000000e+00 0.000000000000000000e+00
0.000000000000000000e+00 0.000000000000000000e+00 0.000000000000000000e+00 0.000000000000000000e+00 0.000000000000000000e+00
0.000000000000000000e+00 0.000000000000000000e+00 0.000000000000000000e+00 0.000000000000000000e+00 0.000000000000000000e+00
0.000000000000000000e+00 0.000000000000000000e+00 0.000000000000000000e+00 0.000000000000000000e+00 0.000000000000000000e+00
0.000000000000000000e+00 0.000000000000000000e+00 0.000000000000000000e+00 0.000000000000000000e+00 0.000000000000000000e+00
0.000000000000000000e+00 0.000000000000000000e+00 0.000000000000000000e+00 0.000000000000000000e+00 0.000000000000000000e+00
0.000000000000000000e+00 0.000000000000000000e+00 0.000000000000000000e+00 0.000000000000000000e+00 0.000000000000000000e+00
0.000000000000000000e+00 0.000000000000000000e+00 0.000000000000000000e+00 0.000000000000000000e+00 0.000000000000000000e+00
0.000000000000000000e+00 0.000000000000000000e+00 0.000000000000000000e+00 0.000000000000000000e+00 0.000000000000000000e+00
0.000000000000000000e+00 0.000000000000000000e+00 0.000000000000000000e+00 0.000000000000000000e+00 0.000000000000000000e+00
0.000000000000000000e+00 0.000000000000000000e+00 0.000000000000000000e+00 0.000000000000000000e+00 0.000000000000000000e+00
0.000000000000000000e+00 0.000000000000000000e+00 0.000000000000000000e+00 0.000000000000000000e+00 0.000000000000000000e+00
0.000000000000000000e+00 0.000000000000000000e+00 0.000000000000000000e+00 0.000000000000000000e+00 0.000000000000000000e+00
0.000000000000000000e+00 0.000000000000000000e+00 0.000000000000000000e+00 0.000000000000000000e+00 0.000000000000000000e+00
0.000000000000000000e+00 0.000000000000000000e+00 0.000000000000000000e+00 0.000000000000000000e+00 0.000000000000000000e+00
0.000000000000000000e+00 0.000000000000000000e+00 0.000000000000000000e+00 0.000000000000000000e+00 0.000000000000000000e+00
0.000000000000000000e+00 0.000000000000000000e+00 0.000000000000000000e+00 0.000000000000000000e+00 0.000000000000000000e+00
0.000000000000000000e+00 0.000000000000000000e+00 0.000000000000000000e+00 0.000000000000000000e+00 0.000000000000000000e+00
0.000000000000000000e+00 0.000000000000000000e+00 0.000000000000000000e+00 0.000000000000000000e+00 0.000000000000000000e+00
0.000000000000000000e+00 0.000000000000000000e+00 0.000000000000000000e+00 0.000000000000000000e+00 0.000000000000000000e+00
0.000000000000000000e+00 0.000000000000000000e+00 0.000000000000000000e+00 0.000000000000000000e+00 0.000000000000000000e+00
0.000000000000000000e+00 0.000000000000000000e+00 0.000000000000000000e+00 0.000000000000000000e+00 0.000000000000000000e+00
0.000000000000000000e+00 0.000000000000000000e+00 0.000000000000000000e+00 0.000000000000000000e+00 0.000000000000000000e+00
0.000000000000000000e+00 0.000000000000000000e+00 0.000000000000000000e+00 0.000000000000000000e+00 0.000000000000000000e+00
0.000000000000000000e+00 0.000000000000000000e+00 0.000000000000000000e+00 0.000000000000000000e+00 0.000000000000000000e+00
0.000000000000000000e+00 0.000000000000000000e+00 0.000000000000000000e+00 0.000000000000000000e+00 0.000000000000000000e+00
0.000000000000000000e+00 0.000000000000000000e+00 0.000000000000000000e+00 0.000000000000000000e+00 0.000000000000000000e+00
0.000000000000000000e+00 0.000000000000000000e+00 0.000000000000000000e+00 0.000000000000000000e+00 0.000000000000000000e+00
0.000000000000000000e+00 0.000000000000000000e+00 0.000000000000000000e+00 0.000000000000000000e+00 0.000000000000000000e+00
0.000000000000000000e+00 0.000000000000000000e+00 0.000000000000000000e+00 0.000000000000000000e+00 0.000000000000000000e+00
0.000000000000000000e+00 0.000000000000000000e+00 0.000000000000000000e+00 0.000000000000000000e+00 0.000000000000000000e+00
0.000000000000000000e+00 0.000000000000000000e+00 0.000000000000000000e+00 0.000000000000000000e+00 0.000000000000000000e+00
0.000000000000000000e+00 0.000000000000000000e+00 0.000000000000000000e+00 0.000000000000000000e+00 0.000000000000000000e+00
0.000000000000000000e+00 0.000000000000000000e+00 0.000000000000000000e+00 0.000000000000000000e+00 0.000000000000000000e+00
0.000000000000000000e+00 0.000000000000000000e+00 0.000000000000000000e+00 0.000000000000000000e+00 0.000000000000000000e+00
0.000000000000000000e+00 0.000000000000000000e+00 0.000000000000000000e+00 0.000000000000000000e+00 0.000000000000000000e+00
0.000000000000000000e+00 0.000000000000000000e+00 0.000000000000000000e+00 0.000000000000000000e+00 0.000000000000000000e+00
0.000000000000000000e+00 0.000000000000000000e+00 0.000000000000000000e+00 0.000000000000000000e+00 0.000000000000000000e+00
0.000000000000000000e+00 0.000000000000000000e+00 0.000000000000000000e+00 0.000000000000000000e+00 0.000000000000000000e+00
0.000000000000000000e+00 0.000000000000000000e+00 0.000000000000000000e+00 0.000000000000000000e+00 0.000000000000000000e+00
0.000000000000000000e+00 0.000000000000000000e+00 0.000000000000000000e+00 0.000000000000000000e+00 0.000000000000000000e+00
0.000000000000000000e+00 0.000000000000000000e+00 0.000000000000000000e+00 0.000000000000000000e+00 0.000000000000000000e+00
0.000000000000000000e+00 0.000000000000000000e+00 0.000000000000000000e+00 0.000000000000000000e+00 0.000000000000000000e+00
0.000000000000000000e+00 0.000000000000000000e+00 0.000000000000000000e+00 0.000000000000000000e+00 0.000000000000000000e+00
0.000000000000000000e+00 0.000000000000000000e+00 0.000000000000000000e+00 0.000000000000000000e+00 0.000000000000000000e+00
0.000000000000000000e+00 0.000000000000000000e+00 0.000000000000000000e+00 0.000000000000000000e+00 0.000000000000000000e+00
0.000000000000000000e+00 0.000000000000000000e+00 0.000000000000000000e+00 0.000000000000000000e+00 0.000000000000000000e+00
0.000000000000000000e+00 0.000000000000000000e+00 0.000000000000000000e+00 0.000000000000000000e+00 0.000000000000000000e+00
0.000000000000000000e+00 0.000000000000000000e+00 0.000000000000000000e+00 0.000000000000000000e+00 0.000000000000000000e+00
0.000000000000000000e+00 0.000000000000000000e+00 0.000000000000000000e+00 0.000000000000000000e+00 0.000000000000000000e+00
0.000000000000000000e+00 0.000000000000000000e+00 0.000000000000000000e+00 0.000000000000000000e+00 0.000000000000000000e+00
0.000000000000000000e+00 0.000000000000000000e+00 0.000000000000000000e+00 0.000000000000000000e+00 0.000000000000000000e+00
0.000000000000000000e+00 0.000000000000000000e+00 0.000000000000000000e+00 0.000000000000000000e+00 0.000000000000000000e+00
0.000000000000000000e+00 0.000000000000000000e+00 0.000000000000000000e+00 0.000000000000000000e+00 0.000000000000000000e+00
0.000000000000000000e+00 0.000000000000000000e+00 0.000000000000000000e+00 0.000000000000000000e+00 0.000000000000000000e+00
0.000000000000000000e+00 0.000000000000000000e+00 0.000000000000000000e+00 0.000000000000000000e+00 0.000000000000000000e+00
0.000000000000000000e+00 0.000000000000000000e+00 0.000000000000000000e+00 0.000000000000000000e+00 0.000000000000000000e+00
0.000000000000000000e+00 0.000000000000000000e+00 0.000000000000000000e+00 0.000000000000000000e+00 0.000000000000000000e+00
0.000000000000000000e+00 0.000000000000000000e+00 0.000000000000000000e+00 0.000000000000000000e+00 0.000000000000000000e+00
0.000000000000000000e+00 0.000000000000000000e+00 0.000000000000000000e+00 0.000000000000000000e+00 0.000000000000000000e+00
0.000000000000000000e+00 0.000000000000000000e+00 0.000000000000000000e+00 0.000000000000000000e+00 0.000000000000000000e+00
0.000000000000000000e+00 0.000000000000000000e+00 0.000000000000000000e+00 0.000000000000000000e+00 0.000000000000000000e+00
0.000000000000000000e+00 0.000000000000000000e+00 0.000000000000000000e+00 0.000000000000000000e+00 0.000000000000000000e+00
0.000000000000000000e+00 0.000000000000000000e+00 0.000000000000000000e+00 0.000000000000000000e+00 0.000000000000000000e+00
0.000000000000000000e+00 0.000000000000000000e+00 0.000000000000000000e+00 0.000000000000000000e+00 0.000000000000000000e+00
0.000000000000000000e+00 0.000000000000000000e+00 0.000000000000000000e+00 0.000000000000000000e+00 0.000000000000000000e+00
0.000000000000000000e+00 0.000000000000000000e+00 0.000000000000000000e+00 0.000000000000000000e+00 0.000000000000000000e+00
0.000000000000000000e+00 0.000000000000000000e+00 0.000000000000000000e+00 0.000000000000000000e+00 0.000000000000000000e+00
0.000000000000000000e+00 0.000000000000000000e+00 0.000000000000000000e+00 0.000000000000000000e+00 0.000000000000000000e+00
0.000000000000000000e+00 0.000000000000000000e+00 0.000000000000000000e+00 0.000000000000000000e+00 0.000000000000000000e+00
0.000000000000000000e+00 0.000000000000000000e+00 0.000000000000000000e+00 0.000000000000000000e+00 0.000000000000000000e+00
0.000000000000000000e+00 0.000000000000000000e+00 0.000000000000000000e+00 0.000000000000000000e+00 0.000000000000000000e+00
0.000000000000000000e+00 0.000000000000000000e+00 0.000000000000000000e+00 0.000000000000000000e+00 0.000000000000000000e+00
0.000000000000000000e+00 0.000000000000000000e+00 0.000000000000000000e+00 0.000000000000000000e+00 0.000000000000000000e+00
0.000000000000000000e+00 0.000000000000000000e+00 0.000000000000000000e+00 0.000000000000000000e+00 0.000000000000000000e+00
0.000000000000000000e+00 0.000000000000000000e+00 0.000000000000000000e+00 0.000000000000000000e+00 0.000000000000000000e+00
0.000000000000000000e+00 0.000000000000000000e+00 0.000000000000000000e+00 0.000000000000000000e+00 0.000000000000000000e+00
0.000000000000000000e+00 0.000000000000000000e+00 0.000000000000000000e+00 0.000000000000000000e+00 0.000000000000000000e+00
0.000000000000000000e+00 0.000000000000000000e+00 0.000000000000000000e+00 0.000000000000000000e+00 0.000000000000000000e+00
0.000000000000000000e+00 0.000000000000000000e+00 0.000000000000000000e+00 0.000000000000000000e+00 0.000000000000000000e+00
0.000000000000000000e+00 0.000000000000000000e+00 0.000000000000000000e+00 0.000000000000000000e+00 0.000000000000000000e+00
0.000000000000000000e+00 0.000000000000000000e+00 0.000000000000000000e+00 0.000000000000000000e+00 0.000000000000000000e+00
0.000000000000000000e+00 0.000000000000000000e+00 0.000000000000000000e+00 0.000000000000000000e+00 0.000000000000000000e+00
0.000000000000000000e+00 0.000000000000000000e+00 0.000000000000000000e+00 0.000000000000000000e+00 0.000000000000000000e+00
0.000000000000000000e+00 0.000000000000000000e+00 0.000000000000000000e+00 0.000000000000000000e+00 0.000000000000000000e+00
0.000000000000000000e+00 0.000000000000000000e+00 0.000000000000000000e+00 0.000000000000000000e+00 0.000000000000000000e+00
0.000000000000000000e+00 0.000000000000000000e+00 0.000000000000000000e+00 0.000000000000000000e+00 0.000000000000000000e+00
0.000000000000000000e+00 0.000000000000000000e+00 0.000000000000000000e+00 0.000000000000000000e+00 0.000000000000000000e+00
0.000000000000000000e+00 0.000000000000000000e+00 0.000000000000000000e+00 0.000000000000000000e+00 0.000000000000000000e+00
0.000000000000000000e+00 0.000000000000000000e+00 0.000000000000000000e+00 0.000000000000000000e+00 0.000000000000000000e+00
0.000000000000000000e+00 0.000000000000000000e+00 0.000000000000000000e+00 0.000000000000000000e+00 0.000000000000000000e+00
0.000000000000000000e+00 0.000000000000000000e+00 0.000000000000000000e+00 0.000000000000000000e+00 0.000000000000000000e+00
0.000000000000000000e+00 0.000000000000000000e+00 0.000000000000000000e+00 0.000000000000000000e+00 0.000000000000000000e+00
0.000000000000000000e+00 0.000000000000000000e+00 0.000000000000000000e+00 0.000000000000000000e+00 0.000000000000000000e+00
0.000000000000000000e+00 0.000000000000000000e+00 0.000000000000000000e+00 0.000000000000000000e+00 0.000000000000000000e+00
0.000000000000000000e+00 0.000000000000000000e+00 0.000000000000000000e+00 0.000000000000000000e+00 0.000000000000000000e+00
0.000000000000000000e+00 0.000000000000000000e+00 0.000000000000000000e+00 0.000000000000000000e+00 0.000000000000000000e+00
0.000000000000000000e+00 0.000000000000000000e+00 0.000000000000000000e+00 0.000000000000000000e+00 0.000000000000000000e+00
0.000000000000000000e+00 0.000000000000000000e+00 0.000000000000000000e+00 0.000000000000000000e+00 0.000000000000000000e+00
0.000000000000000000e+00 0.000000000000000000e+00 0.000000000000000000e+00 0.000000000000000000e+00 0.000000000000000000e+00
0.000000000000000000e+00 0.000000000000000000e+00 0.000000000000000000e+00 0.000000000000000000e+00 0.000000000000000000e+00
0.000000000000000000e+00 0.000000000000000000e+00 0.000000000000000000e+00 0.000000000000000000e+00 0.000000000000000000e+00
0.000000000000000000e+00 0.000000000000000000e+00 0.000000000000000000e+00 0.000000000000000000e+00 0.000000000000000000e+00
0.000000000000000000e+00 0.000000000000000000e+00 0.000000000000000000e+00 0.000000000000000000e+00 0.000000000000000000e+00
0.000000000000000000e+00 0.000000000000000000e+00 0.000000000000000000e+00 0.000000000000000000e+00 0.000000000000000000e+00
0.000000000000000000e+00 0.000000000000000000e+00 0.000000000000000000e+00 0.000000000000000000e+00 0.000000000000000000e+00
0.000000000000000000e+00 0.000000000000000000e+00 0.000000000000000000e+00 0.000000000000000000e+00 0.000000000000000000e+00
0.000000000000000000e+00 0.000000000000000000e+00 0.000000000000000000e+00 0.000000000000000000e+00 0.000000000000000000e+00
0.000000000000000000e+00 0.000000000000000000e+00 0.000000000000000000e+00 0.000000000000000000e+00 0.000000000000000000e+00
0.000000000000000000e+00 0.000000000000000000e+00 0.000000000000000000e+00 0.000000000000000000e+00 0.000000000000000000e+00
0.000000000000000000e+00 0.000000000000000000e+00 0.000000000000000000e+00 0.000000000000000000e+00 0.000000000000000000e+00
0.000000000000000000e+00 0.000000000000000000e+00 0.000000000000000000e+00 0.000000000000000000e+00 0.000000000000000000e+00
0.000000000000000000e+00 0.000000000000000000e+00 0.000000000000000000e+00 0.000000000000000000e+00 0.000000000000000000e+00
0.000000000000000000e+00 0.000000000000000000e+00 0.000000000000000000e+00 0.000000000000000000e+00 0.000000000000000000e+00
0.000000000000000000e+00 0.000000000000000000e+00 0.000000000000000000e+00 0.000000000000000000e+00 0.000000000000000000e+00
0.000000000000000000e+00 0.000000000000000000e+00 0.000000000000000000e+00 0.000000000000000000e+00 0.000000000000000000e+00
0.000000000000000000e+00 0.000000000000000000e+00 0.000000000000000000e+00 0.000000000000000000e+00 0.000000000000000000e+00
0.000000000000000000e+00 0.000000000000000000e+00 0.000000000000000000e+00 0.000000000000000000e+00 0.000000000000000000e+00
0.000000000000000000e+00 0.000000000000000000e+00 0.000000000000000000e+00 0.000000000000000000e+00 0.000000000000000000e+00
0.000000000000000000e+00 0.000000000000000000e+00 0.000000000000000000e+00 0.000000000000000000e+00 0.000000000000000000e+00
0.000000000000000000e+00 0.000000000000000000e+00 0.000000000000000000e+00 0.000000000000000000e+00 0.000000000000000000e+00
0.000000000000000000e+00 0.000000000000000000e+00 0.000000000000000000e+00 0.000000000000000000e+00 0.000000000000000000e+00
0.000000000000000000e+00 0.000000000000000000e+00 0.000000000000000000e+00 0.000000000000000000e+00 0.000000000000000000e+00
0.000000000000000000e+00 0.000000000000000000e+00 0.000000000000000000e+00 0.000000000000000000e+00 0.000000000000000000e+00
0.000000000000000000e+00 0.000000000000000000e+00 0.000000000000000000e+00 0.000000000000000000e+00 0.000000000000000000e+00
0.000000000000000000e+00 0.000000000000000000e+00 0.000000000000000000e+00 0.000000000000000000e+00 0.000000000000000000e+00
0.000000000000000000e+00 0.000000000000000000e+00 0.000000000000000000e+00 0.000000000000000000e+00 0.000000000000000000e+00
0.000000000000000000e+00 0.000000000000000000e+00 0.000000000000000000e+00 0.000000000000000000e+00 0.000000000000000000e+00
0.000000000000000000e+00 0.000000000000000000e+00 0.000000000000000000e+00 0.000000000000000000e+00 0.000000000000000000e+00
0.000000000000000000e+00 0.000000000000000000e+00 0.000000000000000000e+00 0.000000000000000000e+00 0.000000000000000000e+00
0.000000000000000000e+00 0.000000000000000000e+00 0.000000000000000000e+00 0.000000000000000000e+00 0.000000000000000000e+00
0.000000000000000000e+00 0.000000000000000000e+00 0.000000000000000000e+00 0.000000000000000000e+00 0.000000000000000000e+00
0.000000000000000000e+00 0.000000000000000000e+00 0.000000000000000000e+00 0.000000000000000000e+00 0.000000000000000000e+00
0.000000000000000000e+00 0.000000000000000000e+00 0.000000000000000000e+00 0.000000000000000000e+00 0.000000000000000000e+00
0.000000000000000000e+00 0.000000000000000000e+00 0.000000000000000000e+00 0.000000000000000000e+00 0.000000000000000000e+00
0.000000000000000000e+00 0.000000000000000000e+00 0.000000000000000000e+00 0.000000000000000000e+00 0.000000000000000000e+00
0.000000000000000000e+00 0.000000000000000000e+00 0.000000000000000000e+00 0.000000000000000000e+00 0.000000000000000000e+00
0.000000000000000000e+00 0.000000000000000000e+00 0.000000000000000000e+00 0.000000000000000000e+00 0.000000000000000000e+00
0.000000000000000000e+00 0.000000000000000000e+00 0.000000000000000000e+00 0.000000000000000000e+00 0.000000000000000000e+00
0.000000000000000000e+00 0.000000000000000000e+00 0.000000000000000000e+00 0.000000000000000000e+00 0.000000000000000000e+00
0.000000000000000000e+00 0.000000000000000000e+00 0.000000000000000000e+00 0.000000000000000000e+00 0.000000000000000000e+00
0.000000000000000000e+00 0.000000000000000000e+00 0.000000000000000000e+00 0.000000000000000000e+00 0.000000000000000000e+00
0.000000000000000000e+00 0.000000000000000000e+00 0.000000000000000000e+00 0.000000000000000000e+00 0.000000000000000000e+00
0.000000000000000000e+00 0.000000000000000000e+00 0.000000000000000000e+00 0.000000000000000000e+00 0.000000000000000000e+00
0.000000000000000000e+00 0.000000000000000000e+00 0.000000000000000000e+00 0.000000000000000000e+00 0.000000000000000000e+00
0.000000000000000000e+00 0.000000000000000000e+00 0.000000000000000000e+00 0.000000000000000000e+00 0.000000000000000000e+00
0.000000000000000000e+00 0.000000000000000000e+00 0.000000000000000000e+00 0.000000000000000000e+00 0.000000000000000000e+00
0.000000000000000000e+00 0.000000000000000000e+00 0.000000000000000000e+00 0.000000000000000000e+00 0.000000000000000000e+00
0.000000000000000000e+00 0.000000000000000000e+00 0.000000000000000000e+00 0.000000000000000000e+00 0.000000000000000000e+00
0.000000000000000000e+00 0.000000000000000000e+00 0.000000000000000000e+00 0.000000000000000000e+00 0.000000000000000000e+00
0.000000000000000000e+00 0.000000000000000000e+00 0.000000000000000000e+00 0.000000000000000000e+00 0.000000000000000000e+00
0.000000000000000000e+00 0.000000000000000000e+00 0.000000000000000000e+00 0.000000000000000000e+00 0.000000000000000000e+00
0.000000000000000000e+00 0.000000000000000000e+00 0.000000000000000000e+00 0.000000000000000000e+00 0.000000000000000000e+00
0.000000000000000000e+00 0.000000000000000000e+00 0.000000000000000000e+00 0.000000000000000000e+00 0.000000000000000000e+00
0.000000000000000000e+00 0.000000000000000000e+00 0.000000000000000000e+00 0.000000000000000000e+00 0.000000000000000000e+00
0.000000000000000000e+00 0.000000000000000000e+00 0.000000000000000000e+00 0.000000000000000000e+00 0.000000000000000000e+00
0.000000000000000000e+00 0.000000000000000000e+00 0.000000000000000000e+00 0.000000000000000000e+00 0.000000000000000000e+00
0.000000000000000000e+00 0.000000000000000000e+00 0.000000000000000000e+00 0.000000000000000000e+00 0.000000000000000000e+00
0.000000000000000000e+00 0.000000000000000000e+00 0.000000000000000000e+00 0.000000000000000000e+00 0.000000000000000000e+00
0.000000000000000000e+00 0.000000000000000000e+00 0.000000000000000000e+00 0.000000000000000000e+00 0.000000000000000000e+00
0.000000000000000000e+00 0.000000000000000000e+00 0.000000000000000000e+00 0.000000000000000000e+00 0.000000000000000000e+00
0.000000000000000000e+00 0.000000000000000000e+00 0.000000000000000000e+00 0.000000000000000000e+00 0.000000000000000000e+00
0.000000000000000000e+00 0.000000000000000000e+00 0.000000000000000000e+00 0.000000000000000000e+00 0.000000000000000000e+00
0.000000000000000000e+00 0.000000000000000000e+00 0.000000000000000000e+00 0.000000000000000000e+00 0.000000000000000000e+00
0.000000000000000000e+00 0.000000000000000000e+00 0.000000000000000000e+00 0.000000000000000000e+00 0.000000000000000000e+00
0.000000000000000000e+00 0.000000000000000000e+00 0.000000000000000000e+00 0.000000000000000000e+00 0.000000000000000000e+00
0.000000000000000000e+00 0.000000000000000000e+00 0.000000000000000000e+00 0.000000000000000000e+00 0.000000000000000000e+00
0.000000000000000000e+00 0.000000000000000000e+00 0.000000000000000000e+00 0.000000000000000000e+00 0.000000000000000000e+00
0.000000000000000000e+00 0.000000000000000000e+00 0.000000000000000000e+00 0.000000000000000000e+00 0.000000000000000000e+00
0.000000000000000000e+00 0.000000000000000000e+00 0.000000000000000000e+00 0.000000000000000000e+00 0.000000000000000000e+00
0.000000000000000000e+00 0.000000000000000000e+00 0.000000000000000000e+00 0.000000000000000000e+00 0.000000000000000000e+00
0.000000000000000000e+00 0.000000000000000000e+00 0.000000000000000000e+00 0.000000000000000000e+00 0.000000000000000000e+00
0.000000000000000000e+00 0.000000000000000000e+00 0.000000000000000000e+00 0.000000000000000000e+00 0.000000000000000000e+00
0.000000000000000000e+00 0.000000000000000000e+00 0.000000000000000000e+00 0.000000000000000000e+00 0.000000000000000000e+00
0.000000000000000000e+00 0.000000000000000000e+00 0.000000000000000000e+00 0.000000000000000000e+00 0.000000000000000000e+00
0.000000000000000000e+00 0.000000000000000000e+00 0.000000000000000000e+00 0.000000000000000000e+00 0.000000000000000000e+00
0.000000000000000000e+00 0.000000000000000000e+00 0.000000000000000000e+00 0.000000000000000000e+00 0.000000000000000000e+00
0.000000000000000000e+00 0.000000000000000000e+00 0.000000000000000000e+00 0.000000000000000000e+00 0.000000000000000000e+00
0.000000000000000000e+00 0.000000000000000000e+00 0.000000000000000000e+00 0.000000000000000000e+00 0.000000000000000000e+00
0.000000000000000000e+00 0.000000000000000000e+00 0.000000000000000000e+00 0.000000000000000000e+00 0.000000000000000000e+00
0.000000000000000000e+00 0.000000000000000000e+00 0.000000000000000000e+00 0.000000000000000000e+00 0.000000000000000000e+00
0.000000000000000000e+00 0.000000000000000000e+00 0.000000000000000000e+00 0.000000000000000000e+00 0.000000000000000000e+00
0.000000000000000000e+00 0.000000000000000000e+00 0.000000000000000000e+00 0.000000000000000000e+00 0.000000000000000000e+00
0.000000000000000000e+00 0.000000000000000000e+00 0.000000000000000000e+00 0.000000000000000000e+00 0.000000000000000000e+00
0.000000000000000000e+00 0.000000000000000000e+00 0.000000000000000000e+00 0.000000000000000000e+00 0.000000000000000000e+00
0.000000000000000000e+00 0.000000000000000000e+00 0.000000000000000000e+00 0.000000000000000000e+00 0.000000000000000000e+00
0.000000000000000000e+00 0.000000000000000000e+00 0.000000000000000000e+00 0.000000000000000000e+00 0.000000000000000000e+00
0.000000000000000000e+00 0.000000000000000000e+00 0.000000000000000000e+00 0.000000000000000000e+00 0.000000000000000000e+00
0.000000000000000000e+00 0.000000000000000000e+00 0.000000000000000000e+00 0.000000000000000000e+00 0.000000000000000000e+00
0.000000000000000000e+00 0.000000000000000000e+00 0.000000000000000000e+00 0.000000000000000000e+00 0.000000000000000000e+00
0.000000000000000000e+00 0.000000000000000000e+00 0.000000000000000000e+00 0.000000000000000000e+00 0.000000000000000000e+00
0.000000000000000000e+00 0.000000000000000000e+00 0.000000000000000000e+00 0.000000000000000000e+00 0.000000000000000000e+00
0.000000000000000000e+00 0.000000000000000000e+00 0.000000000000000000e+00 0.000000000000000000e+00 0.000000000000000000e+00
0.000000000000000000e+00 0.000000000000000000e+00 0.000000000000000000e+00 0.000000000000000000e+00 0.000000000000000000e+00
0.000000000000000000e+00 0.000000000000000000e+00 0.000000000000000000e+00 0.000000000000000000e+00 0.000000000000000000e+00
0.000000000000000000e+00 0.000000000000000000e+00 0.000000000000000000e+00 0.000000000000000000e+00 0.000000000000000000e+00
0.000000000000000000e+00 0.000000000000000000e+00 0.000000000000000000e+00 0.000000000000000000e+00 0.000000000000000000e+00
0.000000000000000000e+00 0.000000000000000000e+00 0.000000000000000000e+00 0.000000000000000000e+00 0.000000000000000000e+00
0.000000000000000000e+00 0.000000000000000000e+00 0.000000000000000000e+00 0.000000000000000000e+00 0.000000000000000000e+00
0.000000000000000000e+00 0.000000000000000000e+00 0.000000000000000000e+00 0.000000000000000000e+00 0.000000000000000000e+00
0.000000000000000000e+00 0.000000000000000000e+00 0.000000000000000000e+00 0.000000000000000000e+00 0.000000000000000000e+00
0.000000000000000000e+00 0.000000000000000000e+00 0.000000000000000000e+00 0.000000000000000000e+00 0.000000000000000000e+00
0.000000000000000000e+00 0.000000000000000000e+00 0.000000000000000000e+00 0.000000000000000000e+00 0.000000000000000000e+00
0.000000000000000000e+00 0.000000000000000000e+00 0.000000000000000000e+00 0.000000000000000000e+00 0.000000000000000000e+00
0.000000000000000000e+00 0.000000000000000000e+00 0.000000000000000000e+00 0.000000000000000000e+00 0.000000000000000000e+00
0.000000000000000000e+00 0.000000000000000000e+00 0.000000000000000000e+00 0.000000000000000000e+00 0.000000000000000000e+00
0.000000000000000000e+00 0.000000000000000000e+00 0.000000000000000000e+00 0.000000000000000000e+00 0.000000000000000000e+00
0.000000000000000000e+00 0.000000000000000000e+00 0.000000000000000000e+00 0.000000000000000000e+00 0.000000000000000000e+00
0.000000000000000000e+00 0.000000000000000000e+00 0.000000000000000000e+00 0.000000000000000000e+00 0.000000000000000000e+00
0.000000000000000000e+00 0.000000000000000000e+00 0.000000000000000000e+00 0.000000000000000000e+00 0.000000000000000000e+00
0.000000000000000000e+00 0.000000000000000000e+00 0.000000000000000000e+00 0.000000000000000000e+00 0.000000000000000000e+00
0.000000000000000000e+00 0.000000000000000000e+00 0.000000000000000000e+00 0.000000000000000000e+00 0.000000000000000000e+00
0.000000000000000000e+00 0.000000000000000000e+00 0.000000000000000000e+00 0.000000000000000000e+00 0.000000000000000000e+00
0.000000000000000000e+00 0.000000000000000000e+00 0.000000000000000000e+00 0.000000000000000000e+00 0.000000000000000000e+00
0.000000000000000000e+00 0.000000000000000000e+00 0.000000000000000000e+00 0.000000000000000000e+00 0.000000000000000000e+00
0.000000000000000000e+00 0.000000000000000000e+00 0.000000000000000000e+00 0.000000000000000000e+00 0.000000000000000000e+00
0.000000000000000000e+00 0.000000000000000000e+00 0.000000000000000000e+00 0.000000000000000000e+00 0.000000000000000000e+00
0.000000000000000000e+00 0.000000000000000000e+00 0.000000000000000000e+00 0.000000000000000000e+00 0.000000000000000000e+00
0.000000000000000000e+00 0.000000000000000000e+00 0.000000000000000000e+00 0.000000000000000000e+00 0.000000000000000000e+00
0.000000000000000000e+00 0.000000000000000000e+00 0.000000000000000000e+00 0.000000000000000000e+00 0.000000000000000000e+00
0.000000000000000000e+00 0.000000000000000000e+00 0.000000000000000000e+00 0.000000000000000000e+00 0.000000000000000000e+00
0.000000000000000000e+00 0.000000000000000000e+00 0.000000000000000000e+00 0.000000000000000000e+00 0.000000000000000000e+00
0.000000000000000000e+00 0.000000000000000000e+00 0.000000000000000000e+00 0.000000000000000000e+00 0.000000000000000000e+00
0.000000000000000000e+00 0.000000000000000000e+00 0.000000000000000000e+00 0.000000000000000000e+00 0.000000000000000000e+00
0.000000000000000000e+00 0.000000000000000000e+00 0.000000000000000000e+00 0.000000000000000000e+00 0.000000000000000000e+00
0.000000000000000000e+00 0.000000000000000000e+00 0.000000000000000000e+00 0.000000000000000000e+00 0.000000000000000000e+00
0.000000000000000000e+00 0.000000000000000000e+00 0.000000000000000000e+00 0.000000000000000000e+00 0.000000000000000000e+00
0.000000000000000000e+00 0.000000000000000000e+00 0.000000000000000000e+00 0.000000000000000000e+00 0.000000000000000000e+00
0.000000000000000000e+00 0.000000000000000000e+00 0.000000000000000000e+00 0.000000000000000000e+00 0.000000000000000000e+00
0.000000000000000000e+00 0.000000000000000000e+00 0.000000000000000000e+00 0.000000000000000000e+00 0.000000000000000000e+00
0.000000000000000000e+00 0.000000000000000000e+00 0.000000000000000000e+00 0.000000000000000000e+00 0.000000000000000000e+00
0.000000000000000000e+00 0.000000000000000000e+00 0.000000000000000000e+00 0.000000000000000000e+00 0.000000000000000000e+00
0.000000000000000000e+00 0.000000000000000000e+00 0.000000000000000000e+00 0.000000000000000000e+00 0.000000000000000000e+00
0.000000000000000000e+00 0.000000000000000000e+00 0.000000000000000000e+00 0.000000000000000000e+00 0.000000000000000000e+00
0.000000000000000000e+00 0.000000000000000000e+00 0.000000000000000000e+00 0.000000000000000000e+00 0.000000000000000000e+00
0.000000000000000000e+00 0.000000000000000000e+00 0.000000000000000000e+00 0.000000000000000000e+00 0.000000000000000000e+00
0.000000000000000000e+00 0.000000000000000000e+00 0.000000000000000000e+00 0.000000000000000000e+00 0.000000000000000000e+00
0.000000000000000000e+00 0.000000000000000000e+00 0.000000000000000000e+00 0.000000000000000000e+00 0.000000000000000000e+00
0.000000000000000000e+00 0.000000000000000000e+00 0.000000000000000000e+00 0.000000000000000000e+00 0.000000000000000000e+00
0.000000000000000000e+00 0.000000000000000000e+00 0.000000000000000000e+00 0.000000000000000000e+00 0.000000000000000000e+00
0.000000000000000000e+00 0.000000000000000000e+00 0.000000000000000000e+00 0.000000000000000000e+00 0.000000000000000000e+00
0.000000000000000000e+00 0.000000000000000000e+00 0.000000000000000000e+00 0.000000000000000000e+00 0.000000000000000000e+00
0.000000000000000000e+00 0.000000000000000000e+00 0.000000000000000000e+00 0.000000000000000000e+00 0.000000000000000000e+00
0.000000000000000000e+00 0.000000000000000000e+00 0.000000000000000000e+00 0.000000000000000000e+00 0.000000000000000000e+00
0.000000000000000000e+00 0.000000000000000000e+00 0.000000000000000000e+00 0.000000000000000000e+00 0.000000000000000000e+00
0.000000000000000000e+00 0.000000000000000000e+00 0.000000000000000000e+00 0.000000000000000000e+00 0.000000000000000000e+00
0.000000000000000000e+00 0.000000000000000000e+00 0.000000000000000000e+00 0.000000000000000000e+00 0.000000000000000000e+00
0.000000000000000000e+00 0.000000000000000000e+00 0.000000000000000000e+00 0.000000000000000000e+00 0.000000000000000000e+00
0.000000000000000000e+00 0.000000000000000000e+00 0.000000000000000000e+00 0.000000000000000000e+00 0.000000000000000000e+00
0.000000000000000000e+00 0.000000000000000000e+00 0.000000000000000000e+00 0.000000000000000000e+00 0.000000000000000000e+00
0.000000000000000000e+00 0.000000000000000000e+00 0.000000000000000000e+00 0.000000000000000000e+00 0.000000000000000000e+00
0.000000000000000000e+00 0.000000000000000000e+00 0.000000000000000000e+00 0.000000000000000000e+00 0.000000000000000000e+00
0.000000000000000000e+00 0.000000000000000000e+00 0.000000000000000000e+00 0.000000000000000000e+00 0.000000000000000000e+00
0.000000000000000000e+00 0.000000000000000000e+00 0.000000000000000000e+00 0.000000000000000000e+00 0.000000000000000000e+00
0.000000000000000000e+00 0.000000000000000000e+00 0.000000000000000000e+00 0.000000000000000000e+00 0.000000000000000000e+00
0.000000000000000000e+00 0.000000000000000000e+00 0.000000000000000000e+00 0.000000000000000000e+00 0.000000000000000000e+00
0.000000000000000000e+00 0.000000000000000000e+00 0.000000000000000000e+00 0.000000000000000000e+00 0.000000000000000000e+00
0.000000000000000000e+00 0.000000000000000000e+00 0.000000000000000000e+00 0.000000000000000000e+00 0.000000000000000000e+00
0.000000000000000000e+00 0.000000000000000000e+00 0.000000000000000000e+00 0.000000000000000000e+00 0.000000000000000000e+00
0.000000000000000000e+00 0.000000000000000000e+00 0.000000000000000000e+00 0.000000000000000000e+00 0.000000000000000000e+00
0.000000000000000000e+00 0.000000000000000000e+00 0.000000000000000000e+00 0.000000000000000000e+00 0.000000000000000000e+00
0.000000000000000000e+00 0.000000000000000000e+00 0.000000000000000000e+00 0.000000000000000000e+00 0.000000000000000000e+00
0.000000000000000000e+00 0.000000000000000000e+00 0.000000000000000000e+00 0.000000000000000000e+00 0.000000000000000000e+00
0.000000000000000000e+00 0.000000000000000000e+00 0.000000000000000000e+00 0.000000000000000000e+00 0.000000000000000000e+00
0.000000000000000000e+00 0.000000000000000000e+00 0.000000000000000000e+00 0.000000000000000000e+00 0.000000000000000000e+00
0.000000000000000000e+00 0.000000000000000000e+00 0.000000000000000000e+00 0.000000000000000000e+00 0.000000000000000000e+00
0.000000000000000000e+00 0.000000000000000000e+00 0.000000000000000000e+00 0.000000000000000000e+00 0.000000000000000000e+00
0.000000000000000000e+00 0.000000000000000000e+00 0.000000000000000000e+00 0.000000000000000000e+00 0.000000000000000000e+00
0.000000000000000000e+00 0.000000000000000000e+00 1.750481570908611340e-01 1.345336125367452418e+01 1.338830419672988903e+01
0.000000000000000000e+00 0.000000000000000000e+00 0.000000000000000000e+00 1.081675920915896683e+01 1.474314279333686528e+01
0.000000000000000000e+00 0.000000000000000000e+00 0.000000000000000000e+00 6.997701045569829859e+00 1.449000156030679598e+01
0.000000000000000000e+00 0.000000000000000000e+00 0.000000000000000000e+00 2.769602834032261818e+00 1.292136528125836392e+01
1.169869713625729446e+00 0.000000000000000000e+00 0.000000000000000000e+00 0.000000000000000000e+00 1.050823868789543880e+01
4.565680030670559830e+00 0.000000000000000000e+00 0.000000000000000000e+00 0.000000000000000000e+00 7.682183164117590835e+00
7.217936752452946081e+00 0.000000000000000000e+00 0.000000000000000000e+00 0.000000000000000000e+00 4.786706514072892382e+00
9.135165151619160540e+00 0.000000000000000000e+00 0.000000000000000000e+00 0.000000000000000000e+00 1.979371525195170456e+00
1.035679492744733565e+01 6.617826280732486133e-01 0.000000000000000000e+00 0.000000000000000000e+00 0.000000000000000000e+00
1.090737300883215077e+01 3.177086962647585722e+00 0.000000000000000000e+00 0.000000000000000000e+00 0.000000000000000000e+00
1.082036201000813946e+01 5.378195747700507567e+00 0.000000000000000000e+00 0.000000000000000000e+00 0.000000000000000000e+00
1.013270000816834226e+01 7.138874152980925203e+00 0.000000000000000000e+00 0.000000000000000000e+00 0.000000000000000000e+00
8.898891897172378052e+00 8.366143391861674772e+00 0.000000000000000000e+00 0.000000000000000000e+00 0.000000000000000000e+00
7.206295276013551465e+00 9.012898717072706845e+00 1.778678326543365218e+00 0.000000000000000000e+00 0.000000000000000000e+00
5.209487397863855840e+00 9.072479763283503473e+00 3.867685262382646094e+00 0.000000000000000000e+00 0.000000000000000000e+00
3.081793905921152099e+00 8.571526356317429318e+00 5.519223076537520534e+00 0.000000000000000000e+00 0.000000000000000000e+00
9.733304963537734444e-01 7.573256914596093736e+00 6.644506596089068573e+00 0.000000000000000000e+00 0.000000000000000000e+00
0.000000000000000000e+00 6.175042283094746232e+00 7.218246453374028704e+00 1.043935546599404907e+00 0.000000000000000000e+00
0.000000000000000000e+00 4.512501355305292172e+00 7.272039843575963225e+00 2.769092903244625425e+00 0.000000000000000000e+00
0.000000000000000000e+00 2.733464914492092390e+00 6.868872098182221109e+00 4.148009318900178322e+00 0.000000000000000000e+00
0.000000000000000000e+00 9.633167548623396970e-01 6.078685587249164968e+00 5.123358134417524745e+00 0.000000000000000000e+00
0.000000000000000000e+00 0.000000000000000000e+00 4.977508706778003500e+00 5.672026788261149477e+00 7.276810358719851823e-01
0.000000000000000000e+00 0.000000000000000000e+00 3.660982484683401150e+00 5.806843104288387458e+00 2.200873920567594677e+00
0.000000000000000000e+00 0.000000000000000000e+00 2.239353038170636356e+00 5.567107911337577875e+00 3.394619781527990376e+00
0.000000000000000000e+00 0.000000000000000000e+00 8.129060488590553746e-01 5.002368788802567856e+00 4.256800875291019359e+00
0.000000000000000000e+00 0.000000000000000000e+00 0.000000000000000000e+00 4.170528267307190617e+00 4.762566155626369202e+00
0.000000000000000000e+00 0.000000000000000000e+00 0.000000000000000000e+00 3.136549576972043063e+00 4.918064718963218063e+00
0.000000000000000000e+00 0.000000000000000000e+00 0.000000000000000000e+00 1.969507827687080992e+00 4.755544632319430143e+00
0.000000000000000000e+00 0.000000000000000000e+00 0.000000000000000000e+00 7.423071842816749699e-01 4.312952641374671714e+00
4.812050208462111400e-01 0.000000000000000000e+00 0.000000000000000000e+00 0.000000000000000000e+00 3.629814319208932716e+00
1.615307083496643870e+00 0.000000000000000000e+00 0.000000000000000000e+00 0.000000000000000000e+00 2.757093441091283736e+00
2.592310736375948110e+00 0.000000000000000000e+00 0.000000000000000000e+00 0.000000000000000000e+00 1.760835804135807203e+00
3.358416252253743739e+00 0.000000000000000000e+00 0.000000000000000000e+00 0.000000000000000000e+00 7.083335330102668026e-01
3.877627089845341768e+00 3.344162630133586389e-01 0.000000000000000000e+00 0.000000000000000000e+00 0.000000000000000000e+00
4.132730726889787931e+00 1.320049846206985844e+00 0.000000000000000000e+00 0.000000000000000000e+00 0.000000000000000000e+00
4.124680159733999929e+00 2.180714732728042726e+00 0.000000000000000000e+00 0.000000000000000000e+00 0.000000000000000000e+00
3.866690011757480061e+00 2.868245341955027339e+00 0.000000000000000000e+00 0.000000000000000000e+00 0.000000000000000000e+00
3.383401241797494130e+00 3.347583578400570303e+00 0.000000000000000000e+00 0.000000000000000000e+00 0.000000000000000000e+00
2.711747248624041262e+00 3.598143701210226197e+00 8.823163246232710311e-01 0.000000000000000000e+00 0.000000000000000000e+00
1.911937874667391624e+00 3.609084764879803675e+00 1.703063389382651671e+00 0.000000000000000000e+00 0.000000000000000000e+00
1.051552748367996726e+00 3.387120588125440701e+00 2.348162347986384457e+00 0.000000000000000000e+00 0.000000000000000000e+00
1.937154999219676821e-01 2.959692354816909177e+00 2.782026031575111968e+00 0.000000000000000000e+00 0.000000000000000000e+00
0.000000000000000000e+00 2.370103377599027450e+00 2.993448092581129316e+00 6.275022544081421128e-01 0.000000000000000000e+00
0.000000000000000000e+00 1.673898201572666888e+00 2.991315842643266887e+00 1.322700186674887757e+00 0.000000000000000000e+00
0.000000000000000000e+00 9.280809255739419505e-01 2.796315111326056702e+00 1.872078979988372360e+00 0.000000000000000000e+00
0.000000000000000000e+00 1.846594949395718166e-01 2.436520278588752308e+00 2.251665712568006406e+00 0.000000000000000000e+00
0.000000000000000000e+00 0.000000000000000000e+00 1.946589592899427901e+00 2.451017462630168620e+00 5.237101447725612813e-01
0.000000000000000000e+00 0.000000000000000000e+00 1.369600007324988322e+00 2.474025885458152274e+00 1.130644156812819157e+00
0.000000000000000000e+00 0.000000000000000000e+00 7.513533021519313015e-01 2.335074763420271537e+00 1.612404714272626771e+00
0.000000000000000000e+00 0.000000000000000000e+00 1.350569688263384416e-01 2.055931299255497890e+00 1.947580363444882501e+00
0.000000000000000000e+00 0.000000000000000000e+00 0.000000000000000000e+00 1.664561356186447183e+00 2.126467658794562343e+00
0.000000000000000000e+00 0.000000000000000000e+00 0.000000000000000000e+00 1.190080217534468465e+00 2.154354169581569334e+00
0.000000000000000000e+00 0.000000000000000000e+00 0.000000000000000000e+00 6.630410524642182946e-01 2.044488212452055809e+00
0.000000000000000000e+00 0.000000000000000000e+00 0.000000000000000000e+00 1.162916484536654499e-01 1.812485108559420910e+00
4.217402416894573403e-01 0.000000000000000000e+00 0.000000000000000000e+00 0.000000000000000000e+00 1.476766824981519344e+00
9.083806216607627215e-01 0.000000000000000000e+00 0.000000000000000000e+00 0.000000000000000000e+00 1.062374965127775406e+00
1.316570962570974057e+00 0.000000000000000000e+00 0.000000000000000000e+00 0.000000000000000000e+00 5.989139637586402554e-01
1.623839383527118541e+00 0.000000000000000000e+00 0.000000000000000000e+00 0.000000000000000000e+00 1.171139500358273772e-01
1.815454253659634087e+00 3.528467783588671858e-01 0.000000000000000000e+00 0.000000000000000000e+00 0.000000000000000000e+00
1.885398900103644637e+00 7.837961908026047642e-01 0.000000000000000000e+00 0.000000000000000000e+00 0.000000000000000000e+00
1.835076025125925048e+00 1.147729557122289412e+00 0.000000000000000000e+00 0.000000000000000000e+00 0.000000000000000000e+00
1.672305160550821457e+00 1.424514356638607815e+00 0.000000000000000000e+00 0.000000000000000000e+00 0.000000000000000000e+00
1.411091081478983877e+00 1.600404946664209183e+00 1.852280805819821741e-01 0.000000000000000000e+00 0.000000000000000000e+00
1.073410375704325403e+00 1.667254614334263252e+00 5.946388679003800082e-01 0.000000000000000000e+00 0.000000000000000000e+00
6.887276261307753167e-01 1.622960874051882163e+00 9.386030922333896687e-01 0.000000000000000000e+00 0.000000000000000000e+00
2.878718221293476986e-01 1.474915504654320975e+00 1.193480662359751587e+00 0.000000000000000000e+00 0.000000000000000000e+00
0.000000000000000000e+00 1.239671848787657460e+00 1.347637647927792726e+00 1.098220516123112195e-01 0.000000000000000000e+00
0.000000000000000000e+00 9.401194036838984580e-01 1.399508104119690843e+00 4.619120597235379377e-01 0.000000000000000000e+00
0.000000000000000000e+00 6.022430043637453378e-01 1.355132179461510100e+00 7.550961063571810516e-01 0.000000000000000000e+00
0.000000000000000000e+00 2.515701516407182758e-01 1.225482443999664106e+00 9.745836854586097386e-01 0.000000000000000000e+00
0.000000000000000000e+00 0.000000000000000000e+00 1.025366102093596465e+00 1.111860989504304786e+00 9.374290327992752803e-02
0.000000000000000000e+00 0.000000000000000000e+00 7.730773275590787641e-01 1.164658737022818524e+00 4.027150373327930688e-01
0.000000000000000000e+00 0.000000000000000000e+00 4.895403748851993031e-01 1.136707254152973023e+00 6.603344704225596606e-01
0.000000000000000000e+00 0.000000000000000000e+00 1.959092669572347067e-01 1.036326308604174296e+00 8.534754952897052327e-01
0.000000000000000000e+00 0.000000000000000000e+00 0.000000000000000000e+00 8.754771443766011796e-01 9.745601876017313536e-01
0.000000000000000000e+00 0.000000000000000000e+00 0.000000000000000000e+00 6.681198390994739222e-01 1.022136749401137301e+00
0.000000000000000000e+00 0.000000000000000000e+00 0.000000000000000000e+00 4.282786360032405093e-01 1.000706197896813698e+00
0.000000000000000000e+00 0.000000000000000000e+00 0.000000000000000000e+00 1.710017287366941974e-01 9.170684466068376173e-01
8.959674105441889358e-02 0.000000000000000000e+00 0.000000000000000000e+00 0.000000000000000000e+00 7.792595720711633644e-01
3.340829288310723233e-01 0.000000000000000000e+00 0.000000000000000000e+00 0.000000000000000000e+00 5.975396214307036047e-01
5.475960169220762674e-01 0.000000000000000000e+00 0.000000000000000000e+00 0.000000000000000000e+00 3.849429215198661991e-01
7.176138687728330634e-01 0.000000000000000000e+00 0.000000000000000000e+00 0.000000000000000000e+00 1.560777224755816039e-01
8.351624327091362598e-01 7.367203458706325647e-02 0.000000000000000000e+00 0.000000000000000000e+00 0.000000000000000000e+00
8.951287669227886434e-01 2.913439790247696060e-01 0.000000000000000000e+00 0.000000000000000000e+00 0.000000000000000000e+00
8.963141624502628524e-01 4.819192841766892221e-01 0.000000000000000000e+00 0.000000000000000000e+00 0.000000000000000000e+00
8.409969874840874660e-01 6.343541958717201501e-01 0.000000000000000000e+00 0.000000000000000000e+00 0.000000000000000000e+00
7.346746591692725481e-01 7.405711886179713321e-01 3.017030386976605680e-03 0.000000000000000000e+00 0.000000000000000000e+00
5.858220436662326946e-01 7.956901786069178195e-01 2.094817527065712948e-01 0.000000000000000000e+00 0.000000000000000000e+00
4.077411904482488025e-01 7.967621158551735361e-01 3.906022240953352931e-01 0.000000000000000000e+00 0.000000000000000000e+00
2.155115071456390474e-01 7.452149784170055691e-01 5.324992891694514396e-01 0.000000000000000000e+00 0.000000000000000000e+00
2.358453998155017953e-02 6.475228758187567824e-01 6.272804118859506284e-01 0.000000000000000000e+00 0.000000000000000000e+00
0.000000000000000000e+00 5.137969177288893574e-01 6.724112722229859118e-01 1.598560101602422567e-01 0.000000000000000000e+00
0.000000000000000000e+00 3.562236329935745682e-01 6.693649008124430422e-01 3.143960374062002017e-01 0.000000000000000000e+00
0.000000000000000000e+00 1.872797739179633270e-01 6.224056545188245693e-01 4.358012357154939509e-01 0.000000000000000000e+00
0.000000000000000000e+00 1.885378277576463604e-02 5.379649966930701854e-01 5.186758853733069996e-01 0.000000000000000000e+00
0.000000000000000000e+00 0.000000000000000000e+00 4.242767469004637415e-01 5.606073683153944831e-01 1.411920217750980144e-01
0.000000000000000000e+00 0.000000000000000000e+00 2.911353259026407403e-01 5.621688680835077445e-01 2.772299590583295337e-01
0.000000000000000000e+00 0.000000000000000000e+00 1.488667711829914919e-01 5.264726157748272906e-01 3.840982983714023025e-01
0.000000000000000000e+00 0.000000000000000000e+00 7.504770310934928863e-03 4.586923881198345376e-01 4.570063479811239948e-01
0.000000000000000000e+00 0.000000000000000000e+00 0.000000000000000000e+00 3.656301161607449779e-01 4.938322841766657478e-01
0.000000000000000000e+00 0.000000000000000000e+00 0.000000000000000000e+00 2.539527766767644135e-01 4.959695419554855378e-01
0.000000000000000000e+00 0.000000000000000000e+00 0.000000000000000000e+00 1.306996590997537011e-01 4.663947511189808215e-01
0.000000000000000000e+00 0.000000000000000000e+00 0.000000000000000000e+00 3.612009859830861251e-03 4.086879017407040182e-01
1.205772332776984118e-01 0.000000000000000000e+00 0.000000000000000000e+00 0.000000000000000000e+00 3.272968242868766753e-01
2.315934043192798275e-01 0.000000000000000000e+00 0.000000000000000000e+00 0.000000000000000000e+00 2.280999592486357974e-01
3.234671201155929765e-01 0.000000000000000000e+00 0.000000000000000000e+00 0.000000000000000000e+00 1.180193213373850747e-01
3.911102126848046701e-01 0.000000000000000000e+00 0.000000000000000000e+00 0.000000000000000000e+00 4.428668900673742373e-03
4.312273948627757814e-01 1.054334664725860710e-01 0.000000000000000000e+00 0.000000000000000000e+00 0.000000000000000000e+00
4.424765341112454897e-01 2.046429964731836249e-01 0.000000000000000000e+00 0.000000000000000000e+00 0.000000000000000000e+00
4.253087197410019282e-01 2.869396436409798468e-01 0.000000000000000000e+00 0.000000000000000000e+00 0.000000000000000000e+00
3.818384643034943293e-01 3.477868181800266578e-01 0.000000000000000000e+00 0.000000000000000000e+00 0.000000000000000000e+00
3.157130836574343902e-01 3.841899912165815945e-01 6.789932701921100322e-02 0.000000000000000000e+00 0.000000000000000000e+00
2.326699574867224785e-01 3.942987433791864671e-01 1.621101201118485269e-01 0.000000000000000000e+00 0.000000000000000000e+00
1.398696917646067295e-01 3.780149042382808244e-01 2.393372524223041919e-01 0.000000000000000000e+00 0.000000000000000000e+00
4.461018335632029042e-02 3.376590691730020910e-01 2.946057922936194395e-01 0.000000000000000000e+00 0.000000000000000000e+00
0.000000000000000000e+00 2.776264729581491841e-01 3.257051547601313990e-01 4.864753880404248942e-02 0.000000000000000000e+00
0.000000000000000000e+00 2.035953073578811445e-01 3.326171471148414160e-01 1.296590858756103970e-01 0.000000000000000000e+00
0.000000000000000000e+00 1.216837288597734656e-01 3.169406958600564095e-01 1.956985306388266121e-01 0.000000000000000000e+00
0.000000000000000000e+00 3.789860015394586057e-02 2.814834594096068399e-01 2.435551402721467529e-01 0.000000000000000000e+00
0.000000000000000000e+00 0.000000000000000000e+00 2.300327715984137600e-01 2.714935601747765492e-01 4.353313039231066633e-02
0.000000000000000000e+00 0.000000000000000000e+00 1.671820108479474820e-01 2.792405710227216509e-01 1.149272189303154196e-01
0.000000000000000000e+00 0.000000000000000000e+00 9.796208749282105110e-02 2.678803716585653749e-01 1.731061324792442235e-01
0.000000000000000000e+00 0.000000000000000000e+00 2.742194491527313524e-02 2.396269138426635747e-01 2.152143298573336028e-01
0.000000000000000000e+00 0.000000000000000000e+00 0.000000000000000000e+00 1.975959796618429465e-01 2.397242811371557980e-01
0.000000000000000000e+00 0.000000000000000000e+00 0.000000000000000000e+00 1.451423102019739619e-01 2.467009299007835998e-01
0.000000000000000000e+00 0.000000000000000000e+00 0.000000000000000000e+00 8.569615571166044887e-02 2.373524795124826170e-01
0.000000000000000000e+00 0.000000000000000000e+00 0.000000000000000000e+00 2.299316499269777117e-02 2.133568211849818652e-01
3.956016350764791911e-02 0.000000000000000000e+00 0.000000000000000000e+00 0.000000000000000000e+00 1.767817630837580922e-01
9.702553860423011878e-02 0.000000000000000000e+00 0.000000000000000000e+00 0.000000000000000000e+00 1.303026621679296004e-01
1.460907646129058768e-01 0.000000000000000000e+00 0.000000000000000000e+00 0.000000000000000000e+00 7.718243526430923485e-02
1.839309919210986299e-01 0.000000000000000000e+00 0.000000000000000000e+00 0.000000000000000000e+00 2.103120326176705426e-02
2.085877714274778361e-01 3.444093432016454709e-02 0.000000000000000000e+00 0.000000000000000000e+00 0.000000000000000000e+00
2.190440252785059716e-01 8.585835821159082393e-02 0.000000000000000000e+00 0.000000000000000000e+00 0.000000000000000000e+00
2.152076185044254075e-01 1.298094141948028524e-01 0.000000000000000000e+00 0.000000000000000000e+00 0.000000000000000000e+00
1.978516800083338911e-01 1.637873658515298925e-01 0.000000000000000000e+00 0.000000000000000000e+00 0.000000000000000000e+00
1.685469825252566278e-01 1.860335968881682012e-01 1.700247765957900795e-02 0.000000000000000000e+00 0.000000000000000000e+00
1.297527225929838990e-01 1.954679654856798787e-01 6.579603539009529212e-02 0.000000000000000000e+00 0.000000000000000000e+00
8.487045201567383623e-02 1.916783940554081522e-01 1.073010839235012531e-01 0.000000000000000000e+00 0.000000000000000000e+00
3.756974610064858083e-02 1.754023626661926349e-01 1.385592143755109140e-01 0.000000000000000000e+00 0.000000000000000000e+00
0.000000000000000000e+00 1.485270993294623698e-01 1.580328767990161476e-01 9.761621199750313352e-03 0.000000000000000000e+00
0.000000000000000000e+00 1.137148157478810179e-01 1.653814449668546127e-01 5.198932224430649618e-02 0.000000000000000000e+00
0.000000000000000000e+00 7.396940690478488734e-02 1.611633926379841819e-01 8.746593045350721518e-02 0.000000000000000000e+00
0.000000000000000000e+00 3.231036326133184672e-02 1.465887079908234913e-01 1.143557063700787885e-01 0.000000000000000000e+00
0.000000000000000000e+00 0.000000000000000000e+00 1.233899921435945291e-01 1.315520944209313814e-01 9.028304030247633408e-03
0.000000000000000000e+00 0.000000000000000000e+00 9.373057572588024133e-02 1.386708123777300738e-01 4.626664959971343166e-02
0.000000000000000000e+00 0.000000000000000000e+00 6.006187069565501607e-02 1.360359965863589815e-01 7.754192181689936736e-02
0.000000000000000000e+00 0.000000000000000000e+00 2.491129163400261637e-02 1.245745668908272152e-01 1.012173361106156605e-01
0.000000000000000000e+00 0.000000000000000000e+00 0.000000000000000000e+00 1.057030964828692271e-01 1.163154175313454997e-01
0.000000000000000000e+00 0.000000000000000000e+00 0.000000000000000000e+00 8.111025801568147453e-02 1.225780423669683011e-01
0.000000000000000000e+00 0.000000000000000000e+00 0.000000000000000000e+00 5.246706511576568199e-02 1.204785657609203087e-01
0.000000000000000000e+00 0.000000000000000000e+00 0.000000000000000000e+00 2.157084585989896275e-02 1.108000025883797007e-01
9.865811059236992420e-03 0.000000000000000000e+00 0.000000000000000000e+00 0.000000000000000000e+00 9.449768833936539325e-02
3.946987527728233053e-02 0.000000000000000000e+00 0.000000000000000000e+00 0.000000000000000000e+00 7.278983892859212934e-02
6.543459951743986480e-02 0.000000000000000000e+00 0.000000000000000000e+00 0.000000000000000000e+00 4.721115574302160028e-02
8.622140407947975760e-02 0.000000000000000000e+00 0.000000000000000000e+00 0.000000000000000000e+00 1.951917289597037905e-02
1.007090655546421382e-01 8.400589015490733669e-03 0.000000000000000000e+00 0.000000000000000000e+00 0.000000000000000000e+00
1.082319431719805936e-01 3.490798573380739928e-02 0.000000000000000000e+00 0.000000000000000000e+00 0.000000000000000000e+00
1.085941753436612256e-01 5.816756526267127803e-02 0.000000000000000000e+00 0.000000000000000000e+00 0.000000000000000000e+00
1.020436882926667316e-01 7.681692796833834713e-02 0.000000000000000000e+00 0.000000000000000000e+00 0.000000000000000000e+00
8.924039359492434709e-02 8.985524762646091013e-02 2.777266224680826701e-04 0.000000000000000000e+00 0.000000000000000000e+00
7.121374555012208174e-02 9.667177688398954916e-02 2.542064903896519568e-02 0.000000000000000000e+00 0.000000000000000000e+00
4.957261716196122159e-02 9.688599417582652307e-02 4.751005793131238969e-02 0.000000000000000000e+00 0.000000000000000000e+00
2.615398070152734691e-02 9.065985943222350241e-02 6.484434543310860222e-02 0.000000000000000000e+00 0.000000000000000000e+00
2.733292536951555714e-03 7.878246641810246476e-02 7.644892733125571715e-02 0.000000000000000000e+00 0.000000000000000000e+00
0.000000000000000000e+00 6.249334562446869079e-02 8.200285901240259023e-02 1.966906909048765986e-02 0.000000000000000000e+00
0.000000000000000000e+00 4.326599575821701849e-02 8.166106012613029430e-02 3.855030340948293471e-02 0.000000000000000000e+00
0.000000000000000000e+00 2.261475176710696020e-02 7.592827733015834746e-02 5.339185716453567765e-02 0.000000000000000000e+00
0.000000000000000000e+00 2.000699204608571719e-03 6.559043731920669029e-02 6.352757715120556370e-02 0.000000000000000000e+00
0.000000000000000000e+00 0.000000000000000000e+00 5.166350655928842600e-02 6.865426885227025877e-02 1.759509080227308550e-02
0.000000000000000000e+00 0.000000000000000000e+00 3.534082633293510883e-02 6.882484366447112756e-02 3.424656871081784709e-02
0.000000000000000000e+00 0.000000000000000000e+00 1.788365078151667870e-02 6.441112565648367261e-02 4.732080791137199816e-02
0.000000000000000000e+00 0.000000000000000000e+00 5.295572776997277409e-04 5.605031847819668539e-02 5.622704827494686558e-02
0.000000000000000000e+00 0.000000000000000000e+00 0.000000000000000000e+00 4.458609865793886073e-02 6.070177639158128025e-02
0.000000000000000000e+00 0.000000000000000000e+00 0.000000000000000000e+00 3.083523197571517646e-02 6.091217884655264481e-02
0.000000000000000000e+00 0.000000000000000000e+00 0.000000000000000000e+00 1.566164882958611185e-02 5.721896426099371685e-02
7.696249421460244205e-05 0.000000000000000000e+00 0.000000000000000000e+00 2.135632128984453549e-05 5.006160139199508641e-02
1.524921733961805310e-02 0.000000000000000000e+00 0.000000000000000000e+00 0.000000000000000000e+00 3.999276882728416971e-02
2.888081135650069284e-02 0.000000000000000000e+00 0.000000000000000000e+00 0.000000000000000000e+00 2.773141301011572413e-02
4.014441618343261853e-02 0.000000000000000000e+00 0.000000000000000000e+00 0.000000000000000000e+00 1.412841007570914652e-02
4.841307815857950198e-02 0.000000000000000000e+00 0.000000000000000000e+00 0.000000000000000000e+00 9.949678646131753564e-05
5.328009813246395443e-02 1.345416047168283662e-02 0.000000000000000000e+00 0.000000000000000000e+00 0.000000000000000000e+00
5.457582687328636079e-02 2.566461399581044037e-02 0.000000000000000000e+00 0.000000000000000000e+00 0.000000000000000000e+00
5.235586491355786326e-02 3.576454395007799131e-02 0.000000000000000000e+00 0.000000000000000000e+00 0.000000000000000000e+00
4.688687029216339480e-02 4.319614139520784601e-02 0.000000000000000000e+00 0.000000000000000000e+00 0.000000000000000000e+00
3.862710584205887587e-02 4.759305046518800403e-02 8.903637988139955980e-03 0.000000000000000000e+00 0.000000000000000000e+00
2.829633091150623309e-02 4.872628218025333580e-02 2.049600611196399427e-02 0.000000000000000000e+00 0.000000000000000000e+00
1.678414194215179303e-02 4.659166546409511389e-02 2.995802219869930089e-02 0.000000000000000000e+00 0.000000000000000000e+00
4.994445097168391523e-03 4.148884261504381249e-02 3.668689083018837616e-02 0.000000000000000000e+00 0.000000000000000000e+00
0.000000000000000000e+00 3.397241982675575783e-02 4.042004395293271463e-02 6.521415613651176772e-03 0.000000000000000000e+00
0.000000000000000000e+00 2.474870991482247887e-02 4.116036593176929104e-02 1.649143450529808042e-02 0.000000000000000000e+00
0.000000000000000000e+00 1.457313273890863299e-02 3.910825508174679138e-02 2.458753974586324123e-02 0.000000000000000000e+00
0.000000000000000000e+00 4.189047815818781884e-03 3.461609671178379061e-02 3.041842201028344475e-02 0.000000000000000000e+00
0.000000000000000000e+00 0.000000000000000000e+00 2.815965069601138182e-02 3.377490534152204071e-02 5.880199245881952835e-03
0.000000000000000000e+00 0.000000000000000000e+00 2.031214455016394638e-02 3.462716701975027817e-02 1.467532494501793718e-02
0.000000000000000000e+00 0.000000000000000000e+00 1.169759255811003359e-02 3.311321473848762714e-02 2.181138530569717154e-02
0.000000000000000000e+00 0.000000000000000000e+00 2.942669303860903640e-03 2.951304027507482830e-02 2.694031290582868388e-02
0.000000000000000000e+00 0.000000000000000000e+00 0.000000000000000000e+00 2.421953795730169903e-02 2.987868940394257725e-02
0.000000000000000000e+00 0.000000000000000000e+00 0.000000000000000000e+00 1.764876095182997887e-02 3.064309215666125713e-02
0.000000000000000000e+00 0.000000000000000000e+00 0.000000000000000000e+00 1.022764333758172280e-02 2.938588149053768597e-02
0.000000000000000000e+00 0.000000000000000000e+00 0.000000000000000000e+00 2.423000111464813748e-03 2.631642110140593183e-02
5.341138061258675698e-03 0.000000000000000000e+00 0.000000000000000000e+00 0.000000000000000000e+00 2.169496201348310865e-02
1.244535421229240289e-02 0.000000000000000000e+00 0.000000000000000000e+00 0.000000000000000000e+00 1.585764877421490249e-02
1.848446642152169750e-02 0.000000000000000000e+00 0.000000000000000000e+00 0.000000000000000000e+00 9.212503284025751193e-03
2.311172960725267275e-02 0.000000000000000000e+00 0.000000000000000000e+00 0.000000000000000000e+00 2.210921697152310947e-03
2.608828119165714637e-02 4.685058514970347372e-03 0.000000000000000000e+00 0.000000000000000000e+00 0.000000000000000000e+00
2.729190048008364733e-02 1.104937760892094230e-02 0.000000000000000000e+00 0.000000000000000000e+00 0.000000000000000000e+00
2.671553450418456127e-02 1.646309345845137564e-02 0.000000000000000000e+00 0.000000000000000000e+00 0.000000000000000000e+00
2.446085292880560355e-02 2.061829334002667630e-02 0.000000000000000000e+00 0.000000000000000000e+00 0.000000000000000000e+00
2.072925262521083459e-02 2.330083749657496650e-02 2.516826888717070207e-03 0.000000000000000000e+00 0.000000000000000000e+00
1.583642266149954542e-02 2.437842820836075286e-02 8.556433774677407733e-03 0.000000000000000000e+00 0.000000000000000000e+00
1.020998484712930601e-02 2.380719737610974274e-02 1.366121663492966994e-02 0.000000000000000000e+00 0.000000000000000000e+00
4.307167765850464410e-03 2.168874827927980836e-02 1.747301594453120818e-02 0.000000000000000000e+00 0.000000000000000000e+00
0.000000000000000000e+00 1.826596509483427444e-02 1.980969234041602550e-02 1.577085992715860242e-03 0.000000000000000000e+00
0.000000000000000000e+00 1.387488210229555555e-02 2.063547035299342219e-02 6.801127297935355767e-03 0.000000000000000000e+00
0.000000000000000000e+00 8.890260327040508045e-03 2.002410788358510718e-02 1.116646683227117895e-02 0.000000000000000000e+00
0.000000000000000000e+00 3.688036391912418322e-03 1.813046563194035607e-02 1.444937760951251447e-02 0.000000000000000000e+00
0.000000000000000000e+00 0.000000000000000000e+00 1.517483078528635357e-02 1.651702812637495174e-02 1.455208544075532393e-03
0.000000000000000000e+00 0.000000000000000000e+00 1.143059441956931037e-02 1.732650442388162029e-02 6.064500872735981152e-03
0.000000000000000000e+00 0.000000000000000000e+00 7.204714951147216627e-03 1.692238490276588500e-02 9.913998558183947235e-03
0.000000000000000000e+00 0.000000000000000000e+00 2.812619448060606122e-03 1.542439949687079460e-02 1.280419961472387819e-02
0.000000000000000000e+00 0.000000000000000000e+00 0.000000000000000000e+00 1.301324916928764223e-02 1.461796472507825330e-02
0.000000000000000000e+00 0.000000000000000000e+00 0.000000000000000000e+00 9.899719294640873732e-03 1.532989885123637805e-02
0.000000000000000000e+00 0.000000000000000000e+00 0.000000000000000000e+00 6.293561694469381775e-03 1.500169457073674377e-02
0.000000000000000000e+00 0.000000000000000000e+00 0.000000000000000000e+00 2.421170511656903744e-03 1.373220195657792742e-02
1.503434651033386813e-03 0.000000000000000000e+00 0.000000000000000000e+00 0.000000000000000000e+00 1.164288719577128740e-02
5.180375162088516304e-03 0.000000000000000000e+00 0.000000000000000000e+00 0.000000000000000000e+00 8.889053113964215727e-03
8.387936217878710216e-03 0.000000000000000000e+00 0.000000000000000000e+00 0.000000000000000000e+00 5.664650612214551864e-03
1.093695340079811791e-02 0.000000000000000000e+00 0.000000000000000000e+00 0.000000000000000000e+00 2.190702756114398190e-03
1.269069875384913788e-02 1.297407738463976371e-03 0.000000000000000000e+00 0.000000000000000000e+00 0.000000000000000000e+00
1.356958816637182132e-02 4.591918464327419784e-03 0.000000000000000000e+00 0.000000000000000000e+00 0.000000000000000000e+00
1.355255716195097847e-02 7.466746818719252783e-03 0.000000000000000000e+00 0.000000000000000000e+00 0.000000000000000000e+00
1.267415785677687354e-02 9.754215408601248430e-03 0.000000000000000000e+00 0.000000000000000000e+00 0.000000000000000000e+00
1.102047544055223365e-02 1.133226888987026899e-02 2.726179500532063620e-04 0.000000000000000000e+00 0.000000000000000000e+00
8.726109987983612579e-03 1.212618919704509107e-02 3.397839945001760592e-03 0.000000000000000000e+00 0.000000000000000000e+00
5.994924668253541478e-03 1.209305337616103405e-02 6.124265456017283227e-03 0.000000000000000000e+00 0.000000000000000000e+00
3.056821949823156689e-03 1.125896663942382511e-02 8.245181666437643650e-03 0.000000000000000000e+00 0.000000000000000000e+00
1.329428621302492593e-04 9.727229876383624088e-03 9.644354487947847873e-03 0.000000000000000000e+00 0.000000000000000000e+00
0.000000000000000000e+00 7.655556504396145504e-03 1.028576810328935692e-02 2.650576418147640185e-03 0.000000000000000000e+00
