0.000000000000000000e+00 0.000000000000000000e+00 0.000000000000000000e+00 0.000000000000000000e+00 0.000000000000000000e+00
0.000000000000000000e+00 0.000000000000000000e+00 0.000000000000000000e+00 0.000000000000000000e+00 0.000000000000000000e+00
0.000000000000000000e+00 0.000000000000000000e+00 0.000000000000000000e+00 0.000000000000000000e+00 0.000000000000000000e+00
0.000000000000000000e+00 0.000000000000000000e+00 0.000000000000000000e+00 0.000000000000000000e+00 0.000000000000000000e+00
0.000000000000000000e+00 0.000000000000000000e+00 0.000000000000000000e+00 0.000000000000000000e+00 0.000000000000000000e+00
0.000000000000000000e+00 0.000000000000000000e+00 0.000000000000000000e+00 0.000000000000000000e+00 0.000000000000000000e+00
0.000000000000000000e+00 0.000000000000000000e+00 0.000000000000000000e+00 0.000000000000000000e+00 0.000000000000000000e+00
0.000000000000000000e+00 0.000000000000000000e+00 0.000000000000000000e+00 0.000000000000000000e+00 0.000000000000000000e+00
0.000000000000000000e+00 0.000000000000000000e+00 0.000000000000000000e+00 0.000000000000000000e+00 0.000000000000000000e+00
0.000000000000000000e+00 0.000000000000000000e+00 0.000000000000000000e+00 0.000000000000000000e+00 0.000000000000000000e+00
0.000000000000000000e+00 0.000000000000000000e+00 0.000000000000000000e+00 0.000000000000000000e+00 0.000000000000000000e+00
0.000000000000000000e+00 0.000000000000000000e+00 0.000000000000000000e+00 0.000000000000000000e+00 0.000000000000000000e+00
0.000000000000000000e+00 0.000000000000000000e+00 0.000000000000000000e+00 0.000000000000000000e+00 0.000000000000000000e+00
0.000000000000000000e+00 0.000000000000000000e+00 0.000000000000000000e+00 0.000000000000000000e+00 0.000000000000000000e+00
0.000000000000000000e+00 0.000000000000000000e+00 0.000000000000000000e+00 0.000000000000000000e+00 0.000000000000000000e+00
0.000000000000000000e+00 0.000000000000000000e+00 0.000000000000000000e+00 0.000000000000000000e+00 0.000000000000000000e+00
0.000000000000000000e+00 0.000000000000000000e+00 0.000000000000000000e+00 0.000000000000000000e+00 0.000000000000000000e+00
0.000000000000000000e+00 0.000000000000000000e+00 0.000000000000000000e+00 0.000000000000000000e+00 0.000000000000000000e+00
0.000000000000000000e+00 0.000000000000000000e+00 0.000000000000000000e+00 0.000000000000000000e+00 0.000000000000000000e+00
0.000000000000000000e+00 0.000000000000000000e+00 0.000000000000000000e+00 0.000000000000000000e+00 0.000000000000000000e+00
0.000000000000000000e+00 0.000000000000000000e+00 0.000000000000000000e+00 0.000000000000000000e+00 0.000000000000000000e+00
0.000000000000000000e+00 0.000000000000000000e+00 0.000000000000000000e+00 0.000000000000000000e+00 0.000000000000000000e+00
0.000000000000000000e+00 0.000000000000000000e+00 0.000000000000000000e+00 0.000000000000000000e+00 0.000000000000000000e+00
0.000000000000000000e+00 0.000000000000000000e+00 0.000000000000000000e+00 0.000000000000000000e+00 0.000000000000000000e+00
0.000000000000000000e+00 0.000000000000000000e+00 0.000000000000000000e+00 0.000000000000000000e+00 0.000000000000000000e+00
0.000000000000000000e+00 0.000000000000000000e+00 0.000000000000000000e+00 0.000000000000000000e+00 0.000000000000000000e+00
0.000000000000000000e+00 0.000000000000000000e+00 0.000000000000000000e+00 0.000000000000000000e+00 0.000000000000000000e+00
0.000000000000000000e+00 0.000000000000000000e+00 0.000000000000000000e+00 0.000000000000000000e+00 0.000000000000000000e+00
0.000000000000000000e+00 0.000000000000000000e+00 0.000000000000000000e+00 0.000000000000000000e+00 0.000000000000000000e+00
0.000000000000000000e+00 0.000000000000000000e+00 0.000000000000000000e+00 0.000000000000000000e+00 0.000000000000000000e+00
0.000000000000000000e+00 0.000000000000000000e+00 0.000000000000000000e+00 0.000000000000000000e+00 0.000000000000000000e+00
0.000000000000000000e+00 0.000000000000000000e+00 0.000000000000000000e+00 0.000000000000000000e+00 0.000000000000000000e+00
0.000000000000000000e+00 0.000000000000000000e+00 0.000000000000000000e+00 0.000000000000000000e+00 0.000000000000000000e+00
0.000000000000000000e+00 0.000000000000000000e+00 0.000000000000000000e+00 0.000000000000000000e+00 0.000000000000000000e+00
0.000000000000000000e+00 0.000000000000000000e+00 0.000000000000000000e+00 0.000000000000000000e+00 0.000000000000000000e+00
0.000000000000000000e+00 0.000000000000000000e+00 0.000000000000000000e+00 0.000000000000000000e+00 0.000000000000000000e+00
0.000000000000000000e+00 0.000000000000000000e+00 0.000000000000000000e+00 0.000000000000000000e+00 0.000000000000000000e+00
0.000000000000000000e+00 0.000000000000000000e+00 0.000000000000000000e+00 0.000000000000000000e+00 0.000000000000000000e+00
0.000000000000000000e+00 0.000000000000000000e+00 0.000000000000000000e+00 0.000000000000000000e+00 0.000000000000000000e+00
0.000000000000000000e+00 0.000000000000000000e+00 0.000000000000000000e+00 0.000000000000000000e+00 0.000000000000000000e+00
0.000000000000000000e+00 0.000000000000000000e+00 0.000000000000000000e+00 0.000000000000000000e+00 0.000000000000000000e+00
0.000000000000000000e+00 0.000000000000000000e+00 0.000000000000000000e+00 0.000000000000000000e+00 0.000000000000000000e+00
0.000000000000000000e+00 0.000000000000000000e+00 0.000000000000000000e+00 0.000000000000000000e+00 0.000000000000000000e+00
0.000000000000000000e+00 0.000000000000000000e+00 0.000000000000000000e+00 0.000000000000000000e+00 0.000000000000000000e+00
0.000000000000000000e+00 0.000000000000000000e+00 0.000000000000000000e+00 0.000000000000000000e+00 0.000000000000000000e+00
0.000000000000000000e+00 0.000000000000000000e+00 0.000000000000000000e+00 0.000000000000000000e+00 0.000000000000000000e+00
0.000000000000000000e+00 0.000000000000000000e+00 0.000000000000000000e+00 0.000000000000000000e+00 0.000000000000000000e+00
0.000000000000000000e+00 0.000000000000000000e+00 0.000000000000000000e+00 0.000000000000000000e+00 0.000000000000000000e+00
0.000000000000000000e+00 0.000000000000000000e+00 0.000000000000000000e+00 0.000000000000000000e+00 0.000000000000000000e+00
0.000000000000000000e+00 0.000000000000000000e+00 0.000000000000000000e+00 0.000000000000000000e+00 0.000000000000000000e+00
0.000000000000000000e+00 0.000000000000000000e+00 0.000000000000000000e+00 0.000000000000000000e+00 0.000000000000000000e+00
0.000000000000000000e+00 0.000000000000000000e+00 0.000000000000000000e+00 0.000000000000000000e+00 0.000000000000000000e+00
0.000000000000000000e+00 0.000000000000000000e+00 0.000000000000000000e+00 0.000000000000000000e+00 0.000000000000000000e+00
0.000000000000000000e+00 0.000000000000000000e+00 0.000000000000000000e+00 0.000000000000000000e+00 0.000000000000000000e+00
0.000000000000000000e+00 0.000000000000000000e+00 0.000000000000000000e+00 0.000000000000000000e+00 0.000000000000000000e+00
0.000000000000000000e+00 0.000000000000000000e+00 0.000000000000000000e+00 0.000000000000000000e+00 0.000000000000000000e+00
0.000000000000000000e+00 0.000000000000000000e+00 0.000000000000000000e+00 0.000000000000000000e+00 0.000000000000000000e+00
0.000000000000000000e+00 0.000000000000000000e+00 0.000000000000000000e+00 0.000000000000000000e+00 0.000000000000000000e+00
0.000000000000000000e+00 0.000000000000000000e+00 0.000000000000000000e+00 0.000000000000000000e+00 0.000000000000000000e+00
0.000000000000000000e+00 0.000000000000000000e+00 0.000000000000000000e+00 0.000000000000000000e+00 0.000000000000000000e+00
0.000000000000000000e+00 0.000000000000000000e+00 0.000000000000000000e+00 0.000000000000000000e+00 0.000000000000000000e+00
0.000000000000000000e+00 0.000000000000000000e+00 0.000000000000000000e+00 0.000000000000000000e+00 0.000000000000000000e+00
0.000000000000000000e+00 0.000000000000000000e+00 0.000000000000000000e+00 0.000000000000000000e+00 0.000000000000000000e+00
0.000000000000000000e+00 0.000000000000000000e+00 0.000000000000000000e+00 0.000000000000000000e+00 0.000000000000000000e+00
0.000000000000000000e+00 0.000000000000000000e+00 0.000000000000000000e+00 0.000000000000000000e+00 0.000000000000000000e+00
0.000000000000000000e+00 0.000000000000000000e+00 0.000000000000000000e+00 0.000000000000000000e+00 0.000000000000000000e+00
0.000000000000000000e+00 0.000000000000000000e+00 0.000000000000000000e+00 0.000000000000000000e+00 0.000000000000000000e+00
0.000000000000000000e+00 0.000000000000000000e+00 0.000000000000000000e+00 0.000000000000000000e+00 0.000000000000000000e+00
0.000000000000000000e+00 0.000000000000000000e+00 0.000000000000000000e+00 0.000000000000000000e+00 0.000000000000000000e+00
0.000000000000000000e+00 0.000000000000000000e+00 0.000000000000000000e+00 0.000000000000000000e+00 0.000000000000000000e+00
0.000000000000000000e+00 0.000000000000000000e+00 0.000000000000000000e+00 0.000000000000000000e+00 0.000000000000000000e+00
0.000000000000000000e+00 0.000000000000000000e+00 0.000000000000000000e+00 0.000000000000000000e+00 0.000000000000000000e+00
0.000000000000000000e+00 0.000000000000000000e+00 0.000000000000000000e+00 0.000000000000000000e+00 0.000000000000000000e+00
0.000000000000000000e+00 0.000000000000000000e+00 0.000000000000000000e+00 0.000000000000000000e+00 0.000000000000000000e+00
0.000000000000000000e+00 0.000000000000000000e+00 0.000000000000000000e+00 0.000000000000000000e+00 0.000000000000000000e+00
0.000000000000000000e+00 0.000000000000000000e+00 0.000000000000000000e+00 0.000000000000000000e+00 0.000000000000000000e+00
0.000000000000000000e+00 0.000000000000000000e+00 0.000000000000000000e+00 0.000000000000000000e+00 0.000000000000000000e+00
0.000000000000000000e+00 0.000000000000000000e+00 0.000000000000000000e+00 0.000000000000000000e+00 0.000000000000000000e+00
0.000000000000000000e+00 0.000000000000000000e+00 0.000000000000000000e+00 0.000000000000000000e+00 0.000000000000000000e+00
0.000000000000000000e+00 0.000000000000000000e+00 0.000000000000000000e+00 0.000000000000000000e+00 0.000000000000000000e+00
0.000000000000000000e+00 0.000000000000000000e+00 0.000000000000000000e+00 0.000000000000000000e+00 0.000000000000000000e+00
0.000000000000000000e+00 0.000000000000000000e+00 0.000000000000000000e+00 0.000000000000000000e+00 0.000000000000000000e+00
0.000000000000000000e+00 0.000000000000000000e+00 0.000000000000000000e+00 0.000000000000000000e+00 0.000000000000000000e+00
0.000000000000000000e+00 0.000000000000000000e+00 0.000000000000000000e+00 0.000000000000000000e+00 0.000000000000000000e+00
0.000000000000000000e+00 0.000000000000000000e+00 0.000000000000000000e+00 0.000000000000000000e+00 0.000000000000000000e+00
0.000000000000000000e+00 0.000000000000000000e+00 0.000000000000000000e+00 0.000000000000000000e+00 0.000000000000000000e+00
0.000000000000000000e+00 0.000000000000000000e+00 0.000000000000000000e+00 0.000000000000000000e+00 0.000000000000000000e+00
0.000000000000000000e+00 0.000000000000000000e+00 0.000000000000000000e+00 0.000000000000000000e+00 0.000000000000000000e+00
0.000000000000000000e+00 0.000000000000000000e+00 0.000000000000000000e+00 0.000000000000000000e+00 0.000000000000000000e+00
0.000000000000000000e+00 0.000000000000000000e+00 0.000000000000000000e+00 0.000000000000000000e+00 0.000000000000000000e+00
0.000000000000000000e+00 0.000000000000000000e+00 0.000000000000000000e+00 0.000000000000000000e+00 0.000000000000000000e+00
0.000000000000000000e+00 0.000000000000000000e+00 0.000000000000000000e+00 0.000000000000000000e+00 0.000000000000000000e+00
0.000000000000000000e+00 0.000000000000000000e+00 0.000000000000000000e+00 0.000000000000000000e+00 0.000000000000000000e+00
0.000000000000000000e+00 0.000000000000000000e+00 0.000000000000000000e+00 0.000000000000000000e+00 0.000000000000000000e+00
0.000000000000000000e+00 0.000000000000000000e+00 0.000000000000000000e+00 0.000000000000000000e+00 0.000000000000000000e+00
0.000000000000000000e+00 0.000000000000000000e+00 0.000000000000000000e+00 0.000000000000000000e+00 0.000000000000000000e+00
0.000000000000000000e+00 0.000000000000000000e+00 0.000000000000000000e+00 0.000000000000000000e+00 0.000000000000000000e+00
0.000000000000000000e+00 0.000000000000000000e+00 0.000000000000000000e+00 0.000000000000000000e+00 0.000000000000000000e+00
0.000000000000000000e+00 0.000000000000000000e+00 0.000000000000000000e+00 0.000000000000000000e+00 0.000000000000000000e+00
0.000000000000000000e+00 0.000000000000000000e+00 0.000000000000000000e+00 0.000000000000000000e+00 0.000000000000000000e+00
0.000000000000000000e+00 0.000000000000000000e+00 0.000000000000000000e+00 0.000000000000000000e+00 0.000000000000000000e+00
0.000000000000000000e+00 0.000000000000000000e+00 0.000000000000000000e+00 0.000000000000000000e+00 0.000000000000000000e+00
0.000000000000000000e+00 0.000000000000000000e+00 0.000000000000000000e+00 0.000000000000000000e+00 0.000000000000000000e+00
0.000000000000000000e+00 0.000000000000000000e+00 0.000000000000000000e+00 0.000000000000000000e+00 0.000000000000000000e+00
0.000000000000000000e+00 0.000000000000000000e+00 0.000000000000000000e+00 0.000000000000000000e+00 0.000000000000000000e+00
0.000000000000000000e+00 0.000000000000000000e+00 0.000000000000000000e+00 0.000000000000000000e+00 0.000000000000000000e+00
0.000000000000000000e+00 0.000000000000000000e+00 0.000000000000000000e+00 0.000000000000000000e+00 0.000000000000000000e+00
0.000000000000000000e+00 0.000000000000000000e+00 0.000000000000000000e+00 0.000000000000000000e+00 0.000000000000000000e+00
0.000000000000000000e+00 0.000000000000000000e+00 0.000000000000000000e+00 0.000000000000000000e+00 0.000000000000000000e+00
0.000000000000000000e+00 0.000000000000000000e+00 0.000000000000000000e+00 0.000000000000000000e+00 0.000000000000000000e+00
0.000000000000000000e+00 0.000000000000000000e+00 0.000000000000000000e+00 0.000000000000000000e+00 0.000000000000000000e+00
0.000000000000000000e+00 0.000000000000000000e+00 0.000000000000000000e+00 0.000000000000000000e+00 0.000000000000000000e+00
0.000000000000000000e+00 0.000000000000000000e+00 0.000000000000000000e+00 0.000000000000000000e+00 0.000000000000000000e+00
0.000000000000000000e+00 0.000000000000000000e+00 0.000000000000000000e+00 0.000000000000000000e+00 0.000000000000000000e+00
0.000000000000000000e+00 0.000000000000000000e+00 0.000000000000000000e+00 0.000000000000000000e+00 0.000000000000000000e+00
0.000000000000000000e+00 0.000000000000000000e+00 0.000000000000000000e+00 0.000000000000000000e+00 0.000000000000000000e+00
0.000000000000000000e+00 0.000000000000000000e+00 0.000000000000000000e+00 0.000000000000000000e+00 0.000000000000000000e+00
0.000000000000000000e+00 0.000000000000000000e+00 0.000000000000000000e+00 0.000000000000000000e+00 0.000000000000000000e+00
0.000000000000000000e+00 0.000000000000000000e+00 0.000000000000000000e+00 0.000000000000000000e+00 0.000000000000000000e+00
0.000000000000000000e+00 0.000000000000000000e+00 0.000000000000000000e+00 0.000000000000000000e+00 0.000000000000000000e+00
0.000000000000000000e+00 0.000000000000000000e+00 0.000000000000000000e+00 0.000000000000000000e+00 0.000000000000000000e+00
0.000000000000000000e+00 0.000000000000000000e+00 0.000000000000000000e+00 0.000000000000000000e+00 0.000000000000000000e+00
0.000000000000000000e+00 0.000000000000000000e+00 0.000000000000000000e+00 0.000000000000000000e+00 0.000000000000000000e+00
0.000000000000000000e+00 0.000000000000000000e+00 0.000000000000000000e+00 0.000000000000000000e+00 0.000000000000000000e+00
0.000000000000000000e+00 0.000000000000000000e+00 0.000000000000000000e+00 0.000000000000000000e+00 0.000000000000000000e+00
0.000000000000000000e+00 0.000000000000000000e+00 0.000000000000000000e+00 0.000000000000000000e+00 0.000000000000000000e+00
0.000000000000000000e+00 0.000000000000000000e+00 0.000000000000000000e+00 0.000000000000000000e+00 0.000000000000000000e+00
0.000000000000000000e+00 0.000000000000000000e+00 0.000000000000000000e+00 0.000000000000000000e+00 0.000000000000000000e+00
0.000000000000000000e+00 0.000000000000000000e+00 0.000000000000000000e+00 0.000000000000000000e+00 0.000000000000000000e+00
0.000000000000000000e+00 0.000000000000000000e+00 0.000000000000000000e+00 0.000000000000000000e+00 0.000000000000000000e+00
0.000000000000000000e+00 0.000000000000000000e+00 0.000000000000000000e+00 0.000000000000000000e+00 0.000000000000000000e+00
0.000000000000000000e+00 0.000000000000000000e+00 0.000000000000000000e+00 0.000000000000000000e+00 0.000000000000000000e+00
0.000000000000000000e+00 0.000000000000000000e+00 0.000000000000000000e+00 0.000000000000000000e+00 0.000000000000000000e+00
0.000000000000000000e+00 0.000000000000000000e+00 0.000000000000000000e+00 0.000000000000000000e+00 0.000000000000000000e+00
0.000000000000000000e+00 0.000000000000000000e+00 0.000000000000000000e+00 0.000000000000000000e+00 0.000000000000000000e+00
0.000000000000000000e+00 0.000000000000000000e+00 0.000000000000000000e+00 0.000000000000000000e+00 0.000000000000000000e+00
0.000000000000000000e+00 0.000000000000000000e+00 0.000000000000000000e+00 0.000000000000000000e+00 0.000000000000000000e+00
0.000000000000000000e+00 0.000000000000000000e+00 0.000000000000000000e+00 0.000000000000000000e+00 0.000000000000000000e+00
0.000000000000000000e+00 0.000000000000000000e+00 0.000000000000000000e+00 0.000000000000000000e+00 0.000000000000000000e+00
0.000000000000000000e+00 0.000000000000000000e+00 0.000000000000000000e+00 0.000000000000000000e+00 0.000000000000000000e+00
0.000000000000000000e+00 0.000000000000000000e+00 0.000000000000000000e+00 0.000000000000000000e+00 0.000000000000000000e+00
0.000000000000000000e+00 0.000000000000000000e+00 0.000000000000000000e+00 0.000000000000000000e+00 0.000000000000000000e+00
0.000000000000000000e+00 0.000000000000000000e+00 0.000000000000000000e+00 0.000000000000000000e+00 0.000000000000000000e+00
0.000000000000000000e+00 0.000000000000000000e+00 0.000000000000000000e+00 0.000000000000000000e+00 0.000000000000000000e+00
0.000000000000000000e+00 0.000000000000000000e+00 0.000000000000000000e+00 0.000000000000000000e+00 0.000000000000000000e+00
0.000000000000000000e+00 0.000000000000000000e+00 0.000000000000000000e+00 0.000000000000000000e+00 0.000000000000000000e+00
0.000000000000000000e+00 0.000000000000000000e+00 0.000000000000000000e+00 0.000000000000000000e+00 0.000000000000000000e+00
0.000000000000000000e+00 0.000000000000000000e+00 0.000000000000000000e+00 0.000000000000000000e+00 0.000000000000000000e+00
0.000000000000000000e+00 0.000000000000000000e+00 0.000000000000000000e+00 0.000000000000000000e+00 0.000000000000000000e+00
0.000000000000000000e+00 0.000000000000000000e+00 0.000000000000000000e+00 0.000000000000000000e+00 0.000000000000000000e+00
0.000000000000000000e+00 0.000000000000000000e+00 0.000000000000000000e+00 0.000000000000000000e+00 0.000000000000000000e+00
0.000000000000000000e+00 0.000000000000000000e+00 0.000000000000000000e+00 0.000000000000000000e+00 0.000000000000000000e+00
0.000000000000000000e+00 0.000000000000000000e+00 0.000000000000000000e+00 0.000000000000000000e+00 0.000000000000000000e+00
0.000000000000000000e+00 0.000000000000000000e+00 0.000000000000000000e+00 0.000000000000000000e+00 0.000000000000000000e+00
0.000000000000000000e+00 0.000000000000000000e+00 0.000000000000000000e+00 0.000000000000000000e+00 0.000000000000000000e+00
0.000000000000000000e+00 0.000000000000000000e+00 0.000000000000000000e+00 0.000000000000000000e+00 0.000000000000000000e+00
0.000000000000000000e+00 0.000000000000000000e+00 0.000000000000000000e+00 0.000000000000000000e+00 0.000000000000000000e+00
0.000000000000000000e+00 0.000000000000000000e+00 0.000000000000000000e+00 0.000000000000000000e+00 0.000000000000000000e+00
0.000000000000000000e+00 0.000000000000000000e+00 0.000000000000000000e+00 0.000000000000000000e+00 0.000000000000000000e+00
0.000000000000000000e+00 0.000000000000000000e+00 0.000000000000000000e+00 0.000000000000000000e+00 0.000000000000000000e+00
0.000000000000000000e+00 0.000000000000000000e+00 0.000000000000000000e+00 0.000000000000000000e+00 0.000000000000000000e+00
0.000000000000000000e+00 0.000000000000000000e+00 0.000000000000000000e+00 0.000000000000000000e+00 0.000000000000000000e+00
0.000000000000000000e+00 0.000000000000000000e+00 0.000000000000000000e+00 0.000000000000000000e+00 0.000000000000000000e+00
0.000000000000000000e+00 0.000000000000000000e+00 0.000000000000000000e+00 0.000000000000000000e+00 0.000000000000000000e+00
0.000000000000000000e+00 0.000000000000000000e+00 0.000000000000000000e+00 0.000000000000000000e+00 0.000000000000000000e+00
0.000000000000000000e+00 0.000000000000000000e+00 0.000000000000000000e+00 0.000000000000000000e+00 0.000000000000000000e+00
0.000000000000000000e+00 0.000000000000000000e+00 0.000000000000000000e+00 0.000000000000000000e+00 0.000000000000000000e+00
0.000000000000000000e+00 0.000000000000000000e+00 0.000000000000000000e+00 0.000000000000000000e+00 0.000000000000000000e+00
0.000000000000000000e+00 0.000000000000000000e+00 0.000000000000000000e+00 0.000000000000000000e+00 0.000000000000000000e+00
0.000000000000000000e+00 0.000000000000000000e+00 0.000000000000000000e+00 0.000000000000000000e+00 0.000000000000000000e+00
0.000000000000000000e+00 0.000000000000000000e+00 0.000000000000000000e+00 0.000000000000000000e+00 0.000000000000000000e+00
0.000000000000000000e+00 0.000000000000000000e+00 0.000000000000000000e+00 0.000000000000000000e+00 0.000000000000000000e+00
0.000000000000000000e+00 0.000000000000000000e+00 0.000000000000000000e+00 0.000000000000000000e+00 0.000000000000000000e+00
0.000000000000000000e+00 0.000000000000000000e+00 0.000000000000000000e+00 0.000000000000000000e+00 0.000000000000000000e+00
0.000000000000000000e+00 0.000000000000000000e+00 0.000000000000000000e+00 0.000000000000000000e+00 0.000000000000000000e+00
0.000000000000000000e+00 0.000000000000000000e+00 0.000000000000000000e+00 0.000000000000000000e+00 0.000000000000000000e+00
0.000000000000000000e+00 0.000000000000000000e+00 0.000000000000000000e+00 0.000000000000000000e+00 0.000000000000000000e+00
0.000000000000000000e+00 0.000000000000000000e+00 0.000000000000000000e+00 0.000000000000000000e+00 0.000000000000000000e+00
0.000000000000000000e+00 0.000000000000000000e+00 0.000000000000000000e+00 0.000000000000000000e+00 0.000000000000000000e+00
0.000000000000000000e+00 0.000000000000000000e+00 0.000000000000000000e+00 0.000000000000000000e+00 0.000000000000000000e+00
0.000000000000000000e+00 0.000000000000000000e+00 0.000000000000000000e+00 0.000000000000000000e+00 0.000000000000000000e+00
0.000000000000000000e+00 0.000000000000000000e+00 0.000000000000000000e+00 0.000000000000000000e+00 0.000000000000000000e+00
0.000000000000000000e+00 0.000000000000000000e+00 0.000000000000000000e+00 0.000000000000000000e+00 0.000000000000000000e+00
0.000000000000000000e+00 0.000000000000000000e+00 0.000000000000000000e+00 0.000000000000000000e+00 0.000000000000000000e+00
0.000000000000000000e+00 0.000000000000000000e+00 0.000000000000000000e+00 0.000000000000000000e+00 0.000000000000000000e+00
0.000000000000000000e+00 0.000000000000000000e+00 0.000000000000000000e+00 0.000000000000000000e+00 0.000000000000000000e+00
0.000000000000000000e+00 0.000000000000000000e+00 0.000000000000000000e+00 0.000000000000000000e+00 0.000000000000000000e+00
0.000000000000000000e+00 0.000000000000000000e+00 0.000000000000000000e+00 0.000000000000000000e+00 0.000000000000000000e+00
0.000000000000000000e+00 0.000000000000000000e+00 0.000000000000000000e+00 0.000000000000000000e+00 0.000000000000000000e+00
0.000000000000000000e+00 0.000000000000000000e+00 0.000000000000000000e+00 0.000000000000000000e+00 0.000000000000000000e+00
0.000000000000000000e+00 0.000000000000000000e+00 0.000000000000000000e+00 0.000000000000000000e+00 0.000000000000000000e+00
0.000000000000000000e+00 0.000000000000000000e+00 0.000000000000000000e+00 0.000000000000000000e+00 0.000000000000000000e+00
0.000000000000000000e+00 0.000000000000000000e+00 0.000000000000000000e+00 0.000000000000000000e+00 0.000000000000000000e+00
0.000000000000000000e+00 0.000000000000000000e+00 0.000000000000000000e+00 0.000000000000000000e+00 0.000000000000000000e+00
0.000000000000000000e+00 0.000000000000000000e+00 0.000000000000000000e+00 0.000000000000000000e+00 0.000000000000000000e+00
0.000000000000000000e+00 0.000000000000000000e+00 0.000000000000000000e+00 0.000000000000000000e+00 0.000000000000000000e+00
0.000000000000000000e+00 0.000000000000000000e+00 0.000000000000000000e+00 0.000000000000000000e+00 0.000000000000000000e+00
0.000000000000000000e+00 0.000000000000000000e+00 0.000000000000000000e+00 0.000000000000000000e+00 0.000000000000000000e+00
0.000000000000000000e+00 0.000000000000000000e+00 0.000000000000000000e+00 0.000000000000000000e+00 0.000000000000000000e+00
0.000000000000000000e+00 0.000000000000000000e+00 0.000000000000000000e+00 0.000000000000000000e+00 0.000000000000000000e+00
0.000000000000000000e+00 0.000000000000000000e+00 0.000000000000000000e+00 0.000000000000000000e+00 0.000000000000000000e+00
0.000000000000000000e+00 0.000000000000000000e+00 0.000000000000000000e+00 0.000000000000000000e+00 0.000000000000000000e+00
0.000000000000000000e+00 0.000000000000000000e+00 0.000000000000000000e+00 0.000000000000000000e+00 0.000000000000000000e+00
0.000000000000000000e+00 0.000000000000000000e+00 0.000000000000000000e+00 0.000000000000000000e+00 0.000000000000000000e+00
0.000000000000000000e+00 0.000000000000000000e+00 0.000000000000000000e+00 0.000000000000000000e+00 0.000000000000000000e+00
0.000000000000000000e+00 0.000000000000000000e+00 0.000000000000000000e+00 0.000000000000000000e+00 0.000000000000000000e+00
0.000000000000000000e+00 0.000000000000000000e+00 0.000000000000000000e+00 0.000000000000000000e+00 0.000000000000000000e+00
0.000000000000000000e+00 0.000000000000000000e+00 0.000000000000000000e+00 0.000000000000000000e+00 0.000000000000000000e+00
0.000000000000000000e+00 0.000000000000000000e+00 0.000000000000000000e+00 0.000000000000000000e+00 0.000000000000000000e+00
0.000000000000000000e+00 0.000000000000000000e+00 0.000000000000000000e+00 0.000000000000000000e+00 0.000000000000000000e+00
0.000000000000000000e+00 0.000000000000000000e+00 0.000000000000000000e+00 0.000000000000000000e+00 0.000000000000000000e+00
0.000000000000000000e+00 0.000000000000000000e+00 0.000000000000000000e+00 0.000000000000000000e+00 0.000000000000000000e+00
0.000000000000000000e+00 0.000000000000000000e+00 0.000000000000000000e+00 0.000000000000000000e+00 0.000000000000000000e+00
0.000000000000000000e+00 0.000000000000000000e+00 0.000000000000000000e+00 0.000000000000000000e+00 0.000000000000000000e+00
0.000000000000000000e+00 0.000000000000000000e+00 0.000000000000000000e+00 0.000000000000000000e+00 0.000000000000000000e+00
0.000000000000000000e+00 0.000000000000000000e+00 0.000000000000000000e+00 0.000000000000000000e+00 0.000000000000000000e+00
0.000000000000000000e+00 0.000000000000000000e+00 0.000000000000000000e+00 0.000000000000000000e+00 0.000000000000000000e+00
0.000000000000000000e+00 0.000000000000000000e+00 0.000000000000000000e+00 0.000000000000000000e+00 0.000000000000000000e+00
0.000000000000000000e+00 0.000000000000000000e+00 0.000000000000000000e+00 0.000000000000000000e+00 0.000000000000000000e+00
0.000000000000000000e+00 0.000000000000000000e+00 0.000000000000000000e+00 0.000000000000000000e+00 0.000000000000000000e+00
0.000000000000000000e+00 0.000000000000000000e+00 0.000000000000000000e+00 0.000000000000000000e+00 0.000000000000000000e+00
0.000000000000000000e+00 0.000000000000000000e+00 0.000000000000000000e+00 0.000000000000000000e+00 0.000000000000000000e+00
0.000000000000000000e+00 0.000000000000000000e+00 0.000000000000000000e+00 0.000000000000000000e+00 0.000000000000000000e+00
0.000000000000000000e+00 0.000000000000000000e+00 0.000000000000000000e+00 0.000000000000000000e+00 0.000000000000000000e+00
0.000000000000000000e+00 0.000000000000000000e+00 0.000000000000000000e+00 0.000000000000000000e+00 0.000000000000000000e+00
0.000000000000000000e+00 0.000000000000000000e+00 0.000000000000000000e+00 0.000000000000000000e+00 0.000000000000000000e+00
0.000000000000000000e+00 0.000000000000000000e+00 0.000000000000000000e+00 0.000000000000000000e+00 0.000000000000000000e+00
0.000000000000000000e+00 0.000000000000000000e+00 0.000000000000000000e+00 0.000000000000000000e+00 0.000000000000000000e+00
0.000000000000000000e+00 0.000000000000000000e+00 0.000000000000000000e+00 0.000000000000000000e+00 0.000000000000000000e+00
0.000000000000000000e+00 0.000000000000000000e+00 0.000000000000000000e+00 0.000000000000000000e+00 0.000000000000000000e+00
0.000000000000000000e+00 0.000000000000000000e+00 0.000000000000000000e+00 0.000000000000000000e+00 0.000000000000000000e+00
0.000000000000000000e+00 0.000000000000000000e+00 0.000000000000000000e+00 0.000000000000000000e+00 0.000000000000000000e+00
0.000000000000000000e+00 0.000000000000000000e+00 0.000000000000000000e+00 0.000000000000000000e+00 0.000000000000000000e+00
0.000000000000000000e+00 0.000000000000000000e+00 0.000000000000000000e+00 0.000000000000000000e+00 0.000000000000000000e+00
0.000000000000000000e+00 0.000000000000000000e+00 0.000000000000000000e+00 0.000000000000000000e+00 0.000000000000000000e+00
0.000000000000000000e+00 0.000000000000000000e+00 0.000000000000000000e+00 0.000000000000000000e+00 0.000000000000000000e+00
0.000000000000000000e+00 0.000000000000000000e+00 0.000000000000000000e+00 0.000000000000000000e+00 0.000000000000000000e+00
0.000000000000000000e+00 0.000000000000000000e+00 0.000000000000000000e+00 0.000000000000000000e+00 0.000000000000000000e+00
0.000000000000000000e+00 0.000000000000000000e+00 0.000000000000000000e+00 0.000000000000000000e+00 0.000000000000000000e+00
0.000000000000000000e+00 0.000000000000000000e+00 0.000000000000000000e+00 0.000000000000000000e+00 0.000000000000000000e+00
0.000000000000000000e+00 0.000000000000000000e+00 0.000000000000000000e+00 0.000000000000000000e+00 0.000000000000000000e+00
0.000000000000000000e+00 0.000000000000000000e+00 0.000000000000000000e+00 0.000000000000000000e+00 0.000000000000000000e+00
0.000000000000000000e+00 0.000000000000000000e+00 0.000000000000000000e+00 0.000000000000000000e+00 0.000000000000000000e+00
0.000000000000000000e+00 0.000000000000000000e+00 0.000000000000000000e+00 0.000000000000000000e+00 0.000000000000000000e+00
0.000000000000000000e+00 0.000000000000000000e+00 0.000000000000000000e+00 0.000000000000000000e+00 0.000000000000000000e+00
0.000000000000000000e+00 0.000000000000000000e+00 0.000000000000000000e+00 0.000000000000000000e+00 0.000000000000000000e+00
0.000000000000000000e+00 0.000000000000000000e+00 0.000000000000000000e+00 0.000000000000000000e+00 0.000000000000000000e+00
0.000000000000000000e+00 0.000000000000000000e+00 0.000000000000000000e+00 0.000000000000000000e+00 0.000000000000000000e+00
0.000000000000000000e+00 0.000000000000000000e+00 0.000000000000000000e+00 0.000000000000000000e+00 0.000000000000000000e+00
0.000000000000000000e+00 0.000000000000000000e+00 0.000000000000000000e+00 0.000000000000000000e+00 0.000000000000000000e+00
0.000000000000000000e+00 0.000000000000000000e+00 0.000000000000000000e+00 0.000000000000000000e+00 0.000000000000000000e+00
0.000000000000000000e+00 0.000000000000000000e+00 0.000000000000000000e+00 0.000000000000000000e+00 0.000000000000000000e+00
0.000000000000000000e+00 0.000000000000000000e+00 0.000000000000000000e+00 0.000000000000000000e+00 0.000000000000000000e+00
0.000000000000000000e+00 0.000000000000000000e+00 0.000000000000000000e+00 0.000000000000000000e+00 0.000000000000000000e+00
0.000000000000000000e+00 0.000000000000000000e+00 0.000000000000000000e+00 0.000000000000000000e+00 0.000000000000000000e+00
0.000000000000000000e+00 0.000000000000000000e+00 0.000000000000000000e+00 0.000000000000000000e+00 0.000000000000000000e+00
0.000000000000000000e+00 0.000000000000000000e+00 0.000000000000000000e+00 0.000000000000000000e+00 0.000000000000000000e+00
0.000000000000000000e+00 0.000000000000000000e+00 0.000000000000000000e+00 0.000000000000000000e+00 0.000000000000000000e+00
0.000000000000000000e+00 0.000000000000000000e+00 0.000000000000000000e+00 0.000000000000000000e+00 0.000000000000000000e+00
0.000000000000000000e+00 0.000000000000000000e+00 0.000000000000000000e+00 0.000000000000000000e+00 0.000000000000000000e+00
0.000000000000000000e+00 0.000000000000000000e+00 0.000000000000000000e+00 0.000000000000000000e+00 0.000000000000000000e+00
0.000000000000000000e+00 0.000000000000000000e+00 0.000000000000000000e+00 0.000000000000000000e+00 0.000000000000000000e+00
0.000000000000000000e+00 0.000000000000000000e+00 0.000000000000000000e+00 0.000000000000000000e+00 0.000000000000000000e+00
0.000000000000000000e+00 0.000000000000000000e+00 0.000000000000000000e+00 0.000000000000000000e+00 0.000000000000000000e+00
0.000000000000000000e+00 0.000000000000000000e+00 0.000000000000000000e+00 0.000000000000000000e+00 0.000000000000000000e+00
0.000000000000000000e+00 0.000000000000000000e+00 0.000000000000000000e+00 0.000000000000000000e+00 0.000000000000000000e+00
0.000000000000000000e+00 0.000000000000000000e+00 0.000000000000000000e+00 0.000000000000000000e+00 0.000000000000000000e+00
0.000000000000000000e+00 0.000000000000000000e+00 0.000000000000000000e+00 0.000000000000000000e+00 0.000000000000000000e+00
0.000000000000000000e+00 0.000000000000000000e+00 0.000000000000000000e+00 0.000000000000000000e+00 0.000000000000000000e+00
0.000000000000000000e+00 0.000000000000000000e+00 0.000000000000000000e+00 0.000000000000000000e+00 0.000000000000000000e+00
0.000000000000000000e+00 0.000000000000000000e+00 0.000000000000000000e+00 0.000000000000000000e+00 0.000000000000000000e+00
0.000000000000000000e+00 0.000000000000000000e+00 0.000000000000000000e+00 0.000000000000000000e+00 0.000000000000000000e+00
0.000000000000000000e+00 0.000000000000000000e+00 0.000000000000000000e+00 0.000000000000000000e+00 0.000000000000000000e+00
0.000000000000000000e+00 0.000000000000000000e+00 0.000000000000000000e+00 0.000000000000000000e+00 0.000000000000000000e+00
0.000000000000000000e+00 0.000000000000000000e+00 0.000000000000000000e+00 0.000000000000000000e+00 0.000000000000000000e+00
0.000000000000000000e+00 0.000000000000000000e+00 2.023648791421869819e-01 1.306124689581935705e+01 1.295252890955351788e+01
0.000000000000000000e+00 0.000000000000000000e+00 0.000000000000000000e+00 1.053716936330646803e+01 1.428633787304748992e+01
0.000000000000000000e+00 0.000000000000000000e+00 0.000000000000000000e+00 6.861666619016999036e+00 1.409512825413254511e+01
0.000000000000000000e+00 0.000000000000000000e+00 0.000000000000000000e+00 2.760599490998011607e+00 1.263866468785859354e+01
1.114611148147122588e+00 0.000000000000000000e+00 0.000000000000000000e+00 0.000000000000000000e+00 1.034414993858276333e+01
4.420009023339241949e+00 0.000000000000000000e+00 0.000000000000000000e+00 0.000000000000000000e+00 7.612651098479709333e+00
7.024449001245742785e+00 0.000000000000000000e+00 0.000000000000000000e+00 0.000000000000000000e+00 4.776759654566053115e+00
8.929610997587653642e+00 0.000000000000000000e+00 0.000000000000000000e+00 0.000000000000000000e+00 2.001941513877013801e+00
1.016224502198525492e+01 6.498742595638202779e-01 0.000000000000000000e+00 0.000000000000000000e+00 0.000000000000000000e+00
1.073550033615281940e+01 3.124218034785982034e+00 0.000000000000000000e+00 0.000000000000000000e+00 0.000000000000000000e+00
1.067487702180345188e+01 5.300185694778202894e+00 0.000000000000000000e+00 0.000000000000000000e+00 0.000000000000000000e+00
1.001337052008013018e+01 7.052446439098297937e+00 0.000000000000000000e+00 0.000000000000000000e+00 0.000000000000000000e+00
8.803540385763437115e+00 8.284756801926546288e+00 0.000000000000000000e+00 0.000000000000000000e+00 0.000000000000000000e+00
7.131385559847510436e+00 8.944962317427787468e+00 1.764885656754797472e+00 0.000000000000000000e+00 0.000000000000000000e+00
5.150060053877819399e+00 9.021320400002151629e+00 3.838167067430868773e+00 0.000000000000000000e+00 0.000000000000000000e+00
3.032153107867080699e+00 8.536899956461246219e+00 5.487513141308308917e+00 0.000000000000000000e+00 0.000000000000000000e+00
9.282768837922067418e-01 7.552532404935071497e+00 6.621987728406013574e+00 0.000000000000000000e+00 0.000000000000000000e+00
0.000000000000000000e+00 6.163715889612181975e+00 7.211944215565733174e+00 1.041442493213461162e+00 0.000000000000000000e+00
0.000000000000000000e+00 4.504330614504171493e+00 7.284163861192864964e+00 2.762652372661368538e+00 0.000000000000000000e+00
0.000000000000000000e+00 2.721906758875870747e+00 6.896551287101919669e+00 4.148769521289087159e+00 0.000000000000000000e+00
0.000000000000000000e+00 9.434995453408225874e-01 6.115542107047216014e+00 5.139394060128390507e+00 0.000000000000000000e+00
0.000000000000000000e+00 0.000000000000000000e+00 5.015797554742042585e+00 5.706643720449790180e+00 7.305765322807302731e-01
0.000000000000000000e+00 0.000000000000000000e+00 3.692960098688215176e+00 5.858780750382016400e+00 2.208402236517634787e+00
0.000000000000000000e+00 0.000000000000000000e+00 2.258380747893653950e+00 5.631128572901320517e+00 3.414889887071501207e+00
0.000000000000000000e+00 0.000000000000000000e+00 8.145186649777184096e-01 5.070922991542604841e+00 4.294993258766489852e+00
0.000000000000000000e+00 0.000000000000000000e+00 0.000000000000000000e+00 4.235491399650190836e+00 4.819665020447634340e+00
0.000000000000000000e+00 0.000000000000000000e+00 0.000000000000000000e+00 3.190373781543663689e+00 4.991255728135341130e+00
0.000000000000000000e+00 0.000000000000000000e+00 0.000000000000000000e+00 2.006144409148004737e+00 4.839099902385179064e+00
0.000000000000000000e+00 0.000000000000000000e+00 0.000000000000000000e+00 7.578962942673923564e-01 4.399556441818469388e+00
4.791409917230290971e-01 0.000000000000000000e+00 0.000000000000000000e+00 0.000000000000000000e+00 3.711900161779764673e+00
1.630422278838237204e+00 0.000000000000000000e+00 0.000000000000000000e+00 0.000000000000000000e+00 2.827567447542352674e+00
2.627453011374365932e+00 0.000000000000000000e+00 0.000000000000000000e+00 0.000000000000000000e+00 1.813728210413186881e+00
3.414661145185104107e+00 0.000000000000000000e+00 0.000000000000000000e+00 0.000000000000000000e+00 7.393780984529023659e-01
3.953435550500392637e+00 3.306611015394005371e-01 0.000000000000000000e+00 0.000000000000000000e+00 0.000000000000000000e+00
4.223837165283643280e+00 1.336902518195363543e+00 0.000000000000000000e+00 0.000000000000000000e+00 0.000000000000000000e+00
4.224680261880950027e+00 2.220537866923576686e+00 0.000000000000000000e+00 0.000000000000000000e+00 0.000000000000000000e+00
3.968036892767148771e+00 2.931594535486121256e+00 0.000000000000000000e+00 0.000000000000000000e+00 0.000000000000000000e+00
3.478347646492413237e+00 3.432403958349240281e+00 0.000000000000000000e+00 0.000000000000000000e+00 0.000000000000000000e+00
2.793088463359604479e+00 3.699880881708095703e+00 8.882896180263225583e-01 0.000000000000000000e+00 0.000000000000000000e+00
1.973455598433590419e+00 3.721200730254125233e+00 1.735430790501466536e+00 0.000000000000000000e+00 0.000000000000000000e+00
1.088575556986917547e+00 3.501833468899037349e+00 2.407276715169738068e+00 0.000000000000000000e+00 0.000000000000000000e+00
2.034552012406380117e-01 3.068786955051840959e+00 2.865408269356768844e+00 0.000000000000000000e+00 0.000000000000000000e+00
0.000000000000000000e+00 2.465651533007119589e+00 3.096019923479622182e+00 6.266426323135454446e-01 0.000000000000000000e+00
0.000000000000000000e+00 1.748698366144163518e+00 3.106051864837853671e+00 1.349051816576448681e+00 0.000000000000000000e+00
0.000000000000000000e+00 9.767323215767232947e-01 2.914846459581000193e+00 1.925961299090983569e+00 0.000000000000000000e+00
0.000000000000000000e+00 2.041801814486567113e-01 2.549969824109437511e+00 2.330674326465758117e+00 0.000000000000000000e+00
0.000000000000000000e+00 0.000000000000000000e+00 2.046537681264307462e+00 2.550056545321766066e+00 5.216980652685860864e-01
0.000000000000000000e+00 0.000000000000000000e+00 1.448702723210177234e+00 2.585905966467877182e+00 1.156236735006924921e+00
0.000000000000000000e+00 0.000000000000000000e+00 8.042430815316398141e-01 2.451353369105575553e+00 1.665509503952911530e+00
0.000000000000000000e+00 0.000000000000000000e+00 1.587899641452319988e-01 2.167868715960329595e+00 2.025489424410649608e+00
0.000000000000000000e+00 0.000000000000000000e+00 0.000000000000000000e+00 1.764009120012256293e+00 2.223946491462224895e+00
0.000000000000000000e+00 0.000000000000000000e+00 0.000000000000000000e+00 1.270146443624868171e+00 2.264273243500441790e+00
0.000000000000000000e+00 0.000000000000000000e+00 0.000000000000000000e+00 7.185183176182793341e-01 2.158886326523151045e+00
0.000000000000000000e+00 0.000000000000000000e+00 0.000000000000000000e+00 1.439066957810156699e-01 1.923355361240748351e+00
4.183008626737188540e-01 0.000000000000000000e+00 0.000000000000000000e+00 0.000000000000000000e+00 1.576605322516265506e+00
9.324698123957116946e-01 0.000000000000000000e+00 0.000000000000000000e+00 0.000000000000000000e+00 1.144456619042702128e+00
1.367673532530795821e+00 0.000000000000000000e+00 0.000000000000000000e+00 0.000000000000000000e+00 6.579248232800185558e-01
1.699318695234587784e+00 0.000000000000000000e+00 0.000000000000000000e+00 0.000000000000000000e+00 1.495656094937874159e-01
1.910603694107770645e+00 3.486900775265507901e-01 0.000000000000000000e+00 0.000000000000000000e+00 0.000000000000000000e+00
1.993742275064172897e+00 8.067800493595838063e-01 0.000000000000000000e+00 0.000000000000000000e+00 0.000000000000000000e+00
1.949061712073391961e+00 1.197316688452402689e+00 0.000000000000000000e+00 0.000000000000000000e+00 0.000000000000000000e+00
1.784055792391673556e+00 1.498155917262560255e+00 0.000000000000000000e+00 0.000000000000000000e+00 0.000000000000000000e+00
1.513061933541576032e+00 1.693571953503959060e+00 1.703023654315684587e-01 0.000000000000000000e+00 0.000000000000000000e+00
1.158696380497541867e+00 1.773936175102192703e+00 6.077699102472667869e-01 0.000000000000000000e+00 0.000000000000000000e+00
7.518857183537754896e-01 1.735882920971524523e+00 9.794949925472438146e-01 0.000000000000000000e+00 0.000000000000000000e+00
3.253483379386409857e-01 1.586213433053414557e+00 1.259325191359275786e+00 0.000000000000000000e+00 0.000000000000000000e+00
0.000000000000000000e+00 1.341718065524674763e+00 1.433479452067654147e+00 9.132479635840939913e-02 0.000000000000000000e+00
0.000000000000000000e+00 1.026050951850288939e+00 1.498933180173462665e+00 4.700554608423711533e-01 0.000000000000000000e+00
0.000000000000000000e+00 6.666325292080405029e-01 1.460833560015292631e+00 7.892851083911450738e-01 0.000000000000000000e+00
0.000000000000000000e+00 2.908989816723278055e-01 1.329847563635035979e+00 1.032327511230578754e+00 0.000000000000000000e+00
0.000000000000000000e+00 0.000000000000000000e+00 1.121114432049839627e+00 1.188801571095053022e+00 7.601688666068091849e-02
0.000000000000000000e+00 0.000000000000000000e+00 8.537453026802964695e-01 1.254946071272543762e+00 4.103208608382574729e-01
0.000000000000000000e+00 0.000000000000000000e+00 5.500605035350164540e-01 1.233532181938298944e+00 6.926529409582824481e-01
0.000000000000000000e+00 0.000000000000000000e+00 2.330188764187897943e-01 1.132575036741883201e+00 9.080896731442226200e-01
0.000000000000000000e+00 0.000000000000000000e+00 0.000000000000000000e+00 9.643792641366385476e-01 1.047285425757834565e+00
0.000000000000000000e+00 0.000000000000000000e+00 0.000000000000000000e+00 7.439116081640990696e-01 1.107295030387056123e+00
0.000000000000000000e+00 0.000000000000000000e+00 0.000000000000000000e+00 4.862999139374544200e-01 1.092026250925400399e+00
0.000000000000000000e+00 0.000000000000000000e+00 0.000000000000000000e+00 2.078857614357535744e-01 1.008252031551047478e+00
7.390493545896224814e-02 0.000000000000000000e+00 0.000000000000000000e+00 0.000000000000000000e+00 8.642890558604559015e-01
3.410611800269497396e-01 0.000000000000000000e+00 0.000000000000000000e+00 0.000000000000000000e+00 6.708855548375817213e-01
5.769759569866794724e-01 0.000000000000000000e+00 0.000000000000000000e+00 0.000000000000000000e+00 4.419544496645347875e-01
7.676018349537110375e-01 0.000000000000000000e+00 0.000000000000000000e+00 0.000000000000000000e+00 1.933609114852719302e-01
9.024439274282578527e-01 5.844007627971828378e-02 0.000000000000000000e+00 0.000000000000000000e+00 0.000000000000000000e+00
9.750703184395757006e-01 2.977071901133182541e-01 0.000000000000000000e+00 0.000000000000000000e+00 0.000000000000000000e+00
9.833660163896996709e-01 5.096188193412767298e-01 0.000000000000000000e+00 0.000000000000000000e+00 0.000000000000000000e+00
9.291892388266788094e-01 6.817130587585984447e-01 0.000000000000000000e+00 0.000000000000000000e+00 0.000000000000000000e+00
8.181020109692456188e-01 8.044814484412181610e-01 0.000000000000000000e+00 0.000000000000000000e+00 0.000000000000000000e+00
6.590331559727133914e-01 8.718647391321416862e-01 2.085002214634717188e-01 0.000000000000000000e+00 0.000000000000000000e+00
4.660777839114292331e-01 8.800372178791505684e-01 4.110665575112008585e-01 0.000000000000000000e+00 0.000000000000000000e+00
2.555977268347944253e-01 8.298440356418714803e-01 5.728382068305495345e-01 0.000000000000000000e+00 0.000000000000000000e+00
4.354950828119662221e-02 7.277091571186917740e-01 6.841842935635399359e-01 0.000000000000000000e+00 0.000000000000000000e+00
0.000000000000000000e+00 5.842537191039741673e-01 7.413328071992074664e-01 1.561766600911274894e-01 0.000000000000000000e+00
0.000000000000000000e+00 4.125218827385083720e-01 7.450461945682199660e-01 3.304973672722646971e-01 0.000000000000000000e+00
0.000000000000000000e+00 2.262429543829335143e-01 6.993200024739144594e-01 4.700974161922009675e-01 0.000000000000000000e+00
0.000000000000000000e+00 3.875211264252911153e-02 6.107365509843050155e-01 5.682702820893041906e-01 0.000000000000000000e+00
0.000000000000000000e+00 0.000000000000000000e+00 4.880843457342342595e-01 6.215226232148063357e-01 1.379006881274736918e-01
0.000000000000000000e+00 0.000000000000000000e+00 3.419788997634227723e-01 6.296915321127040110e-01 2.923621596658387833e-01
0.000000000000000000e+00 0.000000000000000000e+00 1.838952006075424417e-01 5.955786905601846426e-01 4.161517929301039587e-01
0.000000000000000000e+00 0.000000000000000000e+00 2.518759983382476766e-02 5.244845139635943010e-01 5.032525618895672403e-01
0.000000000000000000e+00 0.000000000000000000e+00 0.000000000000000000e+00 4.237213782862894740e-01 5.505422694472070777e-01
0.000000000000000000e+00 0.000000000000000000e+00 0.000000000000000000e+00 3.007660610284171865e-01 5.587465437301076809e-01
0.000000000000000000e+00 0.000000000000000000e+00 0.000000000000000000e+00 1.635368175331233243e-01 5.307194521851622548e-01
0.000000000000000000e+00 0.000000000000000000e+00 0.000000000000000000e+00 2.073533613192573774e-02 4.702404024571534835e-01
1.186619280668016335e-01 0.000000000000000000e+00 0.000000000000000000e+00 0.000000000000000000e+00 3.821350692730808296e-01
2.456494670376590805e-01 0.000000000000000000e+00 0.000000000000000000e+00 0.000000000000000000e+00 2.727747561161872891e-01
3.525335701924823262e-01 0.000000000000000000e+00 0.000000000000000000e+00 0.000000000000000000e+00 1.498287538432044319e-01
4.331694942769455658e-01 0.000000000000000000e+00 0.000000000000000000e+00 0.000000000000000000e+00 2.161835283490172455e-02
4.833448203105834007e-01 1.035234092573380921e-01 0.000000000000000000e+00 0.000000000000000000e+00 0.000000000000000000e+00
5.010029190776934538e-01 2.177630976700865861e-01 0.000000000000000000e+00 0.000000000000000000e+00 0.000000000000000000e+00
4.862006649453819440e-01 3.141749304422501443e-01 0.000000000000000000e+00 0.000000000000000000e+00 0.000000000000000000e+00
4.409954759002844282e-01 3.872449393043948529e-01 0.000000000000000000e+00 0.000000000000000000e+00 0.000000000000000000e+00
3.692792292253037623e-01 4.331295484662283646e-01 6.138432223603159515e-02 0.000000000000000000e+00 0.000000000000000000e+00
2.771898646807690048e-01 4.493982031082878748e-01 1.704436485483849240e-01 0.000000000000000000e+00 0.000000000000000000e+00
1.726925799538571449e-01 4.354624960606262585e-01 2.617559993856424794e-01 0.000000000000000000e+00 0.000000000000000000e+00
6.410250795659842848e-02 3.934746373508715145e-01 3.291022945126252930e-01 0.000000000000000000e+00 0.000000000000000000e+00
0.000000000000000000e+00 3.280777894786601756e-01 3.693567713491630600e-01 4.106419453612928511e-02 0.000000000000000000e+00
0.000000000000000000e+00 2.454911388184181642e-01 3.819766010672144274e-01 1.356667805132645566e-01 0.000000000000000000e+00
0.000000000000000000e+00 1.526188553159867900e-01 3.683352419675695599e-01 2.143727919970656870e-01 0.000000000000000000e+00
0.000000000000000000e+00 5.639518695384679314e-02 3.312837860449036609e-01 2.731223847769330138e-01 0.000000000000000000e+00
0.000000000000000000e+00 0.000000000000000000e+00 2.749127990268498412e-01 3.094592260477699308e-01 3.673813745970157946e-02
0.000000000000000000e+00 0.000000000000000000e+00 2.043161992913419545e-01 3.225978067169945618e-01 1.206413455404973245e-01
0.000000000000000000e+00 0.000000000000000000e+00 1.252241964651596706e-01 3.133583417456945464e-01 1.904727741695762810e-01
0.000000000000000000e+00 0.000000000000000000e+00 4.351780247796200457e-02 2.839663246326722401e-01 2.425868002676276058e-01
0.000000000000000000e+00 0.000000000000000000e+00 0.000000000000000000e+00 2.378061373166341363e-01 2.747879349314109043e-01
0.000000000000000000e+00 0.000000000000000000e+00 0.000000000000000000e+00 1.787554142032088400e-01 2.866393381506302518e-01
0.000000000000000000e+00 0.000000000000000000e+00 0.000000000000000000e+00 1.107705322569619566e-01 2.792328733183966905e-01
0.000000000000000000e+00 0.000000000000000000e+00 0.000000000000000000e+00 3.816414246736486715e-02 2.543470960073469511e-01
3.448711349653545838e-02 0.000000000000000000e+00 0.000000000000000000e+00 0.000000000000000000e+00 2.142513209709691890e-01
1.024832950159233480e-01 0.000000000000000000e+00 0.000000000000000000e+00 0.000000000000000000e+00 1.619006470537818210e-01
1.616182255434775450e-01 0.000000000000000000e+00 0.000000000000000000e+00 0.000000000000000000e+00 1.009844522961295538e-01
2.083911874185737367e-01 0.000000000000000000e+00 0.000000000000000000e+00 0.000000000000000000e+00 3.568372819241252825e-02
2.402370307142299433e-01 2.966246372884877650e-02 0.000000000000000000e+00 0.000000000000000000e+00 0.000000000000000000e+00
2.556531987953985507e-01 9.090213683196188277e-02 0.000000000000000000e+00 0.000000000000000000e+00 0.000000000000000000e+00
2.542409128140339925e-01 1.442376168918461932e-01 0.000000000000000000e+00 0.000000000000000000e+00 0.000000000000000000e+00
2.366709703365867112e-01 1.865408863607612988e-01 0.000000000000000000e+00 0.000000000000000000e+00 0.000000000000000000e+00
2.046076608662336926e-01 2.154946100108413864e-01 9.502025175102533916e-03 0.000000000000000000e+00 0.000000000000000000e+00
1.606854279144834807e-01 2.296391104629738056e-01 6.791111961647865181e-02 0.000000000000000000e+00 0.000000000000000000e+00
1.087796749451942491e-01 2.281826832535906457e-01 1.187409472813493322e-01 0.000000000000000000e+00 0.000000000000000000e+00
5.320289408486624655e-02 2.116726996955590190e-01 1.581942817038577143e-01 0.000000000000000000e+00 0.000000000000000000e+00
0.000000000000000000e+00 1.820944993425470115e-01 1.841009479729312226e-01 2.016889245257800622e-03 0.000000000000000000e+00
0.000000000000000000e+00 1.424290347993736050e-01 1.957528586796375980e-01 5.301209623913375607e-02 0.000000000000000000e+00
0.000000000000000000e+00 9.614997116557187640e-02 1.935314908925981348e-01 9.678362711275341479e-02 0.000000000000000000e+00
0.000000000000000000e+00 4.684144383967261266e-02 1.786355848064513641e-01 1.309576754666648690e-01 0.000000000000000000e+00
0.000000000000000000e+00 0.000000000000000000e+00 1.529484929485710742e-01 1.539594633393379375e-01 2.085940908872403656e-03
0.000000000000000000e+00 0.000000000000000000e+00 1.189211786494197842e-01 1.650605041646697191e-01 4.733583105952485215e-02
0.000000000000000000e+00 0.000000000000000000e+00 7.941236384288137551e-02 1.643824130937783790e-01 8.619121644672601834e-02
0.000000000000000000e+00 0.000000000000000000e+00 3.744958551065342284e-02 1.528169575902526001e-01 1.165168989124535648e-01
0.000000000000000000e+00 0.000000000000000000e+00 0.000000000000000000e+00 1.319094073170882231e-01 1.369021314435120151e-01
0.000000000000000000e+00 0.000000000000000000e+00 0.000000000000000000e+00 1.036701194364532952e-01 1.467332285267241854e-01
0.000000000000000000e+00 0.000000000000000000e+00 0.000000000000000000e+00 7.007308495425502992e-02 1.463879979466062853e-01
0.000000000000000000e+00 0.000000000000000000e+00 0.000000000000000000e+00 3.324623346169412047e-02 1.366952091643175160e-01
4.488708886121831401e-03 0.000000000000000000e+00 0.000000000000000000e+00 0.000000000000000000e+00 1.187102105467783136e-01
4.068683804990527730e-02 0.000000000000000000e+00 0.000000000000000000e+00 0.000000000000000000e+00 9.379990207380602130e-02
7.306927873536769869e-02 0.000000000000000000e+00 0.000000000000000000e+00 0.000000000000000000e+00 6.373063336201478801e-02
9.967742647165668546e-02 0.000000000000000000e+00 0.000000000000000000e+00 0.000000000000000000e+00 3.058807947657443682e-02
1.190026810603622420e-01 3.386993274156382527e-03 0.000000000000000000e+00 0.000000000000000000e+00 0.000000000000000000e+00
1.300621665428360330e-01 3.600805968082867320e-02 0.000000000000000000e+00 0.000000000000000000e+00 0.000000000000000000e+00
1.324403624242629918e-01 6.521307461956539486e-02 0.000000000000000000e+00 0.000000000000000000e+00 0.000000000000000000e+00
1.262851937907724376e-01 8.925528305221018532e-02 0.000000000000000000e+00 0.000000000000000000e+00 0.000000000000000000e+00
1.122778077769404081e-01 1.067785133116009866e-01 0.000000000000000000e+00 0.000000000000000000e+00 0.000000000000000000e+00
9.157500758668518648e-02 1.168868736710513417e-01 2.470819870828503892e-02 0.000000000000000000e+00 0.000000000000000000e+00
6.599364719113635924e-02 1.190041758879008399e-01 5.259824846776573609e-02 0.000000000000000000e+00 0.000000000000000000e+00
3.771794735311626012e-02 1.131538843665144817e-01 7.522349928647124873e-02 0.000000000000000000e+00 0.000000000000000000e+00
8.935511285194113265e-03 1.001198325417556878e-01 9.116652996296802092e-02 0.000000000000000000e+00 0.000000000000000000e+00
0.000000000000000000e+00 8.128933676920870044e-02 9.981157990327343965e-02 1.841832133193118878e-02 0.000000000000000000e+00
0.000000000000000000e+00 5.838684168109510575e-02 1.011658268340916017e-01 4.251950972843630827e-02 0.000000000000000000e+00
0.000000000000000000e+00 3.325550642116055500e-02 9.570189846098355047e-02 6.205391986448617614e-02 0.000000000000000000e+00
0.000000000000000000e+00 7.721295403640331644e-03 8.427313873352651474e-02 7.605540365984068962e-02 0.000000000000000000e+00
0.000000000000000000e+00 0.000000000000000000e+00 6.805293913510872261e-02 8.398952218565729211e-02 1.653828034676936912e-02
0.000000000000000000e+00 0.000000000000000000e+00 4.845688980370710386e-02 8.576295129333777467e-02 3.793810468488959670e-02
0.000000000000000000e+00 0.000000000000000000e+00 2.703166627525512358e-02 8.169873763765438113e-02 5.527905411997278279e-02
0.000000000000000000e+00 0.000000000000000000e+00 5.336001801339383677e-03 7.248393665081648285e-02 6.769392716241262598e-02
0.000000000000000000e+00 0.000000000000000000e+00 0.000000000000000000e+00 5.909836935138071401e-02 7.470790855457624946e-02
0.000000000000000000e+00 0.000000000000000000e+00 0.000000000000000000e+00 4.256592510984606725e-02 7.635473316495562657e-02
0.000000000000000000e+00 0.000000000000000000e+00 0.000000000000000000e+00 2.395967757851907159e-02 7.298985427161057415e-02
0.000000000000000000e+00 0.000000000000000000e+00 0.000000000000000000e+00 4.461739049288830986e-03 6.511640201998633581e-02
1.469506688529671583e-02 0.000000000000000000e+00 0.000000000000000000e+00 0.000000000000000000e+00 5.338383061217182035e-02
3.226784698048638933e-02 0.000000000000000000e+00 0.000000000000000000e+00 0.000000000000000000e+00 3.863803236751110759e-02
4.718407919499248426e-02 0.000000000000000000e+00 0.000000000000000000e+00 0.000000000000000000e+00 2.190881464387950048e-02
5.857540118939725399e-02 0.000000000000000000e+00 0.000000000000000000e+00 0.000000000000000000e+00 4.336150161296584149e-03
6.583349570127589034e-02 1.292158234320107089e-02 0.000000000000000000e+00 0.000000000000000000e+00 0.000000000000000000e+00
6.863813774541745183e-02 2.877095456218383557e-02 0.000000000000000000e+00 0.000000000000000000e+00 0.000000000000000000e+00
6.696366390608188279e-02 4.224149819963986252e-02 0.000000000000000000e+00 0.000000000000000000e+00 0.000000000000000000e+00
6.106884387630371475e-02 5.255493405320588868e-02 0.000000000000000000e+00 0.000000000000000000e+00 0.000000000000000000e+00
5.147170619969369115e-02 5.916055808222603352e-02 7.344550204634730205e-03 0.000000000000000000e+00 0.000000000000000000e+00
3.898943227106668741e-02 6.170784993599379153e-02 2.246945131484925570e-02 0.000000000000000000e+00 0.000000000000000000e+00
2.470566899527837715e-02 6.008736076829346295e-02 3.523555667484727649e-02 0.000000000000000000e+00 0.000000000000000000e+00
9.768713413310196880e-03 5.456681454586843893e-02 4.475442744312201071e-02 0.000000000000000000e+00 0.000000000000000000e+00
0.000000000000000000e+00 4.576725042040161173e-02 5.056481385634158804e-02 4.773850584937440120e-03 0.000000000000000000e+00
0.000000000000000000e+00 3.453406897732938519e-02 5.256564564174127235e-02 1.792394367643235231e-02 0.000000000000000000e+00
0.000000000000000000e+00 2.181020197493322918e-02 5.092376906127018404e-02 2.893262103043743941e-02 0.000000000000000000e+00
0.000000000000000000e+00 8.551353649361511863e-03 4.601671417082511817e-02 3.722495985776239774e-02 0.000000000000000000e+00
0.000000000000000000e+00 0.000000000000000000e+00 3.839931359940412098e-02 4.244493824378796354e-02 4.345797687893828039e-03
0.000000000000000000e+00 0.000000000000000000e+00 2.876688734379485857e-02 4.446450536061181263e-02 1.602251991810670767e-02
0.000000000000000000e+00 0.000000000000000000e+00 1.790364792568499216e-02 4.337782192341070597e-02 2.579766875060957726e-02
0.000000000000000000e+00 0.000000000000000000e+00 6.621635142877373842e-03 3.947884893521727556e-02 3.315434287642867600e-02
0.000000000000000000e+00 0.000000000000000000e+00 0.000000000000000000e+00 3.322749100774154835e-02 3.777470869749179061e-02
0.000000000000000000e+00 0.000000000000000000e+00 0.000000000000000000e+00 2.516088204843273252e-02 3.957886660252451366e-02
0.000000000000000000e+00 0.000000000000000000e+00 0.000000000000000000e+00 1.582260742456557956e-02 3.870645511100579556e-02
0.000000000000000000e+00 0.000000000000000000e+00 0.000000000000000000e+00 5.805023981532572534e-03 3.539799292656534840e-02
4.259039957174286066e-03 0.000000000000000000e+00 0.000000000000000000e+00 0.000000000000000000e+00 2.996282424268651573e-02
1.371645951403793404e-02 0.000000000000000000e+00 0.000000000000000000e+00 0.000000000000000000e+00 2.280285920694606963e-02
2.197989482488018134e-02 0.000000000000000000e+00 0.000000000000000000e+00 0.000000000000000000e+00 1.442122618748368883e-02
2.855757850523102381e-02 0.000000000000000000e+00 0.000000000000000000e+00 0.000000000000000000e+00 5.394106733709509022e-03
3.308531891033732186e-02 3.674822041534168797e-03 0.000000000000000000e+00 0.000000000000000000e+00 0.000000000000000000e+00
3.534419311791291152e-02 1.220508944673657017e-02 0.000000000000000000e+00 0.000000000000000000e+00 0.000000000000000000e+00
3.526801067892019331e-02 1.966466190968135797e-02 0.000000000000000000e+00 0.000000000000000000e+00 0.000000000000000000e+00
3.294106885457558781e-02 2.561376179946677281e-02 0.000000000000000000e+00 0.000000000000000000e+00 0.000000000000000000e+00
2.858772516600236596e-02 2.972417386753459581e-02 9.427529483261030182e-04 0.000000000000000000e+00 0.000000000000000000e+00
2.256423550258000385e-02 3.178874582786819086e-02 9.077890543193517861e-03 0.000000000000000000e+00 0.000000000000000000e+00
1.540329680646581982e-02 3.168799713190828538e-02 1.619066848807851344e-02 0.000000000000000000e+00 0.000000000000000000e+00
7.703365330243919229e-03 2.948766448323243347e-02 2.174387111914089302e-02 0.000000000000000000e+00 0.000000000000000000e+00
4.091499544152639656e-05 2.545639411864677668e-02 2.542627499863048951e-02 0.000000000000000000e+00 0.000000000000000000e+00
0.000000000000000000e+00 2.000445510609306574e-02 2.713186289165028450e-02 7.085965190552638397e-03 0.000000000000000000e+00
0.000000000000000000e+00 1.361104451201318108e-02 2.690585639968616494e-02 1.321335271537858735e-02 0.000000000000000000e+00
0.000000000000000000e+00 6.772863675569207841e-03 2.490874678227742584e-02 1.802092428147808109e-02 0.000000000000000000e+00
0.000000000000000000e+00 0.000000000000000000e+00 2.139829057653594088e-02 2.128444422453445312e-02 3.459098276597965177e-05
0.000000000000000000e+00 0.000000000000000000e+00 1.671273429117130574e-02 2.289691356517404783e-02 6.350033145861522232e-03
0.000000000000000000e+00 0.000000000000000000e+00 1.124674504424721250e-02 2.286877907400438475e-02 1.179185004568044162e-02
0.000000000000000000e+00 0.000000000000000000e+00 5.420288029023495949e-03 2.131889887681936990e-02 1.605894350729451456e-02
0.000000000000000000e+00 0.000000000000000000e+00 0.000000000000000000e+00 1.845888098262435037e-02 1.895042442885437606e-02
0.000000000000000000e+00 0.000000000000000000e+00 0.000000000000000000e+00 1.456863506081827048e-02 2.037456385378177276e-02
0.000000000000000000e+00 0.000000000000000000e+00 0.000000000000000000e+00 9.921415254563591829e-03 2.038005251588195788e-02
0.000000000000000000e+00 0.000000000000000000e+00 0.000000000000000000e+00 4.811439840636185482e-03 1.908009441422943778e-02
4.388912598360325285e-04 0.000000000000000000e+00 0.000000000000000000e+00 0.000000000000000000e+00 1.661961638715609216e-02
5.488768951229464760e-03 0.000000000000000000e+00 0.000000000000000000e+00 0.000000000000000000e+00 1.318660502933807072e-02
1.001951486691929176e-02 0.000000000000000000e+00 0.000000000000000000e+00 0.000000000000000000e+00 9.024055003489881571e-03
1.375635562338177638e-02 0.000000000000000000e+00 0.000000000000000000e+00 0.000000000000000000e+00 4.420697356132775521e-03
1.648640649282944598e-02 3.112521472672032954e-04 0.000000000000000000e+00 0.000000000000000000e+00 0.000000000000000000e+00
1.806951703206320994e-02 4.865954433288148875e-03 0.000000000000000000e+00 0.000000000000000000e+00 0.000000000000000000e+00
1.844405165397157778e-02 8.954477470462521987e-03 0.000000000000000000e+00 0.000000000000000000e+00 0.000000000000000000e+00
1.762732388833988806e-02 1.233152391164062806e-02 0.000000000000000000e+00 0.000000000000000000e+00 0.000000000000000000e+00
1.571167436654399147e-02 1.480585958368068993e-02 0.000000000000000000e+00 0.000000000000000000e+00 0.000000000000000000e+00
1.285630394386850020e-02 1.625012911653129014e-02 3.308984407223868832e-03 0.000000000000000000e+00 0.000000000000000000e+00
9.311191460952604124e-03 1.658230817634779447e-02 7.212838338301172728e-03 0.000000000000000000e+00 0.000000000000000000e+00
5.379528246756657382e-03 1.580242575419813292e-02 1.039243664036942905e-02 0.000000000000000000e+00 0.000000000000000000e+00
1.366828919285239348e-03 1.401635019677130445e-02 1.264621660950794937e-02 0.000000000000000000e+00 0.000000000000000000e+00
0.000000000000000000e+00 1.141523146456436405e-02 1.388463264063302671e-02 2.455641542285736008e-03 0.000000000000000000e+00
