0.000000000000000000e+00 0.000000000000000000e+00 0.000000000000000000e+00 0.000000000000000000e+00 0.000000000000000000e+00
0.000000000000000000e+00 0.000000000000000000e+00 0.000000000000000000e+00 0.000000000000000000e+00 0.000000000000000000e+00
0.000000000000000000e+00 0.000000000000000000e+00 0.000000000000000000e+00 0.000000000000000000e+00 0.000000000000000000e+00
0.000000000000000000e+00 0.000000000000000000e+00 0.000000000000000000e+00 0.000000000000000000e+00 0.000000000000000000e+00
0.000000000000000000e+00 0.000000000000000000e+00 0.000000000000000000e+00 0.000000000000000000e+00 0.000000000000000000e+00
0.000000000000000000e+00 0.000000000000000000e+00 0.000000000000000000e+00 0.000000000000000000e+00 0.000000000000000000e+00
0.000000000000000000e+00 0.000000000000000000e+00 0.000000000000000000e+00 0.000000000000000000e+00 0.000000000000000000e+00
0.000000000000000000e+00 0.000000000000000000e+00 0.000000000000000000e+00 0.000000000000000000e+00 0.000000000000000000e+00
0.000000000000000000e+00 0.000000000000000000e+00 0.000000000000000000e+00 0.000000000000000000e+00 0.000000000000000000e+00
0.000000000000000000e+00 0.000000000000000000e+00 0.000000000000000000e+00 0.000000000000000000e+00 0.000000000000000000e+00
0.000000000000000000e+00 0.000000000000000000e+00 0.000000000000000000e+00 0.000000000000000000e+00 0.000000000000000000e+00
0.000000000000000000e+00 0.000000000000000000e+00 0.000000000000000000e+00 0.000000000000000000e+00 0.000000000000000000e+00
0.000000000000000000e+00 0.000000000000000000e+00 0.000000000000000000e+00 0.000000000000000000e+00 0.000000000000000000e+00
0.000000000000000000e+00 0.000000000000000000e+00 0.000000000000000000e+00 0.000000000000000000e+00 0.000000000000000000e+00
0.000000000000000000e+00 0.000000000000000000e+00 0.000000000000000000e+00 0.000000000000000000e+00 0.000000000000000000e+00
0.000000000000000000e+00 0.000000000000000000e+00 0.000000000000000000e+00 0.000000000000000000e+00 0.000000000000000000e+00
0.000000000000000000e+00 0.000000000000000000e+00 0.000000000000000000e+00 0.000000000000000000e+00 0.000000000000000000e+00
0.000000000000000000e+00 0.000000000000000000e+00 0.000000000000000000e+00 0.000000000000000000e+00 0.000000000000000000e+00
0.000000000000000000e+00 0.000000000000000000e+00 0.000000000000000000e+00 0.000000000000000000e+00 0.000000000000000000e+00
0.000000000000000000e+00 0.000000000000000000e+00 0.000000000000000000e+00 0.000000000000000000e+00 0.000000000000000000e+00
0.000000000000000000e+00 0.000000000000000000e+00 0.000000000000000000e+00 0.000000000000000000e+00 0.000000000000000000e+00
0.000000000000000000e+00 0.000000000000000000e+00 0.000000000000000000e+00 0.000000000000000000e+00 0.000000000000000000e+00
0.000000000000000000e+00 0.000000000000000000e+00 0.000000000000000000e+00 0.000000000000000000e+00 0.000000000000000000e+00
0.000000000000000000e+00 0.000000000000000000e+00 0.000000000000000000e+00 0.000000000000000000e+00 0.000000000000000000e+00
0.000000000000000000e+00 0.000000000000000000e+00 0.000000000000000000e+00 0.000000000000000000e+00 0.000000000000000000e+00
0.000000000000000000e+00 0.000000000000000000e+00 0.000000000000000000e+00 0.000000000000000000e+00 0.000000000000000000e+00
0.000000000000000000e+00 0.000000000000000000e+00 0.000000000000000000e+00 0.000000000000000000e+00 0.000000000000000000e+00
0.000000000000000000e+00 0.000000000000000000e+00 0.000000000000000000e+00 0.000000000000000000e+00 0.000000000000000000e+00
0.000000000000000000e+00 0.000000000000000000e+00 0.000000000000000000e+00 0.000000000000000000e+00 0.000000000000000000e+00
0.000000000000000000e+00 0.000000000000000000e+00 0.000000000000000000e+00 0.000000000000000000e+00 0.000000000000000000e+00
0.000000000000000000e+00 0.000000000000000000e+00 0.000000000000000000e+00 0.000000000000000000e+00 0.000000000000000000e+00
0.000000000000000000e+00 0.000000000000000000e+00 0.000000000000000000e+00 0.000000000000000000e+00 0.000000000000000000e+00
0.000000000000000000e+00 0.000000000000000000e+00 0.000000000000000000e+00 0.000000000000000000e+00 0.000000000000000000e+00
0.000000000000000000e+00 0.000000000000000000e+00 0.000000000000000000e+00 0.000000000000000000e+00 0.000000000000000000e+00
0.000000000000000000e+00 0.000000000000000000e+00 0.000000000000000000e+00 0.000000000000000000e+00 0.000000000000000000e+00
0.000000000000000000e+00 0.000000000000000000e+00 0.000000000000000000e+00 0.000000000000000000e+00 0.000000000000000000e+00
0.000000000000000000e+00 0.000000000000000000e+00 0.000000000000000000e+00 0.000000000000000000e+00 0.000000000000000000e+00
0.000000000000000000e+00 0.000000000000000000e+00 0.000000000000000000e+00 0.000000000000000000e+00 0.000000000000000000e+00
0.000000000000000000e+00 0.000000000000000000e+00 0.000000000000000000e+00 0.000000000000000000e+00 0.000000000000000000e+00
0.000000000000000000e+00 0.000000000000000000e+00 0.000000000000000000e+00 0.000000000000000000e+00 0.000000000000000000e+00
0.000000000000000000e+00 0.000000000000000000e+00 0.000000000000000000e+00 0.000000000000000000e+00 0.000000000000000000e+00
0.000000000000000000e+00 0.000000000000000000e+00 0.000000000000000000e+00 0.000000000000000000e+00 0.000000000000000000e+00
0.000000000000000000e+00 0.000000000000000000e+00 0.000000000000000000e+00 0.000000000000000000e+00 0.000000000000000000e+00
0.000000000000000000e+00 0.000000000000000000e+00 0.000000000000000000e+00 0.000000000000000000e+00 0.000000000000000000e+00
0.000000000000000000e+00 0.000000000000000000e+00 0.000000000000000000e+00 0.000000000000000000e+00 0.000000000000000000e+00
0.000000000000000000e+00 0.000000000000000000e+00 0.000000000000000000e+00 0.000000000000000000e+00 0.000000000000000000e+00
0.000000000000000000e+00 0.000000000000000000e+00 0.000000000000000000e+00 0.000000000000000000e+00 0.000000000000000000e+00
0.000000000000000000e+00 0.000000000000000000e+00 0.000000000000000000e+00 0.000000000000000000e+00 0.000000000000000000e+00
0.000000000000000000e+00 0.000000000000000000e+00 0.000000000000000000e+00 0.000000000000000000e+00 0.000000000000000000e+00
0.000000000000000000e+00 0.000000000000000000e+00 0.000000000000000000e+00 0.000000000000000000e+00 0.000000000000000000e+00
0.000000000000000000e+00 0.000000000000000000e+00 0.000000000000000000e+00 0.000000000000000000e+00 0.000000000000000000e+00
0.000000000000000000e+00 0.000000000000000000e+00 0.000000000000000000e+00 0.000000000000000000e+00 0.000000000000000000e+00
0.000000000000000000e+00 0.000000000000000000e+00 0.000000000000000000e+00 0.000000000000000000e+00 0.000000000000000000e+00
0.000000000000000000e+00 0.000000000000000000e+00 0.000000000000000000e+00 0.000000000000000000e+00 0.000000000000000000e+00
0.000000000000000000e+00 0.000000000000000000e+00 0.000000000000000000e+00 0.000000000000000000e+00 0.000000000000000000e+00
0.000000000000000000e+00 0.000000000000000000e+00 0.000000000000000000e+00 0.000000000000000000e+00 0.000000000000000000e+00
0.000000000000000000e+00 0.000000000000000000e+00 0.000000000000000000e+00 0.000000000000000000e+00 0.000000000000000000e+00
0.000000000000000000e+00 0.000000000000000000e+00 0.000000000000000000e+00 0.000000000000000000e+00 0.000000000000000000e+00
0.000000000000000000e+00 0.000000000000000000e+00 0.000000000000000000e+00 0.000000000000000000e+00 0.000000000000000000e+00
0.000000000000000000e+00 0.000000000000000000e+00 0.000000000000000000e+00 0.000000000000000000e+00 0.000000000000000000e+00
0.000000000000000000e+00 0.000000000000000000e+00 0.000000000000000000e+00 0.000000000000000000e+00 0.000000000000000000e+00
0.000000000000000000e+00 0.000000000000000000e+00 0.000000000000000000e+00 0.000000000000000000e+00 0.000000000000000000e+00
0.000000000000000000e+00 0.000000000000000000e+00 0.000000000000000000e+00 0.000000000000000000e+00 0.000000000000000000e+00
0.000000000000000000e+00 0.000000000000000000e+00 0.000000000000000000e+00 0.000000000000000000e+00 0.000000000000000000e+00
0.000000000000000000e+00 0.000000000000000000e+00 0.000000000000000000e+00 0.000000000000000000e+00 0.000000000000000000e+00
0.000000000000000000e+00 0.000000000000000000e+00 0.000000000000000000e+00 0.000000000000000000e+00 0.000000000000000000e+00
0.000000000000000000e+00 0.000000000000000000e+00 0.000000000000000000e+00 0.000000000000000000e+00 0.000000000000000000e+00
0.000000000000000000e+00 0.000000000000000000e+00 0.000000000000000000e+00 0.000000000000000000e+00 0.000000000000000000e+00
0.000000000000000000e+00 0.000000000000000000e+00 0.000000000000000000e+00 0.000000000000000000e+00 0.000000000000000000e+00
0.000000000000000000e+00 0.000000000000000000e+00 0.000000000000000000e+00 0.000000000000000000e+00 0.000000000000000000e+00
0.000000000000000000e+00 0.000000000000000000e+00 0.000000000000000000e+00 0.000000000000000000e+00 0.000000000000000000e+00
0.000000000000000000e+00 0.000000000000000000e+00 0.000000000000000000e+00 0.000000000000000000e+00 0.000000000000000000e+00
0.000000000000000000e+00 0.000000000000000000e+00 0.000000000000000000e+00 0.000000000000000000e+00 0.000000000000000000e+00
0.000000000000000000e+00 0.000000000000000000e+00 0.000000000000000000e+00 0.000000000000000000e+00 0.000000000000000000e+00
0.000000000000000000e+00 0.000000000000000000e+00 0.000000000000000000e+00 0.000000000000000000e+00 0.000000000000000000e+00
0.000000000000000000e+00 0.000000000000000000e+00 0.000000000000000000e+00 0.000000000000000000e+00 0.000000000000000000e+00
0.000000000000000000e+00 0.000000000000000000e+00 0.000000000000000000e+00 0.000000000000000000e+00 0.000000000000000000e+00
0.000000000000000000e+00 0.000000000000000000e+00 0.000000000000000000e+00 0.000000000000000000e+00 0.000000000000000000e+00
0.000000000000000000e+00 0.000000000000000000e+00 0.000000000000000000e+00 0.000000000000000000e+00 0.000000000000000000e+00
0.000000000000000000e+00 0.000000000000000000e+00 0.000000000000000000e+00 0.000000000000000000e+00 0.000000000000000000e+00
0.000000000000000000e+00 0.000000000000000000e+00 0.000000000000000000e+00 0.000000000000000000e+00 0.000000000000000000e+00
0.000000000000000000e+00 0.000000000000000000e+00 0.000000000000000000e+00 0.000000000000000000e+00 0.000000000000000000e+00
0.000000000000000000e+00 0.000000000000000000e+00 0.000000000000000000e+00 0.000000000000000000e+00 0.000000000000000000e+00
0.000000000000000000e+00 0.000000000000000000e+00 0.000000000000000000e+00 0.000000000000000000e+00 0.000000000000000000e+00
0.000000000000000000e+00 0.000000000000000000e+00 0.000000000000000000e+00 0.000000000000000000e+00 0.000000000000000000e+00
0.000000000000000000e+00 0.000000000000000000e+00 0.000000000000000000e+00 0.000000000000000000e+00 0.000000000000000000e+00
0.000000000000000000e+00 0.000000000000000000e+00 0.000000000000000000e+00 0.000000000000000000e+00 0.000000000000000000e+00
0.000000000000000000e+00 0.000000000000000000e+00 0.000000000000000000e+00 0.000000000000000000e+00 0.000000000000000000e+00
0.000000000000000000e+00 0.000000000000000000e+00 0.000000000000000000e+00 0.000000000000000000e+00 0.000000000000000000e+00
0.000000000000000000e+00 0.000000000000000000e+00 0.000000000000000000e+00 0.000000000000000000e+00 0.000000000000000000e+00
0.000000000000000000e+00 0.000000000000000000e+00 0.000000000000000000e+00 0.000000000000000000e+00 0.000000000000000000e+00
0.000000000000000000e+00 0.000000000000000000e+00 0.000000000000000000e+00 0.000000000000000000e+00 0.000000000000000000e+00
0.000000000000000000e+00 0.000000000000000000e+00 0.000000000000000000e+00 0.000000000000000000e+00 0.000000000000000000e+00
0.000000000000000000e+00 0.000000000000000000e+00 0.000000000000000000e+00 0.000000000000000000e+00 0.000000000000000000e+00
0.000000000000000000e+00 0.000000000000000000e+00 0.000000000000000000e+00 0.000000000000000000e+00 0.000000000000000000e+00
0.000000000000000000e+00 0.000000000000000000e+00 0.000000000000000000e+00 0.000000000000000000e+00 0.000000000000000000e+00
0.000000000000000000e+00 0.000000000000000000e+00 0.000000000000000000e+00 0.000000000000000000e+00 0.000000000000000000e+00
0.000000000000000000e+00 0.000000000000000000e+00 0.000000000000000000e+00 0.000000000000000000e+00 0.000000000000000000e+00
0.000000000000000000e+00 0.000000000000000000e+00 0.000000000000000000e+00 0.000000000000000000e+00 0.000000000000000000e+00
0.000000000000000000e+00 0.000000000000000000e+00 0.000000000000000000e+00 0.000000000000000000e+00 0.000000000000000000e+00
0.000000000000000000e+00 0.000000000000000000e+00 0.000000000000000000e+00 0.000000000000000000e+00 0.000000000000000000e+00
0.000000000000000000e+00 0.000000000000000000e+00 0.000000000000000000e+00 0.000000000000000000e+00 0.000000000000000000e+00
0.000000000000000000e+00 0.000000000000000000e+00 0.000000000000000000e+00 0.000000000000000000e+00 0.000000000000000000e+00
0.000000000000000000e+00 0.000000000000000000e+00 0.000000000000000000e+00 0.000000000000000000e+00 0.000000000000000000e+00
0.000000000000000000e+00 0.000000000000000000e+00 0.000000000000000000e+00 0.000000000000000000e+00 0.000000000000000000e+00
0.000000000000000000e+00 0.000000000000000000e+00 0.000000000000000000e+00 0.000000000000000000e+00 0.000000000000000000e+00
0.000000000000000000e+00 0.000000000000000000e+00 0.000000000000000000e+00 0.000000000000000000e+00 0.000000000000000000e+00
0.000000000000000000e+00 0.000000000000000000e+00 0.000000000000000000e+00 0.000000000000000000e+00 0.000000000000000000e+00
0.000000000000000000e+00 0.000000000000000000e+00 0.000000000000000000e+00 0.000000000000000000e+00 0.000000000000000000e+00
0.000000000000000000e+00 0.000000000000000000e+00 0.000000000000000000e+00 0.000000000000000000e+00 0.000000000000000000e+00
0.000000000000000000e+00 0.000000000000000000e+00 0.000000000000000000e+00 0.000000000000000000e+00 0.000000000000000000e+00
0.000000000000000000e+00 0.000000000000000000e+00 0.000000000000000000e+00 0.000000000000000000e+00 0.000000000000000000e+00
0.000000000000000000e+00 0.000000000000000000e+00 0.000000000000000000e+00 0.000000000000000000e+00 0.000000000000000000e+00
0.000000000000000000e+00 0.000000000000000000e+00 0.000000000000000000e+00 0.000000000000000000e+00 0.000000000000000000e+00
0.000000000000000000e+00 0.000000000000000000e+00 0.000000000000000000e+00 0.000000000000000000e+00 0.000000000000000000e+00
0.000000000000000000e+00 0.000000000000000000e+00 0.000000000000000000e+00 0.000000000000000000e+00 0.000000000000000000e+00
0.000000000000000000e+00 0.000000000000000000e+00 0.000000000000000000e+00 0.000000000000000000e+00 0.000000000000000000e+00
0.000000000000000000e+00 0.000000000000000000e+00 0.000000000000000000e+00 0.000000000000000000e+00 0.000000000000000000e+00
0.000000000000000000e+00 0.000000000000000000e+00 0.000000000000000000e+00 0.000000000000000000e+00 0.000000000000000000e+00
0.000000000000000000e+00 0.000000000000000000e+00 0.000000000000000000e+00 0.000000000000000000e+00 0.000000000000000000e+00
0.000000000000000000e+00 0.000000000000000000e+00 0.000000000000000000e+00 0.000000000000000000e+00 0.000000000000000000e+00
0.000000000000000000e+00 0.000000000000000000e+00 0.000000000000000000e+00 0.000000000000000000e+00 0.000000000000000000e+00
0.000000000000000000e+00 0.000000000000000000e+00 0.000000000000000000e+00 0.000000000000000000e+00 0.000000000000000000e+00
0.000000000000000000e+00 0.000000000000000000e+00 0.000000000000000000e+00 0.000000000000000000e+00 0.000000000000000000e+00
0.000000000000000000e+00 0.000000000000000000e+00 0.000000000000000000e+00 0.000000000000000000e+00 0.000000000000000000e+00
0.000000000000000000e+00 0.000000000000000000e+00 0.000000000000000000e+00 0.000000000000000000e+00 0.000000000000000000e+00
0.000000000000000000e+00 0.000000000000000000e+00 0.000000000000000000e+00 0.000000000000000000e+00 0.000000000000000000e+00
0.000000000000000000e+00 0.000000000000000000e+00 0.000000000000000000e+00 0.000000000000000000e+00 0.000000000000000000e+00
0.000000000000000000e+00 0.000000000000000000e+00 0.000000000000000000e+00 0.000000000000000000e+00 0.000000000000000000e+00
0.000000000000000000e+00 0.000000000000000000e+00 0.000000000000000000e+00 0.000000000000000000e+00 0.000000000000000000e+00
0.000000000000000000e+00 0.000000000000000000e+00 0.000000000000000000e+00 0.000000000000000000e+00 0.000000000000000000e+00
0.000000000000000000e+00 0.000000000000000000e+00 0.000000000000000000e+00 0.000000000000000000e+00 0.000000000000000000e+00
0.000000000000000000e+00 0.000000000000000000e+00 0.000000000000000000e+00 0.000000000000000000e+00 0.000000000000000000e+00
0.000000000000000000e+00 0.000000000000000000e+00 0.000000000000000000e+00 0.000000000000000000e+00 0.000000000000000000e+00
0.000000000000000000e+00 0.000000000000000000e+00 0.000000000000000000e+00 0.000000000000000000e+00 0.000000000000000000e+00
0.000000000000000000e+00 0.000000000000000000e+00 0.000000000000000000e+00 0.000000000000000000e+00 0.000000000000000000e+00
0.000000000000000000e+00 0.000000000000000000e+00 0.000000000000000000e+00 0.000000000000000000e+00 0.000000000000000000e+00
0.000000000000000000e+00 0.000000000000000000e+00 0.000000000000000000e+00 0.000000000000000000e+00 0.000000000000000000e+00
0.000000000000000000e+00 0.000000000000000000e+00 0.000000000000000000e+00 0.000000000000000000e+00 0.000000000000000000e+00
0.000000000000000000e+00 0.000000000000000000e+00 0.000000000000000000e+00 0.000000000000000000e+00 0.000000000000000000e+00
0.000000000000000000e+00 0.000000000000000000e+00 0.000000000000000000e+00 0.000000000000000000e+00 0.000000000000000000e+00
0.000000000000000000e+00 0.000000000000000000e+00 0.000000000000000000e+00 0.000000000000000000e+00 0.000000000000000000e+00
0.000000000000000000e+00 0.000000000000000000e+00 0.000000000000000000e+00 0.000000000000000000e+00 0.000000000000000000e+00
0.000000000000000000e+00 0.000000000000000000e+00 0.000000000000000000e+00 0.000000000000000000e+00 0.000000000000000000e+00
0.000000000000000000e+00 0.000000000000000000e+00 0.000000000000000000e+00 0.000000000000000000e+00 0.000000000000000000e+00
0.000000000000000000e+00 0.000000000000000000e+00 0.000000000000000000e+00 0.000000000000000000e+00 0.000000000000000000e+00
0.000000000000000000e+00 0.000000000000000000e+00 0.000000000000000000e+00 0.000000000000000000e+00 0.000000000000000000e+00
0.000000000000000000e+00 0.000000000000000000e+00 0.000000000000000000e+00 0.000000000000000000e+00 0.000000000000000000e+00
0.000000000000000000e+00 0.000000000000000000e+00 0.000000000000000000e+00 0.000000000000000000e+00 0.000000000000000000e+00
0.000000000000000000e+00 0.000000000000000000e+00 0.000000000000000000e+00 0.000000000000000000e+00 0.000000000000000000e+00
0.000000000000000000e+00 0.000000000000000000e+00 0.000000000000000000e+00 0.000000000000000000e+00 0.000000000000000000e+00
0.000000000000000000e+00 0.000000000000000000e+00 0.000000000000000000e+00 0.000000000000000000e+00 0.000000000000000000e+00
0.000000000000000000e+00 0.000000000000000000e+00 0.000000000000000000e+00 0.000000000000000000e+00 0.000000000000000000e+00
0.000000000000000000e+00 0.000000000000000000e+00 0.000000000000000000e+00 0.000000000000000000e+00 0.000000000000000000e+00
0.000000000000000000e+00 0.000000000000000000e+00 0.000000000000000000e+00 0.000000000000000000e+00 0.000000000000000000e+00
0.000000000000000000e+00 0.000000000000000000e+00 0.000000000000000000e+00 0.000000000000000000e+00 0.000000000000000000e+00
0.000000000000000000e+00 0.000000000000000000e+00 0.000000000000000000e+00 0.000000000000000000e+00 0.000000000000000000e+00
0.000000000000000000e+00 0.000000000000000000e+00 0.000000000000000000e+00 0.000000000000000000e+00 0.000000000000000000e+00
0.000000000000000000e+00 0.000000000000000000e+00 0.000000000000000000e+00 0.000000000000000000e+00 0.000000000000000000e+00
0.000000000000000000e+00 0.000000000000000000e+00 0.000000000000000000e+00 0.000000000000000000e+00 0.000000000000000000e+00
0.000000000000000000e+00 0.000000000000000000e+00 0.000000000000000000e+00 0.000000000000000000e+00 0.000000000000000000e+00
0.000000000000000000e+00 0.000000000000000000e+00 0.000000000000000000e+00 0.000000000000000000e+00 0.000000000000000000e+00
0.000000000000000000e+00 0.000000000000000000e+00 0.000000000000000000e+00 0.000000000000000000e+00 0.000000000000000000e+00
0.000000000000000000e+00 0.000000000000000000e+00 0.000000000000000000e+00 0.000000000000000000e+00 0.000000000000000000e+00
0.000000000000000000e+00 0.000000000000000000e+00 0.000000000000000000e+00 0.000000000000000000e+00 0.000000000000000000e+00
0.000000000000000000e+00 0.000000000000000000e+00 0.000000000000000000e+00 0.000000000000000000e+00 0.000000000000000000e+00
0.000000000000000000e+00 0.000000000000000000e+00 0.000000000000000000e+00 0.000000000000000000e+00 0.000000000000000000e+00
0.000000000000000000e+00 0.000000000000000000e+00 0.000000000000000000e+00 0.000000000000000000e+00 0.000000000000000000e+00
0.000000000000000000e+00 0.000000000000000000e+00 0.000000000000000000e+00 0.000000000000000000e+00 0.000000000000000000e+00
0.000000000000000000e+00 0.000000000000000000e+00 0.000000000000000000e+00 0.000000000000000000e+00 0.000000000000000000e+00
0.000000000000000000e+00 0.000000000000000000e+00 0.000000000000000000e+00 0.000000000000000000e+00 0.000000000000000000e+00
0.000000000000000000e+00 0.000000000000000000e+00 0.000000000000000000e+00 0.000000000000000000e+00 0.000000000000000000e+00
0.000000000000000000e+00 0.000000000000000000e+00 0.000000000000000000e+00 0.000000000000000000e+00 0.000000000000000000e+00
0.000000000000000000e+00 0.000000000000000000e+00 0.000000000000000000e+00 0.000000000000000000e+00 0.000000000000000000e+00
0.000000000000000000e+00 0.000000000000000000e+00 0.000000000000000000e+00 0.000000000000000000e+00 0.000000000000000000e+00
0.000000000000000000e+00 0.000000000000000000e+00 0.000000000000000000e+00 0.000000000000000000e+00 0.000000000000000000e+00
0.000000000000000000e+00 0.000000000000000000e+00 0.000000000000000000e+00 0.000000000000000000e+00 0.000000000000000000e+00
0.000000000000000000e+00 0.000000000000000000e+00 0.000000000000000000e+00 0.000000000000000000e+00 0.000000000000000000e+00
0.000000000000000000e+00 0.000000000000000000e+00 0.000000000000000000e+00 0.000000000000000000e+00 0.000000000000000000e+00
0.000000000000000000e+00 0.000000000000000000e+00 0.000000000000000000e+00 0.000000000000000000e+00 0.000000000000000000e+00
0.000000000000000000e+00 0.000000000000000000e+00 0.000000000000000000e+00 0.000000000000000000e+00 0.000000000000000000e+00
0.000000000000000000e+00 0.000000000000000000e+00 0.000000000000000000e+00 0.000000000000000000e+00 0.000000000000000000e+00
0.000000000000000000e+00 0.000000000000000000e+00 0.000000000000000000e+00 0.000000000000000000e+00 0.000000000000000000e+00
0.000000000000000000e+00 0.000000000000000000e+00 0.000000000000000000e+00 0.000000000000000000e+00 0.000000000000000000e+00
0.000000000000000000e+00 0.000000000000000000e+00 0.000000000000000000e+00 0.000000000000000000e+00 0.000000000000000000e+00
0.000000000000000000e+00 0.000000000000000000e+00 0.000000000000000000e+00 0.000000000000000000e+00 0.000000000000000000e+00
0.000000000000000000e+00 0.000000000000000000e+00 0.000000000000000000e+00 0.000000000000000000e+00 0.000000000000000000e+00
0.000000000000000000e+00 0.000000000000000000e+00 0.000000000000000000e+00 0.000000000000000000e+00 0.000000000000000000e+00
0.000000000000000000e+00 0.000000000000000000e+00 0.000000000000000000e+00 0.000000000000000000e+00 0.000000000000000000e+00
0.000000000000000000e+00 0.000000000000000000e+00 0.000000000000000000e+00 0.000000000000000000e+00 0.000000000000000000e+00
0.000000000000000000e+00 0.000000000000000000e+00 0.000000000000000000e+00 0.000000000000000000e+00 0.000000000000000000e+00
0.000000000000000000e+00 0.000000000000000000e+00 0.000000000000000000e+00 0.000000000000000000e+00 0.000000000000000000e+00
0.000000000000000000e+00 0.000000000000000000e+00 0.000000000000000000e+00 0.000000000000000000e+00 0.000000000000000000e+00
0.000000000000000000e+00 0.000000000000000000e+00 0.000000000000000000e+00 0.000000000000000000e+00 0.000000000000000000e+00
0.000000000000000000e+00 0.000000000000000000e+00 0.000000000000000000e+00 0.000000000000000000e+00 0.000000000000000000e+00
0.000000000000000000e+00 0.000000000000000000e+00 0.000000000000000000e+00 0.000000000000000000e+00 0.000000000000000000e+00
0.000000000000000000e+00 0.000000000000000000e+00 0.000000000000000000e+00 0.000000000000000000e+00 0.000000000000000000e+00
0.000000000000000000e+00 0.000000000000000000e+00 0.000000000000000000e+00 0.000000000000000000e+00 0.000000000000000000e+00
0.000000000000000000e+00 0.000000000000000000e+00 0.000000000000000000e+00 0.000000000000000000e+00 0.000000000000000000e+00
0.000000000000000000e+00 0.000000000000000000e+00 0.000000000000000000e+00 0.000000000000000000e+00 0.000000000000000000e+00
0.000000000000000000e+00 0.000000000000000000e+00 0.000000000000000000e+00 0.000000000000000000e+00 0.000000000000000000e+00
0.000000000000000000e+00 0.000000000000000000e+00 0.000000000000000000e+00 0.000000000000000000e+00 0.000000000000000000e+00
0.000000000000000000e+00 0.000000000000000000e+00 0.000000000000000000e+00 0.000000000000000000e+00 0.000000000000000000e+00
0.000000000000000000e+00 0.000000000000000000e+00 0.000000000000000000e+00 0.000000000000000000e+00 0.000000000000000000e+00
0.000000000000000000e+00 0.000000000000000000e+00 0.000000000000000000e+00 0.000000000000000000e+00 0.000000000000000000e+00
0.000000000000000000e+00 0.000000000000000000e+00 0.000000000000000000e+00 0.000000000000000000e+00 0.000000000000000000e+00
0.000000000000000000e+00 0.000000000000000000e+00 0.000000000000000000e+00 0.000000000000000000e+00 0.000000000000000000e+00
0.000000000000000000e+00 0.000000000000000000e+00 0.000000000000000000e+00 0.000000000000000000e+00 0.000000000000000000e+00
0.000000000000000000e+00 0.000000000000000000e+00 0.000000000000000000e+00 0.000000000000000000e+00 0.000000000000000000e+00
0.000000000000000000e+00 0.000000000000000000e+00 0.000000000000000000e+00 0.000000000000000000e+00 0.000000000000000000e+00
0.000000000000000000e+00 0.000000000000000000e+00 0.000000000000000000e+00 0.000000000000000000e+00 0.000000000000000000e+00
0.000000000000000000e+00 0.000000000000000000e+00 0.000000000000000000e+00 0.000000000000000000e+00 0.000000000000000000e+00
0.000000000000000000e+00 0.000000000000000000e+00 0.000000000000000000e+00 0.000000000000000000e+00 0.000000000000000000e+00
0.000000000000000000e+00 0.000000000000000000e+00 0.000000000000000000e+00 0.000000000000000000e+00 0.000000000000000000e+00
0.000000000000000000e+00 0.000000000000000000e+00 0.000000000000000000e+00 0.000000000000000000e+00 0.000000000000000000e+00
0.000000000000000000e+00 0.000000000000000000e+00 0.000000000000000000e+00 0.000000000000000000e+00 0.000000000000000000e+00
0.000000000000000000e+00 0.000000000000000000e+00 0.000000000000000000e+00 0.000000000000000000e+00 0.000000000000000000e+00
0.000000000000000000e+00 0.000000000000000000e+00 0.000000000000000000e+00 0.000000000000000000e+00 0.000000000000000000e+00
0.000000000000000000e+00 0.000000000000000000e+00 0.000000000000000000e+00 0.000000000000000000e+00 0.000000000000000000e+00
0.000000000000000000e+00 0.000000000000000000e+00 0.000000000000000000e+00 0.000000000000000000e+00 0.000000000000000000e+00
0.000000000000000000e+00 0.000000000000000000e+00 0.000000000000000000e+00 0.000000000000000000e+00 0.000000000000000000e+00
0.000000000000000000e+00 0.000000000000000000e+00 0.000000000000000000e+00 0.000000000000000000e+00 0.000000000000000000e+00
0.000000000000000000e+00 0.000000000000000000e+00 0.000000000000000000e+00 0.000000000000000000e+00 0.000000000000000000e+00
0.000000000000000000e+00 0.000000000000000000e+00 0.000000000000000000e+00 0.000000000000000000e+00 0.000000000000000000e+00
0.000000000000000000e+00 0.000000000000000000e+00 0.000000000000000000e+00 0.000000000000000000e+00 0.000000000000000000e+00
0.000000000000000000e+00 0.000000000000000000e+00 0.000000000000000000e+00 0.000000000000000000e+00 0.000000000000000000e+00
0.000000000000000000e+00 0.000000000000000000e+00 0.000000000000000000e+00 0.000000000000000000e+00 0.000000000000000000e+00
0.000000000000000000e+00 0.000000000000000000e+00 0.000000000000000000e+00 0.000000000000000000e+00 0.000000000000000000e+00
0.000000000000000000e+00 0.000000000000000000e+00 0.000000000000000000e+00 0.000000000000000000e+00 0.000000000000000000e+00
0.000000000000000000e+00 0.000000000000000000e+00 0.000000000000000000e+00 0.000000000000000000e+00 0.000000000000000000e+00
0.000000000000000000e+00 0.000000000000000000e+00 0.000000000000000000e+00 0.000000000000000000e+00 0.000000000000000000e+00
0.000000000000000000e+00 0.000000000000000000e+00 0.000000000000000000e+00 0.000000000000000000e+00 0.000000000000000000e+00
0.000000000000000000e+00 0.000000000000000000e+00 0.000000000000000000e+00 0.000000000000000000e+00 0.000000000000000000e+00
0.000000000000000000e+00 0.000000000000000000e+00 0.000000000000000000e+00 0.000000000000000000e+00 0.000000000000000000e+00
0.000000000000000000e+00 0.000000000000000000e+00 0.000000000000000000e+00 0.000000000000000000e+00 0.000000000000000000e+00
0.000000000000000000e+00 0.000000000000000000e+00 0.000000000000000000e+00 0.000000000000000000e+00 0.000000000000000000e+00
0.000000000000000000e+00 0.000000000000000000e+00 0.000000000000000000e+00 0.000000000000000000e+00 0.000000000000000000e+00
0.000000000000000000e+00 0.000000000000000000e+00 0.000000000000000000e+00 0.000000000000000000e+00 0.000000000000000000e+00
0.000000000000000000e+00 0.000000000000000000e+00 0.000000000000000000e+00 0.000000000000000000e+00 0.000000000000000000e+00
0.000000000000000000e+00 0.000000000000000000e+00 0.000000000000000000e+00 0.000000000000000000e+00 0.000000000000000000e+00
0.000000000000000000e+00 0.000000000000000000e+00 0.000000000000000000e+00 0.000000000000000000e+00 0.000000000000000000e+00
0.000000000000000000e+00 0.000000000000000000e+00 0.000000000000000000e+00 0.000000000000000000e+00 0.000000000000000000e+00
0.000000000000000000e+00 0.000000000000000000e+00 0.000000000000000000e+00 0.000000000000000000e+00 0.000000000000000000e+00
0.000000000000000000e+00 0.000000000000000000e+00 0.000000000000000000e+00 0.000000000000000000e+00 0.000000000000000000e+00
0.000000000000000000e+00 0.000000000000000000e+00 0.000000000000000000e+00 0.000000000000000000e+00 0.000000000000000000e+00
0.000000000000000000e+00 0.000000000000000000e+00 0.000000000000000000e+00 0.000000000000000000e+00 0.000000000000000000e+00
0.000000000000000000e+00 0.000000000000000000e+00 0.000000000000000000e+00 0.000000000000000000e+00 0.000000000000000000e+00
0.000000000000000000e+00 0.000000000000000000e+00 0.000000000000000000e+00 0.000000000000000000e+00 0.000000000000000000e+00
0.000000000000000000e+00 0.000000000000000000e+00 0.000000000000000000e+00 0.000000000000000000e+00 0.000000000000000000e+00
0.000000000000000000e+00 0.000000000000000000e+00 0.000000000000000000e+00 0.000000000000000000e+00 0.000000000000000000e+00
0.000000000000000000e+00 0.000000000000000000e+00 0.000000000000000000e+00 0.000000000000000000e+00 0.000000000000000000e+00
0.000000000000000000e+00 0.000000000000000000e+00 0.000000000000000000e+00 0.000000000000000000e+00 0.000000000000000000e+00
0.000000000000000000e+00 0.000000000000000000e+00 0.000000000000000000e+00 0.000000000000000000e+00 0.000000000000000000e+00
0.000000000000000000e+00 0.000000000000000000e+00 0.000000000000000000e+00 0.000000000000000000e+00 0.000000000000000000e+00
0.000000000000000000e+00 0.000000000000000000e+00 0.000000000000000000e+00 0.000000000000000000e+00 0.000000000000000000e+00
0.000000000000000000e+00 0.000000000000000000e+00 0.000000000000000000e+00 0.000000000000000000e+00 0.000000000000000000e+00
0.000000000000000000e+00 0.000000000000000000e+00 0.000000000000000000e+00 0.000000000000000000e+00 0.000000000000000000e+00
0.000000000000000000e+00 0.000000000000000000e+00 0.000000000000000000e+00 0.000000000000000000e+00 0.000000000000000000e+00
0.000000000000000000e+00 0.000000000000000000e+00 0.000000000000000000e+00 0.000000000000000000e+00 0.000000000000000000e+00
0.000000000000000000e+00 0.000000000000000000e+00 0.000000000000000000e+00 0.000000000000000000e+00 0.000000000000000000e+00
0.000000000000000000e+00 0.000000000000000000e+00 0.000000000000000000e+00 0.000000000000000000e+00 0.000000000000000000e+00
0.000000000000000000e+00 0.000000000000000000e+00 0.000000000000000000e+00 0.000000000000000000e+00 0.000000000000000000e+00
0.000000000000000000e+00 0.000000000000000000e+00 0.000000000000000000e+00 0.000000000000000000e+00 0.000000000000000000e+00
0.000000000000000000e+00 0.000000000000000000e+00 0.000000000000000000e+00 0.000000000000000000e+00 0.000000000000000000e+00
0.000000000000000000e+00 0.000000000000000000e+00 0.000000000000000000e+00 0.000000000000000000e+00 0.000000000000000000e+00
0.000000000000000000e+00 0.000000000000000000e+00 0.000000000000000000e+00 0.000000000000000000e+00 0.000000000000000000e+00
0.000000000000000000e+00 0.000000000000000000e+00 0.000000000000000000e+00 0.000000000000000000e+00 0.000000000000000000e+00
0.000000000000000000e+00 0.000000000000000000e+00 0.000000000000000000e+00 0.000000000000000000e+00 0.000000000000000000e+00
0.000000000000000000e+00 0.000000000000000000e+00 0.000000000000000000e+00 0.000000000000000000e+00 0.000000000000000000e+00
0.000000000000000000e+00 0.000000000000000000e+00 0.000000000000000000e+00 0.000000000000000000e+00 0.000000000000000000e+00
0.000000000000000000e+00 0.000000000000000000e+00 0.000000000000000000e+00 0.000000000000000000e+00 0.000000000000000000e+00
0.000000000000000000e+00 0.000000000000000000e+00 0.000000000000000000e+00 0.000000000000000000e+00 0.000000000000000000e+00
0.000000000000000000e+00 0.000000000000000000e+00 0.000000000000000000e+00 0.000000000000000000e+00 0.000000000000000000e+00
0.000000000000000000e+00 0.000000000000000000e+00 0.000000000000000000e+00 0.000000000000000000e+00 0.000000000000000000e+00
0.000000000000000000e+00 0.000000000000000000e+00 0.000000000000000000e+00 0.000000000000000000e+00 0.000000000000000000e+00
0.000000000000000000e+00 0.000000000000000000e+00 1.995113743507494763e-01 1.310353423978976650e+01 1.299937451259142840e+01
0.000000000000000000e+00 0.000000000000000000e+00 0.000000000000000000e+00 1.056743705953977930e+01 1.433553948616239992e+01
0.000000000000000000e+00 0.000000000000000000e+00 0.000000000000000000e+00 6.876524135764078061e+00 1.413786462235414376e+01
0.000000000000000000e+00 0.000000000000000000e+00 0.000000000000000000e+00 2.761708674172501876e+00 1.266952430748287561e+01
1.120502793532863750e+00 0.000000000000000000e+00 0.000000000000000000e+00 0.000000000000000000e+00 1.036232502623945706e+01
4.435676169633845589e+00 0.000000000000000000e+00 0.000000000000000000e+00 0.000000000000000000e+00 7.620580088329320212e+00
7.045385695158755901e+00 0.000000000000000000e+00 0.000000000000000000e+00 0.000000000000000000e+00 4.778101817879424118e+00
8.952006883121862657e+00 0.000000000000000000e+00 0.000000000000000000e+00 0.000000000000000000e+00 1.999584582103798081e+00
1.018359372433890186e+01 6.512103843824214033e-01 0.000000000000000000e+00 0.000000000000000000e+00 0.000000000000000000e+00
1.075448140045290302e+01 3.130047826665951938e+00 0.000000000000000000e+00 0.000000000000000000e+00 0.000000000000000000e+00
1.069101747206835817e+01 5.308828381876638858e+00 0.000000000000000000e+00 0.000000000000000000e+00 0.000000000000000000e+00
1.002663525198956229e+01 7.062100659447779982e+00 0.000000000000000000e+00 0.000000000000000000e+00 0.000000000000000000e+00
8.814125298385196317e+00 8.293946876631769882e+00 0.000000000000000000e+00 0.000000000000000000e+00 0.000000000000000000e+00
7.139653731999329622e+00 8.952741187254281030e+00 1.766422208156802398e+00 0.000000000000000000e+00 0.000000000000000000e+00
5.156546337617870179e+00 9.027284470515885673e+00 3.841494078363022702e+00 0.000000000000000000e+00 0.000000000000000000e+00
3.037485346782297313e+00 8.541035871782140632e+00 5.491165838215131600e+00 0.000000000000000000e+00 0.000000000000000000e+00
9.330371303239547442e-01 7.555095804486849254e+00 6.624718023798436661e+00 0.000000000000000000e+00 0.000000000000000000e+00
0.000000000000000000e+00 6.165177917012885089e+00 7.212963162353905666e+00 1.041693916201372305e+00 0.000000000000000000e+00
0.000000000000000000e+00 4.505360983302548306e+00 7.283201761409313413e+00 2.763403627974565513e+00 0.000000000000000000e+00
0.000000000000000000e+00 2.723216023983780598e+00 6.893887951332648534e+00 4.148820992940128960e+00 0.000000000000000000e+00
0.000000000000000000e+00 9.456262102639366729e-01 6.111839787500805699e+00 5.137862700400961380e+00 0.000000000000000000e+00
0.000000000000000000e+00 0.000000000000000000e+00 5.011874454548828517e+00 5.703148364621934086e+00 7.302419648750957393e-01
0.000000000000000000e+00 0.000000000000000000e+00 3.689644558415801079e+00 5.853428871021820967e+00 2.207630344224141616e+00
0.000000000000000000e+00 0.000000000000000000e+00 2.256391822068994024e+00 5.624457849124897102e+00 3.412804916689950563e+00
0.000000000000000000e+00 0.000000000000000000e+00 8.143495166165164445e-01 5.063726155085791270e+00 4.291023964309557570e+00
0.000000000000000000e+00 0.000000000000000000e+00 0.000000000000000000e+00 4.228632278963139868e+00 4.813683537678268287e+00
0.000000000000000000e+00 0.000000000000000000e+00 0.000000000000000000e+00 3.184663424857834713e+00 4.983542091650949857e+00
0.000000000000000000e+00 0.000000000000000000e+00 0.000000000000000000e+00 2.002239296672957636e+00 4.830252359061721457e+00
0.000000000000000000e+00 0.000000000000000000e+00 0.000000000000000000e+00 7.562214157289204319e-01 4.390350748501160361e+00
4.793526058178805282e-01 0.000000000000000000e+00 0.000000000000000000e+00 0.000000000000000000e+00 3.703145601550890120e+00
1.628819436866394854e+00 0.000000000000000000e+00 0.000000000000000000e+00 0.000000000000000000e+00 2.820027198740759022e+00
2.623725033100376081e+00 0.000000000000000000e+00 0.000000000000000000e+00 0.000000000000000000e+00 1.808048600159188890e+00
3.408682808321040536e+00 0.000000000000000000e+00 0.000000000000000000e+00 0.000000000000000000e+00 7.360257376952006325e-01
3.945359259005571495e+00 3.310660220405928778e-01 0.000000000000000000e+00 0.000000000000000000e+00 0.000000000000000000e+00
4.214107718047772622e+00 1.335111087602129709e+00 0.000000000000000000e+00 0.000000000000000000e+00 0.000000000000000000e+00
4.213974895208496108e+00 2.216289779360148593e+00 0.000000000000000000e+00 0.000000000000000000e+00 0.000000000000000000e+00
3.957160698979730551e+00 2.924819798275586358e+00 0.000000000000000000e+00 0.000000000000000000e+00 0.000000000000000000e+00
3.468133405260423352e+00 3.423311714315700804e+00 0.000000000000000000e+00 0.000000000000000000e+00 0.000000000000000000e+00
2.784316269928028831e+00 3.688950682686506166e+00 8.876508284950880290e-01 0.000000000000000000e+00 0.000000000000000000e+00
1.966803470946107746e+00 3.709128414966505360e+00 1.731956301474667725e+00 0.000000000000000000e+00 0.000000000000000000e+00
1.084557700731177299e+00 3.489453503201530360e+00 2.400918336966651800e+00 0.000000000000000000e+00 0.000000000000000000e+00
2.023841289514772546e-01 3.056986266053209444e+00 2.856420735515353915e+00 0.000000000000000000e+00 0.000000000000000000e+00
0.000000000000000000e+00 2.455291742064392935e+00 3.084939840812773060e+00 6.267416918077246546e-01 0.000000000000000000e+00
0.000000000000000000e+00 1.740566418236321633e+00 3.093629918891468211e+00 1.346213188006471606e+00 0.000000000000000000e+00
0.000000000000000000e+00 9.714230470285484254e-01 2.901984102640089880e+00 1.920141265203517023e+00 0.000000000000000000e+00
0.000000000000000000e+00 2.020279645747772301e-01 2.537629464539755908e+00 2.322121468950556711e+00 0.000000000000000000e+00
0.000000000000000000e+00 0.000000000000000000e+00 2.035637711382074944e+00 2.539311888547775453e+00 5.219377541643707152e-01
0.000000000000000000e+00 0.000000000000000000e+00 1.440048659003670961e+00 2.573740763918053620e+00 1.153484353731174084e+00
0.000000000000000000e+00 0.000000000000000000e+00 7.984289042935179825e-01 2.438680276146626635e+00 1.659765264731662304e+00
0.000000000000000000e+00 0.000000000000000000e+00 1.561478991750695489e-01 2.155638819564364539e+00 2.017035382451672909e+00
0.000000000000000000e+00 0.000000000000000000e+00 0.000000000000000000e+00 1.753114840231383642e+00 2.213340604739427064e+00
0.000000000000000000e+00 0.000000000000000000e+00 0.000000000000000000e+00 1.261346926143283032e+00 2.252284103489156752e+00
0.000000000000000000e+00 0.000000000000000000e+00 0.000000000000000000e+00 7.123915235379991717e-01 2.146378560269707414e+00
0.000000000000000000e+00 0.000000000000000000e+00 0.000000000000000000e+00 1.408201488173225491e-01 1.911203792692453884e+00
4.187312503524219798e-01 0.000000000000000000e+00 0.000000000000000000e+00 0.000000000000000000e+00 1.565634119366508425e+00
9.298933529985636826e-01 0.000000000000000000e+00 0.000000000000000000e+00 0.000000000000000000e+00 1.135407195155563320e+00
1.362138777704939852e+00 0.000000000000000000e+00 0.000000000000000000e+00 0.000000000000000000e+00 6.513865355922150435e-01
1.691104078918825193e+00 0.000000000000000000e+00 0.000000000000000000e+00 0.000000000000000000e+00 1.459296000221194101e-01
1.900214684531685849e+00 3.492112604917448904e-01 0.000000000000000000e+00 0.000000000000000000e+00 0.000000000000000000e+00
1.981880047461429539e+00 8.043288670690754705e-01 0.000000000000000000e+00 0.000000000000000000e+00 0.000000000000000000e+00
1.936549294998710202e+00 1.191942875578730243e+00 0.000000000000000000e+00 0.000000000000000000e+00 0.000000000000000000e+00
1.771756833385485619e+00 1.490127754606284327e+00 0.000000000000000000e+00 0.000000000000000000e+00 0.000000000000000000e+00
1.501808194885452918e+00 1.683376027818813014e+00 1.720149991805428602e-01 0.000000000000000000e+00 0.000000000000000000e+00
1.149253401137701136e+00 1.762224199516723822e+00 6.064029522454121857e-01 0.000000000000000000e+00 0.000000000000000000e+00
7.448610304169760443e-01 1.723449920685010017e+00 9.750697279703549603e-01 0.000000000000000000e+00 0.000000000000000000e+00
3.211433331291933535e-01 1.573924392378570181e+00 1.252137383828893835e+00 0.000000000000000000e+00 0.000000000000000000e+00
0.000000000000000000e+00 1.330416474269046079e+00 1.424062899527731574e+00 9.343940250190267693e-02 0.000000000000000000e+00
0.000000000000000000e+00 1.016499820685850430e+00 1.487985653713361112e+00 4.692376266090775849e-01 0.000000000000000000e+00
0.000000000000000000e+00 6.594400774348401217e-01 1.449156032931881333e+00 7.855894004853087864e-01 0.000000000000000000e+00
0.000000000000000000e+00 2.864648505938886536e-01 1.318280025712369241e+00 1.026015766283213004e+00 0.000000000000000000e+00
0.000000000000000000e+00 0.000000000000000000e+00 1.110465272362863853e+00 1.180343081230537328e+00 7.805952295311199829e-02
0.000000000000000000e+00 0.000000000000000000e+00 8.447364234863189436e-01 1.244978097523604443e+00 4.095677924977408346e-01
0.000000000000000000e+00 0.000000000000000000e+00 5.432628320658765553e-01 1.222803041280839942e+00 6.891610659777713810e-01
0.000000000000000000e+00 0.000000000000000000e+00 2.288054670812778024e-01 1.121872286150968456e+00 9.021129789965360857e-01
0.000000000000000000e+00 0.000000000000000000e+00 0.000000000000000000e+00 9.544574200522975005e-01 1.039275208516099003e+00
0.000000000000000000e+00 0.000000000000000000e+00 0.000000000000000000e+00 7.354165302272180904e-01 1.097872435483665754e+00
0.000000000000000000e+00 0.000000000000000000e+00 0.000000000000000000e+00 4.797577830620856632e-01 1.081883004767992817e+00
0.000000000000000000e+00 0.000000000000000000e+00 0.000000000000000000e+00 2.036804741271319719e-01 9.980873972217514378e-01
7.575000085902740266e-02 0.000000000000000000e+00 0.000000000000000000e+00 0.000000000000000000e+00 8.547750372420137577e-01
3.403898573215799472e-01 0.000000000000000000e+00 0.000000000000000000e+00 0.000000000000000000e+00 6.626424159694560556e-01
5.738083154612778625e-01 0.000000000000000000e+00 0.000000000000000000e+00 0.000000000000000000e+00 4.355074519594830385e-01
7.621259399379204380e-01 0.000000000000000000e+00 0.000000000000000000e+00 0.000000000000000000e+00 1.890972525627403200e-01
8.950180463363082151e-01 6.024195842386678018e-02 0.000000000000000000e+00 0.000000000000000000e+00 0.000000000000000000e+00
9.662018034315031922e-01 2.971067409633184608e-01 0.000000000000000000e+00 0.000000000000000000e+00 0.000000000000000000e+00
9.736682487780295991e-01 5.066345337386922720e-01 0.000000000000000000e+00 0.000000000000000000e+00 0.000000000000000000e+00
9.193269131512119552e-01 6.765199009080535841e-01 0.000000000000000000e+00 0.000000000000000000e+00 0.000000000000000000e+00
8.087366912809424990e-01 7.974152029330393576e-01 0.000000000000000000e+00 0.000000000000000000e+00 0.000000000000000000e+00
6.507749683680152941e-01 8.633982579424029913e-01 2.087296475032872634e-01 0.000000000000000000e+00 0.000000000000000000e+00
4.594548992193282499e-01 8.707400715800043267e-01 4.088992233755885941e-01 0.000000000000000000e+00 0.000000000000000000e+00
2.509992813671295120e-01 8.203540411049653480e-01 5.684318656734785868e-01 0.000000000000000000e+00 0.000000000000000000e+00
4.119745779660902857e-02 7.186759683764307738e-01 6.778940644857446296e-01 0.000000000000000000e+00 0.000000000000000000e+00
0.000000000000000000e+00 5.762756012842596975e-01 7.336584163090887900e-01 1.567096613803048988e-01 0.000000000000000000e+00
0.000000000000000000e+00 4.061045474214949880e-01 7.365718389308651970e-01 3.288071147175394837e-01 0.000000000000000000e+00
0.000000000000000000e+00 2.217540506362109254e-01 6.906646463388056434e-01 4.663499366459900597e-01 0.000000000000000000e+00
0.000000000000000000e+00 3.639783682573421997e-02 6.025066997738736108e-01 5.627790400650209968e-01 0.000000000000000000e+00
0.000000000000000000e+00 0.000000000000000000e+00 4.808281890258382374e-01 6.147251084305180857e-01 1.383879198976213087e-01
0.000000000000000000e+00 0.000000000000000000e+00 3.361551111419970317e-01 6.221115628074748161e-01 2.907735687287514859e-01
0.000000000000000000e+00 0.000000000000000000e+00 1.798356284017398055e-01 5.877799296706047727e-01 4.126444617432969419e-01
0.000000000000000000e+00 0.000000000000000000e+00 2.307646515391414618e-02 5.170212641174617429e-01 4.981219351365328007e-01
0.000000000000000000e+00 0.000000000000000000e+00 0.000000000000000000e+00 4.170943637651220448e-01 5.441992945885697486e-01
0.000000000000000000e+00 0.000000000000000000e+00 0.000000000000000000e+00 2.953861497209031017e-01 5.516823128443002489e-01
0.000000000000000000e+00 0.000000000000000000e+00 0.000000000000000000e+00 1.597173006103420057e-01 5.234429852131602390e-01
0.000000000000000000e+00 0.000000000000000000e+00 0.000000000000000000e+00 1.868198916138255616e-02 4.632414905343405498e-01
1.189949744103090262e-01 0.000000000000000000e+00 0.000000000000000000e+00 0.000000000000000000e+00 3.758636084143749945e-01
2.441745804653292218e-01 0.000000000000000000e+00 0.000000000000000000e+00 0.000000000000000000e+00 2.676268930892790610e-01
3.493495372260765897e-01 0.000000000000000000e+00 0.000000000000000000e+00 0.000000000000000000e+00 1.461182957505812452e-01
4.284945341739273550e-01 0.000000000000000000e+00 0.000000000000000000e+00 0.000000000000000000e+00 1.955325586600455481e-02
4.775027533609995656e-01 1.038538981468404010e-01 0.000000000000000000e+00 0.000000000000000000e+00 0.000000000000000000e+00
4.944010147113194753e-01 2.163880083009823985e-01 0.000000000000000000e+00 0.000000000000000000e+00 0.000000000000000000e+00
4.792945418984675965e-01 3.111881227013880147e-01 0.000000000000000000e+00 0.000000000000000000e+00 0.000000000000000000e+00
4.342510280950173107e-01 3.828510619836713036e-01 0.000000000000000000e+00 0.000000000000000000e+00 0.000000000000000000e+00
3.631378099788353242e-01 4.276314605901694876e-01 6.223900907377845348e-02 0.000000000000000000e+00 0.000000000000000000e+00
2.720507297924626422e-01 4.431665942366786459e-01 1.696100895688248955e-01 0.000000000000000000e+00 0.000000000000000000e+00
1.688656327636231802e-01 4.289277460378634887e-01 2.593090778910054905e-01 0.000000000000000000e+00 0.000000000000000000e+00
6.178293854373742566e-02 3.870906001498239934e-01 3.252594750208590568e-01 0.000000000000000000e+00 0.000000000000000000e+00
0.000000000000000000e+00 3.222735538503486707e-01 3.644426047565129112e-01 4.203513976492759263e-02 0.000000000000000000e+00
0.000000000000000000e+00 2.406365654197410442e-01 3.763783854020755215e-01 1.350876404550483134e-01 0.000000000000000000e+00
0.000000000000000000e+00 1.489965081434783678e-01 3.624696739336119022e-01 2.123389677959101607e-01 0.000000000000000000e+00
0.000000000000000000e+00 5.418311097638133650e-02 3.255663993053647398e-01 2.698263565900511085e-01 0.000000000000000000e+00
0.000000000000000000e+00 0.000000000000000000e+00 2.697278008385058934e-01 3.051778009827015303e-01 3.761629914988813550e-02
0.000000000000000000e+00 0.000000000000000000e+00 1.999928355274211977e-01 3.176690273956935262e-01 1.200892254675583193e-01
0.000000000000000000e+00 0.000000000000000000e+00 1.220138310586386804e-01 3.081541799663099490e-01 1.885786208940406772e-01
0.000000000000000000e+00 0.000000000000000000e+00 4.157765475351330592e-02 2.788611832894816733e-01 2.395294361228788027e-01
0.000000000000000000e+00 0.000000000000000000e+00 0.000000000000000000e+00 2.331467068517714403e-01 2.708246948047871028e-01
0.000000000000000000e+00 0.000000000000000000e+00 0.000000000000000000e+00 1.748295972699002165e-01 2.820886557515197568e-01
0.000000000000000000e+00 0.000000000000000000e+00 0.000000000000000000e+00 1.078073196731786920e-01 2.744295705837621058e-01
0.000000000000000000e+00 0.000000000000000000e+00 0.000000000000000000e+00 3.632730752451243661e-02 2.496169169254126019e-01
3.516629700468968528e-02 0.000000000000000000e+00 0.000000000000000000e+00 0.000000000000000000e+00 2.098990405131121451e-01
1.019534244099469800e-01 0.000000000000000000e+00 0.000000000000000000e+00 0.000000000000000000e+00 1.582004858887866849e-01
1.599243565056364946e-01 0.000000000000000000e+00 0.000000000000000000e+00 0.000000000000000000e+00 9.816348255433371417e-02
2.056558903306477115e-01 0.000000000000000000e+00 0.000000000000000000e+00 0.000000000000000000e+00 3.390465002372188008e-02
2.366539034956120779e-01 3.030543960274722018e-02 0.000000000000000000e+00 0.000000000000000000e+00 0.000000000000000000e+00
2.514735252364826423e-01 9.041465825557358504e-02 0.000000000000000000e+00 0.000000000000000000e+00 0.000000000000000000e+00
2.497540096168839874e-01 1.426623730515121924e-01 0.000000000000000000e+00 0.000000000000000000e+00 0.000000000000000000e+00
2.321807896302332808e-01 1.839920248973880290e-01 0.000000000000000000e+00 0.000000000000000000e+00 0.000000000000000000e+00
2.004098085947030594e-01 2.121519767571155013e-01 1.045883857392597427e-02 0.000000000000000000e+00 0.000000000000000000e+00
1.570579233846436384e-01 2.257276777510945354e-01 6.775926669398103785e-02 0.000000000000000000e+00 0.000000000000000000e+00
1.059475305154572028e-01 2.239741622166212809e-01 1.175048391825956745e-01 0.000000000000000000e+00 0.000000000000000000e+00
5.131771882302069848e-02 2.074639783452429387e-01 1.559960135084585975e-01 0.000000000000000000e+00 0.000000000000000000e+00
0.000000000000000000e+00 1.781737069844717136e-01 1.811378543776346606e-01 2.996907592813644137e-03 0.000000000000000000e+00
0.000000000000000000e+00 1.390492056934869158e-01 1.922668914558515463e-01 5.297803574589850240e-02 0.000000000000000000e+00
0.000000000000000000e+00 9.351157190017894694e-02 1.897877575446373644e-01 9.578265334710371615e-02 0.000000000000000000e+00
0.000000000000000000e+00 4.508061964918050335e-02 1.749032624723163287e-01 1.290993991727727719e-01 0.000000000000000000e+00
0.000000000000000000e+00 0.000000000000000000e+00 1.494817036789831133e-01 1.514091786746600554e-01 2.970040209794109348e-03
0.000000000000000000e+00 0.000000000000000000e+00 1.159423099115911016e-01 1.620253217608630947e-01 4.729103356932794905e-02
0.000000000000000000e+00 0.000000000000000000e+00 7.709812254657633090e-02 1.610956334944781132e-01 8.526039579611646713e-02
0.000000000000000000e+00 0.000000000000000000e+00 3.591947306160839931e-02 1.495186715890352569e-01 1.148009193250399407e-01
0.000000000000000000e+00 0.000000000000000000e+00 0.000000000000000000e+00 1.288269535790507736e-01 1.345536305141042388e-01
0.000000000000000000e+00 0.000000000000000000e+00 0.000000000000000000e+00 1.009942233831148395e-01 1.439487407677210729e-01
0.000000000000000000e+00 0.000000000000000000e+00 0.000000000000000000e+00 6.796029425609238783e-02 1.433773204159548009e-01
0.000000000000000000e+00 0.000000000000000000e+00 0.000000000000000000e+00 3.181541715519451557e-02 1.336645545522767431e-01
5.188130199134320143e-03 0.000000000000000000e+00 0.000000000000000000e+00 0.000000000000000000e+00 1.158556954736644357e-01
4.061892771408321529e-02 0.000000000000000000e+00 0.000000000000000000e+00 0.000000000000000000e+00 9.130146033732740307e-02
7.224877826481435061e-02 0.000000000000000000e+00 0.000000000000000000e+00 0.000000000000000000e+00 6.174259406703148240e-02
9.816791235259728077e-02 0.000000000000000000e+00 0.000000000000000000e+00 0.000000000000000000e+00 2.922748450601827044e-02
1.169137884980793046e-01 4.041875803002858113e-03 0.000000000000000000e+00 0.000000000000000000e+00 0.000000000000000000e+00
1.275418211913145750e-01 3.594979501202102967e-02 0.000000000000000000e+00 0.000000000000000000e+00 0.000000000000000000e+00
1.296640700938896662e-01 6.445571453808128515e-02 0.000000000000000000e+00 0.000000000000000000e+00 0.000000000000000000e+00
1.234421692556233047e-01 8.785770025497995073e-02 0.000000000000000000e+00 0.000000000000000000e+00 0.000000000000000000e+00
1.095565206877083392e-01 1.048420131651888743e-01 0.000000000000000000e+00 0.000000000000000000e+00 0.000000000000000000e+00
8.915000555381254188e-02 1.145478687576639149e-01 2.486127826672098959e-02 0.000000000000000000e+00 0.000000000000000000e+00
6.401707561471495223e-02 1.164226900319514924e-01 5.206823824300011588e-02 0.000000000000000000e+00 0.000000000000000000e+00
3.630241996907003499e-02 1.105080255569702574e-01 7.406331288854163530e-02 0.000000000000000000e+00 0.000000000000000000e+00
8.145656014674117207e-03 9.759062642960920908e-02 8.948250508603447506e-02 0.000000000000000000e+00 0.000000000000000000e+00
0.000000000000000000e+00 7.904232325588843311e-02 9.774678401943996675e-02 1.862925485608555448e-02 0.000000000000000000e+00
0.000000000000000000e+00 5.655924968150696786e-02 9.888243890956209536e-02 4.211300934060341339e-02 0.000000000000000000e+00
0.000000000000000000e+00 3.194682687505819019e-02 9.336769918728687889e-02 6.108692526758430913e-02 0.000000000000000000e+00
0.000000000000000000e+00 6.988480319085044017e-03 8.204972974149951637e-02 7.462074157372201866e-02 0.000000000000000000e+00
0.000000000000000000e+00 0.000000000000000000e+00 6.608485211703472861e-02 8.220852353049491745e-02 1.672198022612448806e-02
0.000000000000000000e+00 0.000000000000000000e+00 4.686343255942292119e-02 8.377566761283136709e-02 3.755873785913456386e-02
0.000000000000000000e+00 0.000000000000000000e+00 2.589930586397108311e-02 7.965281248122789426e-02 5.438862517081632930e-02
0.000000000000000000e+00 0.000000000000000000e+00 4.713633181354615412e-03 7.052286264466463284e-02 6.637761456870422405e-02
0.000000000000000000e+00 0.000000000000000000e+00 0.000000000000000000e+00 5.735089522161647413e-02 7.307709314056158589e-02
0.000000000000000000e+00 0.000000000000000000e+00 0.000000000000000000e+00 4.113663260342301231e-02 7.453847755597599323e-02
0.000000000000000000e+00 0.000000000000000000e+00 0.000000000000000000e+00 2.292892689568148609e-02 7.111923323468141711e-02
0.000000000000000000e+00 0.000000000000000000e+00 0.000000000000000000e+00 3.883562895777858699e-03 6.331595938372303056e-02
1.481356244505395263e-02 0.000000000000000000e+00 0.000000000000000000e+00 0.000000000000000000e+00 5.176744286237102560e-02
3.191779892939721613e-02 0.000000000000000000e+00 0.000000000000000000e+00 0.000000000000000000e+00 3.730535719076217421e-02
4.639561142289014284e-02 0.000000000000000000e+00 0.000000000000000000e+00 0.000000000000000000e+00 2.093918286482059077e-02
5.740753767224304749e-02 0.000000000000000000e+00 0.000000000000000000e+00 0.000000000000000000e+00 3.782825769813317768e-03
6.437003339686729608e-02 1.303469396040959037e-02 0.000000000000000000e+00 0.000000000000000000e+00 0.000000000000000000e+00
6.698178121746146962e-02 2.845016130187347919e-02 0.000000000000000000e+00 0.000000000000000000e+00 0.000000000000000000e+00
6.522808064731705491e-02 4.151492101395983653e-02 0.000000000000000000e+00 0.000000000000000000e+00 0.000000000000000000e+00
5.936993009080373390e-02 5.147714191636760389e-02 0.000000000000000000e+00 0.000000000000000000e+00 0.000000000000000000e+00
4.991933464183257591e-02 5.780881043778764855e-02 7.578644345982630398e-03 0.000000000000000000e+00 0.000000000000000000e+00
3.768316820906534442e-02 6.017452496030377407e-02 2.228155626882557389e-02 0.000000000000000000e+00 0.000000000000000000e+00
2.372272533037800973e-02 5.847878876597494002e-02 3.464840205419314478e-02 0.000000000000000000e+00 0.000000000000000000e+00
9.157457947948234589e-03 5.299469514130557973e-02 4.382557810530707254e-02 0.000000000000000000e+00 0.000000000000000000e+00
0.000000000000000000e+00 4.433657308169002692e-02 4.937675777448140291e-02 5.026360726253955094e-03 0.000000000000000000e+00
0.000000000000000000e+00 3.333399581163113551e-02 5.121436927535532452e-02 1.779514293724577742e-02 0.000000000000000000e+00
0.000000000000000000e+00 2.090818283026976351e-02 4.951048961468530046e-02 2.845098496759142573e-02 0.000000000000000000e+00
0.000000000000000000e+00 7.989815378553512260e-03 4.464084671248903791e-02 3.644124031931072344e-02 0.000000000000000000e+00
0.000000000000000000e+00 0.000000000000000000e+00 3.715183192588094457e-02 4.142824915165081029e-02 4.569853067321933207e-03
0.000000000000000000e+00 0.000000000000000000e+00 2.772482795430912528e-02 4.329666477408166542e-02 1.590018470572675952e-02
0.000000000000000000e+00 0.000000000000000000e+00 1.712546229802261108e-02 4.214710380093839720e-02 2.535472572404037089e-02
0.000000000000000000e+00 0.000000000000000000e+00 6.143845021082326198e-03 3.827300924703431334e-02 3.243711567277050845e-02
0.000000000000000000e+00 0.000000000000000000e+00 0.000000000000000000e+00 3.212715977122761191e-02 3.684641586411120662e-02
0.000000000000000000e+00 0.000000000000000000e+00 0.000000000000000000e+00 2.423239508191819130e-02 3.851553278123459600e-02
0.000000000000000000e+00 0.000000000000000000e+00 0.000000000000000000e+00 1.511868111273522233e-02 3.758653879793559527e-02
0.000000000000000000e+00 0.000000000000000000e+00 0.000000000000000000e+00 5.363625951834011252e-03 3.429687838257491905e-02
4.424752017646884500e-03 0.000000000000000000e+00 0.000000000000000000e+00 0.000000000000000000e+00 2.895060618123439927e-02
1.359860126895422704e-02 0.000000000000000000e+00 0.000000000000000000e+00 0.000000000000000000e+00 2.194222571841246069e-02
2.159131649077957946e-02 0.000000000000000000e+00 0.000000000000000000e+00 0.000000000000000000e+00 1.376400164051293055e-02
2.792870032077601067e-02 0.000000000000000000e+00 0.000000000000000000e+00 0.000000000000000000e+00 4.977480236594053649e-03
3.226213097828808940e-02 3.829886714290409600e-03 0.000000000000000000e+00 0.000000000000000000e+00 0.000000000000000000e+00
3.438496005640490766e-02 1.209848388802693339e-02 0.000000000000000000e+00 0.000000000000000000e+00 0.000000000000000000e+00
3.423897187061942377e-02 1.930836598284714489e-02 0.000000000000000000e+00 0.000000000000000000e+00 0.000000000000000000e+00
3.191141475723192206e-02 2.503578317932256617e-02 0.000000000000000000e+00 0.000000000000000000e+00 0.000000000000000000e+00
2.762459999835503027e-02 2.896675198219961223e-02 1.165009034039419340e-03 0.000000000000000000e+00 0.000000000000000000e+00
2.173074259894329160e-02 3.090356052276103244e-02 9.046542108151907000e-03 0.000000000000000000e+00 0.000000000000000000e+00
1.475036261149225911e-02 3.073677531488424458e-02 1.591334323162376524e-02 0.000000000000000000e+00 0.000000000000000000e+00
7.265054393272793627e-03 2.853748950751958460e-02 2.125032604122175164e-02 0.000000000000000000e+00 0.000000000000000000e+00
0.000000000000000000e+00 2.457203092979293874e-02 2.476265781520247192e-02 1.964679646598369294e-04 0.000000000000000000e+00
0.000000000000000000e+00 1.924232910205103675e-02 2.635341883954104431e-02 7.079435550630348850e-03 0.000000000000000000e+00
0.000000000000000000e+00 1.301528605163067807e-02 2.607221793104596771e-02 1.299026388595027337e-02 0.000000000000000000e+00
0.000000000000000000e+00 6.373144356797468164e-03 2.407969574673729518e-02 1.760811738784584524e-02 0.000000000000000000e+00
0.000000000000000000e+00 0.000000000000000000e+00 2.062967594028009347e-02 2.072029992773884166e-02 2.330820117887381058e-04
0.000000000000000000e+00 0.000000000000000000e+00 1.605291019279454778e-02 2.222809853558061974e-02 6.340761948918847458e-03
0.000000000000000000e+00 0.000000000000000000e+00 1.073379188578548263e-02 2.214682664513266744e-02 1.158655456118616416e-02
0.000000000000000000e+00 0.000000000000000000e+00 5.079789987652164399e-03 2.059618614054977564e-02 1.568187417206777859e-02
0.000000000000000000e+00 0.000000000000000000e+00 0.000000000000000000e+00 1.778462364304045015e-02 1.843648443256010877e-02
0.000000000000000000e+00 0.000000000000000000e+00 0.000000000000000000e+00 1.398380063182138450e-02 1.976749334347000994e-02
0.000000000000000000e+00 0.000000000000000000e+00 0.000000000000000000e+00 9.459503196257228533e-03 1.972574331712629442e-02
0.000000000000000000e+00 0.000000000000000000e+00 0.000000000000000000e+00 4.497915478604271565e-03 1.842311645410403542e-02
5.915072666965599238e-04 0.000000000000000000e+00 0.000000000000000000e+00 0.000000000000000000e+00 1.600207493921679269e-02
5.473840060806422179e-03 0.000000000000000000e+00 0.000000000000000000e+00 0.000000000000000000e+00 1.264694329540943553e-02
9.841416610030009546e-03 0.000000000000000000e+00 0.000000000000000000e+00 0.000000000000000000e+00 8.595114663706411931e-03
1.342996017993953496e-02 0.000000000000000000e+00 0.000000000000000000e+00 0.000000000000000000e+00 4.127320477970442165e-03
1.603617253588868891e-02 4.530522250067229553e-04 0.000000000000000000e+00 0.000000000000000000e+00 0.000000000000000000e+00
1.752767882701096111e-02 4.853588345091743202e-03 0.000000000000000000e+00 0.000000000000000000e+00 0.000000000000000000e+00
1.784832896445990441e-02 8.792039327815968572e-03 0.000000000000000000e+00 0.000000000000000000e+00 0.000000000000000000e+00
1.701808501976292964e-02 1.203265350585029474e-02 0.000000000000000000e+00 0.000000000000000000e+00 0.000000000000000000e+00
1.512898816681108351e-02 1.439294115717601463e-02 0.000000000000000000e+00 0.000000000000000000e+00 0.000000000000000000e+00
1.233721795823504094e-02 1.575264991412735072e-02 3.341069687114344485e-03 0.000000000000000000e+00 0.000000000000000000e+00
8.887887701141621022e-03 1.603443738125068241e-02 7.099572598422410757e-03 0.000000000000000000e+00 0.000000000000000000e+00
5.075672756295389852e-03 1.524193381960507743e-02 1.014614827386844075e-02 0.000000000000000000e+00 0.000000000000000000e+00
1.195812743068480968e-03 1.348143887505940872e-02 1.229030979355091348e-02 0.000000000000000000e+00 0.000000000000000000e+00
0.000000000000000000e+00 1.094063765687934564e-02 1.344989258044589422e-02 2.499300574957369347e-03 0.000000000000000000e+00
