0.000000000000000000e+00 0.000000000000000000e+00 0.000000000000000000e+00 0.000000000000000000e+00 0.000000000000000000e+00
0.000000000000000000e+00 0.000000000000000000e+00 0.000000000000000000e+00 0.000000000000000000e+00 0.000000000000000000e+00
0.000000000000000000e+00 0.000000000000000000e+00 0.000000000000000000e+00 0.000000000000000000e+00 0.000000000000000000e+00
0.000000000000000000e+00 0.000000000000000000e+00 0.000000000000000000e+00 0.000000000000000000e+00 0.000000000000000000e+00
0.000000000000000000e+00 0.000000000000000000e+00 0.000000000000000000e+00 0.000000000000000000e+00 0.000000000000000000e+00
0.000000000000000000e+00 0.000000000000000000e+00 0.000000000000000000e+00 0.000000000000000000e+00 0.000000000000000000e+00
0.000000000000000000e+00 0.000000000000000000e+00 0.000000000000000000e+00 0.000000000000000000e+00 0.000000000000000000e+00
0.000000000000000000e+00 0.000000000000000000e+00 0.000000000000000000e+00 0.000000000000000000e+00 0.000000000000000000e+00
0.000000000000000000e+00 0.000000000000000000e+00 0.000000000000000000e+00 0.000000000000000000e+00 0.000000000000000000e+00
0.000000000000000000e+00 0.000000000000000000e+00 0.000000000000000000e+00 0.000000000000000000e+00 0.000000000000000000e+00
0.000000000000000000e+00 0.000000000000000000e+00 0.000000000000000000e+00 0.000000000000000000e+00 0.000000000000000000e+00
0.000000000000000000e+00 0.000000000000000000e+00 0.000000000000000000e+00 0.000000000000000000e+00 0.000000000000000000e+00
0.000000000000000000e+00 0.000000000000000000e+00 0.000000000000000000e+00 0.000000000000000000e+00 0.000000000000000000e+00
0.000000000000000000e+00 0.000000000000000000e+00 0.000000000000000000e+00 0.000000000000000000e+00 0.000000000000000000e+00
0.000000000000000000e+00 0.000000000000000000e+00 0.000000000000000000e+00 0.000000000000000000e+00 0.000000000000000000e+00
0.000000000000000000e+00 0.000000000000000000e+00 0.000000000000000000e+00 0.000000000000000000e+00 0.000000000000000000e+00
0.000000000000000000e+00 0.000000000000000000e+00 0.000000000000000000e+00 0.000000000000000000e+00 0.000000000000000000e+00
0.000000000000000000e+00 0.000000000000000000e+00 0.000000000000000000e+00 0.000000000000000000e+00 0.000000000000000000e+00
0.000000000000000000e+00 0.000000000000000000e+00 0.000000000000000000e+00 0.000000000000000000e+00 0.000000000000000000e+00
0.000000000000000000e+00 0.000000000000000000e+00 0.000000000000000000e+00 0.000000000000000000e+00 0.000000000000000000e+00
0.000000000000000000e+00 0.000000000000000000e+00 0.000000000000000000e+00 0.000000000000000000e+00 0.000000000000000000e+00
0.000000000000000000e+00 0.000000000000000000e+00 0.000000000000000000e+00 0.000000000000000000e+00 0.000000000000000000e+00
0.000000000000000000e+00 0.000000000000000000e+00 0.000000000000000000e+00 0.000000000000000000e+00 0.000000000000000000e+00
0.000000000000000000e+00 0.000000000000000000e+00 0.000000000000000000e+00 0.000000000000000000e+00 0.000000000000000000e+00
0.000000000000000000e+00 0.000000000000000000e+00 0.000000000000000000e+00 0.000000000000000000e+00 0.000000000000000000e+00
0.000000000000000000e+00 0.000000000000000000e+00 0.000000000000000000e+00 0.000000000000000000e+00 0.000000000000000000e+00
0.000000000000000000e+00 0.000000000000000000e+00 0.000000000000000000e+00 0.000000000000000000e+00 0.000000000000000000e+00
0.000000000000000000e+00 0.000000000000000000e+00 0.000000000000000000e+00 0.000000000000000000e+00 0.000000000000000000e+00
0.000000000000000000e+00 0.000000000000000000e+00 0.000000000000000000e+00 0.000000000000000000e+00 0.000000000000000000e+00
0.000000000000000000e+00 0.000000000000000000e+00 0.000000000000000000e+00 0.000000000000000000e+00 0.000000000000000000e+00
0.000000000000000000e+00 0.000000000000000000e+00 0.000000000000000000e+00 0.000000000000000000e+00 0.000000000000000000e+00
0.000000000000000000e+00 0.000000000000000000e+00 0.000000000000000000e+00 0.000000000000000000e+00 0.000000000000000000e+00
0.000000000000000000e+00 0.000000000000000000e+00 0.000000000000000000e+00 0.000000000000000000e+00 0.000000000000000000e+00
0.000000000000000000e+00 0.000000000000000000e+00 0.000000000000000000e+00 0.000000000000000000e+00 0.000000000000000000e+00
0.000000000000000000e+00 0.000000000000000000e+00 0.000000000000000000e+00 0.000000000000000000e+00 0.000000000000000000e+00
0.000000000000000000e+00 0.000000000000000000e+00 0.000000000000000000e+00 0.000000000000000000e+00 0.000000000000000000e+00
0.000000000000000000e+00 0.000000000000000000e+00 0.000000000000000000e+00 0.000000000000000000e+00 0.000000000000000000e+00
0.000000000000000000e+00 0.000000000000000000e+00 0.000000000000000000e+00 0.000000000000000000e+00 0.000000000000000000e+00
0.000000000000000000e+00 0.000000000000000000e+00 0.000000000000000000e+00 0.000000000000000000e+00 0.000000000000000000e+00
0.000000000000000000e+00 0.000000000000000000e+00 0.000000000000000000e+00 0.000000000000000000e+00 0.000000000000000000e+00
0.000000000000000000e+00 0.000000000000000000e+00 0.000000000000000000e+00 0.000000000000000000e+00 0.000000000000000000e+00
0.000000000000000000e+00 0.000000000000000000e+00 0.000000000000000000e+00 0.000000000000000000e+00 0.000000000000000000e+00
0.000000000000000000e+00 0.000000000000000000e+00 0.000000000000000000e+00 0.000000000000000000e+00 0.000000000000000000e+00
0.000000000000000000e+00 0.000000000000000000e+00 0.000000000000000000e+00 0.000000000000000000e+00 0.000000000000000000e+00
0.000000000000000000e+00 0.000000000000000000e+00 0.000000000000000000e+00 0.000000000000000000e+00 0.000000000000000000e+00
0.000000000000000000e+00 0.000000000000000000e+00 0.000000000000000000e+00 0.000000000000000000e+00 0.000000000000000000e+00
0.000000000000000000e+00 0.000000000000000000e+00 0.000000000000000000e+00 0.000000000000000000e+00 0.000000000000000000e+00
0.000000000000000000e+00 0.000000000000000000e+00 0.000000000000000000e+00 0.000000000000000000e+00 0.000000000000000000e+00
0.000000000000000000e+00 0.000000000000000000e+00 0.000000000000000000e+00 0.000000000000000000e+00 0.000000000000000000e+00
0.000000000000000000e+00 0.000000000000000000e+00 0.000000000000000000e+00 0.000000000000000000e+00 0.000000000000000000e+00
0.000000000000000000e+00 0.000000000000000000e+00 0.000000000000000000e+00 0.000000000000000000e+00 0.000000000000000000e+00
0.000000000000000000e+00 0.000000000000000000e+00 0.000000000000000000e+00 0.000000000000000000e+00 0.000000000000000000e+00
0.000000000000000000e+00 0.000000000000000000e+00 0.000000000000000000e+00 0.000000000000000000e+00 0.000000000000000000e+00
0.000000000000000000e+00 0.000000000000000000e+00 0.000000000000000000e+00 0.000000000000000000e+00 0.000000000000000000e+00
0.000000000000000000e+00 0.000000000000000000e+00 0.000000000000000000e+00 0.000000000000000000e+00 0.000000000000000000e+00
0.000000000000000000e+00 0.000000000000000000e+00 0.000000000000000000e+00 0.000000000000000000e+00 0.000000000000000000e+00
0.000000000000000000e+00 0.000000000000000000e+00 0.000000000000000000e+00 0.000000000000000000e+00 0.000000000000000000e+00
0.000000000000000000e+00 0.000000000000000000e+00 0.000000000000000000e+00 0.000000000000000000e+00 0.000000000000000000e+00
0.000000000000000000e+00 0.000000000000000000e+00 0.000000000000000000e+00 0.000000000000000000e+00 0.000000000000000000e+00
0.000000000000000000e+00 0.000000000000000000e+00 0.000000000000000000e+00 0.000000000000000000e+00 0.000000000000000000e+00
0.000000000000000000e+00 0.000000000000000000e+00 0.000000000000000000e+00 0.000000000000000000e+00 0.000000000000000000e+00
0.000000000000000000e+00 0.000000000000000000e+00 0.000000000000000000e+00 0.000000000000000000e+00 0.000000000000000000e+00
0.000000000000000000e+00 0.000000000000000000e+00 0.000000000000000000e+00 0.000000000000000000e+00 0.000000000000000000e+00
0.000000000000000000e+00 0.000000000000000000e+00 0.000000000000000000e+00 0.000000000000000000e+00 0.000000000000000000e+00
0.000000000000000000e+00 0.000000000000000000e+00 0.000000000000000000e+00 0.000000000000000000e+00 0.000000000000000000e+00
0.000000000000000000e+00 0.000000000000000000e+00 0.000000000000000000e+00 0.000000000000000000e+00 0.000000000000000000e+00
0.000000000000000000e+00 0.000000000000000000e+00 0.000000000000000000e+00 0.000000000000000000e+00 0.000000000000000000e+00
0.000000000000000000e+00 0.000000000000000000e+00 0.000000000000000000e+00 0.000000000000000000e+00 0.000000000000000000e+00
0.000000000000000000e+00 0.000000000000000000e+00 0.000000000000000000e+00 0.000000000000000000e+00 0.000000000000000000e+00
0.000000000000000000e+00 0.000000000000000000e+00 0.000000000000000000e+00 0.000000000000000000e+00 0.000000000000000000e+00
0.000000000000000000e+00 0.000000000000000000e+00 0.000000000000000000e+00 0.000000000000000000e+00 0.000000000000000000e+00
0.000000000000000000e+00 0.000000000000000000e+00 0.000000000000000000e+00 0.000000000000000000e+00 0.000000000000000000e+00
0.000000000000000000e+00 0.000000000000000000e+00 0.000000000000000000e+00 0.000000000000000000e+00 0.000000000000000000e+00
0.000000000000000000e+00 0.000000000000000000e+00 0.000000000000000000e+00 0.000000000000000000e+00 0.000000000000000000e+00
0.000000000000000000e+00 0.000000000000000000e+00 0.000000000000000000e+00 0.000000000000000000e+00 0.000000000000000000e+00
0.000000000000000000e+00 0.000000000000000000e+00 0.000000000000000000e+00 0.000000000000000000e+00 0.000000000000000000e+00
0.000000000000000000e+00 0.000000000000000000e+00 0.000000000000000000e+00 0.000000000000000000e+00 0.000000000000000000e+00
0.000000000000000000e+00 0.000000000000000000e+00 0.000000000000000000e+00 0.000000000000000000e+00 0.000000000000000000e+00
0.000000000000000000e+00 0.000000000000000000e+00 0.000000000000000000e+00 0.000000000000000000e+00 0.000000000000000000e+00
0.000000000000000000e+00 0.000000000000000000e+00 0.000000000000000000e+00 0.000000000000000000e+00 0.000000000000000000e+00
0.000000000000000000e+00 0.000000000000000000e+00 0.000000000000000000e+00 0.000000000000000000e+00 0.000000000000000000e+00
0.000000000000000000e+00 0.000000000000000000e+00 0.000000000000000000e+00 0.000000000000000000e+00 0.000000000000000000e+00
0.000000000000000000e+00 0.000000000000000000e+00 0.000000000000000000e+00 0.000000000000000000e+00 0.000000000000000000e+00
0.000000000000000000e+00 0.000000000000000000e+00 0.000000000000000000e+00 0.000000000000000000e+00 0.000000000000000000e+00
0.000000000000000000e+00 0.000000000000000000e+00 0.000000000000000000e+00 0.000000000000000000e+00 0.000000000000000000e+00
0.000000000000000000e+00 0.000000000000000000e+00 0.000000000000000000e+00 0.000000000000000000e+00 0.000000000000000000e+00
0.000000000000000000e+00 0.000000000000000000e+00 0.000000000000000000e+00 0.000000000000000000e+00 0.000000000000000000e+00
0.000000000000000000e+00 0.000000000000000000e+00 0.000000000000000000e+00 0.000000000000000000e+00 0.000000000000000000e+00
0.000000000000000000e+00 0.000000000000000000e+00 0.000000000000000000e+00 0.000000000000000000e+00 0.000000000000000000e+00
0.000000000000000000e+00 0.000000000000000000e+00 0.000000000000000000e+00 0.000000000000000000e+00 0.000000000000000000e+00
0.000000000000000000e+00 0.000000000000000000e+00 0.000000000000000000e+00 0.000000000000000000e+00 0.000000000000000000e+00
0.000000000000000000e+00 0.000000000000000000e+00 0.000000000000000000e+00 0.000000000000000000e+00 0.000000000000000000e+00
0.000000000000000000e+00 0.000000000000000000e+00 0.000000000000000000e+00 0.000000000000000000e+00 0.000000000000000000e+00
0.000000000000000000e+00 0.000000000000000000e+00 0.000000000000000000e+00 0.000000000000000000e+00 0.000000000000000000e+00
0.000000000000000000e+00 0.000000000000000000e+00 0.000000000000000000e+00 0.000000000000000000e+00 0.000000000000000000e+00
0.000000000000000000e+00 0.000000000000000000e+00 0.000000000000000000e+00 0.000000000000000000e+00 0.000000000000000000e+00
0.000000000000000000e+00 0.000000000000000000e+00 0.000000000000000000e+00 0.000000000000000000e+00 0.000000000000000000e+00
0.000000000000000000e+00 0.000000000000000000e+00 0.000000000000000000e+00 0.000000000000000000e+00 0.000000000000000000e+00
0.000000000000000000e+00 0.000000000000000000e+00 0.000000000000000000e+00 0.000000000000000000e+00 0.000000000000000000e+00
0.000000000000000000e+00 0.000000000000000000e+00 0.000000000000000000e+00 0.000000000000000000e+00 0.000000000000000000e+00
0.000000000000000000e+00 0.000000000000000000e+00 0.000000000000000000e+00 0.000000000000000000e+00 0.000000000000000000e+00
0.000000000000000000e+00 0.000000000000000000e+00 0.000000000000000000e+00 0.000000000000000000e+00 0.000000000000000000e+00
0.000000000000000000e+00 0.000000000000000000e+00 0.000000000000000000e+00 0.000000000000000000e+00 0.000000000000000000e+00
0.000000000000000000e+00 0.000000000000000000e+00 0.000000000000000000e+00 0.000000000000000000e+00 0.000000000000000000e+00
0.000000000000000000e+00 0.000000000000000000e+00 0.000000000000000000e+00 0.000000000000000000e+00 0.000000000000000000e+00
0.000000000000000000e+00 0.000000000000000000e+00 0.000000000000000000e+00 0.000000000000000000e+00 0.000000000000000000e+00
0.000000000000000000e+00 0.000000000000000000e+00 0.000000000000000000e+00 0.000000000000000000e+00 0.000000000000000000e+00
0.000000000000000000e+00 0.000000000000000000e+00 0.000000000000000000e+00 0.000000000000000000e+00 0.000000000000000000e+00
0.000000000000000000e+00 0.000000000000000000e+00 0.000000000000000000e+00 0.000000000000000000e+00 0.000000000000000000e+00
0.000000000000000000e+00 0.000000000000000000e+00 0.000000000000000000e+00 0.000000000000000000e+00 0.000000000000000000e+00
0.000000000000000000e+00 0.000000000000000000e+00 0.000000000000000000e+00 0.000000000000000000e+00 0.000000000000000000e+00
0.000000000000000000e+00 0.000000000000000000e+00 0.000000000000000000e+00 0.000000000000000000e+00 0.000000000000000000e+00
0.000000000000000000e+00 0.000000000000000000e+00 0.000000000000000000e+00 0.000000000000000000e+00 0.000000000000000000e+00
0.000000000000000000e+00 0.000000000000000000e+00 0.000000000000000000e+00 0.000000000000000000e+00 0.000000000000000000e+00
0.000000000000000000e+00 0.000000000000000000e+00 0.000000000000000000e+00 0.000000000000000000e+00 0.000000000000000000e+00
0.000000000000000000e+00 0.000000000000000000e+00 0.000000000000000000e+00 0.000000000000000000e+00 0.000000000000000000e+00
0.000000000000000000e+00 0.000000000000000000e+00 0.000000000000000000e+00 0.000000000000000000e+00 0.000000000000000000e+00
0.000000000000000000e+00 0.000000000000000000e+00 0.000000000000000000e+00 0.000000000000000000e+00 0.000000000000000000e+00
0.000000000000000000e+00 0.000000000000000000e+00 0.000000000000000000e+00 0.000000000000000000e+00 0.000000000000000000e+00
0.000000000000000000e+00 0.000000000000000000e+00 0.000000000000000000e+00 0.000000000000000000e+00 0.000000000000000000e+00
0.000000000000000000e+00 0.000000000000000000e+00 0.000000000000000000e+00 0.000000000000000000e+00 0.000000000000000000e+00
0.000000000000000000e+00 0.000000000000000000e+00 0.000000000000000000e+00 0.000000000000000000e+00 0.000000000000000000e+00
0.000000000000000000e+00 0.000000000000000000e+00 0.000000000000000000e+00 0.000000000000000000e+00 0.000000000000000000e+00
0.000000000000000000e+00 0.000000000000000000e+00 0.000000000000000000e+00 0.000000000000000000e+00 0.000000000000000000e+00
0.000000000000000000e+00 0.000000000000000000e+00 0.000000000000000000e+00 0.000000000000000000e+00 0.000000000000000000e+00
0.000000000000000000e+00 0.000000000000000000e+00 0.000000000000000000e+00 0.000000000000000000e+00 0.000000000000000000e+00
0.000000000000000000e+00 0.000000000000000000e+00 0.000000000000000000e+00 0.000000000000000000e+00 0.000000000000000000e+00
0.000000000000000000e+00 0.000000000000000000e+00 0.000000000000000000e+00 0.000000000000000000e+00 0.000000000000000000e+00
0.000000000000000000e+00 0.000000000000000000e+00 0.000000000000000000e+00 0.000000000000000000e+00 0.000000000000000000e+00
0.000000000000000000e+00 0.000000000000000000e+00 0.000000000000000000e+00 0.000000000000000000e+00 0.000000000000000000e+00
0.000000000000000000e+00 0.000000000000000000e+00 0.000000000000000000e+00 0.000000000000000000e+00 0.000000000000000000e+00
0.000000000000000000e+00 0.000000000000000000e+00 0.000000000000000000e+00 0.000000000000000000e+00 0.000000000000000000e+00
0.000000000000000000e+00 0.000000000000000000e+00 0.000000000000000000e+00 0.000000000000000000e+00 0.000000000000000000e+00
0.000000000000000000e+00 0.000000000000000000e+00 0.000000000000000000e+00 0.000000000000000000e+00 0.000000000000000000e+00
0.000000000000000000e+00 0.000000000000000000e+00 0.000000000000000000e+00 0.000000000000000000e+00 0.000000000000000000e+00
0.000000000000000000e+00 0.000000000000000000e+00 0.000000000000000000e+00 0.000000000000000000e+00 0.000000000000000000e+00
0.000000000000000000e+00 0.000000000000000000e+00 0.000000000000000000e+00 0.000000000000000000e+00 0.000000000000000000e+00
0.000000000000000000e+00 0.000000000000000000e+00 0.000000000000000000e+00 0.000000000000000000e+00 0.000000000000000000e+00
0.000000000000000000e+00 0.000000000000000000e+00 0.000000000000000000e+00 0.000000000000000000e+00 0.000000000000000000e+00
0.000000000000000000e+00 0.000000000000000000e+00 0.000000000000000000e+00 0.000000000000000000e+00 0.000000000000000000e+00
0.000000000000000000e+00 0.000000000000000000e+00 0.000000000000000000e+00 0.000000000000000000e+00 0.000000000000000000e+00
0.000000000000000000e+00 0.000000000000000000e+00 0.000000000000000000e+00 0.000000000000000000e+00 0.000000000000000000e+00
0.000000000000000000e+00 0.000000000000000000e+00 0.000000000000000000e+00 0.000000000000000000e+00 0.000000000000000000e+00
0.000000000000000000e+00 0.000000000000000000e+00 0.000000000000000000e+00 0.000000000000000000e+00 0.000000000000000000e+00
0.000000000000000000e+00 0.000000000000000000e+00 0.000000000000000000e+00 0.000000000000000000e+00 0.000000000000000000e+00
0.000000000000000000e+00 0.000000000000000000e+00 0.000000000000000000e+00 0.000000000000000000e+00 0.000000000000000000e+00
0.000000000000000000e+00 0.000000000000000000e+00 0.000000000000000000e+00 0.000000000000000000e+00 0.000000000000000000e+00
0.000000000000000000e+00 0.000000000000000000e+00 0.000000000000000000e+00 0.000000000000000000e+00 0.000000000000000000e+00
0.000000000000000000e+00 0.000000000000000000e+00 0.000000000000000000e+00 0.000000000000000000e+00 0.000000000000000000e+00
0.000000000000000000e+00 0.000000000000000000e+00 0.000000000000000000e+00 0.000000000000000000e+00 0.000000000000000000e+00
0.000000000000000000e+00 0.000000000000000000e+00 0.000000000000000000e+00 0.000000000000000000e+00 0.000000000000000000e+00
0.000000000000000000e+00 0.000000000000000000e+00 0.000000000000000000e+00 0.000000000000000000e+00 0.000000000000000000e+00
0.000000000000000000e+00 0.000000000000000000e+00 0.000000000000000000e+00 0.000000000000000000e+00 0.000000000000000000e+00
0.000000000000000000e+00 0.000000000000000000e+00 0.000000000000000000e+00 0.000000000000000000e+00 0.000000000000000000e+00
0.000000000000000000e+00 0.000000000000000000e+00 0.000000000000000000e+00 0.000000000000000000e+00 0.000000000000000000e+00
0.000000000000000000e+00 0.000000000000000000e+00 0.000000000000000000e+00 0.000000000000000000e+00 0.000000000000000000e+00
0.000000000000000000e+00 0.000000000000000000e+00 0.000000000000000000e+00 0.000000000000000000e+00 0.000000000000000000e+00
0.000000000000000000e+00 0.000000000000000000e+00 0.000000000000000000e+00 0.000000000000000000e+00 0.000000000000000000e+00
0.000000000000000000e+00 0.000000000000000000e+00 0.000000000000000000e+00 0.000000000000000000e+00 0.000000000000000000e+00
0.000000000000000000e+00 0.000000000000000000e+00 0.000000000000000000e+00 0.000000000000000000e+00 0.000000000000000000e+00
0.000000000000000000e+00 0.000000000000000000e+00 0.000000000000000000e+00 0.000000000000000000e+00 0.000000000000000000e+00
0.000000000000000000e+00 0.000000000000000000e+00 0.000000000000000000e+00 0.000000000000000000e+00 0.000000000000000000e+00
0.000000000000000000e+00 0.000000000000000000e+00 0.000000000000000000e+00 0.000000000000000000e+00 0.000000000000000000e+00
0.000000000000000000e+00 0.000000000000000000e+00 0.000000000000000000e+00 0.000000000000000000e+00 0.000000000000000000e+00
0.000000000000000000e+00 0.000000000000000000e+00 0.000000000000000000e+00 0.000000000000000000e+00 0.000000000000000000e+00
0.000000000000000000e+00 0.000000000000000000e+00 0.000000000000000000e+00 0.000000000000000000e+00 0.000000000000000000e+00
0.000000000000000000e+00 0.000000000000000000e+00 0.000000000000000000e+00 0.000000000000000000e+00 0.000000000000000000e+00
0.000000000000000000e+00 0.000000000000000000e+00 0.000000000000000000e+00 0.000000000000000000e+00 0.000000000000000000e+00
0.000000000000000000e+00 0.000000000000000000e+00 0.000000000000000000e+00 0.000000000000000000e+00 0.000000000000000000e+00
0.000000000000000000e+00 0.000000000000000000e+00 0.000000000000000000e+00 0.000000000000000000e+00 0.000000000000000000e+00
0.000000000000000000e+00 0.000000000000000000e+00 0.000000000000000000e+00 0.000000000000000000e+00 0.000000000000000000e+00
0.000000000000000000e+00 0.000000000000000000e+00 0.000000000000000000e+00 0.000000000000000000e+00 0.000000000000000000e+00
0.000000000000000000e+00 0.000000000000000000e+00 0.000000000000000000e+00 0.000000000000000000e+00 0.000000000000000000e+00
0.000000000000000000e+00 0.000000000000000000e+00 0.000000000000000000e+00 0.000000000000000000e+00 0.000000000000000000e+00
0.000000000000000000e+00 0.000000000000000000e+00 0.000000000000000000e+00 0.000000000000000000e+00 0.000000000000000000e+00
0.000000000000000000e+00 0.000000000000000000e+00 0.000000000000000000e+00 0.000000000000000000e+00 0.000000000000000000e+00
0.000000000000000000e+00 0.000000000000000000e+00 0.000000000000000000e+00 0.000000000000000000e+00 0.000000000000000000e+00
0.000000000000000000e+00 0.000000000000000000e+00 0.000000000000000000e+00 0.000000000000000000e+00 0.000000000000000000e+00
0.000000000000000000e+00 0.000000000000000000e+00 0.000000000000000000e+00 0.000000000000000000e+00 0.000000000000000000e+00
0.000000000000000000e+00 0.000000000000000000e+00 0.000000000000000000e+00 0.000000000000000000e+00 0.000000000000000000e+00
0.000000000000000000e+00 0.000000000000000000e+00 0.000000000000000000e+00 0.000000000000000000e+00 0.000000000000000000e+00
0.000000000000000000e+00 0.000000000000000000e+00 0.000000000000000000e+00 0.000000000000000000e+00 0.000000000000000000e+00
0.000000000000000000e+00 0.000000000000000000e+00 0.000000000000000000e+00 0.000000000000000000e+00 0.000000000000000000e+00
0.000000000000000000e+00 0.000000000000000000e+00 0.000000000000000000e+00 0.000000000000000000e+00 0.000000000000000000e+00
0.000000000000000000e+00 0.000000000000000000e+00 0.000000000000000000e+00 0.000000000000000000e+00 0.000000000000000000e+00
0.000000000000000000e+00 0.000000000000000000e+00 0.000000000000000000e+00 0.000000000000000000e+00 0.000000000000000000e+00
0.000000000000000000e+00 0.000000000000000000e+00 0.000000000000000000e+00 0.000000000000000000e+00 0.000000000000000000e+00
0.000000000000000000e+00 0.000000000000000000e+00 0.000000000000000000e+00 0.000000000000000000e+00 0.000000000000000000e+00
0.000000000000000000e+00 0.000000000000000000e+00 0.000000000000000000e+00 0.000000000000000000e+00 0.000000000000000000e+00
0.000000000000000000e+00 0.000000000000000000e+00 0.000000000000000000e+00 0.000000000000000000e+00 0.000000000000000000e+00
0.000000000000000000e+00 0.000000000000000000e+00 0.000000000000000000e+00 0.000000000000000000e+00 0.000000000000000000e+00
0.000000000000000000e+00 0.000000000000000000e+00 0.000000000000000000e+00 0.000000000000000000e+00 0.000000000000000000e+00
0.000000000000000000e+00 0.000000000000000000e+00 0.000000000000000000e+00 0.000000000000000000e+00 0.000000000000000000e+00
0.000000000000000000e+00 0.000000000000000000e+00 0.000000000000000000e+00 0.000000000000000000e+00 0.000000000000000000e+00
0.000000000000000000e+00 0.000000000000000000e+00 0.000000000000000000e+00 0.000000000000000000e+00 0.000000000000000000e+00
0.000000000000000000e+00 0.000000000000000000e+00 0.000000000000000000e+00 0.000000000000000000e+00 0.000000000000000000e+00
0.000000000000000000e+00 0.000000000000000000e+00 0.000000000000000000e+00 0.000000000000000000e+00 0.000000000000000000e+00
0.000000000000000000e+00 0.000000000000000000e+00 0.000000000000000000e+00 0.000000000000000000e+00 0.000000000000000000e+00
0.000000000000000000e+00 0.000000000000000000e+00 0.000000000000000000e+00 0.000000000000000000e+00 0.000000000000000000e+00
0.000000000000000000e+00 0.000000000000000000e+00 0.000000000000000000e+00 0.000000000000000000e+00 0.000000000000000000e+00
0.000000000000000000e+00 0.000000000000000000e+00 0.000000000000000000e+00 0.000000000000000000e+00 0.000000000000000000e+00
0.000000000000000000e+00 0.000000000000000000e+00 0.000000000000000000e+00 0.000000000000000000e+00 0.000000000000000000e+00
0.000000000000000000e+00 0.000000000000000000e+00 0.000000000000000000e+00 0.000000000000000000e+00 0.000000000000000000e+00
0.000000000000000000e+00 0.000000000000000000e+00 0.000000000000000000e+00 0.000000000000000000e+00 0.000000000000000000e+00
0.000000000000000000e+00 0.000000000000000000e+00 0.000000000000000000e+00 0.000000000000000000e+00 0.000000000000000000e+00
0.000000000000000000e+00 0.000000000000000000e+00 0.000000000000000000e+00 0.000000000000000000e+00 0.000000000000000000e+00
0.000000000000000000e+00 0.000000000000000000e+00 0.000000000000000000e+00 0.000000000000000000e+00 0.000000000000000000e+00
0.000000000000000000e+00 0.000000000000000000e+00 0.000000000000000000e+00 0.000000000000000000e+00 0.000000000000000000e+00
0.000000000000000000e+00 0.000000000000000000e+00 0.000000000000000000e+00 0.000000000000000000e+00 0.000000000000000000e+00
0.000000000000000000e+00 0.000000000000000000e+00 0.000000000000000000e+00 0.000000000000000000e+00 0.000000000000000000e+00
0.000000000000000000e+00 0.000000000000000000e+00 0.000000000000000000e+00 0.000000000000000000e+00 0.000000000000000000e+00
0.000000000000000000e+00 0.000000000000000000e+00 0.000000000000000000e+00 0.000000000000000000e+00 0.000000000000000000e+00
0.000000000000000000e+00 0.000000000000000000e+00 0.000000000000000000e+00 0.000000000000000000e+00 0.000000000000000000e+00
0.000000000000000000e+00 0.000000000000000000e+00 0.000000000000000000e+00 0.000000000000000000e+00 0.000000000000000000e+00
0.000000000000000000e+00 0.000000000000000000e+00 0.000000000000000000e+00 0.000000000000000000e+00 0.000000000000000000e+00
0.000000000000000000e+00 0.000000000000000000e+00 0.000000000000000000e+00 0.000000000000000000e+00 0.000000000000000000e+00
0.000000000000000000e+00 0.000000000000000000e+00 0.000000000000000000e+00 0.000000000000000000e+00 0.000000000000000000e+00
0.000000000000000000e+00 0.000000000000000000e+00 0.000000000000000000e+00 0.000000000000000000e+00 0.000000000000000000e+00
0.000000000000000000e+00 0.000000000000000000e+00 0.000000000000000000e+00 0.000000000000000000e+00 0.000000000000000000e+00
0.000000000000000000e+00 0.000000000000000000e+00 0.000000000000000000e+00 0.000000000000000000e+00 0.000000000000000000e+00
0.000000000000000000e+00 0.000000000000000000e+00 0.000000000000000000e+00 0.000000000000000000e+00 0.000000000000000000e+00
0.000000000000000000e+00 0.000000000000000000e+00 0.000000000000000000e+00 0.000000000000000000e+00 0.000000000000000000e+00
0.000000000000000000e+00 0.000000000000000000e+00 0.000000000000000000e+00 0.000000000000000000e+00 0.000000000000000000e+00
0.000000000000000000e+00 0.000000000000000000e+00 0.000000000000000000e+00 0.000000000000000000e+00 0.000000000000000000e+00
0.000000000000000000e+00 0.000000000000000000e+00 0.000000000000000000e+00 0.000000000000000000e+00 0.000000000000000000e+00
0.000000000000000000e+00 0.000000000000000000e+00 0.000000000000000000e+00 0.000000000000000000e+00 0.000000000000000000e+00
0.000000000000000000e+00 0.000000000000000000e+00 0.000000000000000000e+00 0.000000000000000000e+00 0.000000000000000000e+00
0.000000000000000000e+00 0.000000000000000000e+00 0.000000000000000000e+00 0.000000000000000000e+00 0.000000000000000000e+00
0.000000000000000000e+00 0.000000000000000000e+00 0.000000000000000000e+00 0.000000000000000000e+00 0.000000000000000000e+00
0.000000000000000000e+00 0.000000000000000000e+00 0.000000000000000000e+00 0.000000000000000000e+00 0.000000000000000000e+00
0.000000000000000000e+00 0.000000000000000000e+00 0.000000000000000000e+00 0.000000000000000000e+00 0.000000000000000000e+00
0.000000000000000000e+00 0.000000000000000000e+00 0.000000000000000000e+00 0.000000000000000000e+00 0.000000000000000000e+00
0.000000000000000000e+00 0.000000000000000000e+00 0.000000000000000000e+00 0.000000000000000000e+00 0.000000000000000000e+00
0.000000000000000000e+00 0.000000000000000000e+00 0.000000000000000000e+00 0.000000000000000000e+00 0.000000000000000000e+00
0.000000000000000000e+00 0.000000000000000000e+00 0.000000000000000000e+00 0.000000000000000000e+00 0.000000000000000000e+00
0.000000000000000000e+00 0.000000000000000000e+00 0.000000000000000000e+00 0.000000000000000000e+00 0.000000000000000000e+00
0.000000000000000000e+00 0.000000000000000000e+00 0.000000000000000000e+00 0.000000000000000000e+00 0.000000000000000000e+00
0.000000000000000000e+00 0.000000000000000000e+00 0.000000000000000000e+00 0.000000000000000000e+00 0.000000000000000000e+00
0.000000000000000000e+00 0.000000000000000000e+00 0.000000000000000000e+00 0.000000000000000000e+00 0.000000000000000000e+00
0.000000000000000000e+00 0.000000000000000000e+00 0.000000000000000000e+00 0.000000000000000000e+00 0.000000000000000000e+00
0.000000000000000000e+00 0.000000000000000000e+00 0.000000000000000000e+00 0.000000000000000000e+00 0.000000000000000000e+00
0.000000000000000000e+00 0.000000000000000000e+00 0.000000000000000000e+00 0.000000000000000000e+00 0.000000000000000000e+00
0.000000000000000000e+00 0.000000000000000000e+00 0.000000000000000000e+00 0.000000000000000000e+00 0.000000000000000000e+00
0.000000000000000000e+00 0.000000000000000000e+00 0.000000000000000000e+00 0.000000000000000000e+00 0.000000000000000000e+00
0.000000000000000000e+00 0.000000000000000000e+00 0.000000000000000000e+00 0.000000000000000000e+00 0.000000000000000000e+00
0.000000000000000000e+00 0.000000000000000000e+00 0.000000000000000000e+00 0.000000000000000000e+00 0.000000000000000000e+00
0.000000000000000000e+00 0.000000000000000000e+00 0.000000000000000000e+00 0.000000000000000000e+00 0.000000000000000000e+00
0.000000000000000000e+00 0.000000000000000000e+00 0.000000000000000000e+00 0.000000000000000000e+00 0.000000000000000000e+00
0.000000000000000000e+00 0.000000000000000000e+00 0.000000000000000000e+00 0.000000000000000000e+00 0.000000000000000000e+00
0.000000000000000000e+00 0.000000000000000000e+00 0.000000000000000000e+00 0.000000000000000000e+00 0.000000000000000000e+00
0.000000000000000000e+00 0.000000000000000000e+00 0.000000000000000000e+00 0.000000000000000000e+00 0.000000000000000000e+00
0.000000000000000000e+00 0.000000000000000000e+00 0.000000000000000000e+00 0.000000000000000000e+00 0.000000000000000000e+00
0.000000000000000000e+00 0.000000000000000000e+00 0.000000000000000000e+00 0.000000000000000000e+00 0.000000000000000000e+00
0.000000000000000000e+00 0.000000000000000000e+00 0.000000000000000000e+00 0.000000000000000000e+00 0.000000000000000000e+00
0.000000000000000000e+00 0.000000000000000000e+00 0.000000000000000000e+00 0.000000000000000000e+00 0.000000000000000000e+00
0.000000000000000000e+00 0.000000000000000000e+00 0.000000000000000000e+00 0.000000000000000000e+00 0.000000000000000000e+00
0.000000000000000000e+00 0.000000000000000000e+00 0.000000000000000000e+00 0.000000000000000000e+00 0.000000000000000000e+00
0.000000000000000000e+00 0.000000000000000000e+00 0.000000000000000000e+00 0.000000000000000000e+00 0.000000000000000000e+00
0.000000000000000000e+00 0.000000000000000000e+00 0.000000000000000000e+00 0.000000000000000000e+00 0.000000000000000000e+00
0.000000000000000000e+00 0.000000000000000000e+00 0.000000000000000000e+00 0.000000000000000000e+00 0.000000000000000000e+00
0.000000000000000000e+00 0.000000000000000000e+00 0.000000000000000000e+00 0.000000000000000000e+00 0.000000000000000000e+00
0.000000000000000000e+00 0.000000000000000000e+00 0.000000000000000000e+00 0.000000000000000000e+00 0.000000000000000000e+00
0.000000000000000000e+00 0.000000000000000000e+00 0.000000000000000000e+00 0.000000000000000000e+00 0.000000000000000000e+00
0.000000000000000000e+00 0.000000000000000000e+00 0.000000000000000000e+00 0.000000000000000000e+00 0.000000000000000000e+00
0.000000000000000000e+00 0.000000000000000000e+00 0.000000000000000000e+00 0.000000000000000000e+00 0.000000000000000000e+00
0.000000000000000000e+00 0.000000000000000000e+00 0.000000000000000000e+00 0.000000000000000000e+00 0.000000000000000000e+00
0.000000000000000000e+00 0.000000000000000000e+00 0.000000000000000000e+00 0.000000000000000000e+00 0.000000000000000000e+00
0.000000000000000000e+00 0.000000000000000000e+00 0.000000000000000000e+00 0.000000000000000000e+00 0.000000000000000000e+00
0.000000000000000000e+00 0.000000000000000000e+00 0.000000000000000000e+00 0.000000000000000000e+00 0.000000000000000000e+00
0.000000000000000000e+00 0.000000000000000000e+00 0.000000000000000000e+00 0.000000000000000000e+00 0.000000000000000000e+00
0.000000000000000000e+00 0.000000000000000000e+00 0.000000000000000000e+00 0.000000000000000000e+00 0.000000000000000000e+00
0.000000000000000000e+00 0.000000000000000000e+00 0.000000000000000000e+00 0.000000000000000000e+00 0.000000000000000000e+00
0.000000000000000000e+00 0.000000000000000000e+00 0.000000000000000000e+00 0.000000000000000000e+00 0.000000000000000000e+00
0.000000000000000000e+00 0.000000000000000000e+00 0.000000000000000000e+00 0.000000000000000000e+00 0.000000000000000000e+00
0.000000000000000000e+00 0.000000000000000000e+00 0.000000000000000000e+00 0.000000000000000000e+00 0.000000000000000000e+00
0.000000000000000000e+00 0.000000000000000000e+00 2.005986695025994693e-01 1.308745395617220808e+01 1.298155690547201502e+01
0.000000000000000000e+00 0.000000000000000000e+00 0.000000000000000000e+00 1.055593037048274851e+01 1.431682844356562079e+01
0.000000000000000000e+00 0.000000000000000000e+00 0.000000000000000000e+00 6.870879254333185138e+00 1.412161790953705420e+01
0.000000000000000000e+00 0.000000000000000000e+00 0.000000000000000000e+00 2.761290495005276568e+00 1.265779986004205071e+01
1.118260357318542564e+00 0.000000000000000000e+00 0.000000000000000000e+00 0.000000000000000000e+00 1.035542692136194631e+01
4.429717439485347796e+00 0.000000000000000000e+00 0.000000000000000000e+00 0.000000000000000000e+00 7.617576847543849006e+00
7.037426496965946576e+00 0.000000000000000000e+00 0.000000000000000000e+00 0.000000000000000000e+00 4.777598920183007358e+00
8.943497304155888727e+00 0.000000000000000000e+00 0.000000000000000000e+00 0.000000000000000000e+00 2.000483087916686831e+00
1.017548626004428769e+01 6.507031990110437869e-01 0.000000000000000000e+00 0.000000000000000000e+00 0.000000000000000000e+00
1.074727642029137087e+01 3.127834164979343967e+00 0.000000000000000000e+00 0.000000000000000000e+00 0.000000000000000000e+00
1.068489280165151634e+01 5.305548070509823688e+00 0.000000000000000000e+00 0.000000000000000000e+00 0.000000000000000000e+00
1.002160257629754092e+01 7.058438719329670263e+00 0.000000000000000000e+00 0.000000000000000000e+00 0.000000000000000000e+00
8.810109044413135138e+00 8.290463747305858888e+00 0.000000000000000000e+00 0.000000000000000000e+00 0.000000000000000000e+00
7.136515321959793212e+00 8.949795854554757568e+00 1.765839419769123175e+00 0.000000000000000000e+00 0.000000000000000000e+00
5.154082381555912917e+00 9.025029147104087102e+00 3.840233291622501710e+00 0.000000000000000000e+00 0.000000000000000000e+00
3.035457471254673578e+00 8.539474530568226029e+00 5.489783849168197172e+00 0.000000000000000000e+00 0.000000000000000000e+00
9.312245846678763872e-01 7.554130452283088104e+00 6.623688796798088418e+00 0.000000000000000000e+00 0.000000000000000000e+00
0.000000000000000000e+00 6.164628986038416691e+00 7.212585772224273661e+00 1.041597910973628860e+00 0.000000000000000000e+00
0.000000000000000000e+00 4.504973705964732567e+00 7.283577842248338818e+00 2.763119787742237765e+00 0.000000000000000000e+00
0.000000000000000000e+00 2.722720335833551442e+00 6.894910247995258423e+00 4.148805502462446171e+00 0.000000000000000000e+00
0.000000000000000000e+00 9.448176862127115605e-01 6.113255753669902148e+00 5.138450949935701395e+00 0.000000000000000000e+00
0.000000000000000000e+00 0.000000000000000000e+00 5.013372484927744566e+00 5.704484563428453114e+00 7.303683260048651205e-01
0.000000000000000000e+00 0.000000000000000000e+00 3.690909478075068417e+00 5.855471332331753764e+00 2.207924909897502008e+00
0.000000000000000000e+00 0.000000000000000000e+00 2.257150287691990442e+00 5.627001351340028101e+00 3.413600630859517704e+00
0.000000000000000000e+00 0.000000000000000000e+00 8.144143130451975132e-01 5.066468661756542424e+00 4.292537659574083619e+00
0.000000000000000000e+00 0.000000000000000000e+00 0.000000000000000000e+00 4.231244971702778024e+00 4.815963199811416295e+00
0.000000000000000000e+00 0.000000000000000000e+00 0.000000000000000000e+00 3.186837815304021770e+00 4.986480557195586805e+00
0.000000000000000000e+00 0.000000000000000000e+00 0.000000000000000000e+00 2.003725865731366795e+00 4.833621583500243624e+00
0.000000000000000000e+00 0.000000000000000000e+00 0.000000000000000000e+00 7.568587890510668492e-01 4.393855368809348683e+00
4.792715797414081047e-01 0.000000000000000000e+00 0.000000000000000000e+00 0.000000000000000000e+00 3.706477687134535071e+00
1.629429588467796952e+00 0.000000000000000000e+00 0.000000000000000000e+00 0.000000000000000000e+00 2.822896481652994005e+00
2.625144388989682831e+00 0.000000000000000000e+00 0.000000000000000000e+00 0.000000000000000000e+00 1.810209368035545330e+00
3.410958704081064052e+00 0.000000000000000000e+00 0.000000000000000000e+00 0.000000000000000000e+00 7.373007256802102116e-01
3.948433338297624662e+00 3.309116467319975774e-01 0.000000000000000000e+00 0.000000000000000000e+00 0.000000000000000000e+00
4.217810396292073882e+00 1.335792734018578454e+00 0.000000000000000000e+00 0.000000000000000000e+00 0.000000000000000000e+00
4.218048258442325782e+00 2.217906277651096492e+00 0.000000000000000000e+00 0.000000000000000000e+00 0.000000000000000000e+00
3.961298347566812872e+00 2.927397473487793444e+00 0.000000000000000000e+00 0.000000000000000000e+00 0.000000000000000000e+00
3.472018579320450549e+00 3.426770678747554921e+00 0.000000000000000000e+00 0.000000000000000000e+00 0.000000000000000000e+00
2.787652402309862776e+00 3.693108246681587659e+00 8.878937653230947191e-01 0.000000000000000000e+00 0.000000000000000000e+00
1.969332926045426202e+00 3.713719714762637736e+00 1.733277967005429021e+00 0.000000000000000000e+00 0.000000000000000000e+00
1.086085218689629484e+00 3.494161084536365536e+00 2.403336754729416658e+00 0.000000000000000000e+00 0.000000000000000000e+00
2.027911865502042277e-01 3.061472880660476292e+00 2.859838661908092661e+00 0.000000000000000000e+00 0.000000000000000000e+00
0.000000000000000000e+00 2.459229919079683135e+00 3.089152887884796694e+00 6.267040869556496085e-01 0.000000000000000000e+00
0.000000000000000000e+00 1.743657187850848889e+00 3.098352410433941273e+00 1.347292677415077300e+00 0.000000000000000000e+00
0.000000000000000000e+00 9.734405520497900755e-01 2.906873204183571424e+00 1.922354189043244288e+00 0.000000000000000000e+00
0.000000000000000000e+00 2.028453937769524040e-01 2.542319340771175273e+00 2.325372975723683400e+00 0.000000000000000000e+00
0.000000000000000000e+00 0.000000000000000000e+00 2.039779416357890174e+00 2.543395988040266342e+00 5.218470415186816647e-01
0.000000000000000000e+00 0.000000000000000000e+00 1.443336259030255198e+00 2.578364050088466808e+00 1.154531071202711257e+00
0.000000000000000000e+00 0.000000000000000000e+00 8.006369499883002616e-01 2.443495756712401157e+00 1.661949040355038543e+00
0.000000000000000000e+00 0.000000000000000000e+00 1.571504650656567470e-01 2.160285071461061079e+00 2.020248662569248399e+00
0.000000000000000000e+00 0.000000000000000000e+00 0.000000000000000000e+00 1.757252893348104639e+00 2.217371020545283233e+00
0.000000000000000000e+00 0.000000000000000000e+00 0.000000000000000000e+00 1.264688554594817438e+00 2.256839369039746135e+00
0.000000000000000000e+00 0.000000000000000000e+00 0.000000000000000000e+00 7.147174109244477380e-01 2.151130054664642355e+00
0.000000000000000000e+00 0.000000000000000000e+00 0.000000000000000000e+00 1.419909439824786346e-01 1.915819170464038601e+00
4.185691404105570390e-01 0.000000000000000000e+00 0.000000000000000000e+00 0.000000000000000000e+00 1.569800399985114225e+00
9.308736131140502579e-01 0.000000000000000000e+00 0.000000000000000000e+00 0.000000000000000000e+00 1.138842900666553692e+00
1.364242739240540736e+00 0.000000000000000000e+00 0.000000000000000000e+00 0.000000000000000000e+00 6.538680119597178875e-01
1.694225685533952364e+00 0.000000000000000000e+00 0.000000000000000000e+00 0.000000000000000000e+00 1.473085265572228186e-01
1.904161655648597407e+00 3.490149622811804520e-01 0.000000000000000000e+00 0.000000000000000000e+00 0.000000000000000000e+00
1.986385823259097183e+00 8.052615999292345172e-01 0.000000000000000000e+00 0.000000000000000000e+00 0.000000000000000000e+00
1.941301149647081337e+00 1.193985491217399497e+00 0.000000000000000000e+00 0.000000000000000000e+00 0.000000000000000000e+00
1.776426752059224290e+00 1.493178042427844021e+00 0.000000000000000000e+00 0.000000000000000000e+00 0.000000000000000000e+00
1.506080400067396408e+00 1.687248899029800908e+00 1.713665983948780835e-01 0.000000000000000000e+00 0.000000000000000000e+00
1.152837373330535709e+00 1.766671927717823998e+00 6.069241253136947734e-01 0.000000000000000000e+00 0.000000000000000000e+00
7.475263240970388967e-01 1.728170485613087948e+00 9.767520716097931599e-01 0.000000000000000000e+00 0.000000000000000000e+00
3.227378240518091190e-01 1.578589348037947371e+00 1.254868214361878787e+00 0.000000000000000000e+00 0.000000000000000000e+00
0.000000000000000000e+00 1.334705662915022462e+00 1.427639200021728394e+00 9.263866417636658357e-02 0.000000000000000000e+00
0.000000000000000000e+00 1.020123745802721471e+00 1.492142245138629697e+00 4.695503330538424724e-01 0.000000000000000000e+00
0.000000000000000000e+00 6.621681074378482634e-01 1.453588693870418114e+00 7.869945152287761703e-01 0.000000000000000000e+00
0.000000000000000000e+00 2.881455899386817787e-01 1.322669876402920996e+00 1.028413512658632678e+00 0.000000000000000000e+00
0.000000000000000000e+00 0.000000000000000000e+00 1.114505573574033681e+00 1.183554969949028424e+00 7.728645275231746381e-02
0.000000000000000000e+00 0.000000000000000000e+00 8.481533724731963320e-01 1.248761972538994014e+00 4.098560388639686525e-01
0.000000000000000000e+00 0.000000000000000000e+00 5.458400269769951851e-01 1.226874739497199274e+00 6.904886997709136498e-01
0.000000000000000000e+00 0.000000000000000000e+00 2.304016576782381143e-01 1.125932910603400394e+00 9.043832128703073181e-01
0.000000000000000000e+00 0.000000000000000000e+00 0.000000000000000000e+00 9.582207553159250990e-01 1.042316418172191783e+00
0.000000000000000000e+00 0.000000000000000000e+00 0.000000000000000000e+00 7.386376791605691050e-01 1.101448663865598476e+00
0.000000000000000000e+00 0.000000000000000000e+00 0.000000000000000000e+00 4.822373407723754557e-01 1.085731649638005836e+00
0.000000000000000000e+00 0.000000000000000000e+00 0.000000000000000000e+00 2.052730598466134260e-01 1.001943128169702657e+00
7.505276895375247170e-02 0.000000000000000000e+00 0.000000000000000000e+00 0.000000000000000000e+00 8.583829787852790272e-01
3.406474844462468177e-01 0.000000000000000000e+00 0.000000000000000000e+00 0.000000000000000000e+00 6.657673946216130512e-01
5.750129079838455226e-01 0.000000000000000000e+00 0.000000000000000000e+00 0.000000000000000000e+00 4.379504137445360268e-01
7.642058177653716644e-01 0.000000000000000000e+00 0.000000000000000000e+00 0.000000000000000000e+00 1.907115715120247523e-01
8.978369858777714985e-01 5.956132986976107185e-02 0.000000000000000000e+00 0.000000000000000000e+00 0.000000000000000000e+00
9.695670887795581061e-01 2.973375362912109021e-01 0.000000000000000000e+00 0.000000000000000000e+00 0.000000000000000000e+00
9.773470566156526873e-01 5.077694427518141262e-01 0.000000000000000000e+00 0.000000000000000000e+00 0.000000000000000000e+00
9.230670837044145927e-01 6.784922109786036826e-01 0.000000000000000000e+00 0.000000000000000000e+00 0.000000000000000000e+00
8.122873683164822944e-01 8.000972350768791319e-01 0.000000000000000000e+00 0.000000000000000000e+00 0.000000000000000000e+00
6.539048957499775661e-01 8.666104371420041419e-01 2.086458433051204264e-01 0.000000000000000000e+00 0.000000000000000000e+00
4.619639945514449897e-01 8.742662177356582687e-01 4.097242651128887303e-01 0.000000000000000000e+00 0.000000000000000000e+00
2.527402474759697371e-01 8.239522175616340594e-01 5.701055540758885876e-01 0.000000000000000000e+00 0.000000000000000000e+00
4.208642601930295130e-02 7.220998821077093677e-01 6.802813891718301198e-01 0.000000000000000000e+00 0.000000000000000000e+00
0.000000000000000000e+00 5.792985558998273721e-01 7.365696287236473960e-01 1.565106538614018106e-01 0.000000000000000000e+00
0.000000000000000000e+00 4.085350215843951416e-01 7.397852626147699562e-01 3.294509723651049549e-01 0.000000000000000000e+00
0.000000000000000000e+00 2.234529438424572856e-01 6.939455534627649858e-01 4.677733805097076258e-01 0.000000000000000000e+00
0.000000000000000000e+00 3.728729539245794616e-02 6.056252219722171315e-01 5.648628968173017295e-01 0.000000000000000000e+00
0.000000000000000000e+00 0.000000000000000000e+00 4.835766828772565806e-01 6.173032587702207419e-01 1.382062505705435873e-01
0.000000000000000000e+00 0.000000000000000000e+00 3.383599445145199502e-01 6.249852619675321241e-01 2.913787160588147129e-01
0.000000000000000000e+00 0.000000000000000000e+00 1.813713103026707296e-01 5.907354662977528648e-01 4.139765524745197545e-01
0.000000000000000000e+00 0.000000000000000000e+00 2.387349013107213994e-02 5.198486115351681480e-01 5.000686542160796000e-01
0.000000000000000000e+00 0.000000000000000000e+00 0.000000000000000000e+00 4.196039121505280023e-01 5.466046245726527975e-01
0.000000000000000000e+00 0.000000000000000000e+00 0.000000000000000000e+00 2.974223873232825222e-01 5.543599939473937699e-01
0.000000000000000000e+00 0.000000000000000000e+00 0.000000000000000000e+00 1.611617402831357626e-01 5.262000791353309559e-01
0.000000000000000000e+00 0.000000000000000000e+00 0.000000000000000000e+00 1.945691182160035754e-02 4.658924404079881620e-01
1.188718781372733041e-01 0.000000000000000000e+00 0.000000000000000000e+00 0.000000000000000000e+00 3.782380543068050160e-01
2.447365036130602356e-01 0.000000000000000000e+00 0.000000000000000000e+00 0.000000000000000000e+00 2.695748955215368503e-01
3.505587761165069316e-01 0.000000000000000000e+00 0.000000000000000000e+00 0.000000000000000000e+00 1.475211746201118834e-01
4.302681250838459315e-01 0.000000000000000000e+00 0.000000000000000000e+00 0.000000000000000000e+00 2.033247489727329008e-02
4.797177699019942176e-01 1.037317390420711832e-01 0.000000000000000000e+00 0.000000000000000000e+00 0.000000000000000000e+00
4.969029842927835117e-01 2.169119636734928858e-01 0.000000000000000000e+00 0.000000000000000000e+00 0.000000000000000000e+00
4.819107780566233568e-01 3.123223620399005473e-01 0.000000000000000000e+00 0.000000000000000000e+00 0.000000000000000000e+00
4.368050583679763399e-01 3.845177792154642060e-01 0.000000000000000000e+00 0.000000000000000000e+00 0.000000000000000000e+00
3.654625476193157918e-01 4.297156970259567443e-01 6.191837645515883837e-02 0.000000000000000000e+00 0.000000000000000000e+00
2.739951263772426593e-01 4.455277528001153065e-01 1.699289137717262810e-01 0.000000000000000000e+00 0.000000000000000000e+00
1.703125413418624667e-01 4.314027317390874416e-01 2.602386666098751022e-01 0.000000000000000000e+00 0.000000000000000000e+00
6.265868785289840925e-02 3.895075465522810365e-01 3.267171574612202090e-01 0.000000000000000000e+00 0.000000000000000000e+00
0.000000000000000000e+00 3.244700689325644150e-01 3.663052322118712789e-01 4.167036617805926907e-02 0.000000000000000000e+00
0.000000000000000000e+00 2.424727538800766913e-01 3.784991287114586878e-01 1.353098555510502399e-01 0.000000000000000000e+00
0.000000000000000000e+00 1.503655987935151039e-01 3.646906758577387886e-01 2.131117635463725957e-01 0.000000000000000000e+00
0.000000000000000000e+00 5.501794682708791018e-02 3.277303512361381399e-01 2.710765669839645398e-01 0.000000000000000000e+00
0.000000000000000000e+00 0.000000000000000000e+00 2.716893495219009358e-01 3.068003859297671609e-01 3.728659826167132069e-02
0.000000000000000000e+00 0.000000000000000000e+00 2.016275003108365937e-01 3.195358376841784809e-01 1.203010421985644812e-01
0.000000000000000000e+00 0.000000000000000000e+00 1.232266767422063730e-01 3.101243278399431480e-01 1.892982711773264493e-01
0.000000000000000000e+00 0.000000000000000000e+00 4.230941757714568041e-02 2.807929680425704233e-01 2.406889480818967531e-01
0.000000000000000000e+00 0.000000000000000000e+00 0.000000000000000000e+00 2.349090053648457965e-01 2.723264313096738221e-01
0.000000000000000000e+00 0.000000000000000000e+00 0.000000000000000000e+00 1.763135728816314918e-01 2.838119525330343174e-01
0.000000000000000000e+00 0.000000000000000000e+00 0.000000000000000000e+00 1.089264756529529504e-01 2.762476477555340648e-01
0.000000000000000000e+00 0.000000000000000000e+00 0.000000000000000000e+00 3.701985904785547871e-02 2.514065026325087993e-01
3.491193044270123058e-02 0.000000000000000000e+00 0.000000000000000000e+00 0.000000000000000000e+00 2.115448617484307348e-01
1.021566657783729848e-01 0.000000000000000000e+00 0.000000000000000000e+00 0.000000000000000000e+00 1.595988775473956844e-01
1.605679307845742365e-01 0.000000000000000000e+00 0.000000000000000000e+00 0.000000000000000000e+00 9.922867579351832279e-02
2.066931799494989841e-01 0.000000000000000000e+00 0.000000000000000000e+00 0.000000000000000000e+00 3.457527246055899783e-02
2.380114466939325935e-01 3.006472413885367609e-02 0.000000000000000000e+00 0.000000000000000000e+00 0.000000000000000000e+00
2.530560824864395708e-01 9.060172144792025262e-02 0.000000000000000000e+00 0.000000000000000000e+00 0.000000000000000000e+00
2.514520280641883709e-01 1.432608430312244385e-01 0.000000000000000000e+00 0.000000000000000000e+00 0.000000000000000000e+00
2.338792605345784148e-01 1.849584858204134930e-01 0.000000000000000000e+00 0.000000000000000000e+00 0.000000000000000000e+00
2.019969506893085354e-01 2.134181912412976556e-01 1.009941066511323669e-02 0.000000000000000000e+00 0.000000000000000000e+00
1.584286826592308239e-01 2.272083739421131843e-01 6.781931671450365517e-02 0.000000000000000000e+00 0.000000000000000000e+00
1.070169542183429384e-01 2.255664692839831342e-01 1.179748726750916021e-01 0.000000000000000000e+00 0.000000000000000000e+00
5.202864768266155654e-02 2.090555921228023917e-01 1.568296008476394443e-01 0.000000000000000000e+00 0.000000000000000000e+00
0.000000000000000000e+00 1.796557095543215299e-01 1.822601626477005632e-01 2.628580569000887792e-03 0.000000000000000000e+00
0.000000000000000000e+00 1.403260045510223986e-01 1.935862701453358592e-01 5.299330694584886148e-02 0.000000000000000000e+00
0.000000000000000000e+00 9.450751065514927107e-02 1.912038745206010026e-01 9.616346695473523831e-02 0.000000000000000000e+00
0.000000000000000000e+00 4.574440133684361254e-02 1.763143266284030175e-01 1.298040821735825245e-01 0.000000000000000000e+00
0.000000000000000000e+00 0.000000000000000000e+00 1.507916879322296067e-01 1.523750379859180881e-01 2.637917924854902771e-03
0.000000000000000000e+00 0.000000000000000000e+00 1.170672354101856272e-01 1.631739037564620964e-01 4.731022220977406517e-02
0.000000000000000000e+00 0.000000000000000000e+00 7.797133183096056908e-02 1.623386583605853917e-01 8.561447563621832346e-02
0.000000000000000000e+00 0.000000000000000000e+00 3.649596644416456398e-02 1.507653706720092635e-01 1.154515423903195726e-01
0.000000000000000000e+00 0.000000000000000000e+00 0.000000000000000000e+00 1.299914442133206505e-01 1.354429119219202338e-01
0.000000000000000000e+00 0.000000000000000000e+00 0.000000000000000000e+00 1.020044902485797433e-01 1.450022706271293371e-01
0.000000000000000000e+00 0.000000000000000000e+00 0.000000000000000000e+00 6.875727596850386703e-02 1.445157369033959749e-01
0.000000000000000000e+00 0.000000000000000000e+00 0.000000000000000000e+00 3.235432080670559707e-02 1.348099024669790202e-01
4.925794403335696271e-03 0.000000000000000000e+00 0.000000000000000000e+00 0.000000000000000000e+00 1.169338821065803308e-01
4.064671420788766587e-02 0.000000000000000000e+00 0.000000000000000000e+00 0.000000000000000000e+00 9.224454347442564983e-02
7.256094718738695382e-02 0.000000000000000000e+00 0.000000000000000000e+00 0.000000000000000000e+00 6.249235159147054769e-02
9.874025697095789589e-02 0.000000000000000000e+00 0.000000000000000000e+00 0.000000000000000000e+00 2.973981823640546585e-02
1.177047156346988505e-01 3.796324753012220946e-03 0.000000000000000000e+00 0.000000000000000000e+00 0.000000000000000000e+00
1.284952999697618059e-01 3.597382910462144229e-02 0.000000000000000000e+00 0.000000000000000000e+00 0.000000000000000000e+00
1.307137010069778227e-01 6.474386128388136263e-02 0.000000000000000000e+00 0.000000000000000000e+00 0.000000000000000000e+00
1.245164304015103224e-01 8.838754200759106616e-02 0.000000000000000000e+00 0.000000000000000000e+00 0.000000000000000000e+00
1.105842225081057478e-01 1.055751200325670408e-01 0.000000000000000000e+00 0.000000000000000000e+00 0.000000000000000000e+00
9.006525896319271529e-02 1.154325868227238927e-01 2.480541533136748633e-02 0.000000000000000000e+00 0.000000000000000000e+00
6.476250434862179661e-02 1.173984742904886497e-01 5.227039632330695434e-02 0.000000000000000000e+00 0.000000000000000000e+00
3.683561325651787954e-02 1.115075551125926795e-01 7.450331345881558431e-02 0.000000000000000000e+00 0.000000000000000000e+00
8.442344850508289728e-03 9.854554005514382098e-02 9.012002002471512785e-02 0.000000000000000000e+00 0.000000000000000000e+00
0.000000000000000000e+00 7.989015920967142137e-02 9.852766104904474298e-02 1.855137314439148088e-02 0.000000000000000000e+00
0.000000000000000000e+00 5.724827398960800895e-02 9.974535190092548298e-02 4.226828677460197498e-02 0.000000000000000000e+00
0.000000000000000000e+00 3.243959029816721046e-02 9.424925874542401660e-02 6.145370574908226580e-02 0.000000000000000000e+00
0.000000000000000000e+00 7.263616107493376696e-03 8.288893287695288381e-02 7.516382746282419813e-02 0.000000000000000000e+00
0.000000000000000000e+00 0.000000000000000000e+00 6.682718723549052608e-02 8.288198615555955606e-02 1.665426976759779368e-02
0.000000000000000000e+00 0.000000000000000000e+00 4.746394350462562750e-02 8.452654972978058956e-02 3.770361411620960085e-02
0.000000000000000000e+00 0.000000000000000000e+00 2.632546442676698614e-02 8.042534291658745560e-02 5.472630794222053952e-02
0.000000000000000000e+00 0.000000000000000000e+00 4.947111105664735338e-03 7.126288864645607957e-02 6.687580895011129012e-02
0.000000000000000000e+00 0.000000000000000000e+00 0.000000000000000000e+00 5.800987118575301471e-02 7.369364421682592092e-02
0.000000000000000000e+00 0.000000000000000000e+00 0.000000000000000000e+00 4.167514876089332965e-02 7.522460776015924000e-02
0.000000000000000000e+00 0.000000000000000000e+00 0.000000000000000000e+00 2.331673672253701396e-02 7.182544561486799151e-02
0.000000000000000000e+00 0.000000000000000000e+00 0.000000000000000000e+00 4.100371842288570712e-03 6.399525372545412927e-02
1.477032348072478476e-02 0.000000000000000000e+00 0.000000000000000000e+00 0.000000000000000000e+00 5.237687340163543759e-02
3.205141680694698070e-02 0.000000000000000000e+00 0.000000000000000000e+00 0.000000000000000000e+00 3.780736718955299974e-02
4.669459956819386331e-02 0.000000000000000000e+00 0.000000000000000000e+00 0.000000000000000000e+00 2.130391349370073378e-02
5.784950409496886214e-02 0.000000000000000000e+00 0.000000000000000000e+00 0.000000000000000000e+00 3.990274371987327477e-03
6.492325605340489025e-02 1.299340901342542834e-02 0.000000000000000000e+00 0.000000000000000000e+00 0.000000000000000000e+00
6.760742897319918510e-02 2.857262509140662265e-02 0.000000000000000000e+00 0.000000000000000000e+00 0.000000000000000000e+00
6.588322222292777863e-02 4.179041066272648486e-02 0.000000000000000000e+00 0.000000000000000000e+00 0.000000000000000000e+00
6.001083085671723300e-02 5.188495707729069012e-02 0.000000000000000000e+00 0.000000000000000000e+00 0.000000000000000000e+00
5.050456520437381774e-02 5.831970807448200872e-02 7.491674573811507240e-03 0.000000000000000000e+00 0.000000000000000000e+00
3.817522605785677453e-02 6.075357482423657945e-02 2.235381618726740502e-02 0.000000000000000000e+00 0.000000000000000000e+00
2.409256557796925213e-02 5.908583593872422657e-02 3.487118494614412784e-02 0.000000000000000000e+00 0.000000000000000000e+00
9.386929796760435860e-03 5.358760339429403941e-02 4.417705201878719540e-02 0.000000000000000000e+00 0.000000000000000000e+00
0.000000000000000000e+00 4.487577314010392227e-02 4.982572015936547610e-02 4.932333837744787286e-03 0.000000000000000000e+00
0.000000000000000000e+00 3.378591290325803215e-02 5.172455491830925400e-02 1.784495554762754316e-02 0.000000000000000000e+00
0.000000000000000000e+00 2.124745514610224678e-02 5.004369527140373197e-02 2.863379192876932058e-02 0.000000000000000000e+00
0.000000000000000000e+00 8.200533233218652157e-03 4.515958451644402905e-02 3.673779992269266687e-02 0.000000000000000000e+00
0.000000000000000000e+00 0.000000000000000000e+00 3.762182869880812547e-02 4.181241463215178839e-02 4.486482404011746770e-03
0.000000000000000000e+00 0.000000000000000000e+00 2.811708818251072717e-02 4.373752373327468440e-02 1.594745525230773647e-02
0.000000000000000000e+00 0.000000000000000000e+00 1.741801949689002205e-02 4.261134369506842240e-02 2.552281645830635146e-02
0.000000000000000000e+00 0.000000000000000000e+00 6.323013807072738225e-03 3.872754706879892594e-02 3.270846479836155007e-02
0.000000000000000000e+00 0.000000000000000000e+00 0.000000000000000000e+00 3.254162734464721013e-02 3.719711088279759742e-02
0.000000000000000000e+00 0.000000000000000000e+00 0.000000000000000000e+00 2.458182301926807936e-02 3.891686634770841896e-02
0.000000000000000000e+00 0.000000000000000000e+00 0.000000000000000000e+00 1.538324844077386573e-02 3.800891229773388502e-02
0.000000000000000000e+00 0.000000000000000000e+00 0.000000000000000000e+00 5.529083917002139761e-03 3.471187273698160547e-02
4.363284955675986523e-03 0.000000000000000000e+00 0.000000000000000000e+00 0.000000000000000000e+00 2.933181543454048412e-02
1.364405987526159589e-02 0.000000000000000000e+00 0.000000000000000000e+00 0.000000000000000000e+00 2.226605200848076616e-02
2.173877784415193318e-02 0.000000000000000000e+00 0.000000000000000000e+00 0.000000000000000000e+00 1.401096060826634120e-02
2.816661659263397163e-02 0.000000000000000000e+00 0.000000000000000000e+00 0.000000000000000000e+00 5.133619171145438823e-03
3.257309917906756752e-02 3.772377263993617700e-03 0.000000000000000000e+00 0.000000000000000000e+00 0.000000000000000000e+00
3.474696781061814566e-02 1.213962209748441386e-02 0.000000000000000000e+00 0.000000000000000000e+00 0.000000000000000000e+00
3.462702428430120688e-02 1.944356294594665191e-02 0.000000000000000000e+00 0.000000000000000000e+00 0.000000000000000000e+00
3.229942917165495170e-02 2.525441040789449046e-02 0.000000000000000000e+00 0.000000000000000000e+00 0.000000000000000000e+00
2.798728560813105309e-02 2.925282734402953264e-02 1.082149819814615197e-03 0.000000000000000000e+00 0.000000000000000000e+00
2.204435651884177963e-02 3.123755399999667698e-02 9.059278270732573982e-03 0.000000000000000000e+00 0.000000000000000000e+00
1.499576779265808339e-02 3.109539621025764200e-02 1.601871346380764199e-02 0.000000000000000000e+00 0.000000000000000000e+00
7.429477607591531210e-03 2.889545786314189416e-02 2.143703908004493050e-02 0.000000000000000000e+00 0.000000000000000000e+00
0.000000000000000000e+00 2.490496457625181528e-02 2.501326741982606502e-02 1.132092310727945045e-04 0.000000000000000000e+00
0.000000000000000000e+00 1.952906329764262858e-02 2.664703067707684114e-02 7.082618668614873263e-03 0.000000000000000000e+00
0.000000000000000000e+00 1.323925692815439321e-02 2.638637127997127060e-02 1.307490316922466263e-02 0.000000000000000000e+00
0.000000000000000000e+00 6.523211022096609378e-03 2.439191952454522819e-02 1.776410371186667655e-02 0.000000000000000000e+00
0.000000000000000000e+00 0.000000000000000000e+00 2.091897783344156062e-02 2.093317283338603368e-02 1.588504180900249881e-04
0.000000000000000000e+00 0.000000000000000000e+00 1.630110612100268280e-02 2.248025694823773887e-02 6.344808359082155028e-03
0.000000000000000000e+00 0.000000000000000000e+00 1.092656854843148707e-02 2.241883877604438843e-02 1.166440764401561851e-02
0.000000000000000000e+00 0.000000000000000000e+00 5.207551269158401663e-03 2.086832091152726262e-02 1.582434661591482564e-02
0.000000000000000000e+00 0.000000000000000000e+00 0.000000000000000000e+00 1.803836067200320636e-02 1.863038856634315066e-02
0.000000000000000000e+00 0.000000000000000000e+00 0.000000000000000000e+00 1.420373475778968948e-02 1.999633122212311070e-02
0.000000000000000000e+00 0.000000000000000000e+00 0.000000000000000000e+00 9.633048143235605626e-03 1.997222254223552859e-02
0.000000000000000000e+00 0.000000000000000000e+00 0.000000000000000000e+00 4.615514117084698956e-03 1.867045426165377456e-02
5.345285479902178076e-04 0.000000000000000000e+00 0.000000000000000000e+00 0.000000000000000000e+00 1.623442592319656805e-02
5.479969283106005985e-03 0.000000000000000000e+00 0.000000000000000000e+00 0.000000000000000000e+00 1.284984771938254763e-02
9.908965906692226988e-03 0.000000000000000000e+00 0.000000000000000000e+00 0.000000000000000000e+00 8.756231826816389396e-03
1.355328799244500358e-02 0.000000000000000000e+00 0.000000000000000000e+00 0.000000000000000000e+00 4.237329359428565652e-03
1.620603415357410246e-02 4.001311118591142240e-04 0.000000000000000000e+00 0.000000000000000000e+00 0.000000000000000000e+00
1.773190938690537288e-02 4.858724643273537765e-03 0.000000000000000000e+00 0.000000000000000000e+00 0.000000000000000000e+00
1.807271081231457896e-02 8.853653168569754900e-03 0.000000000000000000e+00 0.000000000000000000e+00 0.000000000000000000e+00
1.724741741882071175e-02 1.214557143772908993e-02 0.000000000000000000e+00 0.000000000000000000e+00 0.000000000000000000e+00
1.534819430458699702e-02 1.454870261695646178e-02 0.000000000000000000e+00 0.000000000000000000e+00 0.000000000000000000e+00
1.253236720708622055e-02 1.594012984324494342e-02 3.329462384809443037e-03 0.000000000000000000e+00 0.000000000000000000e+00
9.046892249372896419e-03 1.624075544661243362e-02 7.142656665402649478e-03 0.000000000000000000e+00 0.000000000000000000e+00
5.189657092779174398e-03 1.545286756970622871e-02 1.023924004476328871e-02 0.000000000000000000e+00 0.000000000000000000e+00
1.259771332242240688e-03 1.368261796716079871e-02 1.242456574142487835e-02 0.000000000000000000e+00 0.000000000000000000e+00
0.000000000000000000e+00 1.111900697308483912e-02 1.361370361788510897e-02 2.483295886426025844e-03 0.000000000000000000e+00
