0.000000000000000000e+00 0.000000000000000000e+00 0.000000000000000000e+00 0.000000000000000000e+00 0.000000000000000000e+00
0.000000000000000000e+00 0.000000000000000000e+00 0.000000000000000000e+00 0.000000000000000000e+00 0.000000000000000000e+00
0.000000000000000000e+00 0.000000000000000000e+00 0.000000000000000000e+00 0.000000000000000000e+00 0.000000000000000000e+00
0.000000000000000000e+00 0.000000000000000000e+00 0.000000000000000000e+00 0.000000000000000000e+00 0.000000000000000000e+00
0.000000000000000000e+00 0.000000000000000000e+00 0.000000000000000000e+00 0.000000000000000000e+00 0.000000000000000000e+00
0.000000000000000000e+00 0.000000000000000000e+00 0.000000000000000000e+00 0.000000000000000000e+00 0.000000000000000000e+00
0.000000000000000000e+00 0.000000000000000000e+00 0.000000000000000000e+00 0.000000000000000000e+00 0.000000000000000000e+00
0.000000000000000000e+00 0.000000000000000000e+00 0.000000000000000000e+00 0.000000000000000000e+00 0.000000000000000000e+00
0.000000000000000000e+00 0.000000000000000000e+00 0.000000000000000000e+00 0.000000000000000000e+00 0.000000000000000000e+00
0.000000000000000000e+00 0.000000000000000000e+00 0.000000000000000000e+00 0.000000000000000000e+00 0.000000000000000000e+00
0.000000000000000000e+00 0.000000000000000000e+00 0.000000000000000000e+00 0.000000000000000000e+00 0.000000000000000000e+00
0.000000000000000000e+00 0.000000000000000000e+00 0.000000000000000000e+00 0.000000000000000000e+00 0.000000000000000000e+00
0.000000000000000000e+00 0.000000000000000000e+00 0.000000000000000000e+00 0.000000000000000000e+00 0.000000000000000000e+00
0.000000000000000000e+00 0.000000000000000000e+00 0.000000000000000000e+00 0.000000000000000000e+00 0.000000000000000000e+00
0.000000000000000000e+00 0.000000000000000000e+00 0.000000000000000000e+00 0.000000000000000000e+00 0.000000000000000000e+00
0.000000000000000000e+00 0.000000000000000000e+00 0.000000000000000000e+00 0.000000000000000000e+00 0.000000000000000000e+00
0.000000000000000000e+00 0.000000000000000000e+00 0.000000000000000000e+00 0.000000000000000000e+00 0.000000000000000000e+00
0.000000000000000000e+00 0.000000000000000000e+00 0.000000000000000000e+00 0.000000000000000000e+00 0.000000000000000000e+00
0.000000000000000000e+00 0.000000000000000000e+00 0.000000000000000000e+00 0.000000000000000000e+00 0.000000000000000000e+00
0.000000000000000000e+00 0.000000000000000000e+00 0.000000000000000000e+00 0.000000000000000000e+00 0.000000000000000000e+00
0.000000000000000000e+00 0.000000000000000000e+00 0.000000000000000000e+00 0.000000000000000000e+00 0.000000000000000000e+00
0.000000000000000000e+00 0.000000000000000000e+00 0.000000000000000000e+00 0.000000000000000000e+00 0.000000000000000000e+00
0.000000000000000000e+00 0.000000000000000000e+00 0.000000000000000000e+00 0.000000000000000000e+00 0.000000000000000000e+00
0.000000000000000000e+00 0.000000000000000000e+00 0.000000000000000000e+00 0.000000000000000000e+00 0.000000000000000000e+00
0.000000000000000000e+00 0.000000000000000000e+00 0.000000000000000000e+00 0.000000000000000000e+00 0.000000000000000000e+00
0.000000000000000000e+00 0.000000000000000000e+00 0.000000000000000000e+00 0.000000000000000000e+00 0.000000000000000000e+00
0.000000000000000000e+00 0.000000000000000000e+00 0.000000000000000000e+00 0.000000000000000000e+00 0.000000000000000000e+00
0.000000000000000000e+00 0.000000000000000000e+00 0.000000000000000000e+00 0.000000000000000000e+00 0.000000000000000000e+00
0.000000000000000000e+00 0.000000000000000000e+00 0.000000000000000000e+00 0.000000000000000000e+00 0.000000000000000000e+00
0.000000000000000000e+00 0.000000000000000000e+00 0.000000000000000000e+00 0.000000000000000000e+00 0.000000000000000000e+00
0.000000000000000000e+00 0.000000000000000000e+00 0.000000000000000000e+00 0.000000000000000000e+00 0.000000000000000000e+00
0.000000000000000000e+00 0.000000000000000000e+00 0.000000000000000000e+00 0.000000000000000000e+00 0.000000000000000000e+00
0.000000000000000000e+00 0.000000000000000000e+00 0.000000000000000000e+00 0.000000000000000000e+00 0.000000000000000000e+00
0.000000000000000000e+00 0.000000000000000000e+00 0.000000000000000000e+00 0.000000000000000000e+00 0.000000000000000000e+00
0.000000000000000000e+00 0.000000000000000000e+00 0.000000000000000000e+00 0.000000000000000000e+00 0.000000000000000000e+00
0.000000000000000000e+00 0.000000000000000000e+00 0.000000000000000000e+00 0.000000000000000000e+00 0.000000000000000000e+00
0.000000000000000000e+00 0.000000000000000000e+00 0.000000000000000000e+00 0.000000000000000000e+00 0.000000000000000000e+00
0.000000000000000000e+00 0.000000000000000000e+00 0.000000000000000000e+00 0.000000000000000000e+00 0.000000000000000000e+00
0.000000000000000000e+00 0.000000000000000000e+00 0.000000000000000000e+00 0.000000000000000000e+00 0.000000000000000000e+00
0.000000000000000000e+00 0.000000000000000000e+00 0.000000000000000000e+00 0.000000000000000000e+00 0.000000000000000000e+00
0.000000000000000000e+00 0.000000000000000000e+00 0.000000000000000000e+00 0.000000000000000000e+00 0.000000000000000000e+00
0.000000000000000000e+00 0.000000000000000000e+00 0.000000000000000000e+00 0.000000000000000000e+00 0.000000000000000000e+00
0.000000000000000000e+00 0.000000000000000000e+00 0.000000000000000000e+00 0.000000000000000000e+00 0.000000000000000000e+00
0.000000000000000000e+00 0.000000000000000000e+00 0.000000000000000000e+00 0.000000000000000000e+00 0.000000000000000000e+00
0.000000000000000000e+00 0.000000000000000000e+00 0.000000000000000000e+00 0.000000000000000000e+00 0.000000000000000000e+00
0.000000000000000000e+00 0.000000000000000000e+00 0.000000000000000000e+00 0.000000000000000000e+00 0.000000000000000000e+00
0.000000000000000000e+00 0.000000000000000000e+00 0.000000000000000000e+00 0.000000000000000000e+00 0.000000000000000000e+00
0.000000000000000000e+00 0.000000000000000000e+00 0.000000000000000000e+00 0.000000000000000000e+00 0.000000000000000000e+00
0.000000000000000000e+00 0.000000000000000000e+00 0.000000000000000000e+00 0.000000000000000000e+00 0.000000000000000000e+00
0.000000000000000000e+00 0.000000000000000000e+00 0.000000000000000000e+00 0.000000000000000000e+00 0.000000000000000000e+00
0.000000000000000000e+00 0.000000000000000000e+00 0.000000000000000000e+00 0.000000000000000000e+00 0.000000000000000000e+00
0.000000000000000000e+00 0.000000000000000000e+00 0.000000000000000000e+00 0.000000000000000000e+00 0.000000000000000000e+00
0.000000000000000000e+00 0.000000000000000000e+00 0.000000000000000000e+00 0.000000000000000000e+00 0.000000000000000000e+00
0.000000000000000000e+00 0.000000000000000000e+00 0.000000000000000000e+00 0.000000000000000000e+00 0.000000000000000000e+00
0.000000000000000000e+00 0.000000000000000000e+00 0.000000000000000000e+00 0.000000000000000000e+00 0.000000000000000000e+00
0.000000000000000000e+00 0.000000000000000000e+00 0.000000000000000000e+00 0.000000000000000000e+00 0.000000000000000000e+00
0.000000000000000000e+00 0.000000000000000000e+00 0.000000000000000000e+00 0.000000000000000000e+00 0.000000000000000000e+00
0.000000000000000000e+00 0.000000000000000000e+00 0.000000000000000000e+00 0.000000000000000000e+00 0.000000000000000000e+00
0.000000000000000000e+00 0.000000000000000000e+00 0.000000000000000000e+00 0.000000000000000000e+00 0.000000000000000000e+00
0.000000000000000000e+00 0.000000000000000000e+00 0.000000000000000000e+00 0.000000000000000000e+00 0.000000000000000000e+00
0.000000000000000000e+00 0.000000000000000000e+00 0.000000000000000000e+00 0.000000000000000000e+00 0.000000000000000000e+00
0.000000000000000000e+00 0.000000000000000000e+00 0.000000000000000000e+00 0.000000000000000000e+00 0.000000000000000000e+00
0.000000000000000000e+00 0.000000000000000000e+00 0.000000000000000000e+00 0.000000000000000000e+00 0.000000000000000000e+00
0.000000000000000000e+00 0.000000000000000000e+00 0.000000000000000000e+00 0.000000000000000000e+00 0.000000000000000000e+00
0.000000000000000000e+00 0.000000000000000000e+00 0.000000000000000000e+00 0.000000000000000000e+00 0.000000000000000000e+00
0.000000000000000000e+00 0.000000000000000000e+00 0.000000000000000000e+00 0.000000000000000000e+00 0.000000000000000000e+00
0.000000000000000000e+00 0.000000000000000000e+00 0.000000000000000000e+00 0.000000000000000000e+00 0.000000000000000000e+00
0.000000000000000000e+00 0.000000000000000000e+00 0.000000000000000000e+00 0.000000000000000000e+00 0.000000000000000000e+00
0.000000000000000000e+00 0.000000000000000000e+00 0.000000000000000000e+00 0.000000000000000000e+00 0.000000000000000000e+00
0.000000000000000000e+00 0.000000000000000000e+00 0.000000000000000000e+00 0.000000000000000000e+00 0.000000000000000000e+00
0.000000000000000000e+00 0.000000000000000000e+00 0.000000000000000000e+00 0.000000000000000000e+00 0.000000000000000000e+00
0.000000000000000000e+00 0.000000000000000000e+00 0.000000000000000000e+00 0.000000000000000000e+00 0.000000000000000000e+00
0.000000000000000000e+00 0.000000000000000000e+00 0.000000000000000000e+00 0.000000000000000000e+00 0.000000000000000000e+00
0.000000000000000000e+00 0.000000000000000000e+00 0.000000000000000000e+00 0.000000000000000000e+00 0.000000000000000000e+00
0.000000000000000000e+00 0.000000000000000000e+00 0.000000000000000000e+00 0.000000000000000000e+00 0.000000000000000000e+00
0.000000000000000000e+00 0.000000000000000000e+00 0.000000000000000000e+00 0.000000000000000000e+00 0.000000000000000000e+00
0.000000000000000000e+00 0.000000000000000000e+00 0.000000000000000000e+00 0.000000000000000000e+00 0.000000000000000000e+00
0.000000000000000000e+00 0.000000000000000000e+00 0.000000000000000000e+00 0.000000000000000000e+00 0.000000000000000000e+00
0.000000000000000000e+00 0.000000000000000000e+00 0.000000000000000000e+00 0.000000000000000000e+00 0.000000000000000000e+00
0.000000000000000000e+00 0.000000000000000000e+00 0.000000000000000000e+00 0.000000000000000000e+00 0.000000000000000000e+00
0.000000000000000000e+00 0.000000000000000000e+00 0.000000000000000000e+00 0.000000000000000000e+00 0.000000000000000000e+00
0.000000000000000000e+00 0.000000000000000000e+00 0.000000000000000000e+00 0.000000000000000000e+00 0.000000000000000000e+00
0.000000000000000000e+00 0.000000000000000000e+00 0.000000000000000000e+00 0.000000000000000000e+00 0.000000000000000000e+00
0.000000000000000000e+00 0.000000000000000000e+00 0.000000000000000000e+00 0.000000000000000000e+00 0.000000000000000000e+00
0.000000000000000000e+00 0.000000000000000000e+00 0.000000000000000000e+00 0.000000000000000000e+00 0.000000000000000000e+00
0.000000000000000000e+00 0.000000000000000000e+00 0.000000000000000000e+00 0.000000000000000000e+00 0.000000000000000000e+00
0.000000000000000000e+00 0.000000000000000000e+00 0.000000000000000000e+00 0.000000000000000000e+00 0.000000000000000000e+00
0.000000000000000000e+00 0.000000000000000000e+00 0.000000000000000000e+00 0.000000000000000000e+00 0.000000000000000000e+00
0.000000000000000000e+00 0.000000000000000000e+00 0.000000000000000000e+00 0.000000000000000000e+00 0.000000000000000000e+00
0.000000000000000000e+00 0.000000000000000000e+00 0.000000000000000000e+00 0.000000000000000000e+00 0.000000000000000000e+00
0.000000000000000000e+00 0.000000000000000000e+00 0.000000000000000000e+00 0.000000000000000000e+00 0.000000000000000000e+00
0.000000000000000000e+00 0.000000000000000000e+00 0.000000000000000000e+00 0.000000000000000000e+00 0.000000000000000000e+00
0.000000000000000000e+00 0.000000000000000000e+00 0.000000000000000000e+00 0.000000000000000000e+00 0.000000000000000000e+00
0.000000000000000000e+00 0.000000000000000000e+00 0.000000000000000000e+00 0.000000000000000000e+00 0.000000000000000000e+00
0.000000000000000000e+00 0.000000000000000000e+00 0.000000000000000000e+00 0.000000000000000000e+00 0.000000000000000000e+00
0.000000000000000000e+00 0.000000000000000000e+00 0.000000000000000000e+00 0.000000000000000000e+00 0.000000000000000000e+00
0.000000000000000000e+00 0.000000000000000000e+00 0.000000000000000000e+00 0.000000000000000000e+00 0.000000000000000000e+00
0.000000000000000000e+00 0.000000000000000000e+00 0.000000000000000000e+00 0.000000000000000000e+00 0.000000000000000000e+00
0.000000000000000000e+00 0.000000000000000000e+00 0.000000000000000000e+00 0.000000000000000000e+00 0.000000000000000000e+00
0.000000000000000000e+00 0.000000000000000000e+00 0.000000000000000000e+00 0.000000000000000000e+00 0.000000000000000000e+00
0.000000000000000000e+00 0.000000000000000000e+00 0.000000000000000000e+00 0.000000000000000000e+00 0.000000000000000000e+00
0.000000000000000000e+00 0.000000000000000000e+00 0.000000000000000000e+00 0.000000000000000000e+00 0.000000000000000000e+00
0.000000000000000000e+00 0.000000000000000000e+00 0.000000000000000000e+00 0.000000000000000000e+00 0.000000000000000000e+00
0.000000000000000000e+00 0.000000000000000000e+00 0.000000000000000000e+00 0.000000000000000000e+00 0.000000000000000000e+00
0.000000000000000000e+00 0.000000000000000000e+00 0.000000000000000000e+00 0.000000000000000000e+00 0.000000000000000000e+00
0.000000000000000000e+00 0.000000000000000000e+00 0.000000000000000000e+00 0.000000000000000000e+00 0.000000000000000000e+00
0.000000000000000000e+00 0.000000000000000000e+00 0.000000000000000000e+00 0.000000000000000000e+00 0.000000000000000000e+00
0.000000000000000000e+00 0.000000000000000000e+00 0.000000000000000000e+00 0.000000000000000000e+00 0.000000000000000000e+00
0.000000000000000000e+00 0.000000000000000000e+00 0.000000000000000000e+00 0.000000000000000000e+00 0.000000000000000000e+00
0.000000000000000000e+00 0.000000000000000000e+00 0.000000000000000000e+00 0.000000000000000000e+00 0.000000000000000000e+00
0.000000000000000000e+00 0.000000000000000000e+00 0.000000000000000000e+00 0.000000000000000000e+00 0.000000000000000000e+00
0.000000000000000000e+00 0.000000000000000000e+00 0.000000000000000000e+00 0.000000000000000000e+00 0.000000000000000000e+00
0.000000000000000000e+00 0.000000000000000000e+00 0.000000000000000000e+00 0.000000000000000000e+00 0.000000000000000000e+00
0.000000000000000000e+00 0.000000000000000000e+00 0.000000000000000000e+00 0.000000000000000000e+00 0.000000000000000000e+00
0.000000000000000000e+00 0.000000000000000000e+00 0.000000000000000000e+00 0.000000000000000000e+00 0.000000000000000000e+00
0.000000000000000000e+00 0.000000000000000000e+00 0.000000000000000000e+00 0.000000000000000000e+00 0.000000000000000000e+00
0.000000000000000000e+00 0.000000000000000000e+00 0.000000000000000000e+00 0.000000000000000000e+00 0.000000000000000000e+00
0.000000000000000000e+00 0.000000000000000000e+00 0.000000000000000000e+00 0.000000000000000000e+00 0.000000000000000000e+00
0.000000000000000000e+00 0.000000000000000000e+00 0.000000000000000000e+00 0.000000000000000000e+00 0.000000000000000000e+00
0.000000000000000000e+00 0.000000000000000000e+00 0.000000000000000000e+00 0.000000000000000000e+00 0.000000000000000000e+00
0.000000000000000000e+00 0.000000000000000000e+00 0.000000000000000000e+00 0.000000000000000000e+00 0.000000000000000000e+00
0.000000000000000000e+00 0.000000000000000000e+00 0.000000000000000000e+00 0.000000000000000000e+00 0.000000000000000000e+00
0.000000000000000000e+00 0.000000000000000000e+00 0.000000000000000000e+00 0.000000000000000000e+00 0.000000000000000000e+00
0.000000000000000000e+00 0.000000000000000000e+00 0.000000000000000000e+00 0.000000000000000000e+00 0.000000000000000000e+00
0.000000000000000000e+00 0.000000000000000000e+00 0.000000000000000000e+00 0.000000000000000000e+00 0.000000000000000000e+00
0.000000000000000000e+00 0.000000000000000000e+00 0.000000000000000000e+00 0.000000000000000000e+00 0.000000000000000000e+00
0.000000000000000000e+00 0.000000000000000000e+00 0.000000000000000000e+00 0.000000000000000000e+00 0.000000000000000000e+00
0.000000000000000000e+00 0.000000000000000000e+00 0.000000000000000000e+00 0.000000000000000000e+00 0.000000000000000000e+00
0.000000000000000000e+00 0.000000000000000000e+00 0.000000000000000000e+00 0.000000000000000000e+00 0.000000000000000000e+00
0.000000000000000000e+00 0.000000000000000000e+00 0.000000000000000000e+00 0.000000000000000000e+00 0.000000000000000000e+00
0.000000000000000000e+00 0.000000000000000000e+00 0.000000000000000000e+00 0.000000000000000000e+00 0.000000000000000000e+00
0.000000000000000000e+00 0.000000000000000000e+00 0.000000000000000000e+00 0.000000000000000000e+00 0.000000000000000000e+00
0.000000000000000000e+00 0.000000000000000000e+00 0.000000000000000000e+00 0.000000000000000000e+00 0.000000000000000000e+00
0.000000000000000000e+00 0.000000000000000000e+00 0.000000000000000000e+00 0.000000000000000000e+00 0.000000000000000000e+00
0.000000000000000000e+00 0.000000000000000000e+00 0.000000000000000000e+00 0.000000000000000000e+00 0.000000000000000000e+00
0.000000000000000000e+00 0.000000000000000000e+00 0.000000000000000000e+00 0.000000000000000000e+00 0.000000000000000000e+00
0.000000000000000000e+00 0.000000000000000000e+00 0.000000000000000000e+00 0.000000000000000000e+00 0.000000000000000000e+00
0.000000000000000000e+00 0.000000000000000000e+00 0.000000000000000000e+00 0.000000000000000000e+00 0.000000000000000000e+00
0.000000000000000000e+00 0.000000000000000000e+00 0.000000000000000000e+00 0.000000000000000000e+00 0.000000000000000000e+00
0.000000000000000000e+00 0.000000000000000000e+00 0.000000000000000000e+00 0.000000000000000000e+00 0.000000000000000000e+00
0.000000000000000000e+00 0.000000000000000000e+00 0.000000000000000000e+00 0.000000000000000000e+00 0.000000000000000000e+00
0.000000000000000000e+00 0.000000000000000000e+00 0.000000000000000000e+00 0.000000000000000000e+00 0.000000000000000000e+00
0.000000000000000000e+00 0.000000000000000000e+00 0.000000000000000000e+00 0.000000000000000000e+00 0.000000000000000000e+00
0.000000000000000000e+00 0.000000000000000000e+00 0.000000000000000000e+00 0.000000000000000000e+00 0.000000000000000000e+00
0.000000000000000000e+00 0.000000000000000000e+00 0.000000000000000000e+00 0.000000000000000000e+00 0.000000000000000000e+00
0.000000000000000000e+00 0.000000000000000000e+00 0.000000000000000000e+00 0.000000000000000000e+00 0.000000000000000000e+00
0.000000000000000000e+00 0.000000000000000000e+00 0.000000000000000000e+00 0.000000000000000000e+00 0.000000000000000000e+00
0.000000000000000000e+00 0.000000000000000000e+00 0.000000000000000000e+00 0.000000000000000000e+00 0.000000000000000000e+00
0.000000000000000000e+00 0.000000000000000000e+00 0.000000000000000000e+00 0.000000000000000000e+00 0.000000000000000000e+00
0.000000000000000000e+00 0.000000000000000000e+00 0.000000000000000000e+00 0.000000000000000000e+00 0.000000000000000000e+00
0.000000000000000000e+00 0.000000000000000000e+00 0.000000000000000000e+00 0.000000000000000000e+00 0.000000000000000000e+00
0.000000000000000000e+00 0.000000000000000000e+00 0.000000000000000000e+00 0.000000000000000000e+00 0.000000000000000000e+00
0.000000000000000000e+00 0.000000000000000000e+00 0.000000000000000000e+00 0.000000000000000000e+00 0.000000000000000000e+00
0.000000000000000000e+00 0.000000000000000000e+00 0.000000000000000000e+00 0.000000000000000000e+00 0.000000000000000000e+00
0.000000000000000000e+00 0.000000000000000000e+00 0.000000000000000000e+00 0.000000000000000000e+00 0.000000000000000000e+00
0.000000000000000000e+00 0.000000000000000000e+00 0.000000000000000000e+00 0.000000000000000000e+00 0.000000000000000000e+00
0.000000000000000000e+00 0.000000000000000000e+00 0.000000000000000000e+00 0.000000000000000000e+00 0.000000000000000000e+00
0.000000000000000000e+00 0.000000000000000000e+00 0.000000000000000000e+00 0.000000000000000000e+00 0.000000000000000000e+00
0.000000000000000000e+00 0.000000000000000000e+00 0.000000000000000000e+00 0.000000000000000000e+00 0.000000000000000000e+00
0.000000000000000000e+00 0.000000000000000000e+00 0.000000000000000000e+00 0.000000000000000000e+00 0.000000000000000000e+00
0.000000000000000000e+00 0.000000000000000000e+00 0.000000000000000000e+00 0.000000000000000000e+00 0.000000000000000000e+00
0.000000000000000000e+00 0.000000000000000000e+00 0.000000000000000000e+00 0.000000000000000000e+00 0.000000000000000000e+00
0.000000000000000000e+00 0.000000000000000000e+00 0.000000000000000000e+00 0.000000000000000000e+00 0.000000000000000000e+00
0.000000000000000000e+00 0.000000000000000000e+00 0.000000000000000000e+00 0.000000000000000000e+00 0.000000000000000000e+00
0.000000000000000000e+00 0.000000000000000000e+00 0.000000000000000000e+00 0.000000000000000000e+00 0.000000000000000000e+00
0.000000000000000000e+00 0.000000000000000000e+00 0.000000000000000000e+00 0.000000000000000000e+00 0.000000000000000000e+00
0.000000000000000000e+00 0.000000000000000000e+00 0.000000000000000000e+00 0.000000000000000000e+00 0.000000000000000000e+00
0.000000000000000000e+00 0.000000000000000000e+00 0.000000000000000000e+00 0.000000000000000000e+00 0.000000000000000000e+00
0.000000000000000000e+00 0.000000000000000000e+00 0.000000000000000000e+00 0.000000000000000000e+00 0.000000000000000000e+00
0.000000000000000000e+00 0.000000000000000000e+00 0.000000000000000000e+00 0.000000000000000000e+00 0.000000000000000000e+00
0.000000000000000000e+00 0.000000000000000000e+00 0.000000000000000000e+00 0.000000000000000000e+00 0.000000000000000000e+00
0.000000000000000000e+00 0.000000000000000000e+00 0.000000000000000000e+00 0.000000000000000000e+00 0.000000000000000000e+00
0.000000000000000000e+00 0.000000000000000000e+00 0.000000000000000000e+00 0.000000000000000000e+00 0.000000000000000000e+00
0.000000000000000000e+00 0.000000000000000000e+00 0.000000000000000000e+00 0.000000000000000000e+00 0.000000000000000000e+00
0.000000000000000000e+00 0.000000000000000000e+00 0.000000000000000000e+00 0.000000000000000000e+00 0.000000000000000000e+00
0.000000000000000000e+00 0.000000000000000000e+00 0.000000000000000000e+00 0.000000000000000000e+00 0.000000000000000000e+00
0.000000000000000000e+00 0.000000000000000000e+00 0.000000000000000000e+00 0.000000000000000000e+00 0.000000000000000000e+00
0.000000000000000000e+00 0.000000000000000000e+00 0.000000000000000000e+00 0.000000000000000000e+00 0.000000000000000000e+00
0.000000000000000000e+00 0.000000000000000000e+00 0.000000000000000000e+00 0.000000000000000000e+00 0.000000000000000000e+00
0.000000000000000000e+00 0.000000000000000000e+00 0.000000000000000000e+00 0.000000000000000000e+00 0.000000000000000000e+00
0.000000000000000000e+00 0.000000000000000000e+00 0.000000000000000000e+00 0.000000000000000000e+00 0.000000000000000000e+00
0.000000000000000000e+00 0.000000000000000000e+00 0.000000000000000000e+00 0.000000000000000000e+00 0.000000000000000000e+00
0.000000000000000000e+00 0.000000000000000000e+00 0.000000000000000000e+00 0.000000000000000000e+00 0.000000000000000000e+00
0.000000000000000000e+00 0.000000000000000000e+00 0.000000000000000000e+00 0.000000000000000000e+00 0.000000000000000000e+00
0.000000000000000000e+00 0.000000000000000000e+00 0.000000000000000000e+00 0.000000000000000000e+00 0.000000000000000000e+00
0.000000000000000000e+00 0.000000000000000000e+00 0.000000000000000000e+00 0.000000000000000000e+00 0.000000000000000000e+00
0.000000000000000000e+00 0.000000000000000000e+00 0.000000000000000000e+00 0.000000000000000000e+00 0.000000000000000000e+00
0.000000000000000000e+00 0.000000000000000000e+00 0.000000000000000000e+00 0.000000000000000000e+00 0.000000000000000000e+00
0.000000000000000000e+00 0.000000000000000000e+00 0.000000000000000000e+00 0.000000000000000000e+00 0.000000000000000000e+00
0.000000000000000000e+00 0.000000000000000000e+00 0.000000000000000000e+00 0.000000000000000000e+00 0.000000000000000000e+00
0.000000000000000000e+00 0.000000000000000000e+00 0.000000000000000000e+00 0.000000000000000000e+00 0.000000000000000000e+00
0.000000000000000000e+00 0.000000000000000000e+00 0.000000000000000000e+00 0.000000000000000000e+00 0.000000000000000000e+00
0.000000000000000000e+00 0.000000000000000000e+00 0.000000000000000000e+00 0.000000000000000000e+00 0.000000000000000000e+00
0.000000000000000000e+00 0.000000000000000000e+00 0.000000000000000000e+00 0.000000000000000000e+00 0.000000000000000000e+00
0.000000000000000000e+00 0.000000000000000000e+00 0.000000000000000000e+00 0.000000000000000000e+00 0.000000000000000000e+00
0.000000000000000000e+00 0.000000000000000000e+00 0.000000000000000000e+00 0.000000000000000000e+00 0.000000000000000000e+00
0.000000000000000000e+00 0.000000000000000000e+00 0.000000000000000000e+00 0.000000000000000000e+00 0.000000000000000000e+00
0.000000000000000000e+00 0.000000000000000000e+00 0.000000000000000000e+00 0.000000000000000000e+00 0.000000000000000000e+00
0.000000000000000000e+00 0.000000000000000000e+00 0.000000000000000000e+00 0.000000000000000000e+00 0.000000000000000000e+00
0.000000000000000000e+00 0.000000000000000000e+00 0.000000000000000000e+00 0.000000000000000000e+00 0.000000000000000000e+00
0.000000000000000000e+00 0.000000000000000000e+00 0.000000000000000000e+00 0.000000000000000000e+00 0.000000000000000000e+00
0.000000000000000000e+00 0.000000000000000000e+00 0.000000000000000000e+00 0.000000000000000000e+00 0.000000000000000000e+00
0.000000000000000000e+00 0.000000000000000000e+00 0.000000000000000000e+00 0.000000000000000000e+00 0.000000000000000000e+00
0.000000000000000000e+00 0.000000000000000000e+00 0.000000000000000000e+00 0.000000000000000000e+00 0.000000000000000000e+00
0.000000000000000000e+00 0.000000000000000000e+00 0.000000000000000000e+00 0.000000000000000000e+00 0.000000000000000000e+00
0.000000000000000000e+00 0.000000000000000000e+00 0.000000000000000000e+00 0.000000000000000000e+00 0.000000000000000000e+00
0.000000000000000000e+00 0.000000000000000000e+00 0.000000000000000000e+00 0.000000000000000000e+00 0.000000000000000000e+00
0.000000000000000000e+00 0.000000000000000000e+00 0.000000000000000000e+00 0.000000000000000000e+00 0.000000000000000000e+00
0.000000000000000000e+00 0.000000000000000000e+00 0.000000000000000000e+00 0.000000000000000000e+00 0.000000000000000000e+00
0.000000000000000000e+00 0.000000000000000000e+00 0.000000000000000000e+00 0.000000000000000000e+00 0.000000000000000000e+00
0.000000000000000000e+00 0.000000000000000000e+00 0.000000000000000000e+00 0.000000000000000000e+00 0.000000000000000000e+00
0.000000000000000000e+00 0.000000000000000000e+00 0.000000000000000000e+00 0.000000000000000000e+00 0.000000000000000000e+00
0.000000000000000000e+00 0.000000000000000000e+00 0.000000000000000000e+00 0.000000000000000000e+00 0.000000000000000000e+00
0.000000000000000000e+00 0.000000000000000000e+00 0.000000000000000000e+00 0.000000000000000000e+00 0.000000000000000000e+00
0.000000000000000000e+00 0.000000000000000000e+00 0.000000000000000000e+00 0.000000000000000000e+00 0.000000000000000000e+00
0.000000000000000000e+00 0.000000000000000000e+00 0.000000000000000000e+00 0.000000000000000000e+00 0.000000000000000000e+00
0.000000000000000000e+00 0.000000000000000000e+00 0.000000000000000000e+00 0.000000000000000000e+00 0.000000000000000000e+00
0.000000000000000000e+00 0.000000000000000000e+00 0.000000000000000000e+00 0.000000000000000000e+00 0.000000000000000000e+00
0.000000000000000000e+00 0.000000000000000000e+00 0.000000000000000000e+00 0.000000000000000000e+00 0.000000000000000000e+00
0.000000000000000000e+00 0.000000000000000000e+00 0.000000000000000000e+00 0.000000000000000000e+00 0.000000000000000000e+00
0.000000000000000000e+00 0.000000000000000000e+00 0.000000000000000000e+00 0.000000000000000000e+00 0.000000000000000000e+00
0.000000000000000000e+00 0.000000000000000000e+00 0.000000000000000000e+00 0.000000000000000000e+00 0.000000000000000000e+00
0.000000000000000000e+00 0.000000000000000000e+00 0.000000000000000000e+00 0.000000000000000000e+00 0.000000000000000000e+00
0.000000000000000000e+00 0.000000000000000000e+00 0.000000000000000000e+00 0.000000000000000000e+00 0.000000000000000000e+00
0.000000000000000000e+00 0.000000000000000000e+00 0.000000000000000000e+00 0.000000000000000000e+00 0.000000000000000000e+00
0.000000000000000000e+00 0.000000000000000000e+00 0.000000000000000000e+00 0.000000000000000000e+00 0.000000000000000000e+00
0.000000000000000000e+00 0.000000000000000000e+00 0.000000000000000000e+00 0.000000000000000000e+00 0.000000000000000000e+00
0.000000000000000000e+00 0.000000000000000000e+00 0.000000000000000000e+00 0.000000000000000000e+00 0.000000000000000000e+00
0.000000000000000000e+00 0.000000000000000000e+00 0.000000000000000000e+00 0.000000000000000000e+00 0.000000000000000000e+00
0.000000000000000000e+00 0.000000000000000000e+00 0.000000000000000000e+00 0.000000000000000000e+00 0.000000000000000000e+00
0.000000000000000000e+00 0.000000000000000000e+00 0.000000000000000000e+00 0.000000000000000000e+00 0.000000000000000000e+00
0.000000000000000000e+00 0.000000000000000000e+00 0.000000000000000000e+00 0.000000000000000000e+00 0.000000000000000000e+00
0.000000000000000000e+00 0.000000000000000000e+00 0.000000000000000000e+00 0.000000000000000000e+00 0.000000000000000000e+00
0.000000000000000000e+00 0.000000000000000000e+00 0.000000000000000000e+00 0.000000000000000000e+00 0.000000000000000000e+00
0.000000000000000000e+00 0.000000000000000000e+00 0.000000000000000000e+00 0.000000000000000000e+00 0.000000000000000000e+00
0.000000000000000000e+00 0.000000000000000000e+00 0.000000000000000000e+00 0.000000000000000000e+00 0.000000000000000000e+00
0.000000000000000000e+00 0.000000000000000000e+00 0.000000000000000000e+00 0.000000000000000000e+00 0.000000000000000000e+00
0.000000000000000000e+00 0.000000000000000000e+00 0.000000000000000000e+00 0.000000000000000000e+00 0.000000000000000000e+00
0.000000000000000000e+00 0.000000000000000000e+00 0.000000000000000000e+00 0.000000000000000000e+00 0.000000000000000000e+00
0.000000000000000000e+00 0.000000000000000000e+00 0.000000000000000000e+00 0.000000000000000000e+00 0.000000000000000000e+00
0.000000000000000000e+00 0.000000000000000000e+00 0.000000000000000000e+00 0.000000000000000000e+00 0.000000000000000000e+00
0.000000000000000000e+00 0.000000000000000000e+00 0.000000000000000000e+00 0.000000000000000000e+00 0.000000000000000000e+00
0.000000000000000000e+00 0.000000000000000000e+00 0.000000000000000000e+00 0.000000000000000000e+00 0.000000000000000000e+00
0.000000000000000000e+00 0.000000000000000000e+00 0.000000000000000000e+00 0.000000000000000000e+00 0.000000000000000000e+00
0.000000000000000000e+00 0.000000000000000000e+00 0.000000000000000000e+00 0.000000000000000000e+00 0.000000000000000000e+00
0.000000000000000000e+00 0.000000000000000000e+00 0.000000000000000000e+00 0.000000000000000000e+00 0.000000000000000000e+00
0.000000000000000000e+00 0.000000000000000000e+00 0.000000000000000000e+00 0.000000000000000000e+00 0.000000000000000000e+00
0.000000000000000000e+00 0.000000000000000000e+00 0.000000000000000000e+00 0.000000000000000000e+00 0.000000000000000000e+00
0.000000000000000000e+00 0.000000000000000000e+00 0.000000000000000000e+00 0.000000000000000000e+00 0.000000000000000000e+00
0.000000000000000000e+00 0.000000000000000000e+00 0.000000000000000000e+00 0.000000000000000000e+00 0.000000000000000000e+00
0.000000000000000000e+00 0.000000000000000000e+00 0.000000000000000000e+00 0.000000000000000000e+00 0.000000000000000000e+00
0.000000000000000000e+00 0.000000000000000000e+00 0.000000000000000000e+00 0.000000000000000000e+00 0.000000000000000000e+00
0.000000000000000000e+00 0.000000000000000000e+00 0.000000000000000000e+00 0.000000000000000000e+00 0.000000000000000000e+00
0.000000000000000000e+00 0.000000000000000000e+00 0.000000000000000000e+00 0.000000000000000000e+00 0.000000000000000000e+00
0.000000000000000000e+00 0.000000000000000000e+00 0.000000000000000000e+00 0.000000000000000000e+00 0.000000000000000000e+00
0.000000000000000000e+00 0.000000000000000000e+00 0.000000000000000000e+00 0.000000000000000000e+00 0.000000000000000000e+00
0.000000000000000000e+00 0.000000000000000000e+00 0.000000000000000000e+00 0.000000000000000000e+00 0.000000000000000000e+00
0.000000000000000000e+00 0.000000000000000000e+00 0.000000000000000000e+00 0.000000000000000000e+00 0.000000000000000000e+00
0.000000000000000000e+00 0.000000000000000000e+00 0.000000000000000000e+00 0.000000000000000000e+00 0.000000000000000000e+00
0.000000000000000000e+00 0.000000000000000000e+00 0.000000000000000000e+00 0.000000000000000000e+00 0.000000000000000000e+00
0.000000000000000000e+00 0.000000000000000000e+00 0.000000000000000000e+00 0.000000000000000000e+00 0.000000000000000000e+00
0.000000000000000000e+00 0.000000000000000000e+00 0.000000000000000000e+00 0.000000000000000000e+00 0.000000000000000000e+00
0.000000000000000000e+00 0.000000000000000000e+00 0.000000000000000000e+00 0.000000000000000000e+00 0.000000000000000000e+00
0.000000000000000000e+00 0.000000000000000000e+00 0.000000000000000000e+00 0.000000000000000000e+00 0.000000000000000000e+00
0.000000000000000000e+00 0.000000000000000000e+00 0.000000000000000000e+00 0.000000000000000000e+00 0.000000000000000000e+00
0.000000000000000000e+00 0.000000000000000000e+00 0.000000000000000000e+00 0.000000000000000000e+00 0.000000000000000000e+00
0.000000000000000000e+00 0.000000000000000000e+00 0.000000000000000000e+00 0.000000000000000000e+00 0.000000000000000000e+00
0.000000000000000000e+00 0.000000000000000000e+00 0.000000000000000000e+00 0.000000000000000000e+00 0.000000000000000000e+00
0.000000000000000000e+00 0.000000000000000000e+00 0.000000000000000000e+00 0.000000000000000000e+00 0.000000000000000000e+00
0.000000000000000000e+00 0.000000000000000000e+00 0.000000000000000000e+00 0.000000000000000000e+00 0.000000000000000000e+00
0.000000000000000000e+00 0.000000000000000000e+00 0.000000000000000000e+00 0.000000000000000000e+00 0.000000000000000000e+00
0.000000000000000000e+00 0.000000000000000000e+00 0.000000000000000000e+00 0.000000000000000000e+00 0.000000000000000000e+00
0.000000000000000000e+00 0.000000000000000000e+00 0.000000000000000000e+00 0.000000000000000000e+00 0.000000000000000000e+00
0.000000000000000000e+00 0.000000000000000000e+00 0.000000000000000000e+00 0.000000000000000000e+00 0.000000000000000000e+00
0.000000000000000000e+00 0.000000000000000000e+00 0.000000000000000000e+00 0.000000000000000000e+00 0.000000000000000000e+00
0.000000000000000000e+00 0.000000000000000000e+00 6.560833971688233637e-03 7.691018189260721449e+00 7.788730190224616656e+00
0.000000000000000000e+00 0.000000000000000000e+00 0.000000000000000000e+00 6.260216978270858768e+00 8.712256031119189004e+00
0.000000000000000000e+00 0.000000000000000000e+00 0.000000000000000000e+00 4.255730902992835851e+00 8.823562105697668301e+00
0.000000000000000000e+00 0.000000000000000000e+00 0.000000000000000000e+00 1.980081299593422717e+00 8.198221300776374676e+00
1.256663226271177713e-01 0.000000000000000000e+00 0.000000000000000000e+00 0.000000000000000000e+00 7.006099953604016051e+00
2.363902759330187564e+00 0.000000000000000000e+00 0.000000000000000000e+00 0.000000000000000000e+00 5.420364391630450029e+00
4.308271853759404024e+00 0.000000000000000000e+00 0.000000000000000000e+00 0.000000000000000000e+00 3.621214532244860784e+00
5.856350944338990061e+00 0.000000000000000000e+00 0.000000000000000000e+00 0.000000000000000000e+00 1.736979781151996693e+00
6.955092566438480617e+00 0.000000000000000000e+00 0.000000000000000000e+00 0.000000000000000000e+00 0.000000000000000000e+00
7.574157150772188096e+00 1.938158425423216480e+00 0.000000000000000000e+00 0.000000000000000000e+00 0.000000000000000000e+00
7.717620412526427387e+00 3.720726214448403013e+00 0.000000000000000000e+00 0.000000000000000000e+00 0.000000000000000000e+00
7.400657867210372665e+00 5.224079718485195478e+00 0.000000000000000000e+00 0.000000000000000000e+00 0.000000000000000000e+00
6.648836100028665541e+00 6.349856665083093432e+00 0.000000000000000000e+00 0.000000000000000000e+00 0.000000000000000000e+00
5.508492553477028153e+00 7.032231882184748706e+00 1.457414644614425603e+00 0.000000000000000000e+00 0.000000000000000000e+00
4.074337450575418629e+00 7.246296191443811097e+00 3.184079024118556145e+00 0.000000000000000000e+00 0.000000000000000000e+00
2.464628363105264786e+00 6.998833996952765979e+00 4.622470253728604206e+00 0.000000000000000000e+00 0.000000000000000000e+00
7.911380198511148709e-01 6.322927305393577058e+00 5.678527251438368673e+00 0.000000000000000000e+00 0.000000000000000000e+00
0.000000000000000000e+00 5.276644235063028709e+00 6.300894257602761783e+00 9.741987342832040264e-01 0.000000000000000000e+00
0.000000000000000000e+00 3.952976696223794217e+00 6.485376112536405557e+00 2.544228079003693743e+00 0.000000000000000000e+00
0.000000000000000000e+00 2.463201021683465441e+00 6.260798047554730239e+00 3.867210794218844061e+00 0.000000000000000000e+00
0.000000000000000000e+00 9.081078275898802898e-01 5.668207012263285272e+00 4.866690658311746631e+00 0.000000000000000000e+00
0.000000000000000000e+00 0.000000000000000000e+00 4.757403189749500605e+00 5.497892774642852309e+00 6.759566318340002322e-01
0.000000000000000000e+00 0.000000000000000000e+00 3.599260366702814462e+00 5.750654621288260770e+00 2.167736796021685119e+00
0.000000000000000000e+00 0.000000000000000000e+00 2.285398104401958452e+00 5.642954573676218999e+00 3.446257522752905533e+00
0.000000000000000000e+00 0.000000000000000000e+00 9.036050780592709275e-01 5.203373344799784306e+00 4.437676650566849013e+00
0.000000000000000000e+00 0.000000000000000000e+00 0.000000000000000000e+00 4.468975132880606438e+00 5.095368267357720526e+00
0.000000000000000000e+00 0.000000000000000000e+00 0.000000000000000000e+00 3.488893964163767958e+00 5.400743508723159003e+00
0.000000000000000000e+00 0.000000000000000000e+00 0.000000000000000000e+00 2.324530928770450089e+00 5.361564898423683445e+00
0.000000000000000000e+00 0.000000000000000000e+00 0.000000000000000000e+00 1.046187730332541088e+00 4.998709891713478903e+00
2.430837270474697775e-01 0.000000000000000000e+00 0.000000000000000000e+00 0.000000000000000000e+00 4.342201452044736953e+00
1.569157028689982081e+00 0.000000000000000000e+00 0.000000000000000000e+00 0.000000000000000000e+00 3.436342414695164660e+00
2.765707409704783348e+00 0.000000000000000000e+00 0.000000000000000000e+00 0.000000000000000000e+00 2.350349650631038401e+00
3.757505830358575771e+00 0.000000000000000000e+00 0.000000000000000000e+00 0.000000000000000000e+00 1.155813957343801546e+00
4.490767841144444716e+00 2.814957330147877662e-02 0.000000000000000000e+00 0.000000000000000000e+00 0.000000000000000000e+00
4.930543532528481876e+00 1.286499756763529456e+00 0.000000000000000000e+00 0.000000000000000000e+00 0.000000000000000000e+00
5.067057326178581178e+00 2.447312315284328132e+00 0.000000000000000000e+00 0.000000000000000000e+00 0.000000000000000000e+00
4.902854991828897724e+00 3.436846872841783807e+00 0.000000000000000000e+00 0.000000000000000000e+00 0.000000000000000000e+00
4.450335886985492984e+00 4.195849065579275283e+00 0.000000000000000000e+00 0.000000000000000000e+00 0.000000000000000000e+00
3.735882228110480430e+00 4.681459980181504221e+00 9.393967411467138984e-01 0.000000000000000000e+00 0.000000000000000000e+00
2.812884692300121614e+00 4.868914479076844160e+00 2.090214970051386789e+00 0.000000000000000000e+00 0.000000000000000000e+00
1.751392409844043208e+00 4.751492532412580516e+00 3.068202707034703547e+00 0.000000000000000000e+00 0.000000000000000000e+00
6.237958961645810874e-01 4.342336154773341228e+00 3.809308731378299839e+00 0.000000000000000000e+00 0.000000000000000000e+00
0.000000000000000000e+00 3.674530086736500500e+00 4.274241120726249399e+00 5.955020714950084448e-01 0.000000000000000000e+00
0.000000000000000000e+00 2.803273098009535502e+00 4.449930081102334789e+00 1.674325514692979189e+00 0.000000000000000000e+00
0.000000000000000000e+00 1.797524019773221404e+00 4.345037264439143065e+00 2.601307417958417467e+00 0.000000000000000000e+00
0.000000000000000000e+00 7.249213033868721068e-01 3.980040657819298833e+00 3.321817825995597495e+00 0.000000000000000000e+00
0.000000000000000000e+00 0.000000000000000000e+00 3.385077852652449870e+00 3.800108246000931000e+00 3.918959287432832173e-01
0.000000000000000000e+00 0.000000000000000000e+00 2.604522223941160064e+00 4.020762824286406634e+00 1.441625922212791844e+00
0.000000000000000000e+00 0.000000000000000000e+00 1.697707818537303348e+00 3.987824654320998974e+00 2.356461482781918360e+00
0.000000000000000000e+00 0.000000000000000000e+00 7.253971333356145079e-01 3.715743311601698462e+00 3.082316078004331494e+00
0.000000000000000000e+00 0.000000000000000000e+00 0.000000000000000000e+00 3.227706134739746879e+00 3.582431677163421480e+00
0.000000000000000000e+00 0.000000000000000000e+00 0.000000000000000000e+00 2.556628143007000364e+00 3.838092143651428145e+00
0.000000000000000000e+00 0.000000000000000000e+00 0.000000000000000000e+00 1.743880825890511854e+00 3.849545351293827800e+00
0.000000000000000000e+00 0.000000000000000000e+00 0.000000000000000000e+00 8.375510935687130454e-01 3.627051756647584835e+00
9.393952066387430133e-02 0.000000000000000000e+00 0.000000000000000000e+00 0.000000000000000000e+00 3.188118228582590863e+00
1.051635353473281631e+00 0.000000000000000000e+00 0.000000000000000000e+00 0.000000000000000000e+00 2.560285328162291929e+00
1.927828644665263713e+00 0.000000000000000000e+00 0.000000000000000000e+00 0.000000000000000000e+00 1.789029343056314669e+00
2.666424618079645814e+00 0.000000000000000000e+00 0.000000000000000000e+00 0.000000000000000000e+00 9.250525692494150354e-01
3.225232332924845569e+00 0.000000000000000000e+00 0.000000000000000000e+00 0.000000000000000000e+00 1.804597040563961363e-02
3.575025204040629401e+00 8.737170528331738018e-01 0.000000000000000000e+00 0.000000000000000000e+00 0.000000000000000000e+00
3.704304583198030354e+00 1.731291153637263491e+00 0.000000000000000000e+00 0.000000000000000000e+00 0.000000000000000000e+00
3.611896959523047013e+00 2.469909558556130147e+00 0.000000000000000000e+00 0.000000000000000000e+00 0.000000000000000000e+00
3.305024050767113142e+00 3.045627242769510357e+00 0.000000000000000000e+00 0.000000000000000000e+00 0.000000000000000000e+00
2.801530466647199180e+00 3.425760270862078460e+00 6.292069390528145512e-01 0.000000000000000000e+00 0.000000000000000000e+00
2.137419688819217178e+00 3.589292662779788312e+00 1.483177677659470728e+00 0.000000000000000000e+00 0.000000000000000000e+00
1.361964066042622212e+00 3.528038924357586481e+00 2.217705289328562923e+00 0.000000000000000000e+00 0.000000000000000000e+00
5.283205653417809566e-01 3.248966172715949341e+00 2.784275254526841437e+00 0.000000000000000000e+00 0.000000000000000000e+00
0.000000000000000000e+00 2.774439487054107367e+00 3.151845137706823508e+00 3.831385351531792494e-01 0.000000000000000000e+00
0.000000000000000000e+00 2.142427644848789114e+00 3.307065833125377274e+00 1.190970198275532743e+00 0.000000000000000000e+00
0.000000000000000000e+00 1.401747087661198821e+00 3.252688349036223503e+00 1.892683096268386711e+00 0.000000000000000000e+00
0.000000000000000000e+00 6.022800329271852382e-01 3.001410132114323837e+00 2.446585943408981390e+00 0.000000000000000000e+00
0.000000000000000000e+00 0.000000000000000000e+00 2.574201314565821352e+00 2.824173438536514258e+00 2.392990032307328596e-01
0.000000000000000000e+00 0.000000000000000000e+00 2.002348911233768014e+00 3.010824124323907114e+00 1.031787366543698292e+00
0.000000000000000000e+00 0.000000000000000000e+00 1.328465558920486123e+00 3.006427535804073514e+00 1.728996376225426568e+00
0.000000000000000000e+00 0.000000000000000000e+00 5.977514974972706341e-01 2.819732853532381789e+00 2.289305051324214357e+00
0.000000000000000000e+00 0.000000000000000000e+00 0.000000000000000000e+00 2.466992515283743970e+00 2.683519536424957774e+00
0.000000000000000000e+00 0.000000000000000000e+00 0.000000000000000000e+00 1.972261939486625648e+00 2.895261368625481335e+00
0.000000000000000000e+00 0.000000000000000000e+00 0.000000000000000000e+00 1.365790304884608286e+00 2.922626855281752700e+00
0.000000000000000000e+00 0.000000000000000000e+00 0.000000000000000000e+00 6.830877638378668459e-01 2.771625529907841834e+00
2.619698768535790728e-02 0.000000000000000000e+00 0.000000000000000000e+00 0.000000000000000000e+00 2.454000267507556732e+00
7.557626309025068378e-01 0.000000000000000000e+00 0.000000000000000000e+00 0.000000000000000000e+00 1.988954675469930322e+00
1.428527653601170622e+00 0.000000000000000000e+00 0.000000000000000000e+00 0.000000000000000000e+00 1.409014546181624139e+00
2.001250447175769498e+00 0.000000000000000000e+00 0.000000000000000000e+00 0.000000000000000000e+00 7.519832840268362295e-01
2.440546370001877463e+00 0.000000000000000000e+00 0.000000000000000000e+00 0.000000000000000000e+00 5.648532838449060040e-02
2.722649061338129339e+00 6.323536809808858461e-01 0.000000000000000000e+00 0.000000000000000000e+00 0.000000000000000000e+00
2.836437541493060266e+00 1.294462068175315395e+00 0.000000000000000000e+00 0.000000000000000000e+00 0.000000000000000000e+00
2.779310708846274736e+00 1.868355649826942688e+00 0.000000000000000000e+00 0.000000000000000000e+00 0.000000000000000000e+00
2.555869003594247513e+00 2.319844296247678628e+00 0.000000000000000000e+00 0.000000000000000000e+00 0.000000000000000000e+00
2.179186553229618628e+00 2.623166616423807884e+00 4.520030700010768121e-01 0.000000000000000000e+00 0.000000000000000000e+00
1.675621969955847668e+00 2.760994162001880081e+00 1.112296417191712239e+00 0.000000000000000000e+00 0.000000000000000000e+00
1.082104344720178801e+00 2.725671114538533946e+00 1.684151360610682824e+00 0.000000000000000000e+00 0.000000000000000000e+00
4.394509280593735245e-01 2.521402675805386906e+00 2.129626581150013021e+00 0.000000000000000000e+00 0.000000000000000000e+00
0.000000000000000000e+00 2.164520288247071989e+00 2.423941713393618524e+00 2.680110096596594049e-01 0.000000000000000000e+00
0.000000000000000000e+00 1.683097979500555619e+00 2.555260583280318798e+00 8.954097340034521402e-01 0.000000000000000000e+00
0.000000000000000000e+00 1.113714315832992297e+00 2.524052534340885501e+00 1.443698161347144682e+00 0.000000000000000000e+00
0.000000000000000000e+00 4.946690128804198117e-01 2.338971857004578769e+00 1.880214579110036199e+00 0.000000000000000000e+00
0.000000000000000000e+00 0.000000000000000000e+00 2.015580537596971311e+00 2.182101829995236830e+00 1.615246808319822092e-01
0.000000000000000000e+00 0.000000000000000000e+00 1.577379356131970001e+00 2.336699527712269742e+00 7.797174647668275727e-01
0.000000000000000000e+00 0.000000000000000000e+00 1.056558666614991537e+00 2.342454128031703497e+00 1.326436899861100693e+00
0.000000000000000000e+00 0.000000000000000000e+00 4.879888742987411598e-01 2.205168172969564910e+00 1.768906812730402400e+00
0.000000000000000000e+00 0.000000000000000000e+00 0.000000000000000000e+00 1.936951094113571692e+00 2.083743675891015279e+00
0.000000000000000000e+00 0.000000000000000000e+00 0.000000000000000000e+00 1.556248825181965056e+00 2.257194461202733926e+00
0.000000000000000000e+00 0.000000000000000000e+00 0.000000000000000000e+00 1.086199432108453156e+00 2.286799914355193586e+00
0.000000000000000000e+00 0.000000000000000000e+00 0.000000000000000000e+00 5.541444625431962701e-01 2.176443747026385989e+00
2.423404450108002615e-03 0.000000000000000000e+00 0.000000000000000000e+00 0.000000000000000000e+00 1.934637406292168293e+00
5.744093167754256157e-01 0.000000000000000000e+00 0.000000000000000000e+00 0.000000000000000000e+00 1.575740696055814238e+00
1.104081117571676263e+00 0.000000000000000000e+00 0.000000000000000000e+00 0.000000000000000000e+00 1.124212220642564874e+00
1.557399450458890611e+00 0.000000000000000000e+00 0.000000000000000000e+00 0.000000000000000000e+00 6.092009024743454404e-01
1.907684530665901157e+00 0.000000000000000000e+00 0.000000000000000000e+00 0.000000000000000000e+00 6.132411419271956154e-02
2.135624286216920353e+00 4.838864335945157191e-01 0.000000000000000000e+00 0.000000000000000000e+00 0.000000000000000000e+00
2.231380358107823536e+00 1.007187719328823894e+00 0.000000000000000000e+00 0.000000000000000000e+00 0.000000000000000000e+00
2.192066085862002023e+00 1.462189262278160262e+00 0.000000000000000000e+00 0.000000000000000000e+00 0.000000000000000000e+00
2.020857999038234265e+00 1.821762698291748306e+00 0.000000000000000000e+00 0.000000000000000000e+00 0.000000000000000000e+00
1.727802188730209521e+00 2.065327387241865154e+00 3.463021650686979314e-01 0.000000000000000000e+00 0.000000000000000000e+00
1.333172695227722970e+00 2.178706872913364290e+00 8.685416370637244476e-01 0.000000000000000000e+00 0.000000000000000000e+00
8.656881030143100952e-01 2.155271671053262228e+00 1.322286081204344432e+00 0.000000000000000000e+00 0.000000000000000000e+00
3.575383373906288464e-01 1.997875075179626592e+00 1.677410044858014704e+00 0.000000000000000000e+00 0.000000000000000000e+00
0.000000000000000000e+00 1.719078739745023565e+00 1.914034898955217834e+00 2.041772243655630703e-01 0.000000000000000000e+00
0.000000000000000000e+00 1.340606980989125230e+00 2.022185785025814475e+00 7.017464644591522305e-01 0.000000000000000000e+00
0.000000000000000000e+00 8.908319485170814733e-01 2.001457979272860399e+00 1.137777957640177640e+00 0.000000000000000000e+00
0.000000000000000000e+00 3.999112022677741574e-01 1.858159813418499118e+00 1.486308934848002972e+00 0.000000000000000000e+00
0.000000000000000000e+00 0.000000000000000000e+00 1.604350964943538127e+00 1.728934212226831191e+00 1.227280902693213965e-01
0.000000000000000000e+00 0.000000000000000000e+00 1.258421553637484980e+00 1.855078436588115887e+00 6.144239464319787292e-01
0.000000000000000000e+00 0.000000000000000000e+00 8.454837261707046636e-01 1.862807577448684526e+00 1.050251105114189620e+00
0.000000000000000000e+00 0.000000000000000000e+00 3.930888618672805368e-01 1.756261289273804760e+00 1.404056359798833364e+00
0.000000000000000000e+00 0.000000000000000000e+00 0.000000000000000000e+00 1.544863297378799905e+00 1.657007885753284837e+00
0.000000000000000000e+00 0.000000000000000000e+00 0.000000000000000000e+00 1.243208259428668416e+00 1.797790579059955984e+00
0.000000000000000000e+00 0.000000000000000000e+00 0.000000000000000000e+00 8.695317090325613840e-01 1.823999970889414568e+00
0.000000000000000000e+00 0.000000000000000000e+00 0.000000000000000000e+00 4.454766930532702562e-01 1.738353488703066940e+00
0.000000000000000000e+00 0.000000000000000000e+00 0.000000000000000000e+00 0.000000000000000000e+00 1.547366654257967156e+00
4.566288556334292537e-01 0.000000000000000000e+00 0.000000000000000000e+00 0.000000000000000000e+00 1.262303484620047600e+00
8.801909379767649533e-01 0.000000000000000000e+00 0.000000000000000000e+00 0.000000000000000000e+00 9.022016411219786480e-01
1.243462124714310058e+00 0.000000000000000000e+00 0.000000000000000000e+00 0.000000000000000000e+00 4.900911703402807129e-01
1.524958393528889289e+00 0.000000000000000000e+00 0.000000000000000000e+00 0.000000000000000000e+00 5.063352903827270796e-02
1.708977141890801743e+00 3.878229879358911503e-01 0.000000000000000000e+00 0.000000000000000000e+00 0.000000000000000000e+00
1.787167159946402295e+00 8.075359874394794080e-01 0.000000000000000000e+00 0.000000000000000000e+00 0.000000000000000000e+00
1.756842381044628310e+00 1.172689399870391780e+00 0.000000000000000000e+00 0.000000000000000000e+00 0.000000000000000000e+00
1.620387952387537300e+00 1.461522338338950844e+00 0.000000000000000000e+00 0.000000000000000000e+00 0.000000000000000000e+00
1.385815046076167123e+00 1.657477980468821332e+00 2.803727122138927608e-01 0.000000000000000000e+00 0.000000000000000000e+00
1.069276100920257155e+00 1.748994403203691261e+00 6.994214723485496776e-01 0.000000000000000000e+00 0.000000000000000000e+00
6.936781967065226429e-01 1.730554327628965883e+00 1.063653780626116596e+00 0.000000000000000000e+00 0.000000000000000000e+00
2.848763565200302383e-01 1.604345889394334534e+00 1.348953691987036185e+00 0.000000000000000000e+00 0.000000000000000000e+00
0.000000000000000000e+00 1.380417197635755322e+00 1.539346007396596105e+00 1.679489795231943472e-01 0.000000000000000000e+00
0.000000000000000000e+00 1.076114850589859673e+00 1.626643217174635669e+00 5.679387466099267145e-01 0.000000000000000000e+00
0.000000000000000000e+00 7.139755953305169101e-01 1.610190724074653579e+00 9.185602303260155255e-01 0.000000000000000000e+00
0.000000000000000000e+00 3.181731665574257240e-01 1.494847187590553794e+00 1.198990883576023236e+00 0.000000000000000000e+00
0.000000000000000000e+00 0.000000000000000000e+00 1.290265575582997037e+00 1.394372610977868243e+00 1.041859236753293755e-01
0.000000000000000000e+00 0.000000000000000000e+00 1.011254719269733870e+00 1.496038753303390756e+00 5.003186332147828708e-01
0.000000000000000000e+00 0.000000000000000000e+00 6.778554379174640543e-01 1.502129721671164653e+00 8.514301172849666477e-01
0.000000000000000000e+00 0.000000000000000000e+00 3.122154629734977815e-01 1.415800786449233906e+00 1.136481200582232676e+00
0.000000000000000000e+00 0.000000000000000000e+00 0.000000000000000000e+00 1.244635961329318974e+00 1.340256633357337357e+00
0.000000000000000000e+00 0.000000000000000000e+00 0.000000000000000000e+00 1.000439791026867864e+00 1.453569269092443772e+00
0.000000000000000000e+00 0.000000000000000000e+00 0.000000000000000000e+00 6.978959704935926434e-01 1.474307815415828449e+00
0.000000000000000000e+00 0.000000000000000000e+00 0.000000000000000000e+00 3.544828038175019125e-01 1.404515381060288393e+00
6.966497414883135106e-03 0.000000000000000000e+00 0.000000000000000000e+00 0.000000000000000000e+00 1.249391910626338920e+00
3.761778301215523701e-01 0.000000000000000000e+00 0.000000000000000000e+00 0.000000000000000000e+00 1.018080600080241149e+00
7.184562781231313977e-01 0.000000000000000000e+00 0.000000000000000000e+00 0.000000000000000000e+00 7.257828313395427999e-01
1.011909658507970988e+00 0.000000000000000000e+00 0.000000000000000000e+00 0.000000000000000000e+00 3.910353680037850777e-01
1.239143792526683274e+00 0.000000000000000000e+00 0.000000000000000000e+00 0.000000000000000000e+00 3.395661796277085059e-02
1.387384145956376935e+00 3.225914860980659826e-01 0.000000000000000000e+00 0.000000000000000000e+00 0.000000000000000000e+00
1.449708714798574105e+00 6.625837087520231039e-01 0.000000000000000000e+00 0.000000000000000000e+00 0.000000000000000000e+00
1.423823273699465597e+00 9.579525868382569032e-01 0.000000000000000000e+00 0.000000000000000000e+00 0.000000000000000000e+00
1.311667655165131396e+00 1.191126237358083984e+00 0.000000000000000000e+00 0.000000000000000000e+00 0.000000000000000000e+00
1.119821710973022411e+00 1.348734693550776464e+00 2.372332991164174953e-01 0.000000000000000000e+00 0.000000000000000000e+00
8.614964876151971485e-01 1.421365356162305194e+00 5.768044417429640802e-01 0.000000000000000000e+00 0.000000000000000000e+00
5.553069686542261296e-01 1.404549517370500267e+00 8.714058189552092992e-01 0.000000000000000000e+00 0.000000000000000000e+00
2.222999438441344289e-01 1.300158595661764060e+00 1.101645364829209717e+00 0.000000000000000000e+00 0.000000000000000000e+00
0.000000000000000000e+00 1.116476527762682691e+00 1.254685685374247406e+00 1.467019675377439214e-01 0.000000000000000000e+00
0.000000000000000000e+00 8.676713810703656771e-01 1.323921619039244435e+00 4.712636149570940680e-01 0.000000000000000000e+00
0.000000000000000000e+00 5.719594608829355886e-01 1.308731927564577457e+00 7.552894543131258853e-01 0.000000000000000000e+00
0.000000000000000000e+00 2.489781759233444525e-01 1.213035200890609566e+00 9.819850590219063591e-01 0.000000000000000000e+00
0.000000000000000000e+00 0.000000000000000000e+00 1.044753836511609357e+00 1.139341416120940531e+00 9.592299193666921353e-02
0.000000000000000000e+00 0.000000000000000000e+00 8.160633244089637861e-01 1.220345097162292003e+00 4.179309599007756115e-01
0.000000000000000000e+00 0.000000000000000000e+00 5.432297433840038714e-01 1.223398773209885437e+00 7.028097511641026029e-01
0.000000000000000000e+00 0.000000000000000000e+00 2.442908089613156086e-01 1.151052969490660827e+00 9.335469481829810068e-01
0.000000000000000000e+00 0.000000000000000000e+00 0.000000000000000000e+00 1.009573914198585998e+00 1.097829038821738878e+00
0.000000000000000000e+00 0.000000000000000000e+00 0.000000000000000000e+00 8.086642831035396606e-01 1.188274031096722361e+00
0.000000000000000000e+00 0.000000000000000000e+00 0.000000000000000000e+00 5.603390909472100168e-01 1.203140054453871510e+00
0.000000000000000000e+00 0.000000000000000000e+00 0.000000000000000000e+00 2.789273177094324652e-01 1.144064448772477149e+00
1.737459013060440108e-02 0.000000000000000000e+00 0.000000000000000000e+00 0.000000000000000000e+00 1.015333456324076788e+00
3.185497984234026969e-01 0.000000000000000000e+00 0.000000000000000000e+00 0.000000000000000000e+00 8.245571196902182765e-01
5.971780771357386719e-01 0.000000000000000000e+00 0.000000000000000000e+00 0.000000000000000000e+00 5.841114533538364073e-01
8.355028014289010985e-01 0.000000000000000000e+00 0.000000000000000000e+00 0.000000000000000000e+00 3.091333771763756233e-01
1.019387740458014058e+00 0.000000000000000000e+00 0.000000000000000000e+00 0.000000000000000000e+00 1.620146683051884584e-02
1.138438934893664323e+00 2.760825591081372821e-01 0.000000000000000000e+00 0.000000000000000000e+00 0.000000000000000000e+00
1.187011249658182388e+00 5.534273652833116008e-01 0.000000000000000000e+00 0.000000000000000000e+00 0.000000000000000000e+00
1.163253919263061320e+00 7.936121711734963613e-01 0.000000000000000000e+00 0.000000000000000000e+00 0.000000000000000000e+00
1.068852114709975210e+00 9.823884267160117867e-01 0.000000000000000000e+00 0.000000000000000000e+00 0.000000000000000000e+00
9.093371047848204380e-01 1.108939729616774228e+00 2.074058335380306040e-01 0.000000000000000000e+00 0.000000000000000000e+00
6.957309890420226850e-01 1.165615517535206980e+00 4.844918127159331678e-01 0.000000000000000000e+00 0.000000000000000000e+00
4.433757359709552537e-01 1.148877575269990015e+00 7.239824481570389381e-01 0.000000000000000000e+00 0.000000000000000000e+00
1.695782393246982878e-01 1.060455479722233640e+00 9.102495022988708051e-01 0.000000000000000000e+00 0.000000000000000000e+00
0.000000000000000000e+00 9.073383534107196668e-01 1.032991530545956049e+00 1.334995117418816546e-01 0.000000000000000000e+00
0.000000000000000000e+00 7.012929266831555708e-01 1.086952858911180986e+00 3.986079758562509623e-01 0.000000000000000000e+00
0.000000000000000000e+00 4.572386343643161655e-01 1.071665475546912605e+00 6.298396428728619822e-01 0.000000000000000000e+00
0.000000000000000000e+00 1.912919457564334347e-01 9.904099644669138724e-01 8.136014363868624422e-01 0.000000000000000000e+00
0.000000000000000000e+00 0.000000000000000000e+00 8.498159792861006423e-01 9.401860114894304843e-01 9.253475279435784129e-02
0.000000000000000000e+00 0.000000000000000000e+00 6.600490349788468158e-01 1.003974455805882515e+00 3.559681624619413509e-01
0.000000000000000000e+00 0.000000000000000000e+00 4.344824254247567352e-01 1.003692609480543174e+00 5.882355098652211067e-01
0.000000000000000000e+00 0.000000000000000000e+00 1.879551266395609599e-01 9.415043918793762900e-01 7.755368434758839191e-01
0.000000000000000000e+00 0.000000000000000000e+00 0.000000000000000000e+00 8.226941972873769160e-01 9.079024530683914573e-01
0.000000000000000000e+00 0.000000000000000000e+00 0.000000000000000000e+00 6.553333740315533396e-01 9.794573105165456095e-01
0.000000000000000000e+00 0.000000000000000000e+00 0.000000000000000000e+00 4.493743104240219832e-01 9.888308958544907989e-01
0.000000000000000000e+00 0.000000000000000000e+00 0.000000000000000000e+00 2.167004572555078501e-01 9.374060513335964462e-01
2.804849181090782184e-02 0.000000000000000000e+00 0.000000000000000000e+00 0.000000000000000000e+00 8.288042639569226377e-01
2.753387787499814721e-01 0.000000000000000000e+00 0.000000000000000000e+00 0.000000000000000000e+00 6.694762846573346637e-01
5.033382318224358665e-01 0.000000000000000000e+00 0.000000000000000000e+00 0.000000000000000000e+00 4.696503650458467294e-01
6.975785826438318793e-01 0.000000000000000000e+00 0.000000000000000000e+00 0.000000000000000000e+00 2.418280560514849131e-01
8.465429771943331350e-01 0.000000000000000000e+00 0.000000000000000000e+00 0.000000000000000000e+00 0.000000000000000000e+00
9.417791826947354838e-01 2.412500583238504082e-01 0.000000000000000000e+00 0.000000000000000000e+00 0.000000000000000000e+00
9.787404889547586251e-01 4.686239799614974610e-01 0.000000000000000000e+00 0.000000000000000000e+00 0.000000000000000000e+00
9.560039927677196347e-01 6.646229449086804575e-01 0.000000000000000000e+00 0.000000000000000000e+00 0.000000000000000000e+00
8.751038330482326932e-01 8.176642624307720597e-01 0.000000000000000000e+00 0.000000000000000000e+00 0.000000000000000000e+00
7.407743327604108252e-01 9.189934366797712917e-01 1.854605892829861713e-01 0.000000000000000000e+00 0.000000000000000000e+00
5.623510834524652058e-01 9.624037084643748408e-01 4.126872405926445553e-01 0.000000000000000000e+00 0.000000000000000000e+00
3.526163680021408009e-01 9.451550651121155555e-01 6.080290418088762916e-01 0.000000000000000000e+00 0.000000000000000000e+00
1.259124127143306515e-01 8.689175988990969213e-01 7.588826675223570017e-01 0.000000000000000000e+00 0.000000000000000000e+00
0.000000000000000000e+00 7.396912050669536276e-01 8.570024108000167118e-01 1.244830616942662754e-01 0.000000000000000000e+00
0.000000000000000000e+00 5.673706782510209434e-01 8.982600007225989280e-01 3.420613883563342061e-01 0.000000000000000000e+00
0.000000000000000000e+00 3.642996096591354926e-01 8.823791678404095951e-01 5.309451646113715340e-01 0.000000000000000000e+00
0.000000000000000000e+00 1.438103407534932765e-01 8.121864522625201754e-01 6.801105209228619497e-01 0.000000000000000000e+00
0.000000000000000000e+00 0.000000000000000000e+00 6.933132629374729738e-01 7.817170124982665280e-01 9.110646232454903959e-02
0.000000000000000000e+00 0.000000000000000000e+00 5.343448139128518237e-01 8.313046507398974549e-01 3.076179583104216020e-01
0.000000000000000000e+00 0.000000000000000000e+00 3.463857323268033639e-01 8.279219865065250428e-01 4.976158804200982444e-01
0.000000000000000000e+00 0.000000000000000000e+00 1.417394767923928212e-01 7.734730114334348317e-01 6.498864688853527305e-01
0.000000000000000000e+00 0.000000000000000000e+00 0.000000000000000000e+00 6.724841986617792200e-01 7.563617898473461443e-01
0.000000000000000000e+00 0.000000000000000000e+00 0.000000000000000000e+00 5.317309118057034212e-01 8.124118095367830472e-01
0.000000000000000000e+00 0.000000000000000000e+00 0.000000000000000000e+00 3.595349651353301201e-01 8.170060004598467263e-01
0.000000000000000000e+00 0.000000000000000000e+00 0.000000000000000000e+00 1.658399800367283405e-01 7.713591155219521323e-01
3.748952080713084667e-02 0.000000000000000000e+00 0.000000000000000000e+00 0.000000000000000000e+00 6.785880365022833871e-01
2.415189489850406157e-01 0.000000000000000000e+00 0.000000000000000000e+00 0.000000000000000000e+00 5.442338083252745706e-01
4.287795584080626443e-01 0.000000000000000000e+00 0.000000000000000000e+00 0.000000000000000000e+00 3.768487877391251684e-01
5.874458404605631401e-01 0.000000000000000000e+00 0.000000000000000000e+00 0.000000000000000000e+00 1.868505086102426882e-01
7.081215134418542556e-01 1.172889661159128537e-02 0.000000000000000000e+00 0.000000000000000000e+00 0.000000000000000000e+00
7.839901314299264623e-01 2.138713552212643809e-01 0.000000000000000000e+00 0.000000000000000000e+00 0.000000000000000000e+00
8.113727485881675472e-01 4.009558474038479314e-01 0.000000000000000000e+00 0.000000000000000000e+00 0.000000000000000000e+00
7.891977721381729927e-01 5.612950255541618860e-01 0.000000000000000000e+00 0.000000000000000000e+00 0.000000000000000000e+00
7.189084977963515755e-01 6.854329160139259747e-01 0.000000000000000000e+00 0.000000000000000000e+00 0.000000000000000000e+00
