0.000000000000000000e+00 0.000000000000000000e+00 0.000000000000000000e+00 0.000000000000000000e+00 0.000000000000000000e+00
0.000000000000000000e+00 0.000000000000000000e+00 0.000000000000000000e+00 0.000000000000000000e+00 0.000000000000000000e+00
0.000000000000000000e+00 0.000000000000000000e+00 0.000000000000000000e+00 0.000000000000000000e+00 0.000000000000000000e+00
0.000000000000000000e+00 0.000000000000000000e+00 0.000000000000000000e+00 0.000000000000000000e+00 0.000000000000000000e+00
0.000000000000000000e+00 0.000000000000000000e+00 0.000000000000000000e+00 0.000000000000000000e+00 0.000000000000000000e+00
0.000000000000000000e+00 0.000000000000000000e+00 0.000000000000000000e+00 0.000000000000000000e+00 0.000000000000000000e+00
0.000000000000000000e+00 0.000000000000000000e+00 0.000000000000000000e+00 0.000000000000000000e+00 0.000000000000000000e+00
0.000000000000000000e+00 0.000000000000000000e+00 0.000000000000000000e+00 0.000000000000000000e+00 0.000000000000000000e+00
0.000000000000000000e+00 0.000000000000000000e+00 0.000000000000000000e+00 0.000000000000000000e+00 0.000000000000000000e+00
0.000000000000000000e+00 0.000000000000000000e+00 0.000000000000000000e+00 0.000000000000000000e+00 0.000000000000000000e+00
0.000000000000000000e+00 0.000000000000000000e+00 0.000000000000000000e+00 0.000000000000000000e+00 0.000000000000000000e+00
0.000000000000000000e+00 0.000000000000000000e+00 0.000000000000000000e+00 0.000000000000000000e+00 0.000000000000000000e+00
0.000000000000000000e+00 0.000000000000000000e+00 0.000000000000000000e+00 0.000000000000000000e+00 0.000000000000000000e+00
0.000000000000000000e+00 0.000000000000000000e+00 0.000000000000000000e+00 0.000000000000000000e+00 0.000000000000000000e+00
0.000000000000000000e+00 0.000000000000000000e+00 0.000000000000000000e+00 0.000000000000000000e+00 0.000000000000000000e+00
0.000000000000000000e+00 0.000000000000000000e+00 0.000000000000000000e+00 0.000000000000000000e+00 0.000000000000000000e+00
0.000000000000000000e+00 0.000000000000000000e+00 0.000000000000000000e+00 0.000000000000000000e+00 0.000000000000000000e+00
0.000000000000000000e+00 0.000000000000000000e+00 0.000000000000000000e+00 0.000000000000000000e+00 0.000000000000000000e+00
0.000000000000000000e+00 0.000000000000000000e+00 0.000000000000000000e+00 0.000000000000000000e+00 0.000000000000000000e+00
0.000000000000000000e+00 0.000000000000000000e+00 0.000000000000000000e+00 0.000000000000000000e+00 0.000000000000000000e+00
0.000000000000000000e+00 0.000000000000000000e+00 0.000000000000000000e+00 0.000000000000000000e+00 0.000000000000000000e+00
0.000000000000000000e+00 0.000000000000000000e+00 0.000000000000000000e+00 0.000000000000000000e+00 0.000000000000000000e+00
0.000000000000000000e+00 0.000000000000000000e+00 0.000000000000000000e+00 0.000000000000000000e+00 0.000000000000000000e+00
0.000000000000000000e+00 0.000000000000000000e+00 0.000000000000000000e+00 0.000000000000000000e+00 0.000000000000000000e+00
0.000000000000000000e+00 0.000000000000000000e+00 0.000000000000000000e+00 0.000000000000000000e+00 0.000000000000000000e+00
0.000000000000000000e+00 0.000000000000000000e+00 0.000000000000000000e+00 0.000000000000000000e+00 0.000000000000000000e+00
0.000000000000000000e+00 0.000000000000000000e+00 0.000000000000000000e+00 0.000000000000000000e+00 0.000000000000000000e+00
0.000000000000000000e+00 0.000000000000000000e+00 0.000000000000000000e+00 0.000000000000000000e+00 0.000000000000000000e+00
0.000000000000000000e+00 0.000000000000000000e+00 0.000000000000000000e+00 0.000000000000000000e+00 0.000000000000000000e+00
0.000000000000000000e+00 0.000000000000000000e+00 0.000000000000000000e+00 0.000000000000000000e+00 0.000000000000000000e+00
0.000000000000000000e+00 0.000000000000000000e+00 0.000000000000000000e+00 0.000000000000000000e+00 0.000000000000000000e+00
0.000000000000000000e+00 0.000000000000000000e+00 0.000000000000000000e+00 0.000000000000000000e+00 0.000000000000000000e+00
0.000000000000000000e+00 0.000000000000000000e+00 0.000000000000000000e+00 0.000000000000000000e+00 0.000000000000000000e+00
0.000000000000000000e+00 0.000000000000000000e+00 0.000000000000000000e+00 0.000000000000000000e+00 0.000000000000000000e+00
0.000000000000000000e+00 0.000000000000000000e+00 0.000000000000000000e+00 0.000000000000000000e+00 0.000000000000000000e+00
0.000000000000000000e+00 0.000000000000000000e+00 0.000000000000000000e+00 0.000000000000000000e+00 0.000000000000000000e+00
0.000000000000000000e+00 0.000000000000000000e+00 0.000000000000000000e+00 0.000000000000000000e+00 0.000000000000000000e+00
0.000000000000000000e+00 0.000000000000000000e+00 0.000000000000000000e+00 0.000000000000000000e+00 0.000000000000000000e+00
0.000000000000000000e+00 0.000000000000000000e+00 0.000000000000000000e+00 0.000000000000000000e+00 0.000000000000000000e+00
0.000000000000000000e+00 0.000000000000000000e+00 0.000000000000000000e+00 0.000000000000000000e+00 0.000000000000000000e+00
0.000000000000000000e+00 0.000000000000000000e+00 0.000000000000000000e+00 0.000000000000000000e+00 0.000000000000000000e+00
0.000000000000000000e+00 0.000000000000000000e+00 0.000000000000000000e+00 0.000000000000000000e+00 0.000000000000000000e+00
0.000000000000000000e+00 0.000000000000000000e+00 0.000000000000000000e+00 0.000000000000000000e+00 0.000000000000000000e+00
0.000000000000000000e+00 0.000000000000000000e+00 0.000000000000000000e+00 0.000000000000000000e+00 0.000000000000000000e+00
0.000000000000000000e+00 0.000000000000000000e+00 0.000000000000000000e+00 0.000000000000000000e+00 0.000000000000000000e+00
0.000000000000000000e+00 0.000000000000000000e+00 0.000000000000000000e+00 0.000000000000000000e+00 0.000000000000000000e+00
0.000000000000000000e+00 0.000000000000000000e+00 0.000000000000000000e+00 0.000000000000000000e+00 0.000000000000000000e+00
0.000000000000000000e+00 0.000000000000000000e+00 0.000000000000000000e+00 0.000000000000000000e+00 0.000000000000000000e+00
0.000000000000000000e+00 0.000000000000000000e+00 0.000000000000000000e+00 0.000000000000000000e+00 0.000000000000000000e+00
0.000000000000000000e+00 0.000000000000000000e+00 0.000000000000000000e+00 0.000000000000000000e+00 0.000000000000000000e+00
0.000000000000000000e+00 0.000000000000000000e+00 0.000000000000000000e+00 0.000000000000000000e+00 0.000000000000000000e+00
0.000000000000000000e+00 0.000000000000000000e+00 0.000000000000000000e+00 0.000000000000000000e+00 0.000000000000000000e+00
0.000000000000000000e+00 0.000000000000000000e+00 0.000000000000000000e+00 0.000000000000000000e+00 0.000000000000000000e+00
0.000000000000000000e+00 0.000000000000000000e+00 0.000000000000000000e+00 0.000000000000000000e+00 0.000000000000000000e+00
0.000000000000000000e+00 0.000000000000000000e+00 0.000000000000000000e+00 0.000000000000000000e+00 0.000000000000000000e+00
0.000000000000000000e+00 0.000000000000000000e+00 0.000000000000000000e+00 0.000000000000000000e+00 0.000000000000000000e+00
0.000000000000000000e+00 0.000000000000000000e+00 0.000000000000000000e+00 0.000000000000000000e+00 0.000000000000000000e+00
0.000000000000000000e+00 0.000000000000000000e+00 0.000000000000000000e+00 0.000000000000000000e+00 0.000000000000000000e+00
0.000000000000000000e+00 0.000000000000000000e+00 0.000000000000000000e+00 0.000000000000000000e+00 0.000000000000000000e+00
0.000000000000000000e+00 0.000000000000000000e+00 0.000000000000000000e+00 0.000000000000000000e+00 0.000000000000000000e+00
0.000000000000000000e+00 0.000000000000000000e+00 0.000000000000000000e+00 0.000000000000000000e+00 0.000000000000000000e+00
0.000000000000000000e+00 0.000000000000000000e+00 0.000000000000000000e+00 0.000000000000000000e+00 0.000000000000000000e+00
0.000000000000000000e+00 0.000000000000000000e+00 0.000000000000000000e+00 0.000000000000000000e+00 0.000000000000000000e+00
0.000000000000000000e+00 0.000000000000000000e+00 0.000000000000000000e+00 0.000000000000000000e+00 0.000000000000000000e+00
0.000000000000000000e+00 0.000000000000000000e+00 0.000000000000000000e+00 0.000000000000000000e+00 0.000000000000000000e+00
0.000000000000000000e+00 0.000000000000000000e+00 0.000000000000000000e+00 0.000000000000000000e+00 0.000000000000000000e+00
0.000000000000000000e+00 0.000000000000000000e+00 0.000000000000000000e+00 0.000000000000000000e+00 0.000000000000000000e+00
0.000000000000000000e+00 0.000000000000000000e+00 0.000000000000000000e+00 0.000000000000000000e+00 0.000000000000000000e+00
0.000000000000000000e+00 0.000000000000000000e+00 0.000000000000000000e+00 0.000000000000000000e+00 0.000000000000000000e+00
0.000000000000000000e+00 0.000000000000000000e+00 0.000000000000000000e+00 0.000000000000000000e+00 0.000000000000000000e+00
0.000000000000000000e+00 0.000000000000000000e+00 0.000000000000000000e+00 0.000000000000000000e+00 0.000000000000000000e+00
0.000000000000000000e+00 0.000000000000000000e+00 0.000000000000000000e+00 0.000000000000000000e+00 0.000000000000000000e+00
0.000000000000000000e+00 0.000000000000000000e+00 0.000000000000000000e+00 0.000000000000000000e+00 0.000000000000000000e+00
0.000000000000000000e+00 0.000000000000000000e+00 0.000000000000000000e+00 0.000000000000000000e+00 0.000000000000000000e+00
0.000000000000000000e+00 0.000000000000000000e+00 0.000000000000000000e+00 0.000000000000000000e+00 0.000000000000000000e+00
0.000000000000000000e+00 0.000000000000000000e+00 0.000000000000000000e+00 0.000000000000000000e+00 0.000000000000000000e+00
0.000000000000000000e+00 0.000000000000000000e+00 0.000000000000000000e+00 0.000000000000000000e+00 0.000000000000000000e+00
0.000000000000000000e+00 0.000000000000000000e+00 0.000000000000000000e+00 0.000000000000000000e+00 0.000000000000000000e+00
0.000000000000000000e+00 0.000000000000000000e+00 0.000000000000000000e+00 0.000000000000000000e+00 0.000000000000000000e+00
0.000000000000000000e+00 0.000000000000000000e+00 0.000000000000000000e+00 0.000000000000000000e+00 0.000000000000000000e+00
0.000000000000000000e+00 0.000000000000000000e+00 0.000000000000000000e+00 0.000000000000000000e+00 0.000000000000000000e+00
0.000000000000000000e+00 0.000000000000000000e+00 0.000000000000000000e+00 0.000000000000000000e+00 0.000000000000000000e+00
0.000000000000000000e+00 0.000000000000000000e+00 0.000000000000000000e+00 0.000000000000000000e+00 0.000000000000000000e+00
0.000000000000000000e+00 0.000000000000000000e+00 0.000000000000000000e+00 0.000000000000000000e+00 0.000000000000000000e+00
0.000000000000000000e+00 0.000000000000000000e+00 0.000000000000000000e+00 0.000000000000000000e+00 0.000000000000000000e+00
0.000000000000000000e+00 0.000000000000000000e+00 0.000000000000000000e+00 0.000000000000000000e+00 0.000000000000000000e+00
0.000000000000000000e+00 0.000000000000000000e+00 0.000000000000000000e+00 0.000000000000000000e+00 0.000000000000000000e+00
0.000000000000000000e+00 0.000000000000000000e+00 0.000000000000000000e+00 0.000000000000000000e+00 0.000000000000000000e+00
0.000000000000000000e+00 0.000000000000000000e+00 0.000000000000000000e+00 0.000000000000000000e+00 0.000000000000000000e+00
0.000000000000000000e+00 0.000000000000000000e+00 0.000000000000000000e+00 0.000000000000000000e+00 0.000000000000000000e+00
0.000000000000000000e+00 0.000000000000000000e+00 0.000000000000000000e+00 0.000000000000000000e+00 0.000000000000000000e+00
0.000000000000000000e+00 0.000000000000000000e+00 0.000000000000000000e+00 0.000000000000000000e+00 0.000000000000000000e+00
0.000000000000000000e+00 0.000000000000000000e+00 0.000000000000000000e+00 0.000000000000000000e+00 0.000000000000000000e+00
0.000000000000000000e+00 0.000000000000000000e+00 0.000000000000000000e+00 0.000000000000000000e+00 0.000000000000000000e+00
0.000000000000000000e+00 0.000000000000000000e+00 0.000000000000000000e+00 0.000000000000000000e+00 0.000000000000000000e+00
0.000000000000000000e+00 0.000000000000000000e+00 0.000000000000000000e+00 0.000000000000000000e+00 0.000000000000000000e+00
0.000000000000000000e+00 0.000000000000000000e+00 0.000000000000000000e+00 0.000000000000000000e+00 0.000000000000000000e+00
0.000000000000000000e+00 0.000000000000000000e+00 0.000000000000000000e+00 0.000000000000000000e+00 0.000000000000000000e+00
0.000000000000000000e+00 0.000000000000000000e+00 0.000000000000000000e+00 0.000000000000000000e+00 0.000000000000000000e+00
0.000000000000000000e+00 0.000000000000000000e+00 0.000000000000000000e+00 0.000000000000000000e+00 0.000000000000000000e+00
0.000000000000000000e+00 0.000000000000000000e+00 0.000000000000000000e+00 0.000000000000000000e+00 0.000000000000000000e+00
0.000000000000000000e+00 0.000000000000000000e+00 0.000000000000000000e+00 0.000000000000000000e+00 0.000000000000000000e+00
0.000000000000000000e+00 0.000000000000000000e+00 0.000000000000000000e+00 0.000000000000000000e+00 0.000000000000000000e+00
0.000000000000000000e+00 0.000000000000000000e+00 0.000000000000000000e+00 0.000000000000000000e+00 0.000000000000000000e+00
0.000000000000000000e+00 0.000000000000000000e+00 0.000000000000000000e+00 0.000000000000000000e+00 0.000000000000000000e+00
0.000000000000000000e+00 0.000000000000000000e+00 0.000000000000000000e+00 0.000000000000000000e+00 0.000000000000000000e+00
0.000000000000000000e+00 0.000000000000000000e+00 0.000000000000000000e+00 0.000000000000000000e+00 0.000000000000000000e+00
0.000000000000000000e+00 0.000000000000000000e+00 0.000000000000000000e+00 0.000000000000000000e+00 0.000000000000000000e+00
0.000000000000000000e+00 0.000000000000000000e+00 0.000000000000000000e+00 0.000000000000000000e+00 0.000000000000000000e+00
0.000000000000000000e+00 0.000000000000000000e+00 0.000000000000000000e+00 0.000000000000000000e+00 0.000000000000000000e+00
0.000000000000000000e+00 0.000000000000000000e+00 0.000000000000000000e+00 0.000000000000000000e+00 0.000000000000000000e+00
0.000000000000000000e+00 0.000000000000000000e+00 0.000000000000000000e+00 0.000000000000000000e+00 0.000000000000000000e+00
0.000000000000000000e+00 0.000000000000000000e+00 0.000000000000000000e+00 0.000000000000000000e+00 0.000000000000000000e+00
0.000000000000000000e+00 0.000000000000000000e+00 0.000000000000000000e+00 0.000000000000000000e+00 0.000000000000000000e+00
0.000000000000000000e+00 0.000000000000000000e+00 0.000000000000000000e+00 0.000000000000000000e+00 0.000000000000000000e+00
0.000000000000000000e+00 0.000000000000000000e+00 0.000000000000000000e+00 0.000000000000000000e+00 0.000000000000000000e+00
0.000000000000000000e+00 0.000000000000000000e+00 0.000000000000000000e+00 0.000000000000000000e+00 0.000000000000000000e+00
0.000000000000000000e+00 0.000000000000000000e+00 0.000000000000000000e+00 0.000000000000000000e+00 0.000000000000000000e+00
0.000000000000000000e+00 0.000000000000000000e+00 0.000000000000000000e+00 0.000000000000000000e+00 0.000000000000000000e+00
0.000000000000000000e+00 0.000000000000000000e+00 0.000000000000000000e+00 0.000000000000000000e+00 0.000000000000000000e+00
0.000000000000000000e+00 0.000000000000000000e+00 0.000000000000000000e+00 0.000000000000000000e+00 0.000000000000000000e+00
0.000000000000000000e+00 0.000000000000000000e+00 0.000000000000000000e+00 0.000000000000000000e+00 0.000000000000000000e+00
0.000000000000000000e+00 0.000000000000000000e+00 0.000000000000000000e+00 0.000000000000000000e+00 0.000000000000000000e+00
0.000000000000000000e+00 0.000000000000000000e+00 0.000000000000000000e+00 0.000000000000000000e+00 0.000000000000000000e+00
0.000000000000000000e+00 0.000000000000000000e+00 0.000000000000000000e+00 0.000000000000000000e+00 0.000000000000000000e+00
0.000000000000000000e+00 0.000000000000000000e+00 0.000000000000000000e+00 0.000000000000000000e+00 0.000000000000000000e+00
0.000000000000000000e+00 0.000000000000000000e+00 0.000000000000000000e+00 0.000000000000000000e+00 0.000000000000000000e+00
0.000000000000000000e+00 0.000000000000000000e+00 0.000000000000000000e+00 0.000000000000000000e+00 0.000000000000000000e+00
0.000000000000000000e+00 0.000000000000000000e+00 0.000000000000000000e+00 0.000000000000000000e+00 0.000000000000000000e+00
0.000000000000000000e+00 0.000000000000000000e+00 0.000000000000000000e+00 0.000000000000000000e+00 0.000000000000000000e+00
0.000000000000000000e+00 0.000000000000000000e+00 0.000000000000000000e+00 0.000000000000000000e+00 0.000000000000000000e+00
0.000000000000000000e+00 0.000000000000000000e+00 0.000000000000000000e+00 0.000000000000000000e+00 0.000000000000000000e+00
0.000000000000000000e+00 0.000000000000000000e+00 0.000000000000000000e+00 0.000000000000000000e+00 0.000000000000000000e+00
0.000000000000000000e+00 0.000000000000000000e+00 0.000000000000000000e+00 0.000000000000000000e+00 0.000000000000000000e+00
0.000000000000000000e+00 0.000000000000000000e+00 0.000000000000000000e+00 0.000000000000000000e+00 0.000000000000000000e+00
0.000000000000000000e+00 0.000000000000000000e+00 0.000000000000000000e+00 0.000000000000000000e+00 0.000000000000000000e+00
0.000000000000000000e+00 0.000000000000000000e+00 0.000000000000000000e+00 0.000000000000000000e+00 0.000000000000000000e+00
0.000000000000000000e+00 0.000000000000000000e+00 0.000000000000000000e+00 0.000000000000000000e+00 0.000000000000000000e+00
0.000000000000000000e+00 0.000000000000000000e+00 0.000000000000000000e+00 0.000000000000000000e+00 0.000000000000000000e+00
0.000000000000000000e+00 0.000000000000000000e+00 0.000000000000000000e+00 0.000000000000000000e+00 0.000000000000000000e+00
0.000000000000000000e+00 0.000000000000000000e+00 0.000000000000000000e+00 0.000000000000000000e+00 0.000000000000000000e+00
0.000000000000000000e+00 0.000000000000000000e+00 0.000000000000000000e+00 0.000000000000000000e+00 0.000000000000000000e+00
0.000000000000000000e+00 0.000000000000000000e+00 0.000000000000000000e+00 0.000000000000000000e+00 0.000000000000000000e+00
0.000000000000000000e+00 0.000000000000000000e+00 0.000000000000000000e+00 0.000000000000000000e+00 0.000000000000000000e+00
0.000000000000000000e+00 0.000000000000000000e+00 0.000000000000000000e+00 0.000000000000000000e+00 0.000000000000000000e+00
0.000000000000000000e+00 0.000000000000000000e+00 0.000000000000000000e+00 0.000000000000000000e+00 0.000000000000000000e+00
0.000000000000000000e+00 0.000000000000000000e+00 0.000000000000000000e+00 0.000000000000000000e+00 0.000000000000000000e+00
0.000000000000000000e+00 0.000000000000000000e+00 0.000000000000000000e+00 0.000000000000000000e+00 0.000000000000000000e+00
0.000000000000000000e+00 0.000000000000000000e+00 0.000000000000000000e+00 0.000000000000000000e+00 0.000000000000000000e+00
0.000000000000000000e+00 0.000000000000000000e+00 0.000000000000000000e+00 0.000000000000000000e+00 0.000000000000000000e+00
0.000000000000000000e+00 0.000000000000000000e+00 0.000000000000000000e+00 0.000000000000000000e+00 0.000000000000000000e+00
0.000000000000000000e+00 0.000000000000000000e+00 0.000000000000000000e+00 0.000000000000000000e+00 0.000000000000000000e+00
0.000000000000000000e+00 0.000000000000000000e+00 0.000000000000000000e+00 0.000000000000000000e+00 0.000000000000000000e+00
0.000000000000000000e+00 0.000000000000000000e+00 0.000000000000000000e+00 0.000000000000000000e+00 0.000000000000000000e+00
0.000000000000000000e+00 0.000000000000000000e+00 0.000000000000000000e+00 0.000000000000000000e+00 0.000000000000000000e+00
0.000000000000000000e+00 0.000000000000000000e+00 0.000000000000000000e+00 0.000000000000000000e+00 0.000000000000000000e+00
0.000000000000000000e+00 0.000000000000000000e+00 0.000000000000000000e+00 0.000000000000000000e+00 0.000000000000000000e+00
0.000000000000000000e+00 0.000000000000000000e+00 0.000000000000000000e+00 0.000000000000000000e+00 0.000000000000000000e+00
0.000000000000000000e+00 0.000000000000000000e+00 0.000000000000000000e+00 0.000000000000000000e+00 0.000000000000000000e+00
0.000000000000000000e+00 0.000000000000000000e+00 0.000000000000000000e+00 0.000000000000000000e+00 0.000000000000000000e+00
0.000000000000000000e+00 0.000000000000000000e+00 0.000000000000000000e+00 0.000000000000000000e+00 0.000000000000000000e+00
0.000000000000000000e+00 0.000000000000000000e+00 0.000000000000000000e+00 0.000000000000000000e+00 0.000000000000000000e+00
0.000000000000000000e+00 0.000000000000000000e+00 0.000000000000000000e+00 0.000000000000000000e+00 0.000000000000000000e+00
0.000000000000000000e+00 0.000000000000000000e+00 0.000000000000000000e+00 0.000000000000000000e+00 0.000000000000000000e+00
0.000000000000000000e+00 0.000000000000000000e+00 0.000000000000000000e+00 0.000000000000000000e+00 0.000000000000000000e+00
0.000000000000000000e+00 0.000000000000000000e+00 0.000000000000000000e+00 0.000000000000000000e+00 0.000000000000000000e+00
0.000000000000000000e+00 0.000000000000000000e+00 0.000000000000000000e+00 0.000000000000000000e+00 0.000000000000000000e+00
0.000000000000000000e+00 0.000000000000000000e+00 0.000000000000000000e+00 0.000000000000000000e+00 0.000000000000000000e+00
0.000000000000000000e+00 0.000000000000000000e+00 0.000000000000000000e+00 0.000000000000000000e+00 0.000000000000000000e+00
0.000000000000000000e+00 0.000000000000000000e+00 0.000000000000000000e+00 0.000000000000000000e+00 0.000000000000000000e+00
0.000000000000000000e+00 0.000000000000000000e+00 0.000000000000000000e+00 0.000000000000000000e+00 0.000000000000000000e+00
0.000000000000000000e+00 0.000000000000000000e+00 0.000000000000000000e+00 0.000000000000000000e+00 0.000000000000000000e+00
0.000000000000000000e+00 0.000000000000000000e+00 0.000000000000000000e+00 0.000000000000000000e+00 0.000000000000000000e+00
0.000000000000000000e+00 0.000000000000000000e+00 0.000000000000000000e+00 0.000000000000000000e+00 0.000000000000000000e+00
0.000000000000000000e+00 0.000000000000000000e+00 0.000000000000000000e+00 0.000000000000000000e+00 0.000000000000000000e+00
0.000000000000000000e+00 0.000000000000000000e+00 0.000000000000000000e+00 0.000000000000000000e+00 0.000000000000000000e+00
0.000000000000000000e+00 0.000000000000000000e+00 0.000000000000000000e+00 0.000000000000000000e+00 0.000000000000000000e+00
0.000000000000000000e+00 0.000000000000000000e+00 0.000000000000000000e+00 0.000000000000000000e+00 0.000000000000000000e+00
0.000000000000000000e+00 0.000000000000000000e+00 0.000000000000000000e+00 0.000000000000000000e+00 0.000000000000000000e+00
0.000000000000000000e+00 0.000000000000000000e+00 0.000000000000000000e+00 0.000000000000000000e+00 0.000000000000000000e+00
0.000000000000000000e+00 0.000000000000000000e+00 0.000000000000000000e+00 0.000000000000000000e+00 0.000000000000000000e+00
0.000000000000000000e+00 0.000000000000000000e+00 0.000000000000000000e+00 0.000000000000000000e+00 0.000000000000000000e+00
0.000000000000000000e+00 0.000000000000000000e+00 0.000000000000000000e+00 0.000000000000000000e+00 0.000000000000000000e+00
0.000000000000000000e+00 0.000000000000000000e+00 0.000000000000000000e+00 0.000000000000000000e+00 0.000000000000000000e+00
0.000000000000000000e+00 0.000000000000000000e+00 0.000000000000000000e+00 0.000000000000000000e+00 0.000000000000000000e+00
0.000000000000000000e+00 0.000000000000000000e+00 0.000000000000000000e+00 0.000000000000000000e+00 0.000000000000000000e+00
0.000000000000000000e+00 0.000000000000000000e+00 0.000000000000000000e+00 0.000000000000000000e+00 0.000000000000000000e+00
0.000000000000000000e+00 0.000000000000000000e+00 0.000000000000000000e+00 0.000000000000000000e+00 0.000000000000000000e+00
0.000000000000000000e+00 0.000000000000000000e+00 0.000000000000000000e+00 0.000000000000000000e+00 0.000000000000000000e+00
0.000000000000000000e+00 0.000000000000000000e+00 0.000000000000000000e+00 0.000000000000000000e+00 0.000000000000000000e+00
0.000000000000000000e+00 0.000000000000000000e+00 0.000000000000000000e+00 0.000000000000000000e+00 0.000000000000000000e+00
0.000000000000000000e+00 0.000000000000000000e+00 0.000000000000000000e+00 0.000000000000000000e+00 0.000000000000000000e+00
0.000000000000000000e+00 0.000000000000000000e+00 0.000000000000000000e+00 0.000000000000000000e+00 0.000000000000000000e+00
0.000000000000000000e+00 0.000000000000000000e+00 0.000000000000000000e+00 0.000000000000000000e+00 0.000000000000000000e+00
0.000000000000000000e+00 0.000000000000000000e+00 0.000000000000000000e+00 0.000000000000000000e+00 0.000000000000000000e+00
0.000000000000000000e+00 0.000000000000000000e+00 0.000000000000000000e+00 0.000000000000000000e+00 0.000000000000000000e+00
0.000000000000000000e+00 0.000000000000000000e+00 0.000000000000000000e+00 0.000000000000000000e+00 0.000000000000000000e+00
0.000000000000000000e+00 0.000000000000000000e+00 0.000000000000000000e+00 0.000000000000000000e+00 0.000000000000000000e+00
0.000000000000000000e+00 0.000000000000000000e+00 0.000000000000000000e+00 0.000000000000000000e+00 0.000000000000000000e+00
0.000000000000000000e+00 0.000000000000000000e+00 0.000000000000000000e+00 0.000000000000000000e+00 0.000000000000000000e+00
0.000000000000000000e+00 0.000000000000000000e+00 0.000000000000000000e+00 0.000000000000000000e+00 0.000000000000000000e+00
0.000000000000000000e+00 0.000000000000000000e+00 0.000000000000000000e+00 0.000000000000000000e+00 0.000000000000000000e+00
0.000000000000000000e+00 0.000000000000000000e+00 0.000000000000000000e+00 0.000000000000000000e+00 0.000000000000000000e+00
0.000000000000000000e+00 0.000000000000000000e+00 0.000000000000000000e+00 0.000000000000000000e+00 0.000000000000000000e+00
0.000000000000000000e+00 0.000000000000000000e+00 0.000000000000000000e+00 0.000000000000000000e+00 0.000000000000000000e+00
0.000000000000000000e+00 0.000000000000000000e+00 0.000000000000000000e+00 0.000000000000000000e+00 0.000000000000000000e+00
0.000000000000000000e+00 0.000000000000000000e+00 0.000000000000000000e+00 0.000000000000000000e+00 0.000000000000000000e+00
0.000000000000000000e+00 0.000000000000000000e+00 0.000000000000000000e+00 0.000000000000000000e+00 0.000000000000000000e+00
0.000000000000000000e+00 0.000000000000000000e+00 0.000000000000000000e+00 0.000000000000000000e+00 0.000000000000000000e+00
0.000000000000000000e+00 0.000000000000000000e+00 0.000000000000000000e+00 0.000000000000000000e+00 0.000000000000000000e+00
0.000000000000000000e+00 0.000000000000000000e+00 0.000000000000000000e+00 0.000000000000000000e+00 0.000000000000000000e+00
0.000000000000000000e+00 0.000000000000000000e+00 0.000000000000000000e+00 0.000000000000000000e+00 0.000000000000000000e+00
0.000000000000000000e+00 0.000000000000000000e+00 0.000000000000000000e+00 0.000000000000000000e+00 0.000000000000000000e+00
0.000000000000000000e+00 0.000000000000000000e+00 0.000000000000000000e+00 0.000000000000000000e+00 0.000000000000000000e+00
0.000000000000000000e+00 0.000000000000000000e+00 0.000000000000000000e+00 0.000000000000000000e+00 0.000000000000000000e+00
0.000000000000000000e+00 0.000000000000000000e+00 0.000000000000000000e+00 0.000000000000000000e+00 0.000000000000000000e+00
0.000000000000000000e+00 0.000000000000000000e+00 0.000000000000000000e+00 0.000000000000000000e+00 0.000000000000000000e+00
0.000000000000000000e+00 0.000000000000000000e+00 0.000000000000000000e+00 0.000000000000000000e+00 0.000000000000000000e+00
0.000000000000000000e+00 0.000000000000000000e+00 0.000000000000000000e+00 0.000000000000000000e+00 0.000000000000000000e+00
0.000000000000000000e+00 0.000000000000000000e+00 0.000000000000000000e+00 0.000000000000000000e+00 0.000000000000000000e+00
0.000000000000000000e+00 0.000000000000000000e+00 0.000000000000000000e+00 0.000000000000000000e+00 0.000000000000000000e+00
0.000000000000000000e+00 0.000000000000000000e+00 0.000000000000000000e+00 0.000000000000000000e+00 0.000000000000000000e+00
0.000000000000000000e+00 0.000000000000000000e+00 0.000000000000000000e+00 0.000000000000000000e+00 0.000000000000000000e+00
0.000000000000000000e+00 0.000000000000000000e+00 0.000000000000000000e+00 0.000000000000000000e+00 0.000000000000000000e+00
0.000000000000000000e+00 0.000000000000000000e+00 0.000000000000000000e+00 0.000000000000000000e+00 0.000000000000000000e+00
0.000000000000000000e+00 0.000000000000000000e+00 0.000000000000000000e+00 0.000000000000000000e+00 0.000000000000000000e+00
0.000000000000000000e+00 0.000000000000000000e+00 0.000000000000000000e+00 0.000000000000000000e+00 0.000000000000000000e+00
0.000000000000000000e+00 0.000000000000000000e+00 0.000000000000000000e+00 0.000000000000000000e+00 0.000000000000000000e+00
0.000000000000000000e+00 0.000000000000000000e+00 0.000000000000000000e+00 0.000000000000000000e+00 0.000000000000000000e+00
0.000000000000000000e+00 0.000000000000000000e+00 0.000000000000000000e+00 0.000000000000000000e+00 0.000000000000000000e+00
0.000000000000000000e+00 0.000000000000000000e+00 0.000000000000000000e+00 0.000000000000000000e+00 0.000000000000000000e+00
0.000000000000000000e+00 0.000000000000000000e+00 0.000000000000000000e+00 0.000000000000000000e+00 0.000000000000000000e+00
0.000000000000000000e+00 0.000000000000000000e+00 0.000000000000000000e+00 0.000000000000000000e+00 0.000000000000000000e+00
0.000000000000000000e+00 0.000000000000000000e+00 0.000000000000000000e+00 0.000000000000000000e+00 0.000000000000000000e+00
0.000000000000000000e+00 0.000000000000000000e+00 0.000000000000000000e+00 0.000000000000000000e+00 0.000000000000000000e+00
0.000000000000000000e+00 0.000000000000000000e+00 0.000000000000000000e+00 0.000000000000000000e+00 0.000000000000000000e+00
0.000000000000000000e+00 0.000000000000000000e+00 0.000000000000000000e+00 0.000000000000000000e+00 0.000000000000000000e+00
0.000000000000000000e+00 0.000000000000000000e+00 0.000000000000000000e+00 0.000000000000000000e+00 0.000000000000000000e+00
0.000000000000000000e+00 0.000000000000000000e+00 0.000000000000000000e+00 0.000000000000000000e+00 0.000000000000000000e+00
0.000000000000000000e+00 0.000000000000000000e+00 0.000000000000000000e+00 0.000000000000000000e+00 0.000000000000000000e+00
0.000000000000000000e+00 0.000000000000000000e+00 0.000000000000000000e+00 0.000000000000000000e+00 0.000000000000000000e+00
0.000000000000000000e+00 0.000000000000000000e+00 0.000000000000000000e+00 0.000000000000000000e+00 0.000000000000000000e+00
0.000000000000000000e+00 0.000000000000000000e+00 0.000000000000000000e+00 0.000000000000000000e+00 0.000000000000000000e+00
0.000000000000000000e+00 0.000000000000000000e+00 0.000000000000000000e+00 0.000000000000000000e+00 0.000000000000000000e+00
0.000000000000000000e+00 0.000000000000000000e+00 0.000000000000000000e+00 0.000000000000000000e+00 0.000000000000000000e+00
0.000000000000000000e+00 0.000000000000000000e+00 0.000000000000000000e+00 0.000000000000000000e+00 0.000000000000000000e+00
0.000000000000000000e+00 0.000000000000000000e+00 0.000000000000000000e+00 0.000000000000000000e+00 0.000000000000000000e+00
0.000000000000000000e+00 0.000000000000000000e+00 0.000000000000000000e+00 0.000000000000000000e+00 0.000000000000000000e+00
0.000000000000000000e+00 0.000000000000000000e+00 0.000000000000000000e+00 0.000000000000000000e+00 0.000000000000000000e+00
0.000000000000000000e+00 0.000000000000000000e+00 0.000000000000000000e+00 0.000000000000000000e+00 0.000000000000000000e+00
0.000000000000000000e+00 0.000000000000000000e+00 0.000000000000000000e+00 0.000000000000000000e+00 0.000000000000000000e+00
0.000000000000000000e+00 0.000000000000000000e+00 0.000000000000000000e+00 0.000000000000000000e+00 0.000000000000000000e+00
0.000000000000000000e+00 0.000000000000000000e+00 0.000000000000000000e+00 0.000000000000000000e+00 0.000000000000000000e+00
0.000000000000000000e+00 0.000000000000000000e+00 0.000000000000000000e+00 0.000000000000000000e+00 0.000000000000000000e+00
0.000000000000000000e+00 0.000000000000000000e+00 0.000000000000000000e+00 0.000000000000000000e+00 0.000000000000000000e+00
0.000000000000000000e+00 0.000000000000000000e+00 0.000000000000000000e+00 0.000000000000000000e+00 0.000000000000000000e+00
0.000000000000000000e+00 0.000000000000000000e+00 0.000000000000000000e+00 0.000000000000000000e+00 0.000000000000000000e+00
0.000000000000000000e+00 0.000000000000000000e+00 0.000000000000000000e+00 0.000000000000000000e+00 0.000000000000000000e+00
0.000000000000000000e+00 0.000000000000000000e+00 0.000000000000000000e+00 0.000000000000000000e+00 0.000000000000000000e+00
0.000000000000000000e+00 0.000000000000000000e+00 0.000000000000000000e+00 0.000000000000000000e+00 0.000000000000000000e+00
0.000000000000000000e+00 0.000000000000000000e+00 0.000000000000000000e+00 0.000000000000000000e+00 0.000000000000000000e+00
0.000000000000000000e+00 0.000000000000000000e+00 0.000000000000000000e+00 0.000000000000000000e+00 0.000000000000000000e+00
0.000000000000000000e+00 0.000000000000000000e+00 0.000000000000000000e+00 0.000000000000000000e+00 0.000000000000000000e+00
0.000000000000000000e+00 0.000000000000000000e+00 0.000000000000000000e+00 0.000000000000000000e+00 0.000000000000000000e+00
0.000000000000000000e+00 0.000000000000000000e+00 0.000000000000000000e+00 0.000000000000000000e+00 0.000000000000000000e+00
0.000000000000000000e+00 0.000000000000000000e+00 0.000000000000000000e+00 0.000000000000000000e+00 0.000000000000000000e+00
0.000000000000000000e+00 0.000000000000000000e+00 0.000000000000000000e+00 0.000000000000000000e+00 0.000000000000000000e+00
0.000000000000000000e+00 0.000000000000000000e+00 0.000000000000000000e+00 0.000000000000000000e+00 0.000000000000000000e+00
0.000000000000000000e+00 0.000000000000000000e+00 0.000000000000000000e+00 0.000000000000000000e+00 0.000000000000000000e+00
0.000000000000000000e+00 0.000000000000000000e+00 0.000000000000000000e+00 0.000000000000000000e+00 0.000000000000000000e+00
0.000000000000000000e+00 0.000000000000000000e+00 0.000000000000000000e+00 0.000000000000000000e+00 0.000000000000000000e+00
0.000000000000000000e+00 0.000000000000000000e+00 0.000000000000000000e+00 0.000000000000000000e+00 0.000000000000000000e+00
0.000000000000000000e+00 0.000000000000000000e+00 0.000000000000000000e+00 0.000000000000000000e+00 0.000000000000000000e+00
0.000000000000000000e+00 0.000000000000000000e+00 0.000000000000000000e+00 0.000000000000000000e+00 0.000000000000000000e+00
0.000000000000000000e+00 0.000000000000000000e+00 0.000000000000000000e+00 0.000000000000000000e+00 0.000000000000000000e+00
0.000000000000000000e+00 0.000000000000000000e+00 1.982420985808570901e-01 1.312223377697006121e+01 1.302010185711653278e+01
0.000000000000000000e+00 0.000000000000000000e+00 0.000000000000000000e+00 1.058081241467325029e+01 1.435730190708754428e+01
0.000000000000000000e+00 0.000000000000000000e+00 0.000000000000000000e+00 6.883079425407810703e+00 1.415675150670720051e+01
0.000000000000000000e+00 0.000000000000000000e+00 0.000000000000000000e+00 2.762188139487557592e+00 1.268314199577033818e+01
1.123113072207182483e+00 0.000000000000000000e+00 0.000000000000000000e+00 0.000000000000000000e+00 1.037032498133349101e+01
4.442607554786787816e+00 0.000000000000000000e+00 0.000000000000000000e+00 0.000000000000000000e+00 7.624052653527229495e+00
7.054638838236220622e+00 0.000000000000000000e+00 0.000000000000000000e+00 0.000000000000000000e+00 4.778673956154543490e+00
8.961893204414668190e+00 0.000000000000000000e+00 0.000000000000000000e+00 0.000000000000000000e+00 1.998535882314773193e+00
1.019300613794145072e+01 6.517966697665040776e-01 0.000000000000000000e+00 0.000000000000000000e+00 0.000000000000000000e+00
1.076284064202138424e+01 3.132615470156909332e+00 0.000000000000000000e+00 0.000000000000000000e+00 0.000000000000000000e+00
1.069812000379573469e+01 5.312632144299335835e+00 0.000000000000000000e+00 0.000000000000000000e+00 0.000000000000000000e+00
1.003247026038569878e+01 7.066343716792974128e+00 0.000000000000000000e+00 0.000000000000000000e+00 0.000000000000000000e+00
8.818782515924995735e+00 8.297978480040518079e+00 0.000000000000000000e+00 0.000000000000000000e+00 0.000000000000000000e+00
7.143295221762156366e+00 8.956145631491940762e+00 1.767097927208843844e+00 0.000000000000000000e+00 0.000000000000000000e+00
5.159408681948065123e+00 9.029886783752427704e+00 3.842954227004357737e+00 0.000000000000000000e+00 0.000000000000000000e+00
3.039845163702911357e+00 8.542833280990627998e+00 5.492763021304221560e+00 0.000000000000000000e+00 0.000000000000000000e+00
9.351501529460306550e-01 7.556203598563445922e+00 6.625901869520719245e+00 0.000000000000000000e+00 0.000000000000000000e+00
0.000000000000000000e+00 6.165805624162032039e+00 7.213387200004801159e+00 1.041806452581334197e+00 0.000000000000000000e+00
0.000000000000000000e+00 4.505805070547914681e+00 7.282749180233134112e+00 2.763731398520890448e+00 0.000000000000000000e+00
0.000000000000000000e+00 2.723790333229876737e+00 6.892684848850107571e+00 4.148833260643995935e+00 0.000000000000000000e+00
0.000000000000000000e+00 9.465678310066025780e-01 6.110181064510764593e+00 5.137169886338140756e+00 0.000000000000000000e+00
0.000000000000000000e+00 0.000000000000000000e+00 5.010123307979402085e+00 5.701583828906488627e+00 7.300958202463253555e-01
0.000000000000000000e+00 0.000000000000000000e+00 3.688167859072520205e+00 5.851042371783285567e+00 2.207285949045930007e+00
0.000000000000000000e+00 0.000000000000000000e+00 2.255507327187795674e+00 5.621489315160093092e+00 3.411875041939482323e+00
0.000000000000000000e+00 0.000000000000000000e+00 8.142744074793141218e-01 5.060527870145769214e+00 4.289256934578463465e+00
0.000000000000000000e+00 0.000000000000000000e+00 0.000000000000000000e+00 4.225587258751998476e+00 4.811024489381570568e+00
0.000000000000000000e+00 0.000000000000000000e+00 0.000000000000000000e+00 3.182130602232509986e+00 4.980116704840689579e+00
0.000000000000000000e+00 0.000000000000000000e+00 0.000000000000000000e+00 2.000508678574018262e+00 4.826326737707981707e+00
0.000000000000000000e+00 0.000000000000000000e+00 0.000000000000000000e+00 7.554802627307461993e-01 4.386269016217434036e+00
4.794470572630006311e-01 0.000000000000000000e+00 0.000000000000000000e+00 0.000000000000000000e+00 3.699266201615841076e+00
1.628108508653961950e+00 0.000000000000000000e+00 0.000000000000000000e+00 0.000000000000000000e+00 2.816687799918048629e+00
2.622071582764533559e+00 0.000000000000000000e+00 0.000000000000000000e+00 0.000000000000000000e+00 1.805534847091216699e+00
3.406032154096136910e+00 0.000000000000000000e+00 0.000000000000000000e+00 0.000000000000000000e+00 7.345434777604412657e-01
3.941779847133550341e+00 3.312449799058616584e-01 0.000000000000000000e+00 0.000000000000000000e+00 0.000000000000000000e+00
4.209797446894407713e+00 1.334316712721622666e+00 0.000000000000000000e+00 0.000000000000000000e+00 0.000000000000000000e+00
4.209234330153185155e+00 2.214407372171069976e+00 0.000000000000000000e+00 0.000000000000000000e+00 0.000000000000000000e+00
3.952346591772112561e+00 2.921819177315979843e+00 0.000000000000000000e+00 0.000000000000000000e+00 0.000000000000000000e+00
3.463614274113111069e+00 3.419286337571001422e+00 0.000000000000000000e+00 0.000000000000000000e+00 0.000000000000000000e+00
2.780436870082930945e+00 3.684113538579387281e+00 8.873680646960895313e-01 0.000000000000000000e+00 0.000000000000000000e+00
1.963863070524316079e+00 3.703787966607548832e+00 1.730418628854471619e+00 0.000000000000000000e+00 0.000000000000000000e+00
1.082782880223588595e+00 3.483979174864553219e+00 2.398105211130832526e+00 0.000000000000000000e+00 0.000000000000000000e+00
2.019121566612402385e-01 3.051770232780596892e+00 2.852445780974613321e+00 0.000000000000000000e+00 0.000000000000000000e+00
0.000000000000000000e+00 2.450714538770145001e+00 3.080041227854600105e+00 6.267851582754313533e-01 0.000000000000000000e+00
0.000000000000000000e+00 1.736975261645039792e+00 3.088140181685115060e+00 1.344957716274171933e+00 0.000000000000000000e+00
0.000000000000000000e+00 9.690800218072850303e-01 2.896302001232919920e+00 1.917568221620569169e+00 0.000000000000000000e+00
0.000000000000000000e+00 2.010799339028566945e-01 2.532180240340254684e+00 2.318341609467965636e+00 0.000000000000000000e+00
0.000000000000000000e+00 0.000000000000000000e+00 2.030826719848432660e+00 2.534565143312029090e+00 5.220421416832032868e-01
0.000000000000000000e+00 0.000000000000000000e+00 1.436231086542398838e+00 2.568368543976888407e+00 1.152266701571753593e+00
0.000000000000000000e+00 0.000000000000000000e+00 7.958662549036114031e-01 2.433086046148899229e+00 1.657226401967116569e+00
0.000000000000000000e+00 0.000000000000000000e+00 1.549859371854077350e-01 2.150242544900132113e+00 2.013300809363320010e+00
0.000000000000000000e+00 0.000000000000000000e+00 0.000000000000000000e+00 1.748310137237068851e+00 2.208657584765406856e+00
0.000000000000000000e+00 0.000000000000000000e+00 0.000000000000000000e+00 1.257468286753084197e+00 2.246992573623246781e+00
0.000000000000000000e+00 0.000000000000000000e+00 0.000000000000000000e+00 7.096932649219741540e-01 2.140860437660654370e+00
0.000000000000000000e+00 0.000000000000000000e+00 0.000000000000000000e+00 1.394636599078779848e-01 1.905845090302646483e+00
4.189169878599567909e-01 0.000000000000000000e+00 0.000000000000000000e+00 0.000000000000000000e+00 1.560798161090386271e+00
9.287523279540971233e-01 0.000000000000000000e+00 0.000000000000000000e+00 0.000000000000000000e+00 1.131420605812789804e+00
1.359692994949690314e+00 0.000000000000000000e+00 0.000000000000000000e+00 0.000000000000000000e+00 6.485086800491673964e-01
1.687477127250122333e+00 0.000000000000000000e+00 0.000000000000000000e+00 0.000000000000000000e+00 1.443322839763040988e-01
1.895630268935359686e+00 3.494359953333309732e-01 0.000000000000000000e+00 0.000000000000000000e+00 0.000000000000000000e+00
1.976648050910165821e+00 8.032426619189189099e-01 0.000000000000000000e+00 0.000000000000000000e+00 0.000000000000000000e+00
1.931033034535832416e+00 1.189568362502404941e+00 0.000000000000000000e+00 0.000000000000000000e+00 0.000000000000000000e+00
1.766337157935520485e+00 1.486584095381228376e+00 0.000000000000000000e+00 0.000000000000000000e+00 0.000000000000000000e+00
1.496851532519636319e+00 1.678878562636116456e+00 1.727643745355923188e-01 0.000000000000000000e+00 0.000000000000000000e+00
1.145096668592674227e+00 1.757060881613930592e+00 6.057946269751380841e-01 0.000000000000000000e+00 0.000000000000000000e+00
7.417712863328852491e-01 1.717971529772402528e+00 9.731139373076902466e-01 0.000000000000000000e+00 0.000000000000000000e+00
3.192966524128186823e-01 1.568512153730640124e+00 1.248965480557145513e+00 0.000000000000000000e+00 0.000000000000000000e+00
0.000000000000000000e+00 1.325441781531751628e+00 1.419911006020440514e+00 9.436518874741443852e-02 0.000000000000000000e+00
0.000000000000000000e+00 1.012298312226539432e+00 1.483161888606218115e+00 4.688712224353449587e-01 0.000000000000000000e+00
0.000000000000000000e+00 6.562789261461637880e-01 1.444013617936771965e+00 7.839556850686263401e-01 0.000000000000000000e+00
0.000000000000000000e+00 2.845191953370669879e-01 1.313188961621439166e+00 1.023231067807433448e+00 0.000000000000000000e+00
0.000000000000000000e+00 0.000000000000000000e+00 1.105781248186417098e+00 1.176615005071382836e+00 7.895255204956351525e-02
0.000000000000000000e+00 0.000000000000000000e+00 8.407767443991881473e-01 1.240587981039707133e+00 4.092294583108129213e-01
0.000000000000000000e+00 0.000000000000000000e+00 5.402780602964836199e-01 1.218080741040627357e+00 6.876173017828870471e-01
0.000000000000000000e+00 0.000000000000000000e+00 2.269589033725400995e-01 1.117164509173609099e+00 8.994766357985942706e-01
0.000000000000000000e+00 0.000000000000000000e+00 0.000000000000000000e+00 9.500959399689286045e-01 1.035745880107152628e+00
0.000000000000000000e+00 0.000000000000000000e+00 0.000000000000000000e+00 7.316850646945827208e-01 1.093724142978754532e+00
0.000000000000000000e+00 0.000000000000000000e+00 0.000000000000000000e+00 4.768871642010966694e-01 1.077420463271032469e+00
0.000000000000000000e+00 0.000000000000000000e+00 0.000000000000000000e+00 2.018388225833143423e-01 9.936182852207462446e-01
7.655379822904573306e-02 0.000000000000000000e+00 0.000000000000000000e+00 0.000000000000000000e+00 8.505947334918956271e-01
3.400864431054874126e-01 0.000000000000000000e+00 0.000000000000000000e+00 0.000000000000000000e+00 6.590233387310989732e-01
5.724072676154843275e-01 0.000000000000000000e+00 0.000000000000000000e+00 0.000000000000000000e+00 4.326800189187119394e-01
7.597108611509520992e-01 0.000000000000000000e+00 0.000000000000000000e+00 0.000000000000000000e+00 1.872310165338793853e-01
8.917473271610187879e-01 6.102607411843613550e-02 0.000000000000000000e+00 0.000000000000000000e+00 0.000000000000000000e+00
9.622992294850748474e-01 2.968342307194981600e-01 0.000000000000000000e+00 0.000000000000000000e+00 0.000000000000000000e+00
9.694039273305236071e-01 5.053143292432057398e-01 0.000000000000000000e+00 0.000000000000000000e+00 0.000000000000000000e+00
9.149931662603294491e-01 6.742298597527990323e-01 0.000000000000000000e+00 0.000000000000000000e+00 0.000000000000000000e+00
8.046241446426423138e-01 7.943037952523980261e-01 0.000000000000000000e+00 0.000000000000000000e+00 0.000000000000000000e+00
6.471513833536302052e-01 8.596739597718635606e-01 2.088216877965999863e-01 0.000000000000000000e+00 0.000000000000000000e+00
4.565517610227736722e-01 8.666536645902580549e-01 4.079383538419503186e-01 0.000000000000000000e+00 0.000000000000000000e+00
2.489868157681733585e-01 8.161859554279687901e-01 5.664884111249427479e-01 0.000000000000000000e+00 0.000000000000000000e+00
4.017234985995320889e-02 7.147114678113362096e-01 6.751249770179650334e-01 0.000000000000000000e+00 0.000000000000000000e+00
0.000000000000000000e+00 5.727770665233514746e-01 7.302839177014354144e-01 1.569353372499975863e-01 0.000000000000000000e+00
0.000000000000000000e+00 4.032934816777719034e-01 7.328489843968770678e-01 3.280565986346358209e-01 0.000000000000000000e+00
0.000000000000000000e+00 2.197911152889734654e-01 6.868654117821834104e-01 4.646970244879179979e-01 0.000000000000000000e+00
0.000000000000000000e+00 3.537269097961948799e-02 5.988972236290315276e-01 5.603622682803433008e-01 0.000000000000000000e+00
0.000000000000000000e+00 0.000000000000000000e+00 4.776486851127365596e-01 6.117372807421238567e-01 1.385934870141503072e-01
0.000000000000000000e+00 0.000000000000000000e+00 3.336062834926727949e-01 6.187831194068872387e-01 2.900681036634592536e-01
0.000000000000000000e+00 0.000000000000000000e+00 1.780623258743781467e-01 5.843584332371033474e-01 4.110977961139666848e-01
0.000000000000000000e+00 0.000000000000000000e+00 2.215865965134931545e-02 5.137497985975656434e-01 4.958646226512948840e-01
0.000000000000000000e+00 0.000000000000000000e+00 0.000000000000000000e+00 4.141922005654810057e-01 5.414123792545053604e-01
0.000000000000000000e+00 0.000000000000000000e+00 0.000000000000000000e+00 2.930330152657373288e-01 5.485816508168575023e-01
0.000000000000000000e+00 0.000000000000000000e+00 0.000000000000000000e+00 1.580499845093020772e-01 5.202519879181994877e-01
0.000000000000000000e+00 0.000000000000000000e+00 0.000000000000000000e+00 1.779004516725538054e-02 4.601748788931389611e-01
1.191325550306273351e-01 0.000000000000000000e+00 0.000000000000000000e+00 0.000000000000000000e+00 3.731183875584771492e-01
2.435193857345192281e-01 0.000000000000000000e+00 0.000000000000000000e+00 0.000000000000000000e+00 2.653763471492243675e-01
3.479456208592698885e-01 0.000000000000000000e+00 0.000000000000000000e+00 0.000000000000000000e+00 1.444994331777666174e-01
4.264383439113917929e-01 0.000000000000000000e+00 0.000000000000000000e+00 0.000000000000000000e+00 1.865656303708819810e-02
4.749369135631582028e-01 1.039903908208992811e-01 0.000000000000000000e+00 0.000000000000000000e+00 0.000000000000000000e+00
4.915045537683823684e-01 2.157769310898260962e-01 0.000000000000000000e+00 0.000000000000000000e+00 0.000000000000000000e+00
4.762674077731554600e-01 3.098713569831791359e-01 0.000000000000000000e+00 0.000000000000000000e+00 0.000000000000000000e+00
4.312973827735919197e-01 3.809190670725784988e-01 0.000000000000000000e+00 0.000000000000000000e+00 0.000000000000000000e+00
3.604508132765058548e-01 4.252176054164622521e-01 6.260508457885848033e-02 0.000000000000000000e+00 0.000000000000000000e+00
2.698048386483390404e-01 4.404338263618866600e-01 1.692364462328354857e-01 0.000000000000000000e+00 0.000000000000000000e+00
1.671959937056529122e-01 4.260648680189911275e-01 2.582294116222639269e-01 0.000000000000000000e+00 0.000000000000000000e+00
6.077436309894040239e-02 3.842963736647417305e-01 3.235698828304768293e-01 0.000000000000000000e+00 0.000000000000000000e+00
0.000000000000000000e+00 3.197356303765107044e-01 3.622858821829336162e-01 4.245246032777152262e-02 0.000000000000000000e+00
0.000000000000000000e+00 2.385164721093991080e-01 3.739245900093342012e-01 1.348261432326258169e-01 0.000000000000000000e+00
0.000000000000000000e+00 1.474173610513551391e-01 3.599014581646379218e-01 2.114411846108597559e-01 0.000000000000000000e+00
0.000000000000000000e+00 5.322215702100570323e-02 3.230656159046320641e-01 2.683773229911178837e-01 0.000000000000000000e+00
0.000000000000000000e+00 0.000000000000000000e+00 2.674623330282117073e-01 3.032993263338265577e-01 3.799313206634100798e-02
0.000000000000000000e+00 0.000000000000000000e+00 1.981063348748823560e-01 3.155095264439430891e-01 1.198399865180518470e-01
0.000000000000000000e+00 0.000000000000000000e+00 1.206156972416129597e-01 3.058766335223732646e-01 1.877426691818850635e-01
0.000000000000000000e+00 0.000000000000000000e+00 4.073599995581651118e-02 2.766293477472341888e-01 2.381857676596944029e-01
0.000000000000000000e+00 0.000000000000000000e+00 0.000000000000000000e+00 2.311119760647962484e-01 2.690865139804201611e-01
0.000000000000000000e+00 0.000000000000000000e+00 0.000000000000000000e+00 1.731175520406819934e-01 2.800956298762518615e-01
0.000000000000000000e+00 0.000000000000000000e+00 0.000000000000000000e+00 1.065176549980344362e-01 2.723283023847981044e-01
0.000000000000000000e+00 0.000000000000000000e+00 0.000000000000000000e+00 3.553111326048953578e-02 2.475498446389561569e-01
3.545605362005128242e-02 0.000000000000000000e+00 0.000000000000000000e+00 0.000000000000000000e+00 2.079992612646283934e-01
1.017143489771877574e-01 0.000000000000000000e+00 0.000000000000000000e+00 0.000000000000000000e+00 1.565876130396000598e-01
1.591767533081200892e-01 0.000000000000000000e+00 0.000000000000000000e+00 0.000000000000000000e+00 9.693636678525288652e-02
2.044539804548716200e-01 0.000000000000000000e+00 0.000000000000000000e+00 0.000000000000000000e+00 3.313389526480921277e-02
2.350828732275151989e-01 3.057947942757101648e-02 0.000000000000000000e+00 0.000000000000000000e+00 0.000000000000000000e+00
2.496436457718647084e-01 9.019445743429717333e-02 0.000000000000000000e+00 0.000000000000000000e+00 0.000000000000000000e+00
2.477919694802162565e-01 1.419671821514532362e-01 0.000000000000000000e+00 0.000000000000000000e+00 0.000000000000000000e+00
2.302194545350542687e-01 1.828723457222815318e-01 0.000000000000000000e+00 0.000000000000000000e+00 0.000000000000000000e+00
1.985782073543848336e-01 2.106869304404070664e-01 1.087001568106921515e-02 0.000000000000000000e+00 0.000000000000000000e+00
1.554771979144397021e-01 2.240160035562920593e-01 6.768588331395802848e-02 0.000000000000000000e+00 0.000000000000000000e+00
1.047155299806473566e-01 2.221347987083507058e-01 1.169582588574937243e-01 0.000000000000000000e+00 0.000000000000000000e+00
5.050015338883954291e-02 2.056266174686690595e-01 1.550302269946080280e-01 0.000000000000000000e+00 0.000000000000000000e+00
0.000000000000000000e+00 1.764640156241761848e-01 1.798395643512903375e-01 3.418561381763082167e-03 0.000000000000000000e+00
0.000000000000000000e+00 1.375773839722445602e-01 1.907421301648783984e-01 5.295671366299894295e-02 0.000000000000000000e+00
0.000000000000000000e+00 9.236471827264418344e-02 1.881524653457050944e-01 9.533953264280053963e-02 0.000000000000000000e+00
0.000000000000000000e+00 4.431765691238088306e-02 1.732749422735583855e-01 1.282829237141436263e-01 0.000000000000000000e+00
0.000000000000000000e+00 0.000000000000000000e+00 1.479710958769268059e-01 1.502920014609098187e-01 3.349994012901317403e-03
0.000000000000000000e+00 0.000000000000000000e+00 1.146461731106328125e-01 1.606982091645950683e-01 4.726539708950389107e-02
0.000000000000000000e+00 0.000000000000000000e+00 7.609314786651678875e-02 1.596605780698710786e-01 8.484843818644020874e-02
0.000000000000000000e+00 0.000000000000000000e+00 3.525731121430176335e-02 1.480804191172786222e-01 1.140472202488989895e-01
0.000000000000000000e+00 0.000000000000000000e+00 0.000000000000000000e+00 1.274845114870285512e-01 1.335252596383328938e-01
0.000000000000000000e+00 0.000000000000000000e+00 0.000000000000000000e+00 9.983055691961914557e-02 1.427317294443797568e-01
0.000000000000000000e+00 0.000000000000000000e+00 0.000000000000000000e+00 6.704336910380284675e-02 1.420633202582836929e-01
0.000000000000000000e+00 0.000000000000000000e+00 0.000000000000000000e+00 3.119669573548477376e-02 1.323435157118067473e-01
5.487617418854763562e-03 0.000000000000000000e+00 0.000000000000000000e+00 0.000000000000000000e+00 1.146130407343782798e-01
4.058359451405255808e-02 0.000000000000000000e+00 0.000000000000000000e+00 0.000000000000000000e+00 9.021546417752154823e-02
7.188550318335208689e-02 0.000000000000000000e+00 0.000000000000000000e+00 0.000000000000000000e+00 6.088025228447777742e-02
9.750488974315038582e-02 0.000000000000000000e+00 0.000000000000000000e+00 0.000000000000000000e+00 2.863945193426960939e-02
1.159992359962519204e-01 4.322067547093865619e-03 0.000000000000000000e+00 0.000000000000000000e+00 0.000000000000000000e+00
1.264405590524243783e-01 3.591894202007036435e-02 0.000000000000000000e+00 0.000000000000000000e+00 0.000000000000000000e+00
1.284527953203848660e-01 6.412037770040816820e-02 0.000000000000000000e+00 0.000000000000000000e+00 0.000000000000000000e+00
1.222033973939792573e-01 8.724399379884406613e-02 0.000000000000000000e+00 0.000000000000000000e+00 0.000000000000000000e+00
1.083723057768630760e-01 1.039944839056679282e-01 0.000000000000000000e+00 0.000000000000000000e+00 0.000000000000000000e+00
8.809622703321551285e-02 1.135262498418659893e-01 2.492264597918531291e-02 0.000000000000000000e+00 0.000000000000000000e+00
6.315972123552331119e-02 1.152969210679219286e-01 5.183221456445936959e-02 0.000000000000000000e+00 0.000000000000000000e+00
3.569017601552059576e-02 1.093557714608550668e-01 7.355344883549870538e-02 0.000000000000000000e+00 0.000000000000000000e+00
7.806273338457934280e-03 9.649065529252943973e-02 8.874552959440389077e-02 0.000000000000000000e+00 0.000000000000000000e+00
0.000000000000000000e+00 7.806652544969325258e-02 9.684528406775452791e-02 1.871626141242917554e-02 0.000000000000000000e+00
0.000000000000000000e+00 5.576709819723708883e-02 9.788720121594959855e-02 4.193137325821946759e-02 0.000000000000000000e+00
0.000000000000000000e+00 3.138128348705288007e-02 9.235180880070456566e-02 6.066183318390753337e-02 0.000000000000000000e+00
0.000000000000000000e+00 6.673947108542035121e-03 8.108344123132088521e-02 7.399296728409680834e-02 0.000000000000000000e+00
0.000000000000000000e+00 0.000000000000000000e+00 6.523087085124126827e-02 8.143115562328785695e-02 1.679743518467594066e-02
0.000000000000000000e+00 0.000000000000000000e+00 4.617340741005288712e-02 8.290983124083839417e-02 3.738931830675620155e-02
0.000000000000000000e+00 0.000000000000000000e+00 2.541052529202325605e-02 7.876279455672274832e-02 5.399733779185957039e-02
0.000000000000000000e+00 0.000000000000000000e+00 4.447005770716337507e-03 6.967100760033388684e-02 6.580186648659301640e-02
0.000000000000000000e+00 0.000000000000000000e+00 0.000000000000000000e+00 5.659302609930035033e-02 7.236560015643436761e-02
0.000000000000000000e+00 0.000000000000000000e+00 0.000000000000000000e+00 4.051803080888321390e-02 7.374750293809921586e-02
0.000000000000000000e+00 0.000000000000000000e+00 0.000000000000000000e+00 2.248429749493197766e-02 7.030580625307547571e-02
0.000000000000000000e+00 0.000000000000000000e+00 0.000000000000000000e+00 3.636121017206884760e-03 6.253418984821382254e-02
1.486104181980922243e-02 0.000000000000000000e+00 0.000000000000000000e+00 0.000000000000000000e+00 5.106672943300281931e-02
3.176162361548649088e-02 0.000000000000000000e+00 0.000000000000000000e+00 0.000000000000000000e+00 3.672885679132054104e-02
4.604918755544727682e-02 0.000000000000000000e+00 0.000000000000000000e+00 0.000000000000000000e+00 2.052114692319325154e-02
5.689682332602035569e-02 0.000000000000000000e+00 0.000000000000000000e+00 0.000000000000000000e+00 3.546128793376308180e-03
6.373169885344927288e-02 1.308003992668596745e-02 0.000000000000000000e+00 0.000000000000000000e+00 0.000000000000000000e+00
6.626064116132762694e-02 2.830699708131980200e-02 0.000000000000000000e+00 0.000000000000000000e+00 0.000000000000000000e+00
6.447361359929040803e-02 4.119576115615051354e-02 0.000000000000000000e+00 0.000000000000000000e+00 0.000000000000000000e+00
5.863248117223574668e-02 5.100598152408334501e-02 0.000000000000000000e+00 0.000000000000000000e+00 0.000000000000000000e+00
4.924654539872541648e-02 5.721944856385675904e-02 7.676643304005027237e-03 0.000000000000000000e+00 0.000000000000000000e+00
3.711810156681107781e-02 5.950728003397128679e-02 2.219628220156592835e-02 0.000000000000000000e+00 0.000000000000000000e+00
2.329867283337173911e-02 5.777993182954077600e-02 3.439007642832948852e-02 0.000000000000000000e+00 0.000000000000000000e+00
8.895156316064634083e-03 5.231270858295297005e-02 4.341949975677651674e-02 0.000000000000000000e+00 0.000000000000000000e+00
0.000000000000000000e+00 4.371693013348238593e-02 4.885895942960616356e-02 5.132654046657419630e-03 0.000000000000000000e+00
0.000000000000000000e+00 3.281523513246881879e-02 5.062666353605341230e-02 1.773593973737381396e-02 0.000000000000000000e+00
0.000000000000000000e+00 2.051935867306945577e-02 4.889686548014490070e-02 2.823892142583371914e-02 0.000000000000000000e+00
0.000000000000000000e+00 7.749086593786554296e-03 4.404441593516577463e-02 3.609860325205068582e-02 0.000000000000000000e+00
0.000000000000000000e+00 0.000000000000000000e+00 3.661196087289799589e-02 4.098523757876348927e-02 4.664003083077327035e-03
0.000000000000000000e+00 0.000000000000000000e+00 2.727477794338152225e-02 4.278892082202999381e-02 1.584406459430949196e-02
0.000000000000000000e+00 0.000000000000000000e+00 1.679038035754181618e-02 4.161297697718951971e-02 2.515978019594833706e-02
0.000000000000000000e+00 0.000000000000000000e+00 5.939337350630504060e-03 3.775053278844327925e-02 3.212368278976525382e-02
0.000000000000000000e+00 0.000000000000000000e+00 0.000000000000000000e+00 3.165120267252583691e-02 3.644210733772260125e-02
0.000000000000000000e+00 0.000000000000000000e+00 0.000000000000000000e+00 2.383160452250996167e-02 3.805342320622953634e-02
0.000000000000000000e+00 0.000000000000000000e+00 0.000000000000000000e+00 1.481576377713358927e-02 3.710068773705396672e-02
0.000000000000000000e+00 0.000000000000000000e+00 0.000000000000000000e+00 5.174863454822035969e-03 3.381995799846111012e-02
4.493870625359797435e-03 0.000000000000000000e+00 0.000000000000000000e+00 0.000000000000000000e+00 2.851294502561208324e-02
1.354475856069915427e-02 0.000000000000000000e+00 0.000000000000000000e+00 0.000000000000000000e+00 2.157090136416555184e-02
2.142029235117376765e-02 0.000000000000000000e+00 0.000000000000000000e+00 0.000000000000000000e+00 1.348133317861003808e-02
2.765388394335231703e-02 0.000000000000000000e+00 0.000000000000000000e+00 0.000000000000000000e+00 4.799411732550383156e-03
3.190363251913415354e-02 3.894519720673335610e-03 0.000000000000000000e+00 0.000000000000000000e+00 0.000000000000000000e+00
3.396816587676213667e-02 1.204970449782024992e-02 0.000000000000000000e+00 0.000000000000000000e+00 0.000000000000000000e+00
3.379265933039265341e-02 1.915156679982432664e-02 0.000000000000000000e+00 0.000000000000000000e+00 0.000000000000000000e+00
3.146556858060337025e-02 2.478329243435720836e-02 0.000000000000000000e+00 0.000000000000000000e+00 0.000000000000000000e+00
2.720825951486043406e-02 2.863703142915080199e-02 1.258833004577244617e-03 0.000000000000000000e+00 0.000000000000000000e+00
2.137112953448637789e-02 3.051913548775349663e-02 9.030486462891836735e-03 0.000000000000000000e+00 0.000000000000000000e+00
1.446938150841607651e-02 3.032445181773689782e-02 1.579094329521813986e-02 0.000000000000000000e+00 0.000000000000000000e+00
7.077285220730265662e-03 2.812631387771985861e-02 2.103467096508129797e-02 0.000000000000000000e+00 0.000000000000000000e+00
0.000000000000000000e+00 2.418998241283591699e-02 2.447387847052796481e-02 2.908726506948241565e-04 0.000000000000000000e+00
0.000000000000000000e+00 1.891366687510959502e-02 2.601558007267663897e-02 7.074517484516219465e-03 0.000000000000000000e+00
0.000000000000000000e+00 1.275896028737105378e-02 2.571115037664157069e-02 1.289185440576296957e-02 0.000000000000000000e+00
0.000000000000000000e+00 6.201860578286924434e-03 2.372120676614106541e-02 1.742792857119709882e-02 0.000000000000000000e+00
0.000000000000000000e+00 0.000000000000000000e+00 2.029784315879343964e-02 2.047502293546951332e-02 3.171935752059040770e-04
0.000000000000000000e+00 0.000000000000000000e+00 1.576856415041865203e-02 2.193800741535493343e-02 6.334953809678829997e-03
0.000000000000000000e+00 0.000000000000000000e+00 1.051329477800390377e-02 2.183426541671600746e-02 1.149606180085756095e-02
0.000000000000000000e+00 0.000000000000000000e+00 4.934078899045102849e-03 2.028380732718571347e-02 1.551733727736129276e-02
0.000000000000000000e+00 0.000000000000000000e+00 0.000000000000000000e+00 1.749366206080862560e-02 1.821312095729114844e-02
0.000000000000000000e+00 0.000000000000000000e+00 0.000000000000000000e+00 1.373190714971535102e-02 1.950428995333771537e-02
0.000000000000000000e+00 0.000000000000000000e+00 0.000000000000000000e+00 9.261076980449580928e-03 1.944257612114844158e-02
0.000000000000000000e+00 0.000000000000000000e+00 0.000000000000000000e+00 4.363864187651913390e-03 1.813925670294172163e-02
6.559006600244563726e-04 0.000000000000000000e+00 0.000000000000000000e+00 0.000000000000000000e+00 1.573569754398489173e-02
5.465756013114369399e-03 0.000000000000000000e+00 0.000000000000000000e+00 0.000000000000000000e+00 1.241461569319427839e-02
9.762871093834581820e-03 0.000000000000000000e+00 0.000000000000000000e+00 0.000000000000000000e+00 8.410952598390907323e-03
1.328750792709786424e-02 0.000000000000000000e+00 0.000000000000000000e+00 0.000000000000000000e+00 4.001959541892348947e-03
1.584049337587957462e-02 5.128393233519363322e-04 0.000000000000000000e+00 0.000000000000000000e+00 0.000000000000000000e+00
1.729278895782722023e-02 4.846715165125246513e-03 0.000000000000000000e+00 0.000000000000000000e+00 0.000000000000000000e+00
1.759057763248710743e-02 8.720392809056865327e-03 0.000000000000000000e+00 0.000000000000000000e+00 0.000000000000000000e+00
1.675492657340608288e-02 1.190224780204410943e-02 0.000000000000000000e+00 0.000000000000000000e+00 0.000000000000000000e+00
1.487771098659460695e-02 1.421354861489529733e-02 0.000000000000000000e+00 0.000000000000000000e+00 0.000000000000000000e+00
1.211377672840993971e-02 1.553708104163281645e-02 3.353454000646573577e-03 0.000000000000000000e+00 0.000000000000000000e+00
8.706100360359462359e-03 1.579750512158991163e-02 7.049246913869170773e-03 0.000000000000000000e+00 0.000000000000000000e+00
4.945659151992710771e-03 1.499996746138200325e-02 1.003856838504076608e-02 0.000000000000000000e+00 0.000000000000000000e+00
1.123249822552959331e-03 1.325091037200656213e-02 1.213568436618212357e-02 0.000000000000000000e+00 0.000000000000000000e+00
0.000000000000000000e+00 1.073648949047499752e-02 1.326157976815009291e-02 2.516817928073302423e-03 0.000000000000000000e+00
