0.000000000000000000e+00 0.000000000000000000e+00 0.000000000000000000e+00 0.000000000000000000e+00 0.000000000000000000e+00
0.000000000000000000e+00 0.000000000000000000e+00 0.000000000000000000e+00 0.000000000000000000e+00 0.000000000000000000e+00
0.000000000000000000e+00 0.000000000000000000e+00 0.000000000000000000e+00 0.000000000000000000e+00 0.000000000000000000e+00
0.000000000000000000e+00 0.000000000000000000e+00 0.000000000000000000e+00 0.000000000000000000e+00 0.000000000000000000e+00
0.000000000000000000e+00 0.000000000000000000e+00 0.000000000000000000e+00 0.000000000000000000e+00 0.000000000000000000e+00
0.000000000000000000e+00 0.000000000000000000e+00 0.000000000000000000e+00 0.000000000000000000e+00 0.000000000000000000e+00
0.000000000000000000e+00 0.000000000000000000e+00 0.000000000000000000e+00 0.000000000000000000e+00 0.000000000000000000e+00
0.000000000000000000e+00 0.000000000000000000e+00 0.000000000000000000e+00 0.000000000000000000e+00 0.000000000000000000e+00
0.000000000000000000e+00 0.000000000000000000e+00 0.000000000000000000e+00 0.000000000000000000e+00 0.000000000000000000e+00
0.000000000000000000e+00 0.000000000000000000e+00 0.000000000000000000e+00 0.000000000000000000e+00 0.000000000000000000e+00
0.000000000000000000e+00 0.000000000000000000e+00 0.000000000000000000e+00 0.000000000000000000e+00 0.000000000000000000e+00
0.000000000000000000e+00 0.000000000000000000e+00 0.000000000000000000e+00 0.000000000000000000e+00 0.000000000000000000e+00
0.000000000000000000e+00 0.000000000000000000e+00 0.000000000000000000e+00 0.000000000000000000e+00 0.000000000000000000e+00
0.000000000000000000e+00 0.000000000000000000e+00 0.000000000000000000e+00 0.000000000000000000e+00 0.000000000000000000e+00
0.000000000000000000e+00 0.000000000000000000e+00 0.000000000000000000e+00 0.000000000000000000e+00 0.000000000000000000e+00
0.000000000000000000e+00 0.000000000000000000e+00 0.000000000000000000e+00 0.000000000000000000e+00 0.000000000000000000e+00
0.000000000000000000e+00 0.000000000000000000e+00 0.000000000000000000e+00 0.000000000000000000e+00 0.000000000000000000e+00
0.000000000000000000e+00 0.000000000000000000e+00 0.000000000000000000e+00 0.000000000000000000e+00 0.000000000000000000e+00
0.000000000000000000e+00 0.000000000000000000e+00 0.000000000000000000e+00 0.000000000000000000e+00 0.000000000000000000e+00
0.000000000000000000e+00 0.000000000000000000e+00 0.000000000000000000e+00 0.000000000000000000e+00 0.000000000000000000e+00
0.000000000000000000e+00 0.000000000000000000e+00 0.000000000000000000e+00 0.000000000000000000e+00 0.000000000000000000e+00
0.000000000000000000e+00 0.000000000000000000e+00 0.000000000000000000e+00 0.000000000000000000e+00 0.000000000000000000e+00
0.000000000000000000e+00 0.000000000000000000e+00 0.000000000000000000e+00 0.000000000000000000e+00 0.000000000000000000e+00
0.000000000000000000e+00 0.000000000000000000e+00 0.000000000000000000e+00 0.000000000000000000e+00 0.000000000000000000e+00
0.000000000000000000e+00 0.000000000000000000e+00 0.000000000000000000e+00 0.000000000000000000e+00 0.000000000000000000e+00
0.000000000000000000e+00 0.000000000000000000e+00 0.000000000000000000e+00 0.000000000000000000e+00 0.000000000000000000e+00
0.000000000000000000e+00 0.000000000000000000e+00 0.000000000000000000e+00 0.000000000000000000e+00 0.000000000000000000e+00
0.000000000000000000e+00 0.000000000000000000e+00 0.000000000000000000e+00 0.000000000000000000e+00 0.000000000000000000e+00
0.000000000000000000e+00 0.000000000000000000e+00 0.000000000000000000e+00 0.000000000000000000e+00 0.000000000000000000e+00
0.000000000000000000e+00 0.000000000000000000e+00 0.000000000000000000e+00 0.000000000000000000e+00 0.000000000000000000e+00
0.000000000000000000e+00 0.000000000000000000e+00 0.000000000000000000e+00 0.000000000000000000e+00 0.000000000000000000e+00
0.000000000000000000e+00 0.000000000000000000e+00 0.000000000000000000e+00 0.000000000000000000e+00 0.000000000000000000e+00
0.000000000000000000e+00 0.000000000000000000e+00 0.000000000000000000e+00 0.000000000000000000e+00 0.000000000000000000e+00
0.000000000000000000e+00 0.000000000000000000e+00 0.000000000000000000e+00 0.000000000000000000e+00 0.000000000000000000e+00
0.000000000000000000e+00 0.000000000000000000e+00 0.000000000000000000e+00 0.000000000000000000e+00 0.000000000000000000e+00
0.000000000000000000e+00 0.000000000000000000e+00 0.000000000000000000e+00 0.000000000000000000e+00 0.000000000000000000e+00
0.000000000000000000e+00 0.000000000000000000e+00 0.000000000000000000e+00 0.000000000000000000e+00 0.000000000000000000e+00
0.000000000000000000e+00 0.000000000000000000e+00 0.000000000000000000e+00 0.000000000000000000e+00 0.000000000000000000e+00
0.000000000000000000e+00 0.000000000000000000e+00 0.000000000000000000e+00 0.000000000000000000e+00 0.000000000000000000e+00
0.000000000000000000e+00 0.000000000000000000e+00 0.000000000000000000e+00 0.000000000000000000e+00 0.000000000000000000e+00
0.000000000000000000e+00 0.000000000000000000e+00 0.000000000000000000e+00 0.000000000000000000e+00 0.000000000000000000e+00
0.000000000000000000e+00 0.000000000000000000e+00 0.000000000000000000e+00 0.000000000000000000e+00 0.000000000000000000e+00
0.000000000000000000e+00 0.000000000000000000e+00 0.000000000000000000e+00 0.000000000000000000e+00 0.000000000000000000e+00
0.000000000000000000e+00 0.000000000000000000e+00 0.000000000000000000e+00 0.000000000000000000e+00 0.000000000000000000e+00
0.000000000000000000e+00 0.000000000000000000e+00 0.000000000000000000e+00 0.000000000000000000e+00 0.000000000000000000e+00
0.000000000000000000e+00 0.000000000000000000e+00 0.000000000000000000e+00 0.000000000000000000e+00 0.000000000000000000e+00
0.000000000000000000e+00 0.000000000000000000e+00 0.000000000000000000e+00 0.000000000000000000e+00 0.000000000000000000e+00
0.000000000000000000e+00 0.000000000000000000e+00 0.000000000000000000e+00 0.000000000000000000e+00 0.000000000000000000e+00
0.000000000000000000e+00 0.000000000000000000e+00 0.000000000000000000e+00 0.000000000000000000e+00 0.000000000000000000e+00
0.000000000000000000e+00 0.000000000000000000e+00 0.000000000000000000e+00 0.000000000000000000e+00 0.000000000000000000e+00
0.000000000000000000e+00 0.000000000000000000e+00 0.000000000000000000e+00 0.000000000000000000e+00 0.000000000000000000e+00
0.000000000000000000e+00 0.000000000000000000e+00 0.000000000000000000e+00 0.000000000000000000e+00 0.000000000000000000e+00
0.000000000000000000e+00 0.000000000000000000e+00 0.000000000000000000e+00 0.000000000000000000e+00 0.000000000000000000e+00
0.000000000000000000e+00 0.000000000000000000e+00 0.000000000000000000e+00 0.000000000000000000e+00 0.000000000000000000e+00
0.000000000000000000e+00 0.000000000000000000e+00 0.000000000000000000e+00 0.000000000000000000e+00 0.000000000000000000e+00
0.000000000000000000e+00 0.000000000000000000e+00 0.000000000000000000e+00 0.000000000000000000e+00 0.000000000000000000e+00
0.000000000000000000e+00 0.000000000000000000e+00 0.000000000000000000e+00 0.000000000000000000e+00 0.000000000000000000e+00
0.000000000000000000e+00 0.000000000000000000e+00 0.000000000000000000e+00 0.000000000000000000e+00 0.000000000000000000e+00
0.000000000000000000e+00 0.000000000000000000e+00 0.000000000000000000e+00 0.000000000000000000e+00 0.000000000000000000e+00
0.000000000000000000e+00 0.000000000000000000e+00 0.000000000000000000e+00 0.000000000000000000e+00 0.000000000000000000e+00
0.000000000000000000e+00 0.000000000000000000e+00 0.000000000000000000e+00 0.000000000000000000e+00 0.000000000000000000e+00
0.000000000000000000e+00 0.000000000000000000e+00 0.000000000000000000e+00 0.000000000000000000e+00 0.000000000000000000e+00
0.000000000000000000e+00 0.000000000000000000e+00 0.000000000000000000e+00 0.000000000000000000e+00 0.000000000000000000e+00
0.000000000000000000e+00 0.000000000000000000e+00 0.000000000000000000e+00 0.000000000000000000e+00 0.000000000000000000e+00
0.000000000000000000e+00 0.000000000000000000e+00 0.000000000000000000e+00 0.000000000000000000e+00 0.000000000000000000e+00
0.000000000000000000e+00 0.000000000000000000e+00 0.000000000000000000e+00 0.000000000000000000e+00 0.000000000000000000e+00
0.000000000000000000e+00 0.000000000000000000e+00 0.000000000000000000e+00 0.000000000000000000e+00 0.000000000000000000e+00
0.000000000000000000e+00 0.000000000000000000e+00 0.000000000000000000e+00 0.000000000000000000e+00 0.000000000000000000e+00
0.000000000000000000e+00 0.000000000000000000e+00 0.000000000000000000e+00 0.000000000000000000e+00 0.000000000000000000e+00
0.000000000000000000e+00 0.000000000000000000e+00 0.000000000000000000e+00 0.000000000000000000e+00 0.000000000000000000e+00
0.000000000000000000e+00 0.000000000000000000e+00 0.000000000000000000e+00 0.000000000000000000e+00 0.000000000000000000e+00
0.000000000000000000e+00 0.000000000000000000e+00 0.000000000000000000e+00 0.000000000000000000e+00 0.000000000000000000e+00
0.000000000000000000e+00 0.000000000000000000e+00 0.000000000000000000e+00 0.000000000000000000e+00 0.000000000000000000e+00
0.000000000000000000e+00 0.000000000000000000e+00 0.000000000000000000e+00 0.000000000000000000e+00 0.000000000000000000e+00
0.000000000000000000e+00 0.000000000000000000e+00 0.000000000000000000e+00 0.000000000000000000e+00 0.000000000000000000e+00
0.000000000000000000e+00 0.000000000000000000e+00 0.000000000000000000e+00 0.000000000000000000e+00 0.000000000000000000e+00
0.000000000000000000e+00 0.000000000000000000e+00 0.000000000000000000e+00 0.000000000000000000e+00 0.000000000000000000e+00
0.000000000000000000e+00 0.000000000000000000e+00 0.000000000000000000e+00 0.000000000000000000e+00 0.000000000000000000e+00
0.000000000000000000e+00 0.000000000000000000e+00 0.000000000000000000e+00 0.000000000000000000e+00 0.000000000000000000e+00
0.000000000000000000e+00 0.000000000000000000e+00 0.000000000000000000e+00 0.000000000000000000e+00 0.000000000000000000e+00
0.000000000000000000e+00 0.000000000000000000e+00 0.000000000000000000e+00 0.000000000000000000e+00 0.000000000000000000e+00
0.000000000000000000e+00 0.000000000000000000e+00 0.000000000000000000e+00 0.000000000000000000e+00 0.000000000000000000e+00
0.000000000000000000e+00 0.000000000000000000e+00 0.000000000000000000e+00 0.000000000000000000e+00 0.000000000000000000e+00
0.000000000000000000e+00 0.000000000000000000e+00 0.000000000000000000e+00 0.000000000000000000e+00 0.000000000000000000e+00
0.000000000000000000e+00 0.000000000000000000e+00 0.000000000000000000e+00 0.000000000000000000e+00 0.000000000000000000e+00
0.000000000000000000e+00 0.000000000000000000e+00 0.000000000000000000e+00 0.000000000000000000e+00 0.000000000000000000e+00
0.000000000000000000e+00 0.000000000000000000e+00 0.000000000000000000e+00 0.000000000000000000e+00 0.000000000000000000e+00
0.000000000000000000e+00 0.000000000000000000e+00 0.000000000000000000e+00 0.000000000000000000e+00 0.000000000000000000e+00
0.000000000000000000e+00 0.000000000000000000e+00 0.000000000000000000e+00 0.000000000000000000e+00 0.000000000000000000e+00
0.000000000000000000e+00 0.000000000000000000e+00 0.000000000000000000e+00 0.000000000000000000e+00 0.000000000000000000e+00
0.000000000000000000e+00 0.000000000000000000e+00 0.000000000000000000e+00 0.000000000000000000e+00 0.000000000000000000e+00
0.000000000000000000e+00 0.000000000000000000e+00 0.000000000000000000e+00 0.000000000000000000e+00 0.000000000000000000e+00
0.000000000000000000e+00 0.000000000000000000e+00 0.000000000000000000e+00 0.000000000000000000e+00 0.000000000000000000e+00
0.000000000000000000e+00 0.000000000000000000e+00 0.000000000000000000e+00 0.000000000000000000e+00 0.000000000000000000e+00
0.000000000000000000e+00 0.000000000000000000e+00 0.000000000000000000e+00 0.000000000000000000e+00 0.000000000000000000e+00
0.000000000000000000e+00 0.000000000000000000e+00 0.000000000000000000e+00 0.000000000000000000e+00 0.000000000000000000e+00
0.000000000000000000e+00 0.000000000000000000e+00 0.000000000000000000e+00 0.000000000000000000e+00 0.000000000000000000e+00
0.000000000000000000e+00 0.000000000000000000e+00 0.000000000000000000e+00 0.000000000000000000e+00 0.000000000000000000e+00
0.000000000000000000e+00 0.000000000000000000e+00 0.000000000000000000e+00 0.000000000000000000e+00 0.000000000000000000e+00
0.000000000000000000e+00 0.000000000000000000e+00 0.000000000000000000e+00 0.000000000000000000e+00 0.000000000000000000e+00
0.000000000000000000e+00 0.000000000000000000e+00 0.000000000000000000e+00 0.000000000000000000e+00 0.000000000000000000e+00
0.000000000000000000e+00 0.000000000000000000e+00 0.000000000000000000e+00 0.000000000000000000e+00 0.000000000000000000e+00
0.000000000000000000e+00 0.000000000000000000e+00 0.000000000000000000e+00 0.000000000000000000e+00 0.000000000000000000e+00
0.000000000000000000e+00 0.000000000000000000e+00 0.000000000000000000e+00 0.000000000000000000e+00 0.000000000000000000e+00
0.000000000000000000e+00 0.000000000000000000e+00 0.000000000000000000e+00 0.000000000000000000e+00 0.000000000000000000e+00
0.000000000000000000e+00 0.000000000000000000e+00 0.000000000000000000e+00 0.000000000000000000e+00 0.000000000000000000e+00
0.000000000000000000e+00 0.000000000000000000e+00 0.000000000000000000e+00 0.000000000000000000e+00 0.000000000000000000e+00
0.000000000000000000e+00 0.000000000000000000e+00 0.000000000000000000e+00 0.000000000000000000e+00 0.000000000000000000e+00
0.000000000000000000e+00 0.000000000000000000e+00 0.000000000000000000e+00 0.000000000000000000e+00 0.000000000000000000e+00
0.000000000000000000e+00 0.000000000000000000e+00 0.000000000000000000e+00 0.000000000000000000e+00 0.000000000000000000e+00
0.000000000000000000e+00 0.000000000000000000e+00 0.000000000000000000e+00 0.000000000000000000e+00 0.000000000000000000e+00
0.000000000000000000e+00 0.000000000000000000e+00 0.000000000000000000e+00 0.000000000000000000e+00 0.000000000000000000e+00
0.000000000000000000e+00 0.000000000000000000e+00 0.000000000000000000e+00 0.000000000000000000e+00 0.000000000000000000e+00
0.000000000000000000e+00 0.000000000000000000e+00 0.000000000000000000e+00 0.000000000000000000e+00 0.000000000000000000e+00
0.000000000000000000e+00 0.000000000000000000e+00 0.000000000000000000e+00 0.000000000000000000e+00 0.000000000000000000e+00
0.000000000000000000e+00 0.000000000000000000e+00 0.000000000000000000e+00 0.000000000000000000e+00 0.000000000000000000e+00
0.000000000000000000e+00 0.000000000000000000e+00 0.000000000000000000e+00 0.000000000000000000e+00 0.000000000000000000e+00
0.000000000000000000e+00 0.000000000000000000e+00 0.000000000000000000e+00 0.000000000000000000e+00 0.000000000000000000e+00
0.000000000000000000e+00 0.000000000000000000e+00 0.000000000000000000e+00 0.000000000000000000e+00 0.000000000000000000e+00
0.000000000000000000e+00 0.000000000000000000e+00 0.000000000000000000e+00 0.000000000000000000e+00 0.000000000000000000e+00
0.000000000000000000e+00 0.000000000000000000e+00 0.000000000000000000e+00 0.000000000000000000e+00 0.000000000000000000e+00
0.000000000000000000e+00 0.000000000000000000e+00 0.000000000000000000e+00 0.000000000000000000e+00 0.000000000000000000e+00
0.000000000000000000e+00 0.000000000000000000e+00 0.000000000000000000e+00 0.000000000000000000e+00 0.000000000000000000e+00
0.000000000000000000e+00 0.000000000000000000e+00 0.000000000000000000e+00 0.000000000000000000e+00 0.000000000000000000e+00
0.000000000000000000e+00 0.000000000000000000e+00 0.000000000000000000e+00 0.000000000000000000e+00 0.000000000000000000e+00
0.000000000000000000e+00 0.000000000000000000e+00 0.000000000000000000e+00 0.000000000000000000e+00 0.000000000000000000e+00
0.000000000000000000e+00 0.000000000000000000e+00 0.000000000000000000e+00 0.000000000000000000e+00 0.000000000000000000e+00
0.000000000000000000e+00 0.000000000000000000e+00 0.000000000000000000e+00 0.000000000000000000e+00 0.000000000000000000e+00
0.000000000000000000e+00 0.000000000000000000e+00 0.000000000000000000e+00 0.000000000000000000e+00 0.000000000000000000e+00
0.000000000000000000e+00 0.000000000000000000e+00 0.000000000000000000e+00 0.000000000000000000e+00 0.000000000000000000e+00
0.000000000000000000e+00 0.000000000000000000e+00 0.000000000000000000e+00 0.000000000000000000e+00 0.000000000000000000e+00
0.000000000000000000e+00 0.000000000000000000e+00 0.000000000000000000e+00 0.000000000000000000e+00 0.000000000000000000e+00
0.000000000000000000e+00 0.000000000000000000e+00 0.000000000000000000e+00 0.000000000000000000e+00 0.000000000000000000e+00
0.000000000000000000e+00 0.000000000000000000e+00 0.000000000000000000e+00 0.000000000000000000e+00 0.000000000000000000e+00
0.000000000000000000e+00 0.000000000000000000e+00 0.000000000000000000e+00 0.000000000000000000e+00 0.000000000000000000e+00
0.000000000000000000e+00 0.000000000000000000e+00 0.000000000000000000e+00 0.000000000000000000e+00 0.000000000000000000e+00
0.000000000000000000e+00 0.000000000000000000e+00 0.000000000000000000e+00 0.000000000000000000e+00 0.000000000000000000e+00
0.000000000000000000e+00 0.000000000000000000e+00 0.000000000000000000e+00 0.000000000000000000e+00 0.000000000000000000e+00
0.000000000000000000e+00 0.000000000000000000e+00 0.000000000000000000e+00 0.000000000000000000e+00 0.000000000000000000e+00
0.000000000000000000e+00 0.000000000000000000e+00 0.000000000000000000e+00 0.000000000000000000e+00 0.000000000000000000e+00
0.000000000000000000e+00 0.000000000000000000e+00 0.000000000000000000e+00 0.000000000000000000e+00 0.000000000000000000e+00
0.000000000000000000e+00 0.000000000000000000e+00 0.000000000000000000e+00 0.000000000000000000e+00 0.000000000000000000e+00
0.000000000000000000e+00 0.000000000000000000e+00 0.000000000000000000e+00 0.000000000000000000e+00 0.000000000000000000e+00
0.000000000000000000e+00 0.000000000000000000e+00 0.000000000000000000e+00 0.000000000000000000e+00 0.000000000000000000e+00
0.000000000000000000e+00 0.000000000000000000e+00 0.000000000000000000e+00 0.000000000000000000e+00 0.000000000000000000e+00
0.000000000000000000e+00 0.000000000000000000e+00 0.000000000000000000e+00 0.000000000000000000e+00 0.000000000000000000e+00
0.000000000000000000e+00 0.000000000000000000e+00 0.000000000000000000e+00 0.000000000000000000e+00 0.000000000000000000e+00
0.000000000000000000e+00 0.000000000000000000e+00 0.000000000000000000e+00 0.000000000000000000e+00 0.000000000000000000e+00
0.000000000000000000e+00 0.000000000000000000e+00 0.000000000000000000e+00 0.000000000000000000e+00 0.000000000000000000e+00
0.000000000000000000e+00 0.000000000000000000e+00 0.000000000000000000e+00 0.000000000000000000e+00 0.000000000000000000e+00
0.000000000000000000e+00 0.000000000000000000e+00 0.000000000000000000e+00 0.000000000000000000e+00 0.000000000000000000e+00
0.000000000000000000e+00 0.000000000000000000e+00 0.000000000000000000e+00 0.000000000000000000e+00 0.000000000000000000e+00
0.000000000000000000e+00 0.000000000000000000e+00 0.000000000000000000e+00 0.000000000000000000e+00 0.000000000000000000e+00
0.000000000000000000e+00 0.000000000000000000e+00 0.000000000000000000e+00 0.000000000000000000e+00 0.000000000000000000e+00
0.000000000000000000e+00 0.000000000000000000e+00 0.000000000000000000e+00 0.000000000000000000e+00 0.000000000000000000e+00
0.000000000000000000e+00 0.000000000000000000e+00 0.000000000000000000e+00 0.000000000000000000e+00 0.000000000000000000e+00
0.000000000000000000e+00 0.000000000000000000e+00 0.000000000000000000e+00 0.000000000000000000e+00 0.000000000000000000e+00
0.000000000000000000e+00 0.000000000000000000e+00 0.000000000000000000e+00 0.000000000000000000e+00 0.000000000000000000e+00
0.000000000000000000e+00 0.000000000000000000e+00 0.000000000000000000e+00 0.000000000000000000e+00 0.000000000000000000e+00
0.000000000000000000e+00 0.000000000000000000e+00 0.000000000000000000e+00 0.000000000000000000e+00 0.000000000000000000e+00
0.000000000000000000e+00 0.000000000000000000e+00 0.000000000000000000e+00 0.000000000000000000e+00 0.000000000000000000e+00
0.000000000000000000e+00 0.000000000000000000e+00 0.000000000000000000e+00 0.000000000000000000e+00 0.000000000000000000e+00
0.000000000000000000e+00 0.000000000000000000e+00 0.000000000000000000e+00 0.000000000000000000e+00 0.000000000000000000e+00
0.000000000000000000e+00 0.000000000000000000e+00 0.000000000000000000e+00 0.000000000000000000e+00 0.000000000000000000e+00
0.000000000000000000e+00 0.000000000000000000e+00 0.000000000000000000e+00 0.000000000000000000e+00 0.000000000000000000e+00
0.000000000000000000e+00 0.000000000000000000e+00 0.000000000000000000e+00 0.000000000000000000e+00 0.000000000000000000e+00
0.000000000000000000e+00 0.000000000000000000e+00 0.000000000000000000e+00 0.000000000000000000e+00 0.000000000000000000e+00
0.000000000000000000e+00 0.000000000000000000e+00 0.000000000000000000e+00 0.000000000000000000e+00 0.000000000000000000e+00
0.000000000000000000e+00 0.000000000000000000e+00 0.000000000000000000e+00 0.000000000000000000e+00 0.000000000000000000e+00
0.000000000000000000e+00 0.000000000000000000e+00 0.000000000000000000e+00 0.000000000000000000e+00 0.000000000000000000e+00
0.000000000000000000e+00 0.000000000000000000e+00 0.000000000000000000e+00 0.000000000000000000e+00 0.000000000000000000e+00
0.000000000000000000e+00 0.000000000000000000e+00 0.000000000000000000e+00 0.000000000000000000e+00 0.000000000000000000e+00
0.000000000000000000e+00 0.000000000000000000e+00 0.000000000000000000e+00 0.000000000000000000e+00 0.000000000000000000e+00
0.000000000000000000e+00 0.000000000000000000e+00 0.000000000000000000e+00 0.000000000000000000e+00 0.000000000000000000e+00
0.000000000000000000e+00 0.000000000000000000e+00 0.000000000000000000e+00 0.000000000000000000e+00 0.000000000000000000e+00
0.000000000000000000e+00 0.000000000000000000e+00 0.000000000000000000e+00 0.000000000000000000e+00 0.000000000000000000e+00
0.000000000000000000e+00 0.000000000000000000e+00 0.000000000000000000e+00 0.000000000000000000e+00 0.000000000000000000e+00
0.000000000000000000e+00 0.000000000000000000e+00 0.000000000000000000e+00 0.000000000000000000e+00 0.000000000000000000e+00
0.000000000000000000e+00 0.000000000000000000e+00 0.000000000000000000e+00 0.000000000000000000e+00 0.000000000000000000e+00
0.000000000000000000e+00 0.000000000000000000e+00 0.000000000000000000e+00 0.000000000000000000e+00 0.000000000000000000e+00
0.000000000000000000e+00 0.000000000000000000e+00 0.000000000000000000e+00 0.000000000000000000e+00 0.000000000000000000e+00
0.000000000000000000e+00 0.000000000000000000e+00 0.000000000000000000e+00 0.000000000000000000e+00 0.000000000000000000e+00
0.000000000000000000e+00 0.000000000000000000e+00 0.000000000000000000e+00 0.000000000000000000e+00 0.000000000000000000e+00
0.000000000000000000e+00 0.000000000000000000e+00 0.000000000000000000e+00 0.000000000000000000e+00 0.000000000000000000e+00
0.000000000000000000e+00 0.000000000000000000e+00 0.000000000000000000e+00 0.000000000000000000e+00 0.000000000000000000e+00
0.000000000000000000e+00 0.000000000000000000e+00 0.000000000000000000e+00 0.000000000000000000e+00 0.000000000000000000e+00
0.000000000000000000e+00 0.000000000000000000e+00 0.000000000000000000e+00 0.000000000000000000e+00 0.000000000000000000e+00
0.000000000000000000e+00 0.000000000000000000e+00 0.000000000000000000e+00 0.000000000000000000e+00 0.000000000000000000e+00
0.000000000000000000e+00 0.000000000000000000e+00 0.000000000000000000e+00 0.000000000000000000e+00 0.000000000000000000e+00
0.000000000000000000e+00 0.000000000000000000e+00 0.000000000000000000e+00 0.000000000000000000e+00 0.000000000000000000e+00
0.000000000000000000e+00 0.000000000000000000e+00 0.000000000000000000e+00 0.000000000000000000e+00 0.000000000000000000e+00
0.000000000000000000e+00 0.000000000000000000e+00 0.000000000000000000e+00 0.000000000000000000e+00 0.000000000000000000e+00
0.000000000000000000e+00 0.000000000000000000e+00 0.000000000000000000e+00 0.000000000000000000e+00 0.000000000000000000e+00
0.000000000000000000e+00 0.000000000000000000e+00 0.000000000000000000e+00 0.000000000000000000e+00 0.000000000000000000e+00
0.000000000000000000e+00 0.000000000000000000e+00 0.000000000000000000e+00 0.000000000000000000e+00 0.000000000000000000e+00
0.000000000000000000e+00 0.000000000000000000e+00 0.000000000000000000e+00 0.000000000000000000e+00 0.000000000000000000e+00
0.000000000000000000e+00 0.000000000000000000e+00 0.000000000000000000e+00 0.000000000000000000e+00 0.000000000000000000e+00
0.000000000000000000e+00 0.000000000000000000e+00 0.000000000000000000e+00 0.000000000000000000e+00 0.000000000000000000e+00
0.000000000000000000e+00 0.000000000000000000e+00 0.000000000000000000e+00 0.000000000000000000e+00 0.000000000000000000e+00
0.000000000000000000e+00 0.000000000000000000e+00 0.000000000000000000e+00 0.000000000000000000e+00 0.000000000000000000e+00
0.000000000000000000e+00 0.000000000000000000e+00 0.000000000000000000e+00 0.000000000000000000e+00 0.000000000000000000e+00
0.000000000000000000e+00 0.000000000000000000e+00 0.000000000000000000e+00 0.000000000000000000e+00 0.000000000000000000e+00
0.000000000000000000e+00 0.000000000000000000e+00 0.000000000000000000e+00 0.000000000000000000e+00 0.000000000000000000e+00
0.000000000000000000e+00 0.000000000000000000e+00 0.000000000000000000e+00 0.000000000000000000e+00 0.000000000000000000e+00
0.000000000000000000e+00 0.000000000000000000e+00 0.000000000000000000e+00 0.000000000000000000e+00 0.000000000000000000e+00
0.000000000000000000e+00 0.000000000000000000e+00 0.000000000000000000e+00 0.000000000000000000e+00 0.000000000000000000e+00
0.000000000000000000e+00 0.000000000000000000e+00 0.000000000000000000e+00 0.000000000000000000e+00 0.000000000000000000e+00
0.000000000000000000e+00 0.000000000000000000e+00 0.000000000000000000e+00 0.000000000000000000e+00 0.000000000000000000e+00
0.000000000000000000e+00 0.000000000000000000e+00 0.000000000000000000e+00 0.000000000000000000e+00 0.000000000000000000e+00
0.000000000000000000e+00 0.000000000000000000e+00 0.000000000000000000e+00 0.000000000000000000e+00 0.000000000000000000e+00
0.000000000000000000e+00 0.000000000000000000e+00 0.000000000000000000e+00 0.000000000000000000e+00 0.000000000000000000e+00
0.000000000000000000e+00 0.000000000000000000e+00 0.000000000000000000e+00 0.000000000000000000e+00 0.000000000000000000e+00
0.000000000000000000e+00 0.000000000000000000e+00 0.000000000000000000e+00 0.000000000000000000e+00 0.000000000000000000e+00
0.000000000000000000e+00 0.000000000000000000e+00 0.000000000000000000e+00 0.000000000000000000e+00 0.000000000000000000e+00
0.000000000000000000e+00 0.000000000000000000e+00 0.000000000000000000e+00 0.000000000000000000e+00 0.000000000000000000e+00
0.000000000000000000e+00 0.000000000000000000e+00 0.000000000000000000e+00 0.000000000000000000e+00 0.000000000000000000e+00
0.000000000000000000e+00 0.000000000000000000e+00 0.000000000000000000e+00 0.000000000000000000e+00 0.000000000000000000e+00
0.000000000000000000e+00 0.000000000000000000e+00 0.000000000000000000e+00 0.000000000000000000e+00 0.000000000000000000e+00
0.000000000000000000e+00 0.000000000000000000e+00 0.000000000000000000e+00 0.000000000000000000e+00 0.000000000000000000e+00
0.000000000000000000e+00 0.000000000000000000e+00 0.000000000000000000e+00 0.000000000000000000e+00 0.000000000000000000e+00
0.000000000000000000e+00 0.000000000000000000e+00 0.000000000000000000e+00 0.000000000000000000e+00 0.000000000000000000e+00
0.000000000000000000e+00 0.000000000000000000e+00 0.000000000000000000e+00 0.000000000000000000e+00 0.000000000000000000e+00
0.000000000000000000e+00 0.000000000000000000e+00 0.000000000000000000e+00 0.000000000000000000e+00 0.000000000000000000e+00
0.000000000000000000e+00 0.000000000000000000e+00 0.000000000000000000e+00 0.000000000000000000e+00 0.000000000000000000e+00
0.000000000000000000e+00 0.000000000000000000e+00 0.000000000000000000e+00 0.000000000000000000e+00 0.000000000000000000e+00
0.000000000000000000e+00 0.000000000000000000e+00 0.000000000000000000e+00 0.000000000000000000e+00 0.000000000000000000e+00
0.000000000000000000e+00 0.000000000000000000e+00 0.000000000000000000e+00 0.000000000000000000e+00 0.000000000000000000e+00
0.000000000000000000e+00 0.000000000000000000e+00 0.000000000000000000e+00 0.000000000000000000e+00 0.000000000000000000e+00
0.000000000000000000e+00 0.000000000000000000e+00 0.000000000000000000e+00 0.000000000000000000e+00 0.000000000000000000e+00
0.000000000000000000e+00 0.000000000000000000e+00 0.000000000000000000e+00 0.000000000000000000e+00 0.000000000000000000e+00
0.000000000000000000e+00 0.000000000000000000e+00 0.000000000000000000e+00 0.000000000000000000e+00 0.000000000000000000e+00
0.000000000000000000e+00 0.000000000000000000e+00 0.000000000000000000e+00 0.000000000000000000e+00 0.000000000000000000e+00
0.000000000000000000e+00 0.000000000000000000e+00 0.000000000000000000e+00 0.000000000000000000e+00 0.000000000000000000e+00
0.000000000000000000e+00 0.000000000000000000e+00 0.000000000000000000e+00 0.000000000000000000e+00 0.000000000000000000e+00
0.000000000000000000e+00 0.000000000000000000e+00 0.000000000000000000e+00 0.000000000000000000e+00 0.000000000000000000e+00
0.000000000000000000e+00 0.000000000000000000e+00 0.000000000000000000e+00 0.000000000000000000e+00 0.000000000000000000e+00
0.000000000000000000e+00 0.000000000000000000e+00 0.000000000000000000e+00 0.000000000000000000e+00 0.000000000000000000e+00
0.000000000000000000e+00 0.000000000000000000e+00 0.000000000000000000e+00 0.000000000000000000e+00 0.000000000000000000e+00
0.000000000000000000e+00 0.000000000000000000e+00 0.000000000000000000e+00 0.000000000000000000e+00 0.000000000000000000e+00
0.000000000000000000e+00 0.000000000000000000e+00 0.000000000000000000e+00 0.000000000000000000e+00 0.000000000000000000e+00
0.000000000000000000e+00 0.000000000000000000e+00 0.000000000000000000e+00 0.000000000000000000e+00 0.000000000000000000e+00
0.000000000000000000e+00 0.000000000000000000e+00 0.000000000000000000e+00 0.000000000000000000e+00 0.000000000000000000e+00
0.000000000000000000e+00 0.000000000000000000e+00 0.000000000000000000e+00 0.000000000000000000e+00 0.000000000000000000e+00
0.000000000000000000e+00 0.000000000000000000e+00 0.000000000000000000e+00 0.000000000000000000e+00 0.000000000000000000e+00
0.000000000000000000e+00 0.000000000000000000e+00 0.000000000000000000e+00 0.000000000000000000e+00 0.000000000000000000e+00
0.000000000000000000e+00 0.000000000000000000e+00 0.000000000000000000e+00 0.000000000000000000e+00 0.000000000000000000e+00
0.000000000000000000e+00 0.000000000000000000e+00 0.000000000000000000e+00 0.000000000000000000e+00 0.000000000000000000e+00
0.000000000000000000e+00 0.000000000000000000e+00 0.000000000000000000e+00 0.000000000000000000e+00 0.000000000000000000e+00
0.000000000000000000e+00 0.000000000000000000e+00 0.000000000000000000e+00 0.000000000000000000e+00 0.000000000000000000e+00
0.000000000000000000e+00 0.000000000000000000e+00 0.000000000000000000e+00 0.000000000000000000e+00 0.000000000000000000e+00
0.000000000000000000e+00 0.000000000000000000e+00 0.000000000000000000e+00 0.000000000000000000e+00 0.000000000000000000e+00
0.000000000000000000e+00 0.000000000000000000e+00 0.000000000000000000e+00 0.000000000000000000e+00 0.000000000000000000e+00
0.000000000000000000e+00 0.000000000000000000e+00 0.000000000000000000e+00 0.000000000000000000e+00 0.000000000000000000e+00
0.000000000000000000e+00 0.000000000000000000e+00 0.000000000000000000e+00 0.000000000000000000e+00 0.000000000000000000e+00
0.000000000000000000e+00 0.000000000000000000e+00 0.000000000000000000e+00 0.000000000000000000e+00 0.000000000000000000e+00
0.000000000000000000e+00 0.000000000000000000e+00 0.000000000000000000e+00 0.000000000000000000e+00 0.000000000000000000e+00
0.000000000000000000e+00 0.000000000000000000e+00 0.000000000000000000e+00 0.000000000000000000e+00 0.000000000000000000e+00
0.000000000000000000e+00 0.000000000000000000e+00 0.000000000000000000e+00 0.000000000000000000e+00 0.000000000000000000e+00
0.000000000000000000e+00 0.000000000000000000e+00 0.000000000000000000e+00 0.000000000000000000e+00 0.000000000000000000e+00
0.000000000000000000e+00 0.000000000000000000e+00 0.000000000000000000e+00 0.000000000000000000e+00 0.000000000000000000e+00
0.000000000000000000e+00 0.000000000000000000e+00 0.000000000000000000e+00 0.000000000000000000e+00 0.000000000000000000e+00
0.000000000000000000e+00 0.000000000000000000e+00 0.000000000000000000e+00 0.000000000000000000e+00 0.000000000000000000e+00
0.000000000000000000e+00 0.000000000000000000e+00 0.000000000000000000e+00 0.000000000000000000e+00 0.000000000000000000e+00
0.000000000000000000e+00 0.000000000000000000e+00 0.000000000000000000e+00 0.000000000000000000e+00 0.000000000000000000e+00
0.000000000000000000e+00 0.000000000000000000e+00 0.000000000000000000e+00 0.000000000000000000e+00 0.000000000000000000e+00
0.000000000000000000e+00 0.000000000000000000e+00 0.000000000000000000e+00 0.000000000000000000e+00 0.000000000000000000e+00
0.000000000000000000e+00 0.000000000000000000e+00 0.000000000000000000e+00 0.000000000000000000e+00 0.000000000000000000e+00
0.000000000000000000e+00 0.000000000000000000e+00 0.000000000000000000e+00 0.000000000000000000e+00 0.000000000000000000e+00
0.000000000000000000e+00 0.000000000000000000e+00 0.000000000000000000e+00 0.000000000000000000e+00 0.000000000000000000e+00
0.000000000000000000e+00 0.000000000000000000e+00 0.000000000000000000e+00 0.000000000000000000e+00 0.000000000000000000e+00
0.000000000000000000e+00 0.000000000000000000e+00 0.000000000000000000e+00 0.000000000000000000e+00 0.000000000000000000e+00
0.000000000000000000e+00 0.000000000000000000e+00 0.000000000000000000e+00 0.000000000000000000e+00 0.000000000000000000e+00
0.000000000000000000e+00 0.000000000000000000e+00 0.000000000000000000e+00 0.000000000000000000e+00 0.000000000000000000e+00
0.000000000000000000e+00 0.000000000000000000e+00 0.000000000000000000e+00 0.000000000000000000e+00 0.000000000000000000e+00
0.000000000000000000e+00 0.000000000000000000e+00 0.000000000000000000e+00 0.000000000000000000e+00 0.000000000000000000e+00
0.000000000000000000e+00 0.000000000000000000e+00 1.011824395710934910e-01 6.530623447909678525e+00 6.476264454776758939e+00
0.000000000000000000e+00 0.000000000000000000e+00 0.000000000000000000e+00 5.396875026195694147e+00 7.277042372348978994e+00
0.000000000000000000e+00 0.000000000000000000e+00 0.000000000000000000e+00 3.765490936491245666e+00 7.461217608119367739e+00
0.000000000000000000e+00 0.000000000000000000e+00 0.000000000000000000e+00 1.851420994714035428e+00 7.058376911722744396e+00
1.255985113387156349e-01 0.000000000000000000e+00 0.000000000000000000e+00 0.000000000000000000e+00 6.160932044678655295e+00
2.008643494842769606e+00 0.000000000000000000e+00 0.000000000000000000e+00 0.000000000000000000e+00 4.878628773563412402e+00
3.673766495754411832e+00 0.000000000000000000e+00 0.000000000000000000e+00 0.000000000000000000e+00 3.346329995735251916e+00
5.037612874201050417e+00 0.000000000000000000e+00 0.000000000000000000e+00 0.000000000000000000e+00 1.679624899046114450e+00
6.043265139017872656e+00 3.354517568134009892e-02 0.000000000000000000e+00 0.000000000000000000e+00 0.000000000000000000e+00
6.647568926239066478e+00 1.722589734077995871e+00 0.000000000000000000e+00 0.000000000000000000e+00 0.000000000000000000e+00
6.834121820310155471e+00 3.290584956662869320e+00 0.000000000000000000e+00 0.000000000000000000e+00 0.000000000000000000e+00
6.601359507601928023e+00 4.636748818849398823e+00 0.000000000000000000e+00 0.000000000000000000e+00 0.000000000000000000e+00
5.962468476922411220e+00 5.670934048291732310e+00 0.000000000000000000e+00 0.000000000000000000e+00 0.000000000000000000e+00
4.952542018098272436e+00 6.325126062928120518e+00 1.336687835611954700e+00 0.000000000000000000e+00 0.000000000000000000e+00
3.652159118161969698e+00 6.562982167321897542e+00 2.885051570264217435e+00 0.000000000000000000e+00 0.000000000000000000e+00
2.166853223416641772e+00 6.377741684288384505e+00 4.196630228024046616e+00 0.000000000000000000e+00 0.000000000000000000e+00
6.023218557188170230e-01 5.789581707852569536e+00 5.184908151664400222e+00 0.000000000000000000e+00 0.000000000000000000e+00
0.000000000000000000e+00 4.843714823756385179e+00 5.795384162270141637e+00 9.439708997705145155e-01 0.000000000000000000e+00
0.000000000000000000e+00 3.619449781497312557e+00 6.011547224820037449e+00 2.375262543549451433e+00 0.000000000000000000e+00
0.000000000000000000e+00 2.217350675797108206e+00 5.844282679371861633e+00 3.602442527614577283e+00 0.000000000000000000e+00
0.000000000000000000e+00 7.358970726432995102e-01 5.319359707798694714e+00 4.553034567926173892e+00 0.000000000000000000e+00
0.000000000000000000e+00 0.000000000000000000e+00 4.476322308131546635e+00 5.176633562034906433e+00 7.352150909400788636e-01
0.000000000000000000e+00 0.000000000000000000e+00 3.379538123845230224e+00 5.451608218707260534e+00 2.109991505476752405e+00
0.000000000000000000e+00 0.000000000000000000e+00 2.114922370423794717e+00 5.380751708318339155e+00 3.304342360578947257e+00
0.000000000000000000e+00 0.000000000000000000e+00 7.696746607547497732e-01 4.980998305774696711e+00 4.247882581829829363e+00
0.000000000000000000e+00 0.000000000000000000e+00 0.000000000000000000e+00 4.282558462763619289e+00 4.889323593686933478e+00
0.000000000000000000e+00 0.000000000000000000e+00 0.000000000000000000e+00 3.330679813719234605e+00 5.201706868689424113e+00
0.000000000000000000e+00 0.000000000000000000e+00 0.000000000000000000e+00 2.185657397860925055e+00 5.181810006366381671e+00
0.000000000000000000e+00 0.000000000000000000e+00 0.000000000000000000e+00 9.203038380996398926e-01 4.841432731619561558e+00
3.850334599076360442e-01 0.000000000000000000e+00 0.000000000000000000e+00 0.000000000000000000e+00 4.205539672273988394e+00
1.650876110674214914e+00 0.000000000000000000e+00 0.000000000000000000e+00 0.000000000000000000e+00 3.317644608353840674e+00
2.795550150947646806e+00 0.000000000000000000e+00 0.000000000000000000e+00 0.000000000000000000e+00 2.244091869768530145e+00
3.749579531506499475e+00 0.000000000000000000e+00 0.000000000000000000e+00 0.000000000000000000e+00 1.055381832516884888e+00
4.458994574193619442e+00 1.805170392035061466e-01 0.000000000000000000e+00 0.000000000000000000e+00 0.000000000000000000e+00
4.885925963277910178e+00 1.399550664001800504e+00 0.000000000000000000e+00 0.000000000000000000e+00 0.000000000000000000e+00
5.013320829864842842e+00 2.528421372541199474e+00 0.000000000000000000e+00 0.000000000000000000e+00 0.000000000000000000e+00
4.837631832442538915e+00 3.496857566918888605e+00 0.000000000000000000e+00 0.000000000000000000e+00 0.000000000000000000e+00
4.368238644205607812e+00 4.243701072072880720e+00 0.000000000000000000e+00 0.000000000000000000e+00 0.000000000000000000e+00
3.630833808818151986e+00 4.721739252510861462e+00 1.065193257693139550e+00 0.000000000000000000e+00 0.000000000000000000e+00
2.680605368163778923e+00 4.901188332222717214e+00 2.202131245106830004e+00 0.000000000000000000e+00 0.000000000000000000e+00
1.588579236183039978e+00 4.771857092109734744e+00 3.173047808156839178e+00 0.000000000000000000e+00 0.000000000000000000e+00
4.287094098842977874e-01 4.344740551211983437e+00 3.914363756497930780e+00 0.000000000000000000e+00 0.000000000000000000e+00
0.000000000000000000e+00 3.651027529032711438e+00 4.383962658075335028e+00 7.275142098214253394e-01 0.000000000000000000e+00
0.000000000000000000e+00 2.745366020355096470e+00 4.564571945257264396e+00 1.806760768037706022e+00 0.000000000000000000e+00
0.000000000000000000e+00 1.697013973418559640e+00 4.457867290339851962e+00 2.742357105918373783e+00 0.000000000000000000e+00
0.000000000000000000e+00 5.768942518488747728e-01 4.078452153919031709e+00 3.478239150793164924e+00 0.000000000000000000e+00
0.000000000000000000e+00 0.000000000000000000e+00 3.453730393540071386e+00 3.973412867954000838e+00 5.468669667868064632e-01
0.000000000000000000e+00 0.000000000000000000e+00 2.629381954748831518e+00 4.206571280293572634e+00 1.606731628555534863e+00
0.000000000000000000e+00 0.000000000000000000e+00 1.666879618273490182e+00 4.174408757847641205e+00 2.537520145266429772e+00
0.000000000000000000e+00 0.000000000000000000e+00 6.312773819924702989e-01 3.886180883219665816e+00 3.283364949069061289e+00
0.000000000000000000e+00 0.000000000000000000e+00 0.000000000000000000e+00 3.363283243004780321e+00 3.802077748260982215e+00
0.000000000000000000e+00 0.000000000000000000e+00 0.000000000000000000e+00 2.639363431484321065e+00 4.069385475008644448e+00
0.000000000000000000e+00 0.000000000000000000e+00 0.000000000000000000e+00 1.759092143949216869e+00 4.079341035517725977e+00
0.000000000000000000e+00 0.000000000000000000e+00 0.000000000000000000e+00 7.767074672684450842e-01 3.837755816288292543e+00
2.468288863342457118e-01 0.000000000000000000e+00 0.000000000000000000e+00 0.000000000000000000e+00 3.360973200671363958e+00
1.249395240296192311e+00 0.000000000000000000e+00 0.000000000000000000e+00 0.000000000000000000e+00 2.679383038385506399e+00
2.166457532348802673e+00 0.000000000000000000e+00 0.000000000000000000e+00 0.000000000000000000e+00 1.841378693588320070e+00
2.941003323906086209e+00 0.000000000000000000e+00 0.000000000000000000e+00 0.000000000000000000e+00 9.016119978983860861e-01
3.527161304883528636e+00 8.444392781805469539e-02 0.000000000000000000e+00 0.000000000000000000e+00 0.000000000000000000e+00
3.891507076931511655e+00 1.063047051482477690e+00 0.000000000000000000e+00 0.000000000000000000e+00 0.000000000000000000e+00
4.017325469324570797e+00 1.974966314320396155e+00 0.000000000000000000e+00 0.000000000000000000e+00 0.000000000000000000e+00
3.899756658180861812e+00 2.763883280093793804e+00 0.000000000000000000e+00 0.000000000000000000e+00 0.000000000000000000e+00
3.545117588621209403e+00 3.380587197722769055e+00 0.000000000000000000e+00 0.000000000000000000e+00 0.000000000000000000e+00
2.972922433607044557e+00 3.786410509089426224e+00 7.926083791807412293e-01 0.000000000000000000e+00 0.000000000000000000e+00
2.224242736755762895e+00 3.955069626485526069e+00 1.715617154249640341e+00 0.000000000000000000e+00 0.000000000000000000e+00
1.353707498487229266e+00 3.875514029985158260e+00 2.513071798439696192e+00 0.000000000000000000e+00 0.000000000000000000e+00
4.200690755345785066e-01 3.554190128029519169e+00 3.132195933002069221e+00 0.000000000000000000e+00 0.000000000000000000e+00
0.000000000000000000e+00 3.014411571578586635e+00 3.536877825677436249e+00 5.187211605307843199e-01 0.000000000000000000e+00
0.000000000000000000e+00 2.297210890995642352e+00 3.709661901587444799e+00 1.402891676878548433e+00 0.000000000000000000e+00
0.000000000000000000e+00 1.456099440729034855e+00 3.648659989787537583e+00 2.177908493917710242e+00 0.000000000000000000e+00
0.000000000000000000e+00 5.477769063989926801e-01 3.363435006668069160e+00 2.796871510781029357e+00 0.000000000000000000e+00
0.000000000000000000e+00 0.000000000000000000e+00 2.874739987264578023e+00 3.224447596641549563e+00 3.718798014119995554e-01
0.000000000000000000e+00 0.000000000000000000e+00 2.217386634238346144e+00 3.440131733331022623e+00 1.246975719901237900e+00
0.000000000000000000e+00 0.000000000000000000e+00 1.439468588125520254e+00 3.438301009350486659e+00 2.023545570140033334e+00
0.000000000000000000e+00 0.000000000000000000e+00 5.935116599487036959e-01 3.224487172446513839e+00 2.654537703617380284e+00
0.000000000000000000e+00 0.000000000000000000e+00 0.000000000000000000e+00 2.814866360258067246e+00 3.103555162233960107e+00
0.000000000000000000e+00 0.000000000000000000e+00 0.000000000000000000e+00 2.236019686284716812e+00 3.348096283247933069e+00
0.000000000000000000e+00 0.000000000000000000e+00 0.000000000000000000e+00 1.523258879220244610e+00 3.381146091618378868e+00
0.000000000000000000e+00 0.000000000000000000e+00 0.000000000000000000e+00 7.198423698241372959e-01 3.205655752108969025e+00
1.248823969127977190e-01 0.000000000000000000e+00 0.000000000000000000e+00 0.000000000000000000e+00 2.833288609010794268e+00
9.597951112913526428e-01 0.000000000000000000e+00 0.000000000000000000e+00 0.000000000000000000e+00 2.286668903339746706e+00
1.731338552516922924e+00 0.000000000000000000e+00 0.000000000000000000e+00 0.000000000000000000e+00 1.603512172899679289e+00
2.391097433892539037e+00 0.000000000000000000e+00 0.000000000000000000e+00 0.000000000000000000e+00 8.282864566680334661e-01
2.899174752848816095e+00 0.000000000000000000e+00 0.000000000000000000e+00 0.000000000000000000e+00 7.113525073109384748e-03
3.225471077625094107e+00 8.127892362365457535e-01 0.000000000000000000e+00 0.000000000000000000e+00 0.000000000000000000e+00
3.353783742358340980e+00 1.582940082826923778e+00 0.000000000000000000e+00 0.000000000000000000e+00 0.000000000000000000e+00
3.278372233669283542e+00 2.255469634859741834e+00 0.000000000000000000e+00 0.000000000000000000e+00 0.000000000000000000e+00
3.003266003463373579e+00 2.788608173401914581e+00 0.000000000000000000e+00 0.000000000000000000e+00 0.000000000000000000e+00
2.543624692318018354e+00 3.149028898736327520e+00 5.876096121985704412e-01 0.000000000000000000e+00 0.000000000000000000e+00
1.931386029375818270e+00 3.313103122822131485e+00 1.368540206717640206e+00 0.000000000000000000e+00 0.000000000000000000e+00
1.210705764157968600e+00 3.269511054229054192e+00 2.050955024067923294e+00 0.000000000000000000e+00 0.000000000000000000e+00
4.303734477599780450e-01 3.021722369695277077e+00 2.589152738637174433e+00 0.000000000000000000e+00 0.000000000000000000e+00
0.000000000000000000e+00 2.587720701511969423e+00 2.951067467971228986e+00 3.607920153378805783e-01 0.000000000000000000e+00
0.000000000000000000e+00 1.999745123979710604e+00 3.119538400716361348e+00 1.112267436584419622e+00 0.000000000000000000e+00
0.000000000000000000e+00 1.301154783586333519e+00 3.090797163444904960e+00 1.777705925953497967e+00 0.000000000000000000e+00
0.000000000000000000e+00 5.391363564910535144e-01 2.871282849566310968e+00 2.316574386713120326e+00 0.000000000000000000e+00
0.000000000000000000e+00 0.000000000000000000e+00 2.477253697049109693e+00 2.697641420858889472e+00 2.389776244769843960e-01
0.000000000000000000e+00 0.000000000000000000e+00 1.936300984015596027e+00 2.901395297003979135e+00 9.855533188900678088e-01
0.000000000000000000e+00 0.000000000000000000e+00 1.287605913951106906e+00 2.921065817753523142e+00 1.654451182244566665e+00
0.000000000000000000e+00 0.000000000000000000e+00 5.750605891331888042e-01 2.759828286026486222e+00 2.204899579424395739e+00
0.000000000000000000e+00 0.000000000000000000e+00 0.000000000000000000e+00 2.430238391501424733e+00 2.604748864961801580e+00
0.000000000000000000e+00 0.000000000000000000e+00 0.000000000000000000e+00 1.953999768864710385e+00 2.832948988605913154e+00
0.000000000000000000e+00 0.000000000000000000e+00 0.000000000000000000e+00 1.359990770913409586e+00 2.882011379845418553e+00
0.000000000000000000e+00 0.000000000000000000e+00 0.000000000000000000e+00 6.839091789105994357e-01 2.753172569419455318e+00
3.298313421118920924e-02 0.000000000000000000e+00 0.000000000000000000e+00 0.000000000000000000e+00 2.455044667010086723e+00
7.473885948191253403e-01 0.000000000000000000e+00 0.000000000000000000e+00 0.000000000000000000e+00 2.005094869396091717e+00
1.413629956878855509e+00 0.000000000000000000e+00 0.000000000000000000e+00 0.000000000000000000e+00 1.433750577870084753e+00
1.989729458035898846e+00 0.000000000000000000e+00 0.000000000000000000e+00 0.000000000000000000e+00 7.781415684569205071e-01
2.440441859658369239e+00 0.000000000000000000e+00 0.000000000000000000e+00 0.000000000000000000e+00 7.772735678906493584e-02
2.738676336385890142e+00 6.266536048393585023e-01 0.000000000000000000e+00 0.000000000000000000e+00 0.000000000000000000e+00
2.868580236282803675e+00 1.293306292778464206e+00 0.000000000000000000e+00 0.000000000000000000e+00 0.000000000000000000e+00
2.823675396447963948e+00 1.880832843902435769e+00 0.000000000000000000e+00 0.000000000000000000e+00 0.000000000000000000e+00
2.606298541573485394e+00 2.352681296852432435e+00 0.000000000000000000e+00 0.000000000000000000e+00 0.000000000000000000e+00
2.228487530769303060e+00 2.679315335316705848e+00 4.352689184122829902e-01 0.000000000000000000e+00 0.000000000000000000e+00
1.715849944230223745e+00 2.839282219549243536e+00 1.111732768458308707e+00 0.000000000000000000e+00 0.000000000000000000e+00
1.105139159856983300e+00 2.821328937154243377e+00 1.708988768492045063e+00 0.000000000000000000e+00 0.000000000000000000e+00
4.378955918642824519e-01 2.626909379981249071e+00 2.186628636587176544e+00 0.000000000000000000e+00 0.000000000000000000e+00
0.000000000000000000e+00 2.270187125854587151e+00 2.515725246364822087e+00 2.438401440668883369e-01 0.000000000000000000e+00
0.000000000000000000e+00 1.777258753177373363e+00 2.679698648645593373e+00 8.964095178665051344e-01 0.000000000000000000e+00
0.000000000000000000e+00 1.184241052538343553e+00 2.673709158141158948e+00 1.479552609907011096e+00 0.000000000000000000e+00
0.000000000000000000e+00 5.313055605660718106e-01 2.502058237465367263e+00 1.957592945872875134e+00 0.000000000000000000e+00
0.000000000000000000e+00 0.000000000000000000e+00 2.177740120202085627e+00 2.302535399445400977e+00 1.406769956362519669e-01
0.000000000000000000e+00 0.000000000000000000e+00 1.723210845345184206e+00 2.495939610934529984e+00 7.903360321107295583e-01
0.000000000000000000e+00 0.000000000000000000e+00 1.171190391252358465e+00 2.530456289439701578e+00 1.377444055632785380e+00
0.000000000000000000e+00 0.000000000000000000e+00 5.591199594231551773e-01 2.407645105352998360e+00 1.866065124793111485e+00
0.000000000000000000e+00 0.000000000000000000e+00 0.000000000000000000e+00 2.137405711436899391e+00 2.227408186770261533e+00
0.000000000000000000e+00 0.000000000000000000e+00 0.000000000000000000e+00 1.737860883205523788e+00 2.441735115713289161e+00
0.000000000000000000e+00 0.000000000000000000e+00 0.000000000000000000e+00 1.233157162917597915e+00 2.501395391675450774e+00
0.000000000000000000e+00 0.000000000000000000e+00 0.000000000000000000e+00 6.533967259539442685e-01 2.406507228613746552e+00
0.000000000000000000e+00 0.000000000000000000e+00 0.000000000000000000e+00 3.361861132919247153e-02 2.163539179762093756e+00
5.882629322035634045e-01 0.000000000000000000e+00 0.000000000000000000e+00 0.000000000000000000e+00 1.786457337049960126e+00
1.173198950969420284e+00 0.000000000000000000e+00 0.000000000000000000e+00 0.000000000000000000e+00 1.300160295192478666e+00
1.684093997523361308e+00 0.000000000000000000e+00 0.000000000000000000e+00 0.000000000000000000e+00 7.361161711339685443e-01
2.089399945574836881e+00 0.000000000000000000e+00 0.000000000000000000e+00 0.000000000000000000e+00 1.286003528497080550e-01
2.364466886641164223e+00 4.865355420786052210e-01 0.000000000000000000e+00 0.000000000000000000e+00 0.000000000000000000e+00
2.493992813111209461e+00 1.072800939036659962e+00 0.000000000000000000e+00 0.000000000000000000e+00 0.000000000000000000e+00
2.471121243090664610e+00 1.593798127365038120e+00 0.000000000000000000e+00 0.000000000000000000e+00 0.000000000000000000e+00
2.296967366638875241e+00 2.017079190300759439e+00 0.000000000000000000e+00 0.000000000000000000e+00 0.000000000000000000e+00
1.981208330753740920e+00 2.316129400908584213e+00 3.211037633357410326e-01 0.000000000000000000e+00 0.000000000000000000e+00
1.544780020142147992e+00 2.471361193897626318e+00 9.160480399259717244e-01 0.000000000000000000e+00 0.000000000000000000e+00
1.018847451588313913e+00 2.471743648458782694e+00 1.446229822941402565e+00 0.000000000000000000e+00 0.000000000000000000e+00
4.393537915386402926e-01 2.317298117910462807e+00 1.875449869049109042e+00 0.000000000000000000e+00 0.000000000000000000e+00
0.000000000000000000e+00 2.019328685245850075e+00 2.177359642405161999e+00 1.569591815879037566e-01 0.000000000000000000e+00
0.000000000000000000e+00 1.599415737798036918e+00 2.336099500410702579e+00 7.317870924440055269e-01 0.000000000000000000e+00
0.000000000000000000e+00 1.088213097125855455e+00 2.346215938409645041e+00 1.249644819845606492e+00 0.000000000000000000e+00
0.000000000000000000e+00 5.204470277466450856e-01 2.210479387963805831e+00 1.678751454840840207e+00 0.000000000000000000e+00
0.000000000000000000e+00 0.000000000000000000e+00 1.939420093728055017e+00 1.993786973945122387e+00 6.812285614644550402e-02
0.000000000000000000e+00 0.000000000000000000e+00 1.551673915562080452e+00 2.177397661794910011e+00 6.410852329496797841e-01
0.000000000000000000e+00 0.000000000000000000e+00 1.075039248001737668e+00 2.221981236324899189e+00 1.162898672928706745e+00
0.000000000000000000e+00 0.000000000000000000e+00 5.419121780318116866e-01 2.127950325097673012e+00 1.601525296208897942e+00
0.000000000000000000e+00 0.000000000000000000e+00 0.000000000000000000e+00 1.903191798910995436e+00 1.930948356843290581e+00
0.000000000000000000e+00 0.000000000000000000e+00 0.000000000000000000e+00 1.563089995967528401e+00 2.132653314786083776e+00
0.000000000000000000e+00 0.000000000000000000e+00 0.000000000000000000e+00 1.128160158683110703e+00 2.199011340411979099e+00
0.000000000000000000e+00 0.000000000000000000e+00 0.000000000000000000e+00 6.241780571430137758e-01 2.129382385677601519e+00
0.000000000000000000e+00 0.000000000000000000e+00 0.000000000000000000e+00 8.148382791261785107e-02 1.928664695814088503e+00
4.667481030453579094e-01 0.000000000000000000e+00 0.000000000000000000e+00 0.000000000000000000e+00 1.608297616292310384e+00
9.862610184764953880e-01 0.000000000000000000e+00 0.000000000000000000e+00 0.000000000000000000e+00 1.188901474521275814e+00
1.444088035521644775e+00 0.000000000000000000e+00 0.000000000000000000e+00 0.000000000000000000e+00 6.974620805771726273e-01
1.811745257704205914e+00 0.000000000000000000e+00 0.000000000000000000e+00 0.000000000000000000e+00 1.640842720066770510e-01
2.066660415224257363e+00 3.794232568561261565e-01 0.000000000000000000e+00 0.000000000000000000e+00 0.000000000000000000e+00
2.194196240698024880e+00 9.007310728186647131e-01 0.000000000000000000e+00 0.000000000000000000e+00 0.000000000000000000e+00
2.187349133147927116e+00 1.367472907067458943e+00 0.000000000000000000e+00 0.000000000000000000e+00 0.000000000000000000e+00
2.046341980198214117e+00 1.750564477398011132e+00 0.000000000000000000e+00 0.000000000000000000e+00 0.000000000000000000e+00
1.779024771110448988e+00 2.026002508063100560e+00 2.345778894129453840e-01 0.000000000000000000e+00 0.000000000000000000e+00
1.402767043736608210e+00 2.175828728208907048e+00 7.634944175547555556e-01 0.000000000000000000e+00 0.000000000000000000e+00
9.443577795639130912e-01 2.189331694254472715e+00 1.238773775359093499e+00 0.000000000000000000e+00 0.000000000000000000e+00
4.352641085625356676e-01 2.065506635254997558e+00 1.627701210117050046e+00 0.000000000000000000e+00 0.000000000000000000e+00
0.000000000000000000e+00 1.813463816959380415e+00 1.906129459158333095e+00 9.205645080371518962e-02 0.000000000000000000e+00
0.000000000000000000e+00 1.451342300130433083e+00 2.058985715976392239e+00 6.036254550825855825e-01 0.000000000000000000e+00
0.000000000000000000e+00 1.005520916448701785e+00 2.080487655391105140e+00 1.067839525063634332e+00 0.000000000000000000e+00
0.000000000000000000e+00 5.063579991277354919e-01 1.972281247522274628e+00 1.456144728461293170e+00 0.000000000000000000e+00
0.000000000000000000e+00 0.000000000000000000e+00 1.742988220861856563e+00 1.745496423913124540e+00 1.455018887341724167e-02
0.000000000000000000e+00 0.000000000000000000e+00 1.408309184324004759e+00 1.919607286978693539e+00 5.248398044129460871e-01
0.000000000000000000e+00 0.000000000000000000e+00 9.921687234251013177e-01 1.970824258538140583e+00 9.928041941204944765e-01
0.000000000000000000e+00 0.000000000000000000e+00 5.228987055660331285e-01 1.898732945481177437e+00 1.389642833818438339e+00
0.000000000000000000e+00 0.000000000000000000e+00 3.051550072577804626e-02 1.709662075700514761e+00 1.691695162323389567e+00
0.000000000000000000e+00 0.000000000000000000e+00 0.000000000000000000e+00 1.416712523199102236e+00 1.881754770471680827e+00
0.000000000000000000e+00 0.000000000000000000e+00 0.000000000000000000e+00 1.037600721459161601e+00 1.952099076189396154e+00
0.000000000000000000e+00 0.000000000000000000e+00 0.000000000000000000e+00 5.947259717865048811e-01 1.901471110512162443e+00
0.000000000000000000e+00 0.000000000000000000e+00 0.000000000000000000e+00 1.146809053466559536e-01 1.733650454184488598e+00
3.732047051519846170e-01 0.000000000000000000e+00 0.000000000000000000e+00 0.000000000000000000e+00 1.458207311787905303e+00
8.385558831675560265e-01 0.000000000000000000e+00 0.000000000000000000e+00 0.000000000000000000e+00 1.092534862292870557e+00
1.251842468451362267e+00 0.000000000000000000e+00 0.000000000000000000e+00 0.000000000000000000e+00 6.600411292216449288e-01
1.587228379114001164e+00 0.000000000000000000e+00 0.000000000000000000e+00 0.000000000000000000e+00 1.873611912188231921e-01
1.823989889715744495e+00 2.970979016140221085e-01 0.000000000000000000e+00 0.000000000000000000e+00 0.000000000000000000e+00
1.948221622293734523e+00 7.644437171793290187e-01 0.000000000000000000e+00 0.000000000000000000e+00 0.000000000000000000e+00
1.952921557722976376e+00 1.185652502495612604e+00 0.000000000000000000e+00 0.000000000000000000e+00 0.000000000000000000e+00
1.837655959737314104e+00 1.534466269455081244e+00 0.000000000000000000e+00 0.000000000000000000e+00 0.000000000000000000e+00
1.608841667074337289e+00 1.789025051253372522e+00 1.689734486129423341e-01 0.000000000000000000e+00 0.000000000000000000e+00
1.281071596746809149e+00 1.932815376073891533e+00 6.430036985059737198e-01 0.000000000000000000e+00 0.000000000000000000e+00
8.776287923147798598e-01 1.955514763048973315e+00 1.072108127727731786e+00 0.000000000000000000e+00 0.000000000000000000e+00
4.263180860516235793e-01 1.855395660460418705e+00 1.426539391966162640e+00 0.000000000000000000e+00 0.000000000000000000e+00
0.000000000000000000e+00 1.639865663442329424e+00 1.684081773725283115e+00 4.394703729099232181e-02 0.000000000000000000e+00
0.000000000000000000e+00 1.324381462357450356e+00 1.830481669869775452e+00 5.027712171677055641e-01 0.000000000000000000e+00
0.000000000000000000e+00 9.318954099846368244e-01 1.859822127033901262e+00 9.217874153459879594e-01 0.000000000000000000e+00
0.000000000000000000e+00 4.891853829517908703e-01 1.772919008316502287e+00 1.275177508352822731e+00 0.000000000000000000e+00
0.000000000000000000e+00 2.457739671932505227e-02 1.576896504048724612e+00 1.541874322358347094e+00 0.000000000000000000e+00
0.000000000000000000e+00 0.000000000000000000e+00 1.285221083030067879e+00 1.706693717759044659e+00 4.335091150671777638e-01
0.000000000000000000e+00 0.000000000000000000e+00 9.185969087777232644e-01 1.761999988807995132e+00 8.560467841052895599e-01
0.000000000000000000e+00 0.000000000000000000e+00 5.019823906931701885e-01 1.706742472746610062e+00 1.217162805851837781e+00
0.000000000000000000e+00 0.000000000000000000e+00 6.216177192530410178e-02 1.546030528842257556e+00 1.495202610307670987e+00
0.000000000000000000e+00 0.000000000000000000e+00 0.000000000000000000e+00 1.291113042605725125e+00 1.674183603986658664e+00
0.000000000000000000e+00 0.000000000000000000e+00 0.000000000000000000e+00 9.575016858106661921e-01 1.746365980417880159e+00
0.000000000000000000e+00 0.000000000000000000e+00 0.000000000000000000e+00 5.648895281576840066e-01 1.710059090644275415e+00
0.000000000000000000e+00 0.000000000000000000e+00 0.000000000000000000e+00 1.368051442850840849e-01 1.568223484245193200e+00
3.006127804495944966e-01 0.000000000000000000e+00 0.000000000000000000e+00 0.000000000000000000e+00 1.328988015912984766e+00
7.202093699101610458e-01 0.000000000000000000e+00 0.000000000000000000e+00 0.000000000000000000e+00 1.007235468611990203e+00
1.095367801560170662e+00 0.000000000000000000e+00 0.000000000000000000e+00 0.000000000000000000e+00 6.234616576642563190e-01
1.402562653068243570e+00 0.000000000000000000e+00 0.000000000000000000e+00 0.000000000000000000e+00 2.013826524349092151e-01
1.622725075612507784e+00 2.334875466928219845e-01 0.000000000000000000e+00 0.000000000000000000e+00 0.000000000000000000e+00
1.742708081813737042e+00 6.551480147818710131e-01 0.000000000000000000e+00 0.000000000000000000e+00 0.000000000000000000e+00
1.755616410232371027e+00 1.037401655783791066e+00 0.000000000000000000e+00 0.000000000000000000e+00 0.000000000000000000e+00
1.660540982321938142e+00 1.356410886408843552e+00 0.000000000000000000e+00 0.000000000000000000e+00 0.000000000000000000e+00
1.462766348171829156e+00 1.592179983368310126e+00 1.192234069705204041e-01 0.000000000000000000e+00 0.000000000000000000e+00
1.174690222582130517e+00 1.729489909786010360e+00 5.467828809797637968e-01 0.000000000000000000e+00 0.000000000000000000e+00
8.167374709575250247e-01 1.758452854319207281e+00 9.363266977935694735e-01 0.000000000000000000e+00 0.000000000000000000e+00
4.136651856963361462e-01 1.676845028632083290e+00 1.260682051558150274e+00 0.000000000000000000e+00 0.000000000000000000e+00
0.000000000000000000e+00 1.490740271756251678e+00 1.499355230593917510e+00 8.594162401855738598e-03 0.000000000000000000e+00
0.000000000000000000e+00 1.213465937612717482e+00 1.638917155039777862e+00 4.226676143497692384e-01 0.000000000000000000e+00
0.000000000000000000e+00 8.651784810442211260e-01 1.673449718656178753e+00 8.029349655889262971e-01 0.000000000000000000e+00
0.000000000000000000e+00 4.696744209087755917e-01 1.603156571445308654e+00 1.125934408025088151e+00 0.000000000000000000e+00
0.000000000000000000e+00 5.234029469846510074e-02 1.433975243591802062e+00 1.372340874340215233e+00 0.000000000000000000e+00
0.000000000000000000e+00 0.000000000000000000e+00 1.177599469863084725e+00 1.528026294838286336e+00 3.611996684905791066e-01
0.000000000000000000e+00 0.000000000000000000e+00 8.520905447617621586e-01 1.585469071193716273e+00 7.447500848033428156e-01
0.000000000000000000e+00 0.000000000000000000e+00 4.795922717218018549e-01 1.543161276445666585e+00 1.074775065541710983e+00
0.000000000000000000e+00 0.000000000000000000e+00 8.416285797264012880e-02 1.405254142769887027e+00 1.331382575400592350e+00
0.000000000000000000e+00 0.000000000000000000e+00 0.000000000000000000e+00 1.181500653121586364e+00 1.499707825237109438e+00
0.000000000000000000e+00 0.000000000000000000e+00 0.000000000000000000e+00 8.856132872226500918e-01 1.572122768446264196e+00
0.000000000000000000e+00 0.000000000000000000e+00 0.000000000000000000e+00 5.350515774014240611e-01 1.546657677772192319e+00
0.000000000000000000e+00 0.000000000000000000e+00 0.000000000000000000e+00 1.507860786865987124e-01 1.425645006022999040e+00
2.437369858414862867e-01 0.000000000000000000e+00 0.000000000000000000e+00 0.000000000000000000e+00 1.216058010132645029e+00
6.240793281586789476e-01 0.000000000000000000e+00 0.000000000000000000e+00 0.000000000000000000e+00 9.307757434104075855e-01
9.661266171378761758e-01 0.000000000000000000e+00 0.000000000000000000e+00 0.000000000000000000e+00 5.878869649326068370e-01
1.248385268764809375e+00 0.000000000000000000e+00 0.000000000000000000e+00 0.000000000000000000e+00 2.086286922947809264e-01
1.453274897197464721e+00 1.839696783654605483e-01 0.000000000000000000e+00 0.000000000000000000e+00 0.000000000000000000e+00
1.568406510121238107e+00 5.663773678321163407e-01 0.000000000000000000e+00 0.000000000000000000e+00 0.000000000000000000e+00
1.587063036131170612e+00 9.148249842358304740e-01 0.000000000000000000e+00 0.000000000000000000e+00 0.000000000000000000e+00
1.507996998573434277e+00 1.207577078767068990e+00 0.000000000000000000e+00 0.000000000000000000e+00 0.000000000000000000e+00
