0.000000000000000000e+00 0.000000000000000000e+00 0.000000000000000000e+00 0.000000000000000000e+00 0.000000000000000000e+00
0.000000000000000000e+00 0.000000000000000000e+00 0.000000000000000000e+00 0.000000000000000000e+00 0.000000000000000000e+00
0.000000000000000000e+00 0.000000000000000000e+00 0.000000000000000000e+00 0.000000000000000000e+00 0.000000000000000000e+00
0.000000000000000000e+00 0.000000000000000000e+00 0.000000000000000000e+00 0.000000000000000000e+00 0.000000000000000000e+00
0.000000000000000000e+00 0.000000000000000000e+00 0.000000000000000000e+00 0.000000000000000000e+00 0.000000000000000000e+00
0.000000000000000000e+00 0.000000000000000000e+00 0.000000000000000000e+00 0.000000000000000000e+00 0.000000000000000000e+00
0.000000000000000000e+00 0.000000000000000000e+00 0.000000000000000000e+00 0.000000000000000000e+00 0.000000000000000000e+00
0.000000000000000000e+00 0.000000000000000000e+00 0.000000000000000000e+00 0.000000000000000000e+00 0.000000000000000000e+00
0.000000000000000000e+00 0.000000000000000000e+00 0.000000000000000000e+00 0.000000000000000000e+00 0.000000000000000000e+00
0.000000000000000000e+00 0.000000000000000000e+00 0.000000000000000000e+00 0.000000000000000000e+00 0.000000000000000000e+00
0.000000000000000000e+00 0.000000000000000000e+00 0.000000000000000000e+00 0.000000000000000000e+00 0.000000000000000000e+00
0.000000000000000000e+00 0.000000000000000000e+00 0.000000000000000000e+00 0.000000000000000000e+00 0.000000000000000000e+00
0.000000000000000000e+00 0.000000000000000000e+00 0.000000000000000000e+00 0.000000000000000000e+00 0.000000000000000000e+00
0.000000000000000000e+00 0.000000000000000000e+00 0.000000000000000000e+00 0.000000000000000000e+00 0.000000000000000000e+00
0.000000000000000000e+00 0.000000000000000000e+00 0.000000000000000000e+00 0.000000000000000000e+00 0.000000000000000000e+00
0.000000000000000000e+00 0.000000000000000000e+00 0.000000000000000000e+00 0.000000000000000000e+00 0.000000000000000000e+00
0.000000000000000000e+00 0.000000000000000000e+00 0.000000000000000000e+00 0.000000000000000000e+00 0.000000000000000000e+00
0.000000000000000000e+00 0.000000000000000000e+00 0.000000000000000000e+00 0.000000000000000000e+00 0.000000000000000000e+00
0.000000000000000000e+00 0.000000000000000000e+00 0.000000000000000000e+00 0.000000000000000000e+00 0.000000000000000000e+00
0.000000000000000000e+00 0.000000000000000000e+00 0.000000000000000000e+00 0.000000000000000000e+00 0.000000000000000000e+00
0.000000000000000000e+00 0.000000000000000000e+00 0.000000000000000000e+00 0.000000000000000000e+00 0.000000000000000000e+00
0.000000000000000000e+00 0.000000000000000000e+00 0.000000000000000000e+00 0.000000000000000000e+00 0.000000000000000000e+00
0.000000000000000000e+00 0.000000000000000000e+00 0.000000000000000000e+00 0.000000000000000000e+00 0.000000000000000000e+00
0.000000000000000000e+00 0.000000000000000000e+00 0.000000000000000000e+00 0.000000000000000000e+00 0.000000000000000000e+00
0.000000000000000000e+00 0.000000000000000000e+00 0.000000000000000000e+00 0.000000000000000000e+00 0.000000000000000000e+00
0.000000000000000000e+00 0.000000000000000000e+00 0.000000000000000000e+00 0.000000000000000000e+00 0.000000000000000000e+00
0.000000000000000000e+00 0.000000000000000000e+00 0.000000000000000000e+00 0.000000000000000000e+00 0.000000000000000000e+00
0.000000000000000000e+00 0.000000000000000000e+00 0.000000000000000000e+00 0.000000000000000000e+00 0.000000000000000000e+00
0.000000000000000000e+00 0.000000000000000000e+00 0.000000000000000000e+00 0.000000000000000000e+00 0.000000000000000000e+00
0.000000000000000000e+00 0.000000000000000000e+00 0.000000000000000000e+00 0.000000000000000000e+00 0.000000000000000000e+00
0.000000000000000000e+00 0.000000000000000000e+00 0.000000000000000000e+00 0.000000000000000000e+00 0.000000000000000000e+00
0.000000000000000000e+00 0.000000000000000000e+00 0.000000000000000000e+00 0.000000000000000000e+00 0.000000000000000000e+00
0.000000000000000000e+00 0.000000000000000000e+00 0.000000000000000000e+00 0.000000000000000000e+00 0.000000000000000000e+00
0.000000000000000000e+00 0.000000000000000000e+00 0.000000000000000000e+00 0.000000000000000000e+00 0.000000000000000000e+00
0.000000000000000000e+00 0.000000000000000000e+00 0.000000000000000000e+00 0.000000000000000000e+00 0.000000000000000000e+00
0.000000000000000000e+00 0.000000000000000000e+00 0.000000000000000000e+00 0.000000000000000000e+00 0.000000000000000000e+00
0.000000000000000000e+00 0.000000000000000000e+00 0.000000000000000000e+00 0.000000000000000000e+00 0.000000000000000000e+00
0.000000000000000000e+00 0.000000000000000000e+00 0.000000000000000000e+00 0.000000000000000000e+00 0.000000000000000000e+00
0.000000000000000000e+00 0.000000000000000000e+00 0.000000000000000000e+00 0.000000000000000000e+00 0.000000000000000000e+00
0.000000000000000000e+00 0.000000000000000000e+00 0.000000000000000000e+00 0.000000000000000000e+00 0.000000000000000000e+00
0.000000000000000000e+00 0.000000000000000000e+00 0.000000000000000000e+00 0.000000000000000000e+00 0.000000000000000000e+00
0.000000000000000000e+00 0.000000000000000000e+00 0.000000000000000000e+00 0.000000000000000000e+00 0.000000000000000000e+00
0.000000000000000000e+00 0.000000000000000000e+00 0.000000000000000000e+00 0.000000000000000000e+00 0.000000000000000000e+00
0.000000000000000000e+00 0.000000000000000000e+00 0.000000000000000000e+00 0.000000000000000000e+00 0.000000000000000000e+00
0.000000000000000000e+00 0.000000000000000000e+00 0.000000000000000000e+00 0.000000000000000000e+00 0.000000000000000000e+00
0.000000000000000000e+00 0.000000000000000000e+00 0.000000000000000000e+00 0.000000000000000000e+00 0.000000000000000000e+00
0.000000000000000000e+00 0.000000000000000000e+00 0.000000000000000000e+00 0.000000000000000000e+00 0.000000000000000000e+00
0.000000000000000000e+00 0.000000000000000000e+00 0.000000000000000000e+00 0.000000000000000000e+00 0.000000000000000000e+00
0.000000000000000000e+00 0.000000000000000000e+00 0.000000000000000000e+00 0.000000000000000000e+00 0.000000000000000000e+00
0.000000000000000000e+00 0.000000000000000000e+00 0.000000000000000000e+00 0.000000000000000000e+00 0.000000000000000000e+00
0.000000000000000000e+00 0.000000000000000000e+00 0.000000000000000000e+00 0.000000000000000000e+00 0.000000000000000000e+00
0.000000000000000000e+00 0.000000000000000000e+00 0.000000000000000000e+00 0.000000000000000000e+00 0.000000000000000000e+00
0.000000000000000000e+00 0.000000000000000000e+00 0.000000000000000000e+00 0.000000000000000000e+00 0.000000000000000000e+00
0.000000000000000000e+00 0.000000000000000000e+00 0.000000000000000000e+00 0.000000000000000000e+00 0.000000000000000000e+00
0.000000000000000000e+00 0.000000000000000000e+00 0.000000000000000000e+00 0.000000000000000000e+00 0.000000000000000000e+00
0.000000000000000000e+00 0.000000000000000000e+00 0.000000000000000000e+00 0.000000000000000000e+00 0.000000000000000000e+00
0.000000000000000000e+00 0.000000000000000000e+00 0.000000000000000000e+00 0.000000000000000000e+00 0.000000000000000000e+00
0.000000000000000000e+00 0.000000000000000000e+00 0.000000000000000000e+00 0.000000000000000000e+00 0.000000000000000000e+00
0.000000000000000000e+00 0.000000000000000000e+00 0.000000000000000000e+00 0.000000000000000000e+00 0.000000000000000000e+00
0.000000000000000000e+00 0.000000000000000000e+00 0.000000000000000000e+00 0.000000000000000000e+00 0.000000000000000000e+00
0.000000000000000000e+00 0.000000000000000000e+00 0.000000000000000000e+00 0.000000000000000000e+00 0.000000000000000000e+00
0.000000000000000000e+00 0.000000000000000000e+00 0.000000000000000000e+00 0.000000000000000000e+00 0.000000000000000000e+00
0.000000000000000000e+00 0.000000000000000000e+00 0.000000000000000000e+00 0.000000000000000000e+00 0.000000000000000000e+00
0.000000000000000000e+00 0.000000000000000000e+00 0.000000000000000000e+00 0.000000000000000000e+00 0.000000000000000000e+00
0.000000000000000000e+00 0.000000000000000000e+00 0.000000000000000000e+00 0.000000000000000000e+00 0.000000000000000000e+00
0.000000000000000000e+00 0.000000000000000000e+00 0.000000000000000000e+00 0.000000000000000000e+00 0.000000000000000000e+00
0.000000000000000000e+00 0.000000000000000000e+00 0.000000000000000000e+00 0.000000000000000000e+00 0.000000000000000000e+00
0.000000000000000000e+00 0.000000000000000000e+00 0.000000000000000000e+00 0.000000000000000000e+00 0.000000000000000000e+00
0.000000000000000000e+00 0.000000000000000000e+00 0.000000000000000000e+00 0.000000000000000000e+00 0.000000000000000000e+00
0.000000000000000000e+00 0.000000000000000000e+00 0.000000000000000000e+00 0.000000000000000000e+00 0.000000000000000000e+00
0.000000000000000000e+00 0.000000000000000000e+00 0.000000000000000000e+00 0.000000000000000000e+00 0.000000000000000000e+00
0.000000000000000000e+00 0.000000000000000000e+00 0.000000000000000000e+00 0.000000000000000000e+00 0.000000000000000000e+00
0.000000000000000000e+00 0.000000000000000000e+00 0.000000000000000000e+00 0.000000000000000000e+00 0.000000000000000000e+00
0.000000000000000000e+00 0.000000000000000000e+00 0.000000000000000000e+00 0.000000000000000000e+00 0.000000000000000000e+00
0.000000000000000000e+00 0.000000000000000000e+00 0.000000000000000000e+00 0.000000000000000000e+00 0.000000000000000000e+00
0.000000000000000000e+00 0.000000000000000000e+00 0.000000000000000000e+00 0.000000000000000000e+00 0.000000000000000000e+00
0.000000000000000000e+00 0.000000000000000000e+00 0.000000000000000000e+00 0.000000000000000000e+00 0.000000000000000000e+00
0.000000000000000000e+00 0.000000000000000000e+00 0.000000000000000000e+00 0.000000000000000000e+00 0.000000000000000000e+00
0.000000000000000000e+00 0.000000000000000000e+00 0.000000000000000000e+00 0.000000000000000000e+00 0.000000000000000000e+00
0.000000000000000000e+00 0.000000000000000000e+00 0.000000000000000000e+00 0.000000000000000000e+00 0.000000000000000000e+00
0.000000000000000000e+00 0.000000000000000000e+00 0.000000000000000000e+00 0.000000000000000000e+00 0.000000000000000000e+00
0.000000000000000000e+00 0.000000000000000000e+00 0.000000000000000000e+00 0.000000000000000000e+00 0.000000000000000000e+00
0.000000000000000000e+00 0.000000000000000000e+00 0.000000000000000000e+00 0.000000000000000000e+00 0.000000000000000000e+00
0.000000000000000000e+00 0.000000000000000000e+00 0.000000000000000000e+00 0.000000000000000000e+00 0.000000000000000000e+00
0.000000000000000000e+00 0.000000000000000000e+00 0.000000000000000000e+00 0.000000000000000000e+00 0.000000000000000000e+00
0.000000000000000000e+00 0.000000000000000000e+00 0.000000000000000000e+00 0.000000000000000000e+00 0.000000000000000000e+00
0.000000000000000000e+00 0.000000000000000000e+00 0.000000000000000000e+00 0.000000000000000000e+00 0.000000000000000000e+00
0.000000000000000000e+00 0.000000000000000000e+00 0.000000000000000000e+00 0.000000000000000000e+00 0.000000000000000000e+00
0.000000000000000000e+00 0.000000000000000000e+00 0.000000000000000000e+00 0.000000000000000000e+00 0.000000000000000000e+00
0.000000000000000000e+00 0.000000000000000000e+00 0.000000000000000000e+00 0.000000000000000000e+00 0.000000000000000000e+00
0.000000000000000000e+00 0.000000000000000000e+00 0.000000000000000000e+00 0.000000000000000000e+00 0.000000000000000000e+00
0.000000000000000000e+00 0.000000000000000000e+00 0.000000000000000000e+00 0.000000000000000000e+00 0.000000000000000000e+00
0.000000000000000000e+00 0.000000000000000000e+00 0.000000000000000000e+00 0.000000000000000000e+00 0.000000000000000000e+00
0.000000000000000000e+00 0.000000000000000000e+00 0.000000000000000000e+00 0.000000000000000000e+00 0.000000000000000000e+00
0.000000000000000000e+00 0.000000000000000000e+00 0.000000000000000000e+00 0.000000000000000000e+00 0.000000000000000000e+00
0.000000000000000000e+00 0.000000000000000000e+00 0.000000000000000000e+00 0.000000000000000000e+00 0.000000000000000000e+00
0.000000000000000000e+00 0.000000000000000000e+00 0.000000000000000000e+00 0.000000000000000000e+00 0.000000000000000000e+00
0.000000000000000000e+00 0.000000000000000000e+00 0.000000000000000000e+00 0.000000000000000000e+00 0.000000000000000000e+00
0.000000000000000000e+00 0.000000000000000000e+00 0.000000000000000000e+00 0.000000000000000000e+00 0.000000000000000000e+00
0.000000000000000000e+00 0.000000000000000000e+00 0.000000000000000000e+00 0.000000000000000000e+00 0.000000000000000000e+00
0.000000000000000000e+00 0.000000000000000000e+00 0.000000000000000000e+00 0.000000000000000000e+00 0.000000000000000000e+00
0.000000000000000000e+00 0.000000000000000000e+00 0.000000000000000000e+00 0.000000000000000000e+00 0.000000000000000000e+00
0.000000000000000000e+00 0.000000000000000000e+00 0.000000000000000000e+00 0.000000000000000000e+00 0.000000000000000000e+00
0.000000000000000000e+00 0.000000000000000000e+00 0.000000000000000000e+00 0.000000000000000000e+00 0.000000000000000000e+00
0.000000000000000000e+00 0.000000000000000000e+00 0.000000000000000000e+00 0.000000000000000000e+00 0.000000000000000000e+00
0.000000000000000000e+00 0.000000000000000000e+00 0.000000000000000000e+00 0.000000000000000000e+00 0.000000000000000000e+00
0.000000000000000000e+00 0.000000000000000000e+00 0.000000000000000000e+00 0.000000000000000000e+00 0.000000000000000000e+00
0.000000000000000000e+00 0.000000000000000000e+00 0.000000000000000000e+00 0.000000000000000000e+00 0.000000000000000000e+00
0.000000000000000000e+00 0.000000000000000000e+00 0.000000000000000000e+00 0.000000000000000000e+00 0.000000000000000000e+00
0.000000000000000000e+00 0.000000000000000000e+00 0.000000000000000000e+00 0.000000000000000000e+00 0.000000000000000000e+00
0.000000000000000000e+00 0.000000000000000000e+00 0.000000000000000000e+00 0.000000000000000000e+00 0.000000000000000000e+00
0.000000000000000000e+00 0.000000000000000000e+00 0.000000000000000000e+00 0.000000000000000000e+00 0.000000000000000000e+00
0.000000000000000000e+00 0.000000000000000000e+00 0.000000000000000000e+00 0.000000000000000000e+00 0.000000000000000000e+00
0.000000000000000000e+00 0.000000000000000000e+00 0.000000000000000000e+00 0.000000000000000000e+00 0.000000000000000000e+00
0.000000000000000000e+00 0.000000000000000000e+00 0.000000000000000000e+00 0.000000000000000000e+00 0.000000000000000000e+00
0.000000000000000000e+00 0.000000000000000000e+00 0.000000000000000000e+00 0.000000000000000000e+00 0.000000000000000000e+00
0.000000000000000000e+00 0.000000000000000000e+00 0.000000000000000000e+00 0.000000000000000000e+00 0.000000000000000000e+00
0.000000000000000000e+00 0.000000000000000000e+00 0.000000000000000000e+00 0.000000000000000000e+00 0.000000000000000000e+00
0.000000000000000000e+00 0.000000000000000000e+00 0.000000000000000000e+00 0.000000000000000000e+00 0.000000000000000000e+00
0.000000000000000000e+00 0.000000000000000000e+00 0.000000000000000000e+00 0.000000000000000000e+00 0.000000000000000000e+00
0.000000000000000000e+00 0.000000000000000000e+00 0.000000000000000000e+00 0.000000000000000000e+00 0.000000000000000000e+00
0.000000000000000000e+00 0.000000000000000000e+00 0.000000000000000000e+00 0.000000000000000000e+00 0.000000000000000000e+00
0.000000000000000000e+00 0.000000000000000000e+00 0.000000000000000000e+00 0.000000000000000000e+00 0.000000000000000000e+00
0.000000000000000000e+00 0.000000000000000000e+00 0.000000000000000000e+00 0.000000000000000000e+00 0.000000000000000000e+00
0.000000000000000000e+00 0.000000000000000000e+00 0.000000000000000000e+00 0.000000000000000000e+00 0.000000000000000000e+00
0.000000000000000000e+00 0.000000000000000000e+00 0.000000000000000000e+00 0.000000000000000000e+00 0.000000000000000000e+00
0.000000000000000000e+00 0.000000000000000000e+00 0.000000000000000000e+00 0.000000000000000000e+00 0.000000000000000000e+00
0.000000000000000000e+00 0.000000000000000000e+00 0.000000000000000000e+00 0.000000000000000000e+00 0.000000000000000000e+00
0.000000000000000000e+00 0.000000000000000000e+00 0.000000000000000000e+00 0.000000000000000000e+00 0.000000000000000000e+00
0.000000000000000000e+00 0.000000000000000000e+00 0.000000000000000000e+00 0.000000000000000000e+00 0.000000000000000000e+00
0.000000000000000000e+00 0.000000000000000000e+00 0.000000000000000000e+00 0.000000000000000000e+00 0.000000000000000000e+00
0.000000000000000000e+00 0.000000000000000000e+00 0.000000000000000000e+00 0.000000000000000000e+00 0.000000000000000000e+00
0.000000000000000000e+00 0.000000000000000000e+00 0.000000000000000000e+00 0.000000000000000000e+00 0.000000000000000000e+00
0.000000000000000000e+00 0.000000000000000000e+00 0.000000000000000000e+00 0.000000000000000000e+00 0.000000000000000000e+00
0.000000000000000000e+00 0.000000000000000000e+00 0.000000000000000000e+00 0.000000000000000000e+00 0.000000000000000000e+00
0.000000000000000000e+00 0.000000000000000000e+00 0.000000000000000000e+00 0.000000000000000000e+00 0.000000000000000000e+00
0.000000000000000000e+00 0.000000000000000000e+00 0.000000000000000000e+00 0.000000000000000000e+00 0.000000000000000000e+00
0.000000000000000000e+00 0.000000000000000000e+00 0.000000000000000000e+00 0.000000000000000000e+00 0.000000000000000000e+00
0.000000000000000000e+00 0.000000000000000000e+00 0.000000000000000000e+00 0.000000000000000000e+00 0.000000000000000000e+00
0.000000000000000000e+00 0.000000000000000000e+00 0.000000000000000000e+00 0.000000000000000000e+00 0.000000000000000000e+00
0.000000000000000000e+00 0.000000000000000000e+00 0.000000000000000000e+00 0.000000000000000000e+00 0.000000000000000000e+00
0.000000000000000000e+00 0.000000000000000000e+00 0.000000000000000000e+00 0.000000000000000000e+00 0.000000000000000000e+00
0.000000000000000000e+00 0.000000000000000000e+00 0.000000000000000000e+00 0.000000000000000000e+00 0.000000000000000000e+00
0.000000000000000000e+00 0.000000000000000000e+00 0.000000000000000000e+00 0.000000000000000000e+00 0.000000000000000000e+00
0.000000000000000000e+00 0.000000000000000000e+00 0.000000000000000000e+00 0.000000000000000000e+00 0.000000000000000000e+00
0.000000000000000000e+00 0.000000000000000000e+00 0.000000000000000000e+00 0.000000000000000000e+00 0.000000000000000000e+00
0.000000000000000000e+00 0.000000000000000000e+00 0.000000000000000000e+00 0.000000000000000000e+00 0.000000000000000000e+00
0.000000000000000000e+00 0.000000000000000000e+00 0.000000000000000000e+00 0.000000000000000000e+00 0.000000000000000000e+00
0.000000000000000000e+00 0.000000000000000000e+00 0.000000000000000000e+00 0.000000000000000000e+00 0.000000000000000000e+00
0.000000000000000000e+00 0.000000000000000000e+00 0.000000000000000000e+00 0.000000000000000000e+00 0.000000000000000000e+00
0.000000000000000000e+00 0.000000000000000000e+00 0.000000000000000000e+00 0.000000000000000000e+00 0.000000000000000000e+00
0.000000000000000000e+00 0.000000000000000000e+00 0.000000000000000000e+00 0.000000000000000000e+00 0.000000000000000000e+00
0.000000000000000000e+00 0.000000000000000000e+00 0.000000000000000000e+00 0.000000000000000000e+00 0.000000000000000000e+00
0.000000000000000000e+00 0.000000000000000000e+00 0.000000000000000000e+00 0.000000000000000000e+00 0.000000000000000000e+00
0.000000000000000000e+00 0.000000000000000000e+00 0.000000000000000000e+00 0.000000000000000000e+00 0.000000000000000000e+00
0.000000000000000000e+00 0.000000000000000000e+00 0.000000000000000000e+00 0.000000000000000000e+00 0.000000000000000000e+00
0.000000000000000000e+00 0.000000000000000000e+00 0.000000000000000000e+00 0.000000000000000000e+00 0.000000000000000000e+00
0.000000000000000000e+00 0.000000000000000000e+00 0.000000000000000000e+00 0.000000000000000000e+00 0.000000000000000000e+00
0.000000000000000000e+00 0.000000000000000000e+00 0.000000000000000000e+00 0.000000000000000000e+00 0.000000000000000000e+00
0.000000000000000000e+00 0.000000000000000000e+00 0.000000000000000000e+00 0.000000000000000000e+00 0.000000000000000000e+00
0.000000000000000000e+00 0.000000000000000000e+00 0.000000000000000000e+00 0.000000000000000000e+00 0.000000000000000000e+00
0.000000000000000000e+00 0.000000000000000000e+00 0.000000000000000000e+00 0.000000000000000000e+00 0.000000000000000000e+00
0.000000000000000000e+00 0.000000000000000000e+00 0.000000000000000000e+00 0.000000000000000000e+00 0.000000000000000000e+00
0.000000000000000000e+00 0.000000000000000000e+00 0.000000000000000000e+00 0.000000000000000000e+00 0.000000000000000000e+00
0.000000000000000000e+00 0.000000000000000000e+00 0.000000000000000000e+00 0.000000000000000000e+00 0.000000000000000000e+00
0.000000000000000000e+00 0.000000000000000000e+00 0.000000000000000000e+00 0.000000000000000000e+00 0.000000000000000000e+00
0.000000000000000000e+00 0.000000000000000000e+00 0.000000000000000000e+00 0.000000000000000000e+00 0.000000000000000000e+00
0.000000000000000000e+00 0.000000000000000000e+00 0.000000000000000000e+00 0.000000000000000000e+00 0.000000000000000000e+00
0.000000000000000000e+00 0.000000000000000000e+00 0.000000000000000000e+00 0.000000000000000000e+00 0.000000000000000000e+00
0.000000000000000000e+00 0.000000000000000000e+00 0.000000000000000000e+00 0.000000000000000000e+00 0.000000000000000000e+00
0.000000000000000000e+00 0.000000000000000000e+00 0.000000000000000000e+00 0.000000000000000000e+00 0.000000000000000000e+00
0.000000000000000000e+00 0.000000000000000000e+00 0.000000000000000000e+00 0.000000000000000000e+00 0.000000000000000000e+00
0.000000000000000000e+00 0.000000000000000000e+00 0.000000000000000000e+00 0.000000000000000000e+00 0.000000000000000000e+00
0.000000000000000000e+00 0.000000000000000000e+00 0.000000000000000000e+00 0.000000000000000000e+00 0.000000000000000000e+00
0.000000000000000000e+00 0.000000000000000000e+00 0.000000000000000000e+00 0.000000000000000000e+00 0.000000000000000000e+00
0.000000000000000000e+00 0.000000000000000000e+00 0.000000000000000000e+00 0.000000000000000000e+00 0.000000000000000000e+00
0.000000000000000000e+00 0.000000000000000000e+00 0.000000000000000000e+00 0.000000000000000000e+00 0.000000000000000000e+00
0.000000000000000000e+00 0.000000000000000000e+00 0.000000000000000000e+00 0.000000000000000000e+00 0.000000000000000000e+00
0.000000000000000000e+00 0.000000000000000000e+00 0.000000000000000000e+00 0.000000000000000000e+00 0.000000000000000000e+00
0.000000000000000000e+00 0.000000000000000000e+00 0.000000000000000000e+00 0.000000000000000000e+00 0.000000000000000000e+00
0.000000000000000000e+00 0.000000000000000000e+00 0.000000000000000000e+00 0.000000000000000000e+00 0.000000000000000000e+00
0.000000000000000000e+00 0.000000000000000000e+00 0.000000000000000000e+00 0.000000000000000000e+00 0.000000000000000000e+00
0.000000000000000000e+00 0.000000000000000000e+00 0.000000000000000000e+00 0.000000000000000000e+00 0.000000000000000000e+00
0.000000000000000000e+00 0.000000000000000000e+00 0.000000000000000000e+00 0.000000000000000000e+00 0.000000000000000000e+00
0.000000000000000000e+00 0.000000000000000000e+00 0.000000000000000000e+00 0.000000000000000000e+00 0.000000000000000000e+00
0.000000000000000000e+00 0.000000000000000000e+00 0.000000000000000000e+00 0.000000000000000000e+00 0.000000000000000000e+00
0.000000000000000000e+00 0.000000000000000000e+00 0.000000000000000000e+00 0.000000000000000000e+00 0.000000000000000000e+00
0.000000000000000000e+00 0.000000000000000000e+00 0.000000000000000000e+00 0.000000000000000000e+00 0.000000000000000000e+00
0.000000000000000000e+00 0.000000000000000000e+00 0.000000000000000000e+00 0.000000000000000000e+00 0.000000000000000000e+00
0.000000000000000000e+00 0.000000000000000000e+00 0.000000000000000000e+00 0.000000000000000000e+00 0.000000000000000000e+00
0.000000000000000000e+00 0.000000000000000000e+00 0.000000000000000000e+00 0.000000000000000000e+00 0.000000000000000000e+00
0.000000000000000000e+00 0.000000000000000000e+00 0.000000000000000000e+00 0.000000000000000000e+00 0.000000000000000000e+00
0.000000000000000000e+00 0.000000000000000000e+00 0.000000000000000000e+00 0.000000000000000000e+00 0.000000000000000000e+00
0.000000000000000000e+00 0.000000000000000000e+00 0.000000000000000000e+00 0.000000000000000000e+00 0.000000000000000000e+00
0.000000000000000000e+00 0.000000000000000000e+00 0.000000000000000000e+00 0.000000000000000000e+00 0.000000000000000000e+00
0.000000000000000000e+00 0.000000000000000000e+00 0.000000000000000000e+00 0.000000000000000000e+00 0.000000000000000000e+00
0.000000000000000000e+00 0.000000000000000000e+00 0.000000000000000000e+00 0.000000000000000000e+00 0.000000000000000000e+00
0.000000000000000000e+00 0.000000000000000000e+00 0.000000000000000000e+00 0.000000000000000000e+00 0.000000000000000000e+00
0.000000000000000000e+00 0.000000000000000000e+00 0.000000000000000000e+00 0.000000000000000000e+00 0.000000000000000000e+00
0.000000000000000000e+00 0.000000000000000000e+00 0.000000000000000000e+00 0.000000000000000000e+00 0.000000000000000000e+00
0.000000000000000000e+00 0.000000000000000000e+00 0.000000000000000000e+00 0.000000000000000000e+00 0.000000000000000000e+00
0.000000000000000000e+00 0.000000000000000000e+00 0.000000000000000000e+00 0.000000000000000000e+00 0.000000000000000000e+00
0.000000000000000000e+00 0.000000000000000000e+00 0.000000000000000000e+00 0.000000000000000000e+00 0.000000000000000000e+00
0.000000000000000000e+00 0.000000000000000000e+00 0.000000000000000000e+00 0.000000000000000000e+00 0.000000000000000000e+00
0.000000000000000000e+00 0.000000000000000000e+00 0.000000000000000000e+00 0.000000000000000000e+00 0.000000000000000000e+00
0.000000000000000000e+00 0.000000000000000000e+00 0.000000000000000000e+00 0.000000000000000000e+00 0.000000000000000000e+00
0.000000000000000000e+00 0.000000000000000000e+00 0.000000000000000000e+00 0.000000000000000000e+00 0.000000000000000000e+00
0.000000000000000000e+00 0.000000000000000000e+00 0.000000000000000000e+00 0.000000000000000000e+00 0.000000000000000000e+00
0.000000000000000000e+00 0.000000000000000000e+00 0.000000000000000000e+00 0.000000000000000000e+00 0.000000000000000000e+00
0.000000000000000000e+00 0.000000000000000000e+00 0.000000000000000000e+00 0.000000000000000000e+00 0.000000000000000000e+00
0.000000000000000000e+00 0.000000000000000000e+00 0.000000000000000000e+00 0.000000000000000000e+00 0.000000000000000000e+00
0.000000000000000000e+00 0.000000000000000000e+00 0.000000000000000000e+00 0.000000000000000000e+00 0.000000000000000000e+00
0.000000000000000000e+00 0.000000000000000000e+00 0.000000000000000000e+00 0.000000000000000000e+00 0.000000000000000000e+00
0.000000000000000000e+00 0.000000000000000000e+00 0.000000000000000000e+00 0.000000000000000000e+00 0.000000000000000000e+00
0.000000000000000000e+00 0.000000000000000000e+00 0.000000000000000000e+00 0.000000000000000000e+00 0.000000000000000000e+00
0.000000000000000000e+00 0.000000000000000000e+00 0.000000000000000000e+00 0.000000000000000000e+00 0.000000000000000000e+00
0.000000000000000000e+00 0.000000000000000000e+00 0.000000000000000000e+00 0.000000000000000000e+00 0.000000000000000000e+00
0.000000000000000000e+00 0.000000000000000000e+00 0.000000000000000000e+00 0.000000000000000000e+00 0.000000000000000000e+00
0.000000000000000000e+00 0.000000000000000000e+00 0.000000000000000000e+00 0.000000000000000000e+00 0.000000000000000000e+00
0.000000000000000000e+00 0.000000000000000000e+00 0.000000000000000000e+00 0.000000000000000000e+00 0.000000000000000000e+00
0.000000000000000000e+00 0.000000000000000000e+00 0.000000000000000000e+00 0.000000000000000000e+00 0.000000000000000000e+00
0.000000000000000000e+00 0.000000000000000000e+00 0.000000000000000000e+00 0.000000000000000000e+00 0.000000000000000000e+00
0.000000000000000000e+00 0.000000000000000000e+00 0.000000000000000000e+00 0.000000000000000000e+00 0.000000000000000000e+00
0.000000000000000000e+00 0.000000000000000000e+00 0.000000000000000000e+00 0.000000000000000000e+00 0.000000000000000000e+00
0.000000000000000000e+00 0.000000000000000000e+00 0.000000000000000000e+00 0.000000000000000000e+00 0.000000000000000000e+00
0.000000000000000000e+00 0.000000000000000000e+00 0.000000000000000000e+00 0.000000000000000000e+00 0.000000000000000000e+00
0.000000000000000000e+00 0.000000000000000000e+00 0.000000000000000000e+00 0.000000000000000000e+00 0.000000000000000000e+00
0.000000000000000000e+00 0.000000000000000000e+00 0.000000000000000000e+00 0.000000000000000000e+00 0.000000000000000000e+00
0.000000000000000000e+00 0.000000000000000000e+00 0.000000000000000000e+00 0.000000000000000000e+00 0.000000000000000000e+00
0.000000000000000000e+00 0.000000000000000000e+00 0.000000000000000000e+00 0.000000000000000000e+00 0.000000000000000000e+00
0.000000000000000000e+00 0.000000000000000000e+00 0.000000000000000000e+00 0.000000000000000000e+00 0.000000000000000000e+00
0.000000000000000000e+00 0.000000000000000000e+00 0.000000000000000000e+00 0.000000000000000000e+00 0.000000000000000000e+00
0.000000000000000000e+00 0.000000000000000000e+00 0.000000000000000000e+00 0.000000000000000000e+00 0.000000000000000000e+00
0.000000000000000000e+00 0.000000000000000000e+00 0.000000000000000000e+00 0.000000000000000000e+00 0.000000000000000000e+00
0.000000000000000000e+00 0.000000000000000000e+00 0.000000000000000000e+00 0.000000000000000000e+00 0.000000000000000000e+00
0.000000000000000000e+00 0.000000000000000000e+00 0.000000000000000000e+00 0.000000000000000000e+00 0.000000000000000000e+00
0.000000000000000000e+00 0.000000000000000000e+00 0.000000000000000000e+00 0.000000000000000000e+00 0.000000000000000000e+00
0.000000000000000000e+00 0.000000000000000000e+00 0.000000000000000000e+00 0.000000000000000000e+00 0.000000000000000000e+00
0.000000000000000000e+00 0.000000000000000000e+00 0.000000000000000000e+00 0.000000000000000000e+00 0.000000000000000000e+00
0.000000000000000000e+00 0.000000000000000000e+00 0.000000000000000000e+00 0.000000000000000000e+00 0.000000000000000000e+00
0.000000000000000000e+00 0.000000000000000000e+00 0.000000000000000000e+00 0.000000000000000000e+00 0.000000000000000000e+00
0.000000000000000000e+00 0.000000000000000000e+00 0.000000000000000000e+00 0.000000000000000000e+00 0.000000000000000000e+00
0.000000000000000000e+00 0.000000000000000000e+00 0.000000000000000000e+00 0.000000000000000000e+00 0.000000000000000000e+00
0.000000000000000000e+00 0.000000000000000000e+00 0.000000000000000000e+00 0.000000000000000000e+00 0.000000000000000000e+00
0.000000000000000000e+00 0.000000000000000000e+00 0.000000000000000000e+00 0.000000000000000000e+00 0.000000000000000000e+00
0.000000000000000000e+00 0.000000000000000000e+00 0.000000000000000000e+00 0.000000000000000000e+00 0.000000000000000000e+00
0.000000000000000000e+00 0.000000000000000000e+00 0.000000000000000000e+00 0.000000000000000000e+00 0.000000000000000000e+00
0.000000000000000000e+00 0.000000000000000000e+00 0.000000000000000000e+00 0.000000000000000000e+00 0.000000000000000000e+00
0.000000000000000000e+00 0.000000000000000000e+00 0.000000000000000000e+00 0.000000000000000000e+00 0.000000000000000000e+00
0.000000000000000000e+00 0.000000000000000000e+00 0.000000000000000000e+00 0.000000000000000000e+00 0.000000000000000000e+00
0.000000000000000000e+00 0.000000000000000000e+00 0.000000000000000000e+00 0.000000000000000000e+00 0.000000000000000000e+00
0.000000000000000000e+00 0.000000000000000000e+00 0.000000000000000000e+00 0.000000000000000000e+00 0.000000000000000000e+00
0.000000000000000000e+00 0.000000000000000000e+00 0.000000000000000000e+00 0.000000000000000000e+00 0.000000000000000000e+00
0.000000000000000000e+00 0.000000000000000000e+00 0.000000000000000000e+00 0.000000000000000000e+00 0.000000000000000000e+00
0.000000000000000000e+00 0.000000000000000000e+00 0.000000000000000000e+00 0.000000000000000000e+00 0.000000000000000000e+00
0.000000000000000000e+00 0.000000000000000000e+00 0.000000000000000000e+00 0.000000000000000000e+00 0.000000000000000000e+00
0.000000000000000000e+00 0.000000000000000000e+00 0.000000000000000000e+00 0.000000000000000000e+00 0.000000000000000000e+00
0.000000000000000000e+00 0.000000000000000000e+00 0.000000000000000000e+00 0.000000000000000000e+00 0.000000000000000000e+00
0.000000000000000000e+00 0.000000000000000000e+00 0.000000000000000000e+00 0.000000000000000000e+00 0.000000000000000000e+00
0.000000000000000000e+00 0.000000000000000000e+00 0.000000000000000000e+00 0.000000000000000000e+00 0.000000000000000000e+00
0.000000000000000000e+00 0.000000000000000000e+00 0.000000000000000000e+00 0.000000000000000000e+00 0.000000000000000000e+00
0.000000000000000000e+00 0.000000000000000000e+00 0.000000000000000000e+00 0.000000000000000000e+00 0.000000000000000000e+00
0.000000000000000000e+00 0.000000000000000000e+00 0.000000000000000000e+00 0.000000000000000000e+00 0.000000000000000000e+00
0.000000000000000000e+00 0.000000000000000000e+00 0.000000000000000000e+00 0.000000000000000000e+00 0.000000000000000000e+00
0.000000000000000000e+00 0.000000000000000000e+00 0.000000000000000000e+00 0.000000000000000000e+00 0.000000000000000000e+00
0.000000000000000000e+00 0.000000000000000000e+00 0.000000000000000000e+00 0.000000000000000000e+00 0.000000000000000000e+00
0.000000000000000000e+00 0.000000000000000000e+00 0.000000000000000000e+00 0.000000000000000000e+00 0.000000000000000000e+00
0.000000000000000000e+00 0.000000000000000000e+00 0.000000000000000000e+00 0.000000000000000000e+00 0.000000000000000000e+00
0.000000000000000000e+00 0.000000000000000000e+00 0.000000000000000000e+00 0.000000000000000000e+00 0.000000000000000000e+00
0.000000000000000000e+00 0.000000000000000000e+00 0.000000000000000000e+00 0.000000000000000000e+00 0.000000000000000000e+00
0.000000000000000000e+00 0.000000000000000000e+00 0.000000000000000000e+00 0.000000000000000000e+00 0.000000000000000000e+00
0.000000000000000000e+00 0.000000000000000000e+00 0.000000000000000000e+00 0.000000000000000000e+00 0.000000000000000000e+00
0.000000000000000000e+00 0.000000000000000000e+00 0.000000000000000000e+00 0.000000000000000000e+00 0.000000000000000000e+00
0.000000000000000000e+00 0.000000000000000000e+00 0.000000000000000000e+00 0.000000000000000000e+00 0.000000000000000000e+00
0.000000000000000000e+00 0.000000000000000000e+00 0.000000000000000000e+00 0.000000000000000000e+00 0.000000000000000000e+00
0.000000000000000000e+00 0.000000000000000000e+00 1.864305437464797433e-01 1.329330257799928461e+01 1.321004721063172127e+01
0.000000000000000000e+00 0.000000000000000000e+00 0.000000000000000000e+00 1.070292177330891370e+01 1.455652422716759986e+01
0.000000000000000000e+00 0.000000000000000000e+00 0.000000000000000000e+00 6.942639811917303838e+00 1.432920117497917190e+01
0.000000000000000000e+00 0.000000000000000000e+00 0.000000000000000000e+00 2.766270280025851847e+00 1.280690615627233697e+01
1.147142718034844133e+00 0.000000000000000000e+00 0.000000000000000000e+00 0.000000000000000000e+00 1.044246226107365416e+01
4.506111456965629536e+00 0.000000000000000000e+00 0.000000000000000000e+00 0.000000000000000000e+00 7.654878038663738060e+00
7.139134785566098707e+00 0.000000000000000000e+00 0.000000000000000000e+00 0.000000000000000000e+00 4.783316898527127492e+00
9.051835168365995443e+00 0.000000000000000000e+00 0.000000000000000000e+00 0.000000000000000000e+00 1.988771727472921302e+00
1.027830624463139308e+01 6.570511632497869625e-01 0.000000000000000000e+00 0.000000000000000000e+00 0.000000000000000000e+00
1.083833428753835015e+01 3.155827332401905494e+00 0.000000000000000000e+00 0.000000000000000000e+00 0.000000000000000000e+00
1.076210461767712268e+01 5.346928218664452004e+00 0.000000000000000000e+00 0.000000000000000000e+00 0.000000000000000000e+00
1.008497889596013941e+01 7.104429558810253731e+00 0.000000000000000000e+00 0.000000000000000000e+00 0.000000000000000000e+00
8.860721828877464290e+00 8.333953937052697825e+00 0.000000000000000000e+00 0.000000000000000000e+00 0.000000000000000000e+00
7.176188392000728555e+00 8.986295981789274023e+00 1.773170785717941289e+00 0.000000000000000000e+00 0.000000000000000000e+00
5.185420467672400058e+00 9.052709889333163673e+00 3.855994579749632223e+00 0.000000000000000000e+00 0.000000000000000000e+00
3.061476675635689482e+00 8.558391149951745547e+00 5.506859943629455856e+00 0.000000000000000000e+00 0.000000000000000000e+00
9.546943293729741598e-01 7.565612975664004480e+00 6.636065656952678360e+00 0.000000000000000000e+00 0.000000000000000000e+00
0.000000000000000000e+00 6.171015680693255234e+00 7.216517176919695409e+00 1.042875102566241940e+00 0.000000000000000000e+00
0.000000000000000000e+00 4.509536016593418850e+00 7.277845981542593101e+00 2.766605249597055227e+00 0.000000000000000000e+00
0.000000000000000000e+00 2.728902699080796967e+00 6.880967784606740523e+00 4.148651254373827868e+00 0.000000000000000000e+00
0.000000000000000000e+00 9.552019376612514989e-01 6.094404285647279096e+00 5.130394997050604644e+00 0.000000000000000000e+00
0.000000000000000000e+00 0.000000000000000000e+00 4.993647027977575092e+00 5.686746002100373509e+00 7.288084150131496353e-01
0.000000000000000000e+00 0.000000000000000000e+00 3.674363290089749601e+00 5.828659438466738507e+00 2.204046847601868642e+00
0.000000000000000000e+00 0.000000000000000000e+00 2.247274659935784236e+00 5.593816034904899759e+00 3.403144650110206282e+00
0.000000000000000000e+00 0.000000000000000000e+00 8.135750500882734659e-01 5.030834241204298785e+00 4.272760614570261239e+00
0.000000000000000000e+00 0.000000000000000000e+00 0.000000000000000000e+00 4.197404524381523672e+00 4.786308222340543317e+00
0.000000000000000000e+00 0.000000000000000000e+00 0.000000000000000000e+00 3.158749013392345262e+00 4.948382009994615416e+00
0.000000000000000000e+00 0.000000000000000000e+00 0.000000000000000000e+00 1.984572328631872828e+00 4.790051018948060069e+00
0.000000000000000000e+00 0.000000000000000000e+00 0.000000000000000000e+00 7.486832627976014454e-01 4.348629641905894516e+00
4.803375913922100504e-01 0.000000000000000000e+00 0.000000000000000000e+00 0.000000000000000000e+00 3.663557282353355760e+00
1.621545906509715307e+00 0.000000000000000000e+00 0.000000000000000000e+00 0.000000000000000000e+00 2.786002708311844156e+00
2.606809001562472083e+00 0.000000000000000000e+00 0.000000000000000000e+00 0.000000000000000000e+00 1.782481358456162512e+00
3.381589702638876815e+00 0.000000000000000000e+00 0.000000000000000000e+00 0.000000000000000000e+00 7.209905258977223896e-01
3.908813664006689059e+00 3.328856725380407444e-01 0.000000000000000000e+00 0.000000000000000000e+00 0.000000000000000000e+00
4.170151604258842681e+00 1.326994527459955053e+00 0.000000000000000000e+00 0.000000000000000000e+00 0.000000000000000000e+00
4.165688230565032235e+00 2.197084978449515447e+00 0.000000000000000000e+00 0.000000000000000000e+00 0.000000000000000000e+00
3.908183496708316440e+00 2.894242583161592997e+00 0.000000000000000000e+00 0.000000000000000000e+00 0.000000000000000000e+00
3.422211758590009367e+00 3.382337997659080386e+00 0.000000000000000000e+00 0.000000000000000000e+00 0.000000000000000000e+00
2.744942315162924640e+00 3.639767632574509637e+00 8.847706430659627586e-01 0.000000000000000000e+00 0.000000000000000000e+00
1.936998260680866224e+00 3.654886953926554050e+00 1.716316048254824311e+00 0.000000000000000000e+00 0.000000000000000000e+00
1.066597964734609993e+00 3.433913418413483853e+00 2.372331823963043984e+00 0.000000000000000000e+00 0.000000000000000000e+00
1.976370803712258206e-01 3.004125683749109044e+00 2.816068947316559434e+00 0.000000000000000000e+00 0.000000000000000000e+00
0.000000000000000000e+00 2.408958239346874475e+00 3.035264354801672670e+00 6.271709513027586835e-01 0.000000000000000000e+00
0.000000000000000000e+00 1.704261306864627068e+00 3.038020995352734843e+00 1.333466171964011959e+00 0.000000000000000000e+00
0.000000000000000000e+00 9.477790344115035737e-01 2.844491164277799022e+00 1.894049253195184246e+00 0.000000000000000000e+00
0.000000000000000000e+00 1.925074869557699686e-01 2.482557159193279794e+00 2.283832108897932756e+00 0.000000000000000000e+00
0.000000000000000000e+00 0.000000000000000000e+00 1.987077145027805303e+00 2.491279003482186116e+00 5.229487537868997560e-01
0.000000000000000000e+00 0.000000000000000000e+00 1.401574851906545183e+00 2.519438322819929521e+00 1.141110945197645776e+00
0.000000000000000000e+00 0.000000000000000000e+00 7.726625663975369429e-01 2.382198218734429940e+00 1.634037378811217023e+00
0.000000000000000000e+00 0.000000000000000000e+00 1.445359337736476513e-01 2.101220515354237595e+00 1.979248721841970315e+00
0.000000000000000000e+00 0.000000000000000000e+00 0.000000000000000000e+00 1.704725021331398027e+00 2.166019094846929782e+00
0.000000000000000000e+00 0.000000000000000000e+00 0.000000000000000000e+00 1.222345314436404928e+00 2.198878430719719557e+00
0.000000000000000000e+00 0.000000000000000000e+00 0.000000000000000000e+00 6.853231006538407222e-01 2.090751478871822666e+00
0.000000000000000000e+00 0.000000000000000000e+00 0.000000000000000000e+00 1.272908633010560453e-01 1.857247992822752103e+00
4.204866883811893552e-01 0.000000000000000000e+00 0.000000000000000000e+00 0.000000000000000000e+00 1.517004089831923030e+00
9.182672074697653120e-01 0.000000000000000000e+00 0.000000000000000000e+00 0.000000000000000000e+00 1.095382228008799697e+00
1.337369792823656089e+00 0.000000000000000000e+00 0.000000000000000000e+00 0.000000000000000000e+00 6.225630272752302741e-01
1.654459581375762767e+00 0.000000000000000000e+00 0.000000000000000000e+00 0.000000000000000000e+00 1.300182781793699782e-01
1.853969721795996728e+00 3.513329753911417774e-01 0.000000000000000000e+00 0.000000000000000000e+00 0.000000000000000000e+00
1.929173552865642183e+00 7.932458432513154190e-01 0.000000000000000000e+00 0.000000000000000000e+00 0.000000000000000000e+00
1.881049560728961012e+00 1.167902854863837492e+00 0.000000000000000000e+00 0.000000000000000000e+00 0.000000000000000000e+00
1.717297989324786611e+00 1.454354649100699559e+00 0.000000000000000000e+00 0.000000000000000000e+00 0.000000000000000000e+00
1.452069215458784646e+00 1.638059399779673297e+00 1.793939731456888897e-01 0.000000000000000000e+00 0.000000000000000000e+00
1.107607661844684621e+00 1.710278845414119564e+00 6.001212499788826094e-01 0.000000000000000000e+00 0.000000000000000000e+00
7.139736512262222501e-01 1.668412650903211780e+00 9.552546455331307751e-01 0.000000000000000000e+00 0.000000000000000000e+00
3.027612665551744353e-01 1.519627190298052266e+00 1.220137699597809489e+00 0.000000000000000000e+00 0.000000000000000000e+00
0.000000000000000000e+00 1.280582564658248490e+00 1.382276446561000682e+00 1.025715980606292516e-01 0.000000000000000000e+00
0.000000000000000000e+00 9.744851393186471089e-01 1.439526253317538362e+00 4.653863648560744859e-01 0.000000000000000000e+00
0.000000000000000000e+00 6.279056056934542163e-01 1.397580018111404643e+00 7.690283809230171741e-01 0.000000000000000000e+00
0.000000000000000000e+00 2.671435363681927688e-01 1.267300623265522619e+00 9.979406200929515913e-01 0.000000000000000000e+00
0.000000000000000000e+00 0.000000000000000000e+00 1.063641132641905740e+00 1.142862425859732856e+00 8.683390156429107720e-02
0.000000000000000000e+00 0.000000000000000000e+00 8.052330171865478281e-01 1.200933246951393807e+00 4.059857852096495079e-01
0.000000000000000000e+00 0.000000000000000000e+00 5.135691343605733872e-01 1.175510901404542841e+00 6.735077311081004714e-01
0.000000000000000000e+00 0.000000000000000000e+00 2.105319528555253394e-01 1.074806646570975355e+00 8.755484591902681357e-01
0.000000000000000000e+00 0.000000000000000000e+00 0.000000000000000000e+00 9.109316554947364253e-01 1.003825288086596323e+00
0.000000000000000000e+00 0.000000000000000000e+00 0.000000000000000000e+00 6.982564504599213517e-01 1.056298834934534137e+00
0.000000000000000000e+00 0.000000000000000000e+00 0.000000000000000000e+00 4.512538755426102055e-01 1.037244345021292702e+00
0.000000000000000000e+00 0.000000000000000000e+00 0.000000000000000000e+00 1.854929356664368478e-01 9.534620975260506004e-01
8.356981957055602261e-02 0.000000000000000000e+00 0.000000000000000000e+00 0.000000000000000000e+00 8.131099997374567900e-01
3.371305552833517294e-01 0.000000000000000000e+00 0.000000000000000000e+00 0.000000000000000000e+00 6.266494705146588018e-01
5.595867550036340843e-01 0.000000000000000000e+00 0.000000000000000000e+00 0.000000000000000000e+00 4.074726882867523159e-01
7.378025755921474582e-01 0.000000000000000000e+00 0.000000000000000000e+00 0.000000000000000000e+00 1.706945767679308446e-01
8.621986973700249690e-01 6.784766118410107127e-02 0.000000000000000000e+00 0.000000000000000000e+00 0.000000000000000000e+00
9.271408586131720808e-01 2.941508560225030156e-01 0.000000000000000000e+00 0.000000000000000000e+00 0.000000000000000000e+00
9.310742497262768369e-01 4.932285892682421458e-01 0.000000000000000000e+00 0.000000000000000000e+00 0.000000000000000000e+00
8.761205548547120747e-01 6.534672168552793092e-01 0.000000000000000000e+00 0.000000000000000000e+00 0.000000000000000000e+00
7.678129250143685969e-01 7.662213972068721013e-01 0.000000000000000000e+00 0.000000000000000000e+00 0.000000000000000000e+00
6.147936755168759149e-01 8.261608200685813808e-01 2.094035940115927807e-01 0.000000000000000000e+00 0.000000000000000000e+00
4.307071142716804024e-01 8.299728047578017742e-01 3.990841155713718558e-01 0.000000000000000000e+00 0.000000000000000000e+00
2.311608386087794509e-01 7.788568746995947478e-01 5.488568325300506867e-01 0.000000000000000000e+00 0.000000000000000000e+00
3.120894605835329225e-02 6.792868658098895063e-01 6.501489246515298470e-01 0.000000000000000000e+00 0.000000000000000000e+00
0.000000000000000000e+00 5.415961237834227004e-01 6.999560180817715471e-01 1.587232852157521579e-01 0.000000000000000000e+00
0.000000000000000000e+00 3.783230632698235674e-01 6.994842529842303369e-01 3.211098382543599028e-01 0.000000000000000000e+00
0.000000000000000000e+00 2.024476605852633948e-01 6.529027457863337824e-01 4.497008476338849037e-01 0.000000000000000000e+00
0.000000000000000000e+00 2.643435110733056287e-02 5.667131274172694244e-01 5.385811861780004373e-01 0.000000000000000000e+00
0.000000000000000000e+00 0.000000000000000000e+00 4.493789453316747173e-01 5.849159652159974243e-01 1.402016863861867135e-01
0.000000000000000000e+00 0.000000000000000000e+00 3.110275751044382919e-01 5.889954660753653481e-01 2.835363528881275630e-01
0.000000000000000000e+00 0.000000000000000000e+00 1.624469977976141788e-01 5.538211833724370203e-01 3.970748576776621519e-01
0.000000000000000000e+00 0.000000000000000000e+00 1.419711028640578514e-02 4.846294503162603684e-01 4.755415766688378398e-01
0.000000000000000000e+00 0.000000000000000000e+00 0.000000000000000000e+00 3.884343515057291918e-01 5.164257117956773113e-01
0.000000000000000000e+00 0.000000000000000000e+00 0.000000000000000000e+00 2.722270429350305276e-01 5.208688098867890748e-01
0.000000000000000000e+00 0.000000000000000000e+00 0.000000000000000000e+00 1.433986627199796138e-01 4.918092788250797986e-01
0.000000000000000000e+00 0.000000000000000000e+00 0.000000000000000000e+00 1.007283194351439766e-02 4.329140821770781633e-01
1.201263960910489426e-01 0.000000000000000000e+00 0.000000000000000000e+00 0.000000000000000000e+00 3.487873906465048246e-01
2.374487360804685698e-01 0.000000000000000000e+00 0.000000000000000000e+00 0.000000000000000000e+00 2.455075262575972528e-01
3.352233909007170110e-01 0.000000000000000000e+00 0.000000000000000000e+00 0.000000000000000000e+00 1.302972985534921191e-01
4.079448559763120818e-01 0.000000000000000000e+00 0.000000000000000000e+00 0.000000000000000000e+00 1.090819856199802020e-02
4.519603376808407069e-01 1.049766791766052476e-01 0.000000000000000000e+00 0.000000000000000000e+00 0.000000000000000000e+00
4.656521623837461821e-01 2.101105669374306595e-01 0.000000000000000000e+00 0.000000000000000000e+00 0.000000000000000000e+00
4.493251108729715559e-01 2.979454377013938116e-01 0.000000000000000000e+00 0.000000000000000000e+00 0.000000000000000000e+00
4.050806808882929655e-01 3.635593878969500814e-01 0.000000000000000000e+00 0.000000000000000000e+00 0.000000000000000000e+00
3.366706423799257775e-01 4.036279841425364223e-01 6.562911416664804487e-02 0.000000000000000000e+00 0.000000000000000000e+00
2.499988877468124759e-01 4.160770939602289609e-01 1.656847515136248838e-01 0.000000000000000000e+00 0.000000000000000000e+00
1.525481728177741914e-01 4.006254960835782253e-01 2.484258861429846921e-01 0.000000000000000000e+00 0.000000000000000000e+00
5.201918130815555430e-02 3.595384423729037771e-01 3.083910544487956651e-01 0.000000000000000000e+00 0.000000000000000000e+00
0.000000000000000000e+00 2.973174146870954937e-01 3.430172206737709395e-01 4.594098445519008422e-02 0.000000000000000000e+00
0.000000000000000000e+00 2.198593290106262699e-01 3.520875233130730253e-01 1.322904543845850323e-01 0.000000000000000000e+00
0.000000000000000000e+00 1.335968517248911080e-01 3.371214964260840219e-01 2.032794283001182478e-01 0.000000000000000000e+00
0.000000000000000000e+00 4.490416680658405879e-02 3.009532310487132434e-01 2.553644900123336892e-01 0.000000000000000000e+00
0.000000000000000000e+00 0.000000000000000000e+00 2.474972147039191661e-01 2.865324293417086388e-01 4.112678106283765289e-02
0.000000000000000000e+00 0.000000000000000000e+00 1.815487384417598937e-01 2.963158580638330375e-01 1.174252048637473844e-01
0.000000000000000000e+00 0.000000000000000000e+00 1.084180010093503121e-01 2.857047364352202079e-01 1.801483027501806222e-01
0.000000000000000000e+00 0.000000000000000000e+00 3.348262629889221798e-02 2.569267728183651789e-01 2.261315676459179080e-01
0.000000000000000000e+00 0.000000000000000000e+00 0.000000000000000000e+00 2.132104421750269929e-01 2.535909666513460614e-01
0.000000000000000000e+00 0.000000000000000000e+00 0.000000000000000000e+00 1.581179077926102017e-01 2.624039968499790598e-01
0.000000000000000000e+00 0.000000000000000000e+00 0.000000000000000000e+00 9.528875070752106102e-02 2.537408080407153599e-01
0.000000000000000000e+00 0.000000000000000000e+00 0.000000000000000000e+00 2.868678520998171541e-02 2.293246473758024928e-01
3.781986859852951716e-02 0.000000000000000000e+00 0.000000000000000000e+00 0.000000000000000000e+00 1.913073770457909550e-01
9.940248667739123856e-02 0.000000000000000000e+00 0.000000000000000000e+00 0.000000000000000000e+00 1.424776261608305394e-01
1.523850090532698209e-01 0.000000000000000000e+00 0.000000000000000000e+00 0.000000000000000000e+00 8.626951968471795185e-02
1.936782923253726196e-01 0.000000000000000000e+00 0.000000000000000000e+00 0.000000000000000000e+00 2.651926267012369096e-02
2.210901308495048789e-01 3.280835319129373623e-02 0.000000000000000000e+00 0.000000000000000000e+00 0.000000000000000000e+00
2.334184859634506615e-01 8.805934685869364065e-02 0.000000000000000000e+00 0.000000000000000000e+00 0.000000000000000000e+00
2.304582594427476983e-01 1.356539966340984671e-01 0.000000000000000000e+00 0.000000000000000000e+00 0.000000000000000000e+00
2.129496173671778514e-01 1.728431105554954217e-01 0.000000000000000000e+00 0.000000000000000000e+00 0.000000000000000000e+00
1.825057398085045968e-01 1.976534807027555407e-01 1.430763346967395787e-02 0.000000000000000000e+00 0.000000000000000000e+00
1.416606390480371902e-01 2.088603549123146386e-01 6.684925707272398876e-02 0.000000000000000000e+00 0.000000000000000000e+00
9.400460221262886551e-02 2.059109497589738103e-01 1.119664689639951194e-01 0.000000000000000000e+00 0.000000000000000000e+00
4.345957913557960128e-02 1.894766529596855764e-01 1.463764717252837577e-01 0.000000000000000000e+00 0.000000000000000000e+00
0.000000000000000000e+00 1.614892182610120908e-01 1.683008542410117103e-01 6.958036452488633276e-03 0.000000000000000000e+00
0.000000000000000000e+00 1.247391786603858216e-01 1.772613144634405669e-01 5.259544295477976833e-02 0.000000000000000000e+00
0.000000000000000000e+00 8.241739183188995232e-02 1.737540283743720382e-01 9.127955504936466347e-02 0.000000000000000000e+00
0.000000000000000000e+00 3.776531598372154935e-02 1.589913189091388124e-01 1.209660192648907145e-01 0.000000000000000000e+00
0.000000000000000000e+00 0.000000000000000000e+00 1.347701797832784876e-01 1.403699663591415348e-01 6.528016007269807353e-03
0.000000000000000000e+00 0.000000000000000000e+00 1.033695485548556670e-01 1.489781696551768786e-01 4.687666798625492875e-02
0.000000000000000000e+00 0.000000000000000000e+00 6.740269006600214940e-02 1.470427062580017263e-01 8.107726192245323649e-02
0.000000000000000000e+00 0.000000000000000000e+00 2.959305951692244030e-02 1.354833991177555319e-01 1.073001289679694215e-01
0.000000000000000000e+00 0.000000000000000000e+00 0.000000000000000000e+00 1.157720162845303907e-01 1.244033704267847873e-01
0.000000000000000000e+00 0.000000000000000000e+00 0.000000000000000000e+00 8.972374079743897224e-02 1.319973392964669812e-01
0.000000000000000000e+00 0.000000000000000000e+00 0.000000000000000000e+00 5.912948661422360447e-02 1.305235531948333583e-01
0.000000000000000000e+00 0.000000000000000000e+00 0.000000000000000000e+00 2.591653405074521854e-02 1.207868900078204882e-01
7.963456377784486687e-03 0.000000000000000000e+00 0.000000000000000000e+00 0.000000000000000000e+00 1.037851001963032427e-01
4.012110905448399573e-02 0.000000000000000000e+00 0.000000000000000000e+00 0.000000000000000000e+00 8.079670391364889015e-02
6.855705368240939956e-02 0.000000000000000000e+00 0.000000000000000000e+00 0.000000000000000000e+00 5.344936585426206255e-02
9.157004190226845919e-02 0.000000000000000000e+00 0.000000000000000000e+00 0.000000000000000000e+00 2.362985536404059450e-02
1.078912470805058754e-01 6.632755768357855367e-03 0.000000000000000000e+00 0.000000000000000000e+00 0.000000000000000000e+00
1.167355302758963376e-01 3.550358607929570559e-02 0.000000000000000000e+00 0.000000000000000000e+00 0.000000000000000000e+00
1.178268202552922306e-01 6.104805455368901568e-02 0.000000000000000000e+00 0.000000000000000000e+00 0.000000000000000000e+00
1.113792788928112537e-01 8.175522524293937776e-02 0.000000000000000000e+00 0.000000000000000000e+00 0.000000000000000000e+00
9.806517606050664526e-02 9.648929920993008780e-02 0.000000000000000000e+00 0.000000000000000000e+00 0.000000000000000000e+00
7.896439802475692382e-02 1.045343913489167331e-01 2.531664116668547182e-02 0.000000000000000000e+00 0.000000000000000000e+00
5.577159952788209724e-02 1.054351254588490883e-01 4.963441408574391367e-02 0.000000000000000000e+00 0.000000000000000000e+00
3.046096530756717963e-02 9.930415668835237963e-02 6.898288456764899157e-02 0.000000000000000000e+00 0.000000000000000000e+00
4.967554898941209558e-03 8.693450148732945193e-02 8.222101682566256009e-02 0.000000000000000000e+00 0.000000000000000000e+00
0.000000000000000000e+00 6.962755803105058483e-02 8.892025727946278879e-02 1.934605091867256862e-02 0.000000000000000000e+00
0.000000000000000000e+00 4.895637659941189102e-02 8.918330664812691710e-02 4.022437894652281659e-02 0.000000000000000000e+00
0.000000000000000000e+00 2.656382962800038494e-02 8.350696736793136732e-02 5.684817386959254565e-02 0.000000000000000000e+00
0.000000000000000000e+00 4.052007997864719505e-03 7.270717997098648244e-02 6.843756772685249956e-02 0.000000000000000000e+00
0.000000000000000000e+00 0.000000000000000000e+00 5.786382280894290797e-02 7.460369709566064267e-02 1.733493634192746768e-02
0.000000000000000000e+00 0.000000000000000000e+00 4.025786798244444797e-02 7.534697743207605103e-02 3.579981114468597930e-02
0.000000000000000000e+00 0.000000000000000000e+00 2.126200394101300170e-02 7.102494382714524823e-02 5.049108057073414119e-02
0.000000000000000000e+00 0.000000000000000000e+00 2.237699886919109881e-03 6.229805322350253499e-02 6.071343599826976856e-02
0.000000000000000000e+00 0.000000000000000000e+00 0.000000000000000000e+00 5.006533747971374931e-02 6.612546035925673249e-02
0.000000000000000000e+00 0.000000000000000000e+00 0.000000000000000000e+00 3.522359828050699443e-02 6.684787533875180543e-02
0.000000000000000000e+00 0.000000000000000000e+00 0.000000000000000000e+00 1.871803292285647430e-02 6.324269571675307511e-02
0.000000000000000000e+00 0.000000000000000000e+00 0.000000000000000000e+00 1.592188071403659267e-03 5.577610498283555596e-02
1.516656770027241009e-02 0.000000000000000000e+00 0.000000000000000000e+00 0.000000000000000000e+00 4.503936420839266958e-02
3.030116398839802216e-02 0.000000000000000000e+00 0.000000000000000000e+00 0.000000000000000000e+00 3.180218563163812739e-02
4.294726800364125768e-02 0.000000000000000000e+00 0.000000000000000000e+00 0.000000000000000000e+00 1.698610502362495750e-02
5.238653634060558978e-02 0.000000000000000000e+00 0.000000000000000000e+00 0.000000000000000000e+00 1.593785213817397071e-03
5.813753830502687431e-02 1.337283041888389853e-02 0.000000000000000000e+00 0.000000000000000000e+00 0.000000000000000000e+00
5.997574556366095516e-02 2.696749953639114225e-02 0.000000000000000000e+00 0.000000000000000000e+00 0.000000000000000000e+00
5.792888956437033249e-02 3.834019682770528625e-02 0.000000000000000000e+00 0.000000000000000000e+00 0.000000000000000000e+00
5.226367507537126728e-02 4.684968829730500745e-02 0.000000000000000000e+00 0.000000000000000000e+00 0.000000000000000000e+00
4.346372861972331442e-02 5.206120858179553307e-02 8.427825044447523686e-03 0.000000000000000000e+00 0.000000000000000000e+00
3.228906046719524220e-02 5.370102902442289855e-02 2.136215606435035164e-02 0.000000000000000000e+00 0.000000000000000000e+00
1.970500297567669840e-02 5.172828094697801832e-02 3.206829736852032098e-02 0.000000000000000000e+00 0.000000000000000000e+00
6.709146935582177736e-03 4.643422972503846724e-02 3.983674050498218350e-02 0.000000000000000000e+00 0.000000000000000000e+00
0.000000000000000000e+00 3.840167784148087321e-02 4.433233658025161061e-02 5.963559116927845231e-03 0.000000000000000000e+00
0.000000000000000000e+00 2.839168510939784826e-02 4.552109631670146761e-02 1.713823315805022493e-02 0.000000000000000000e+00
0.000000000000000000e+00 1.723253159541188531e-02 4.359358536614888618e-02 2.632899478331163570e-02 0.000000000000000000e+00
0.000000000000000000e+00 5.749051922771870882e-03 3.891458919462287974e-02 3.307565631010090518e-02 0.000000000000000000e+00
0.000000000000000000e+00 0.000000000000000000e+00 3.199228982908409319e-02 3.711523800124396505e-02 5.395680446034999654e-03
0.000000000000000000e+00 0.000000000000000000e+00 2.344785465855528384e-02 3.838293349062792820e-02 1.528036615276417813e-02
0.000000000000000000e+00 0.000000000000000000e+00 1.396746103562237010e-02 3.700298072568088820e-02 2.340621165585936650e-02
0.000000000000000000e+00 0.000000000000000000e+00 4.248706929703522164e-03 3.326339439946700283e-02 2.936195128652730954e-02
0.000000000000000000e+00 0.000000000000000000e+00 0.000000000000000000e+00 2.758460312333057413e-02 3.291511615584730155e-02
0.000000000000000000e+00 0.000000000000000000e+00 0.000000000000000000e+00 2.042905106349849134e-02 3.404869279252467629e-02
0.000000000000000000e+00 0.000000000000000000e+00 0.000000000000000000e+00 1.226873052169482475e-02 3.291236060860458501e-02
0.000000000000000000e+00 0.000000000000000000e+00 0.000000000000000000e+00 3.618754065508661497e-03 2.972882504570598106e-02
5.017313196014756317e-03 0.000000000000000000e+00 0.000000000000000000e+00 0.000000000000000000e+00 2.477833488713312299e-02
1.300981372718957446e-02 0.000000000000000000e+00 0.000000000000000000e+00 0.000000000000000000e+00 1.842310420876314137e-02
1.988215972268690679e-02 0.000000000000000000e+00 0.000000000000000000e+00 0.000000000000000000e+00 1.110846547026010309e-02
2.523311679138915201e-02 0.000000000000000000e+00 0.000000000000000000e+00 0.000000000000000000e+00 3.333874947835918819e-03
2.877764474388491353e-02 4.383266804795582852e-03 0.000000000000000000e+00 0.000000000000000000e+00 0.000000000000000000e+00
3.035850995340167238e-02 1.156363099739341621e-02 0.000000000000000000e+00 0.000000000000000000e+00 0.000000000000000000e+00
2.994833242172216178e-02 1.774213674162703272e-02 0.000000000000000000e+00 0.000000000000000000e+00 0.000000000000000000e+00
2.764422810828878058e-02 2.256144706605434785e-02 0.000000000000000000e+00 0.000000000000000000e+00 0.000000000000000000e+00
2.365795513868866953e-02 2.576552221171711857e-02 2.000107361420221542e-03 0.000000000000000000e+00 0.000000000000000000e+00
1.832253775037206989e-02 2.719479592958948949e-02 8.828203557039917410e-03 0.000000000000000000e+00 0.000000000000000000e+00
1.210641716272533794e-02 2.677905546056401007e-02 1.468149355945989019e-02 0.000000000000000000e+00 0.000000000000000000e+00
5.520498490282680325e-03 2.460880502253072130e-02 1.913558050347913264e-02 0.000000000000000000e+00 0.000000000000000000e+00
0.000000000000000000e+00 2.093851041137413313e-02 2.196158019143782530e-02 1.042471267745420779e-03 0.000000000000000000e+00
0.000000000000000000e+00 1.613340244033925619e-02 2.309888288506428342e-02 6.974994556484906752e-03 0.000000000000000000e+00
0.000000000000000000e+00 1.060854532928898718e-02 2.261241343697999520e-02 1.199589293795347983e-02 0.000000000000000000e+00
0.000000000000000000e+00 4.785826100999816986e-03 2.066098652706347197e-02 1.584030262914216600e-02 0.000000000000000000e+00
0.000000000000000000e+00 0.000000000000000000e+00 1.748049271894903944e-02 1.834220532798595815e-02 9.843450526607470420e-04
0.000000000000000000e+00 0.000000000000000000e+00 1.336969160366223951e-02 1.943598673591353382e-02 6.232609512915492263e-03
0.000000000000000000e+00 0.000000000000000000e+00 8.669392054908431691e-03 1.915518613470023820e-02 1.067338571135338296e-02
0.000000000000000000e+00 0.000000000000000000e+00 3.734717417717153213e-03 1.762093443461293721e-02 1.406949477617320220e-02
0.000000000000000000e+00 0.000000000000000000e+00 0.000000000000000000e+00 1.502690173509542253e-02 1.627352282821189697e-02
0.000000000000000000e+00 0.000000000000000000e+00 0.000000000000000000e+00 1.161014695015741456e-02 1.723702959633858361e-02
0.000000000000000000e+00 0.000000000000000000e+00 0.000000000000000000e+00 7.604822374550097332e-03 1.701816693699153074e-02
0.000000000000000000e+00 0.000000000000000000e+00 0.000000000000000000e+00 3.263269455174749086e-03 1.572214337486163571e-02
1.159372403726028830e-03 0.000000000000000000e+00 0.000000000000000000e+00 0.000000000000000000e+00 1.348012501903122010e-02
5.349754048369158473e-03 0.000000000000000000e+00 0.000000000000000000e+00 0.000000000000000000e+00 1.046041712614490318e-02
9.048127209132224985e-03 0.000000000000000000e+00 0.000000000000000000e+00 0.000000000000000000e+00 6.876211570059064318e-03
1.203345509767986959e-02 0.000000000000000000e+00 0.000000000000000000e+00 0.000000000000000000e+00 2.974468643264509445e-03
1.414122448192062231e-02 9.794679505019585324e-04 0.000000000000000000e+00 0.000000000000000000e+00 0.000000000000000000e+00
1.527011743216488346e-02 4.744375953586701250e-03 0.000000000000000000e+00 0.000000000000000000e+00 0.000000000000000000e+00
1.538514609954120399e-02 8.068481294299238368e-03 0.000000000000000000e+00 0.000000000000000000e+00 0.000000000000000000e+00
1.451568351300229140e-02 1.075527688008483078e-02 0.000000000000000000e+00 0.000000000000000000e+00 0.000000000000000000e+00
1.275123299250392576e-02 1.265754734344947362e-02 0.000000000000000000e+00 0.000000000000000000e+00 0.000000000000000000e+00
1.023451101242321172e-02 1.368314053921691580e-02 3.416645330791056711e-03 0.000000000000000000e+00 0.000000000000000000e+00
7.189286616739892256e-03 1.377319726273404203e-02 6.581012483249131483e-03 0.000000000000000000e+00 0.000000000000000000e+00
3.874492198152413528e-03 1.294464638681168574e-02 9.089025413814283763e-03 0.000000000000000000e+00 0.000000000000000000e+00
5.429435964373977843e-04 1.130390194461669030e-02 1.079451058029660265e-02 0.000000000000000000e+00 0.000000000000000000e+00
0.000000000000000000e+00 9.023144126219118794e-03 1.164412287847304585e-02 2.627904086049329905e-03 0.000000000000000000e+00
