5.141203561785678249e-21
4.011677370366414646e-21
2.853581290178859610e-21
3.394702384142032921e-21
4.340131718146698922e-21
4.237455857302589867e-21
3.455309488997382828e-21
3.249032638577418549e-21
3.536272779023383693e-21
3.686613187362231106e-21
3.600791056710077750e-21
3.521377453375804007e-21
3.536111081317642790e-21
3.568446058054998343e-21
3.570408344726574027e-21
3.559695926056843367e-21
3.556698111166383610e-21
3.559580918239712094e-21
3.561185014847465920e-21
3.560603710916271840e-21
3.559924928770732381e-21
3.559949252703955671e-21
3.560319693148580248e-21
3.560542372496025240e-21
3.559984612058656326e-21
3.558543971700222393e-21
3.558694899409068560e-21
3.565625726926088229e-21
3.582564997852290094e-21
3.609300585338126798e-21
3.660670647118887609e-21
3.792600898391989070e-21
4.064795566567335530e-21
4.417846421418040642e-21
4.641875480807915316e-21
4.569166458805483344e-21
4.203567793399080431e-21
3.567306102170907721e-21
2.849803226607658239e-21
3.250613512568873752e-21
6.099875687962375296e-21
9.521083225078528871e-21
1.088572051833493409e-20
9.521035260532814987e-21
6.099852823721730068e-21
3.250686656474405992e-21
2.849861369037113589e-21
3.567296536559298335e-21
4.203540226724489469e-21
4.569155705165492818e-21
4.641876116664619869e-21
4.417844899145916209e-21
4.064791399288831342e-21
3.792599897499710831e-21
3.660673819454202071e-21
3.609304174076818826e-21
3.582565260190269060e-21
3.565623384767335275e-21
3.558697526176554704e-21
3.558555399955426294e-21
3.559984056136035569e-21
3.560504493557973482e-21
3.560299435965639183e-21
3.560066142511211236e-21
3.560066148832959669e-21
3.560299442686488449e-21
3.560504458275548534e-21
3.559983934054208739e-21
3.558555224733331410e-21
3.558697361226966149e-21
3.565622951903236095e-21
3.582563713757030731e-21
3.609301116978868823e-21
3.660671142679616159e-21
3.792600860708770571e-21
4.064795404116864517e-21
4.417846381757452566e-21
4.641875516248630640e-21
4.569166482079644059e-21
4.203567790421444531e-21
3.567306094911111786e-21
2.849803225807149972e-21
3.250613514664385590e-21
6.099875688801296085e-21
9.521083224868862809e-21
1.088572051840164198e-20
9.521035260761517664e-21
6.099852823779527527e-21
3.250686656209101243e-21
2.849861368709180005e-21
3.567296536508556852e-21
4.203540226769172548e-21
4.569155705118442199e-21
4.641876116541577772e-21
4.417844899009529524e-21
4.064791399183961447e-21
3.792599897442967368e-21
3.660673819429981998e-21
3.609304174060391245e-21
3.582565260173746688e-21
3.565623384754627899e-21
3.558697526172936062e-21
3.558555399958891463e-21
3.559984056131165825e-21
3.560504493546215529e-21
3.560299435975136425e-21
3.560066142514516162e-21
3.560066148827988363e-21
3.560299442679048040e-21
3.560504458279999990e-21
3.559983934051658386e-21
3.558555224730246913e-21
3.558697361217602819e-21
3.565622951883037904e-21
3.582563713731014126e-21
3.609301116953587231e-21
3.660671142636010397e-21
3.792600860601456400e-21
4.064795403917700039e-21
4.417846381507088444e-21
4.641875516032509703e-21
4.569166482004559122e-21
4.203567790518463252e-21
3.567306094823077227e-21
2.849803225161679817e-21
3.250613514119025424e-21
6.099875688824349316e-21
9.521083225295842982e-21
1.088572051885156179e-20
9.521035260499779270e-21
6.099852823975387831e-21
3.250686657950027937e-21
2.849861369324095958e-21
3.567296530545184861e-21
4.203540218382756496e-21
4.569155717553458654e-21
4.641876159672773610e-21
4.417844907636054120e-21
4.064791266005545433e-21
3.792599721997886659e-21
3.660674073663470212e-21
3.609304992131636696e-21
3.582565147339185969e-21
3.565620508833144810e-21
3.558695360388427965e-21
3.558563342100024870e-21
3.559999065252207712e-21
3.560492671054272963e-21
3.560239434209121932e-21
3.560047985637455543e-21
3.560239441606464624e-21
3.560492638496908736e-21
3.559998943900009660e-21
3.558563166332108651e-21
3.558695195098469661e-21
3.565620076043436179e-21
3.582563601030866013e-21
3.609301935057486222e-21
3.660671396882476821e-21
3.792600685253505004e-21
4.064795270943260318e-21
4.417846390389123759e-21
4.641875559380278621e-21
4.569166494512973820e-21
4.203567782034862970e-21
3.567306088947784934e-21
2.849803226420925037e-21
3.250613516405059882e-21
6.099875688999643548e-21
9.521083224608454511e-21
1.088572051885162649e-20
9.521035261189358487e-21
6.099852823805989503e-21
3.250686655666075139e-21
2.849861368065029789e-21
3.567296536420626113e-21
4.203540226865061290e-21
4.569155705041582548e-21
4.641876116325693062e-21
4.417844898760059154e-21
4.064791398984379434e-21
3.792599897335008462e-21
3.660673819385022818e-21
3.609304174034334767e-21
3.582565260149530376e-21
3.565623384735956158e-21
3.558697526161903342e-21
3.558555399952860895e-21
3.559984056128765184e-21
3.560504493550697078e-21
3.560299435956855137e-21
3.560066142513474956e-21
3.560066148842448636e-21
3.560299442684832601e-21
3.560504458265634509e-21
3.559983934053425577e-21
3.558555224742735365e-21
3.558697361232240639e-21
3.565622951912725061e-21
3.582563713771988285e-21
3.609301116997745194e-21
3.660671142706532535e-21
3.792600860767348182e-21
4.064795404220001827e-21
4.417846381894793188e-21
4.641875516378771595e-21
4.569166482141182786e-21
4.203567790386354238e-21
3.567306094949145893e-21
2.849803226121008844e-21
3.250613514977852882e-21
6.099875688814224643e-21
9.521083224448784386e-21
1.088572051785032498e-20
9.521035261202913724e-21
6.099852825052039846e-21
3.250686655782509641e-21
2.849861365045840446e-21
3.567296536247044906e-21
4.203540239820190172e-21
4.569155718108858481e-21
4.641876084608455588e-21
4.417844817685000291e-21
4.064791412566287170e-21
3.792600176452843157e-21
3.660674044545813103e-21
3.609303453041614903e-21
3.582563914738387463e-21
3.565624762500933128e-21
3.558703170075929220e-21
3.558555112758449394e-21
3.559964863855644322e-21
3.560490157254071947e-21
3.560349172333764624e-21
3.560146402980765973e-21
3.559967418670852675e-21
3.559984933656848175e-21
3.560615528363049828e-21
3.561170008599619612e-21
3.559572997427639683e-21
3.556700278360807091e-21
3.559698739288724473e-21
3.570408416992887485e-21
3.568445385832294011e-21
3.536111038540998617e-21
3.521377416514873335e-21
3.600790441379986454e-21
3.686612931839910573e-21
3.536274322238432959e-21
3.249035145316323813e-21
3.455307913403582034e-21
4.237443547978650042e-21
4.340131215294431200e-21
3.394745683316761794e-21
2.853688755927866159e-21
4.011705770826956938e-21
2.223463382808412290e-18
2.223463334191481695e-18
2.223463233269473521e-18
2.223463233321866134e-18
2.223463385606332825e-18
2.223463382679806778e-18
2.223463334685151466e-18
2.223463233097710230e-18
2.223463233383724308e-18
2.223463385484458822e-18
2.223463382927507561e-18
2.223463334554316497e-18
2.223463233157919037e-18
2.223463233342377673e-18
2.223463385638043261e-18
2.223463382646389582e-18
2.223463334556795169e-18
2.223463233229669172e-18
2.223463233359556583e-18
2.223463385615740607e-18
2.223463382902359153e-18
2.223463334381135336e-18
2.223463233331954541e-18
2.223463233226005668e-18
2.223463385489428492e-18
2.223463382988992104e-18
2.223463334645106760e-18
2.223463233150701422e-18
2.223463233292438695e-18
2.223463385722365867e-18
2.223463383211515976e-18
2.223463334798135376e-18
2.223463233444510509e-18
2.223463233221839496e-18
2.223463385661394777e-18
2.223463383854660251e-18
2.223463334721805765e-18
2.223463233431688438e-18
2.223463233428718654e-18
2.223463385517203098e-18
2.223463387993904325e-18
2.223463334579201823e-18
2.223463233438129132e-18
2.223463233360058866e-18
2.223463385557936901e-18
2.223463411509608709e-18
2.223463334564114858e-18
2.223463233097588126e-18
2.223463233209377188e-18
2.223463385593565450e-18
2.223463530639296177e-18
2.223463334688960571e-18
2.223463233285880133e-18
2.223463233235728918e-18
2.223463385673546624e-18
2.223464077780000455e-18
2.223463334744244390e-18
2.223463233230558566e-18
2.223463233400181764e-18
2.223463385483065990e-18
2.223466510925419180e-18
2.223463334615809514e-18
2.223463233387765294e-18
2.223463233115337496e-18
2.223463385759324848e-18
2.223476977665423975e-18
2.223463334676396189e-18
2.223463233156708397e-18
2.223463233462092708e-18
2.223463385468951619e-18
2.223519479607601116e-18
2.223463334584941865e-18
2.223463233259878923e-18
2.223463233227267922e-18
2.223463385574702892e-18
2.223681846238336458e-18
2.223463334601187854e-18
2.223463233134673447e-18
2.223463233376076055e-18
2.223463385498227681e-18
2.224269007932812127e-18
2.223463334802202170e-18
2.223463233303609859e-18
2.223463233100460072e-18
2.223463385694320090e-18
2.226279219164098950e-18
2.223463334740490367e-18
2.223463233416735517e-18
2.223463233306370102e-18
2.223463385708048889e-18
2.232768519750217199e-18
2.223463334604883328e-18
2.223463233227586086e-18
2.223463233342617259e-18
2.223463385543555212e-18
2.252470905326576443e-18
2.223463334654699047e-18
2.223463233330571338e-18
2.223463233259387041e-18
2.223463385410872891e-18
2.308668443311861645e-18
2.223463334425031901e-18
2.223463233388974393e-18
2.223463233249576739e-18
2.223463385607024619e-18
2.459010230028095091e-18
2.223463334398165949e-18
2.223463233244491899e-18
2.223463233379470699e-18
2.223463385764438962e-18
2.835286372485143166e-18
2.223463334112415338e-18
2.223463233370559036e-18
2.223463233339845846e-18
2.223463385530547867e-18
3.713668975863975770e-18
2.223463332998640807e-18
2.223463233177040054e-18
2.223463233170820841e-18
2.223463385581140891e-18
5.619274459587937675e-18
2.223463330917034093e-18
2.223463233182159561e-18
2.223463233361812618e-18
2.223463385410218460e-18
9.442233505962642448e-18
2.223463326939359749e-18
2.223463233224945251e-18
2.223463233297377550e-18
2.223463385474916610e-18
1.647733814846715459e-17
2.223463319757784617e-18
2.223463233408171292e-18
2.223463233314776786e-18
2.223463385630344934e-18
2.816051588167642823e-17
2.223463307241717880e-18
2.223463233307108889e-18
2.223463233347484854e-18
2.223463385551538962e-18
4.504018526897041920e-17
2.223463289833625380e-18
2.223463233242629525e-18
2.223463233083848156e-18
2.223463385610245929e-18
6.470711831961543316e-17
2.223463269338858825e-18
2.223463233298181433e-18
2.223463233236769305e-18
2.223463385572092487e-18
8.112709538661446001e-17
2.223463252012060598e-18
2.223463233167855680e-18
2.223463233339680216e-18
2.223463385509459704e-18
9.082707392650678746e-17
2.223463241927639883e-18
2.223463233444525146e-18
2.223463233110683679e-18
2.223463385610387292e-18
9.873072923177158724e-17
2.223463233878815800e-18
2.223463233111391266e-18
2.223463233143481110e-18
2.223463385571933405e-18
1.068252237964906541e-16
2.223463225494573299e-18
2.223463233066737039e-18
2.223463233414777232e-18
2.223463385647008080e-18
1.015336119476428339e-16
2.223463231165254464e-18
2.223463233351218847e-18
2.223463233384080605e-18
2.223463385609352298e-18
5.221789701178582844e-17
2.223463283025972627e-18
2.223463233351380240e-18
2.223463233303067132e-18
2.223463385539474552e-18
-6.441298711866737471e-17
2.223463404757879955e-18
2.223463233283857522e-18
2.223463233263441509e-18
2.223463385551788563e-18
-8.799668521803693173e-17
2.223463428960246927e-18
2.223463233209673011e-18
2.223463233174997413e-18
2.223463385558575540e-18
1.100363441872800230e-16
2.223463222313582988e-18
2.223463233203325531e-18
2.223463233373603161e-18
2.223463385610511322e-18
2.213886467296578571e-16
2.223463105966280347e-18
2.223463233318240764e-18
2.223463233339250734e-18
2.223463385428173134e-18
-7.211254557553658467e-17
2.223463412391841779e-18
2.223463233318169504e-18
2.223463233341920072e-18
2.223463385540449843e-18
-3.385818485159996807e-16
2.223463690700487331e-18
2.223463233240356157e-18
2.223463233090698304e-18
2.223463385556808307e-18
-4.114845317240655719e-16
2.223463766378933057e-18
2.223463233350692683e-18
2.223463233314787186e-18
2.223463385345169791e-18
-3.385706136385334464e-16
2.223463690513645163e-18
2.223463233320955169e-18
2.223463233343401883e-18
2.223463385504943398e-18
-7.209686339095044044e-17
2.223463412439848665e-18
2.223463233349955437e-18
2.223463233066207023e-18
2.223463385542049520e-18
2.213853472219263669e-16
2.223463106228472983e-18
2.223463233209145692e-18
2.223463233371926831e-18
2.223463385514345403e-18
1.100272138635588139e-16
2.223463222393712844e-18
2.223463233253601547e-18
2.223463233259612760e-18
2.223463385569185488e-18
-8.799835800055012935e-17
2.223463429285190598e-18
2.223463233190668320e-18
2.223463233313209079e-18
2.223463385531332490e-18
-6.441138682423028493e-17
2.223463404731247810e-18
2.223463233342251718e-18
2.223463233357596757e-18
2.223463385485184898e-18
5.221754975889389483e-17
2.223463283036211641e-18
2.223463233226311120e-18
2.223463233366529605e-18
2.223463385570659595e-18
1.015324021058925923e-16
2.223463232441824387e-18
2.223463233299642443e-18
2.223463233336926136e-18
2.223463385585121788e-18
1.068232403947622171e-16
2.223463232773778057e-18
2.223463233335544089e-18
2.223463233205216795e-18
2.223463385469464687e-18
9.872863983122428392e-17
2.223463272546030998e-18
2.223463233417634542e-18
2.223463233287702448e-18
2.223463385574494506e-18
9.082558257494748831e-17
2.223463425234736132e-18
2.223463232995480713e-18
2.223463233348883080e-18
2.223463385662719816e-18
8.112626331663169960e-17
2.223464056798493240e-18
2.223463233487191042e-18
2.223463233213930857e-18
2.223463385251830752e-18
6.470664084922521599e-17
2.223466677267173038e-18
2.223463233326717552e-18
2.223463233345130983e-18
2.223463385572892133e-18
4.503987155184361616e-17
2.223477391802953201e-18
2.223463233327627361e-18
2.223463233312954471e-18
2.223463385642296870e-18
2.816033774764437888e-17
2.223520001849292969e-18
2.223463233060025558e-18
2.223463233301670448e-18
2.223463385589589945e-18
1.647727598256632529e-17
2.223682405606360886e-18
2.223463233364135289e-18
2.223463233269422292e-18
2.223463385586680250e-18
9.442213051548966653e-18
2.224270219764858220e-18
2.223463233288452791e-18
2.223463233290953033e-18
2.223463385567962137e-18
5.619245078370920155e-18
2.226281284816255253e-18
2.223463233146583783e-18
2.223463233443275217e-18
2.223463385454967827e-18
3.713646339000105632e-18
2.232768909919212385e-18
2.223463232998846853e-18
2.223463233062010422e-18
2.223463385641060423e-18
2.835288108908378517e-18
2.252468064504042624e-18
2.223463233112032215e-18
2.223463233287854982e-18
2.223463385581806492e-18
2.459019190454236659e-18
2.308669212347179307e-18
2.223463233355757109e-18
2.223463233226579595e-18
2.223463385557278619e-18
2.308668917100286503e-18
2.459020151647486193e-18
2.223463232978581062e-18
2.223463233271057021e-18
2.223463385587107422e-18
2.252468002907470488e-18
2.835290848693069875e-18
2.223463232546836873e-18
2.223463233148814781e-18
2.223463385647230717e-18
2.232768925149776460e-18
3.713653512988213568e-18
2.223463231509548338e-18
2.223463233291290456e-18
2.223463385603635752e-18
2.226281323638525530e-18
5.619262555502434089e-18
2.223463229624240493e-18
2.223463233260247161e-18
2.223463385495576831e-18
2.224270265554840664e-18
9.442252863240649153e-18
2.223463225505323455e-18
2.223463233315775188e-18
2.223463385710233664e-18
2.223682453311924868e-18
1.647736045400022935e-17
2.223463218442831267e-18
2.223463233367964038e-18
2.223463385774501561e-18
2.223520050168132364e-18
2.816050182326820297e-17
2.223463206238371906e-18
2.223463233137693306e-18
2.223463385564265507e-18
2.223477440425198207e-18
4.504015987116505158e-17
2.223463188443826541e-18
2.223463233401804553e-18
2.223463385595882729e-18
2.223466725600923368e-18
6.470712257779702685e-17
2.223463167813280384e-18
2.223463233405407968e-18
2.223463385348470450e-18
2.223464104963394211e-18
8.112711352335227561e-17
2.223463150813560143e-18
2.223463233420244177e-18
2.223463385689582302e-18
2.223463473376039453e-18
9.082707629214932884e-17
2.223463140523541014e-18
2.223463233299950977e-18
2.223463385679955734e-18
2.223463320613093572e-18
9.873072150438881751e-17
2.223463132282508737e-18
2.223463233399330503e-18
2.223463385618540139e-18
2.223463280976617537e-18
1.068252203473024109e-16
2.223463124141569737e-18
2.223463233361102720e-18
2.223463385621860057e-18
2.223463280424123702e-18
1.015336134383463100e-16
2.223463129650235897e-18
2.223463233326724870e-18
2.223463385594933245e-18
2.223463331138162051e-18
5.221789847980776626e-17
2.223463181391274848e-18
2.223463233288648080e-18
2.223463385625316716e-18
2.223463453133796980e-18
-6.441298711887616400e-17
2.223463303195359481e-18
2.223463233285551570e-18
2.223463385540866229e-18
2.223463477509885145e-18
-8.799668528573279611e-17
2.223463327857534524e-18
2.223463233321465926e-18
2.223463385685587923e-18
2.223463270442510283e-18
1.100363442140793906e-16
2.223463120748865413e-18
2.223463233217869769e-18
2.223463385628075418e-18
2.223463154560546984e-18
2.213886466795260178e-16
2.223463004603349771e-18
2.223463233297512365e-18
2.223463385586606295e-18
2.223463460566212547e-18
-7.211254562657003041e-17
2.223463311253106783e-18
2.223463233244333587e-18
2.223463385542058379e-18
2.223463738948068859e-18
-3.385818485464547899e-16
2.223463589237793199e-18
2.223463233352424094e-18
2.223463385516180044e-18
2.223463814673711424e-18
-4.114845317797176873e-16
2.223463664819139315e-18
2.223463233154796334e-18
2.223463385629487895e-18
2.223463738911365642e-18
-3.385706136786046222e-16
2.223463589220205221e-18
2.223463233366304657e-18
2.223463385583723563e-18
2.223463460602749364e-18
-7.209686340564154499e-17
2.223463311096495937e-18
2.223463233247949328e-18
2.223463385492230720e-18
2.223463154604225149e-18
2.213853472449141435e-16
2.223463004900385561e-18
2.223463233250411437e-18
2.223463385544359481e-18
2.223463270762672640e-18
1.100272138897614575e-16
2.223463121031116995e-18
2.223463233042068573e-18
2.223463385605503134e-18
2.223463477530705988e-18
-8.799835798995959774e-17
2.223463327807053589e-18
2.223463233311382527e-18
2.223463385614521108e-18
2.223463452954154324e-18
-6.441138685224918215e-17
2.223463303217381335e-18
2.223463233216043602e-18
2.223463385646451486e-18
2.223463331126645375e-18
5.221754970876344831e-17
2.223463181899693005e-18
2.223463233312861256e-18
2.223463385586412161e-18
2.223463279435640543e-18
1.015324020606099549e-16
2.223463131115944852e-18
2.223463233314069200e-18
2.223463385607014219e-18
2.223463273811509105e-18
1.068232403564714635e-16
2.223463131157096582e-18
2.223463233322234757e-18
2.223463385552501927e-18
2.223463281964619598e-18
9.872863979516741177e-17
2.223463170960654743e-18
2.223463233332044289e-18
2.223463385529032545e-18
2.223463290202898180e-18
9.082558253828134437e-17
2.223463324041203421e-18
2.223463233289966571e-18
2.223463385604925740e-18
2.223463300377617661e-18
8.112626327658063980e-17
2.223463955524797162e-18
2.223463233298677167e-18
2.223463385566726075e-18
2.223463317448120449e-18
6.470664080565189225e-17
2.223466575822959744e-18
2.223463233095974196e-18
2.223463385586005790e-18
2.223463338282624513e-18
4.503987150603219542e-17
2.223477290761498851e-18
2.223463233218760704e-18
2.223463385420140081e-18
2.223463355690930021e-18
2.816033770034469192e-17
2.223519900546229540e-18
2.223463233126138881e-18
2.223463385455349161e-18
2.223463367986626461e-18
1.647727593462973792e-17
2.223682304334314944e-18
2.223463233339058911e-18
2.223463385590179280e-18
2.223463375188710822e-18
9.442213003392002055e-18
2.224270118408276280e-18
2.223463233112286823e-18
2.223463385777016825e-18
2.223463378954775154e-18
5.619245030043961425e-18
2.226281183425108263e-18
2.223463233074374892e-18
2.223463385653226522e-18
2.223463381288256141e-18
3.713646290681758119e-18
2.232768808563794091e-18
2.223463233294766759e-18
2.223463385592655641e-18
2.223463382067738152e-18
2.835288060432436779e-18
2.252467963435757760e-18
2.223463233182404540e-18
2.223463385695303084e-18
2.223463382667074070e-18
2.459019142035023188e-18
2.308669110846277036e-18
2.223463233127100691e-18
2.223463385564174218e-18
2.223463382672695859e-18
2.308668868880879789e-18
2.459020050377195929e-18
2.223463232310863077e-18
2.223463385575285293e-18
2.223463382837903285e-18
2.252467954454928029e-18
2.835290747535222720e-18
2.223463231273260615e-18
2.223463385623239023e-18
2.223463382761292874e-18
2.232768876762555381e-18
3.713653412028543833e-18
2.223463228213028808e-18
2.223463385692837509e-18
2.223463382693703903e-18
2.226281274909324390e-18
5.619262454329701807e-18
2.223463222016829154e-18
2.223463385542663892e-18
2.223463382821304466e-18
2.224270217374970211e-18
9.442252762038620394e-18
2.223463210036809194e-18
2.223463385645039394e-18
2.223463382817770769e-18
2.223682405187631746e-18
1.647736035346012268e-17
2.223463187205772905e-18
2.223463385686321703e-18
2.223463382885271918e-18
2.223520001778996140e-18
2.816050172401763737e-17
2.223463149382494431e-18
2.223463385287222796e-18
2.223463382918031986e-18
2.223477391747637026e-18
4.504015977449073929e-17
2.223463094758532873e-18
2.223463385593245745e-18
2.223463382711302666e-18
2.223466677117790207e-18
6.470712248538483143e-17
2.223463031214545118e-18
2.223463385663603818e-18
2.223463382733451245e-18
2.223464056807371392e-18
8.112711343656131810e-17
2.223462978241456426e-18
2.223463385443406855e-18
2.223463382811594312e-18
2.223463425015562223e-18
9.082707621026663923e-17
2.223462947162003460e-18
2.223463385518395634e-18
2.223463382779504852e-18
2.223463272498603817e-18
9.873072142478767388e-17
2.223462921727599843e-18
2.223463385668418258e-18
2.223463382675882118e-18
2.223463232542543590e-18
1.068252202631647007e-16
2.223462896088697518e-18
2.223463385598153015e-18
2.223463382654337510e-18
2.223463232468426487e-18
1.015336133402354327e-16
2.223462913938929607e-18
2.223463385531802417e-18
2.223463382644221370e-18
2.223463283034748320e-18
5.221789837320260113e-17
2.223463073709598851e-18
2.223463385487683214e-18
2.223463382774985850e-18
2.223463404675583042e-18
-6.441298718465033858e-17
2.223463449556317783e-18
2.223463385591958839e-18
2.223463382736907134e-18
2.223463428974379401e-18
-8.799668528213402499e-17
2.223463525553165565e-18
2.223463385423894103e-18
2.223463382688825137e-18
2.223463222436427274e-18
1.100363442453805531e-16
2.223462886481992555e-18
2.223463385416521258e-18
2.223463382886209460e-18
2.223463106045438764e-18
2.213886467095326843e-16
2.223462527606225478e-18
2.223463385446493350e-18
2.223463382577959750e-18
2.223463412265431442e-18
-7.211254566301567541e-17
2.223463474414797087e-18
2.223463385567598136e-18
2.223463382944534708e-18
2.223463690520488378e-18
-3.385818486355835491e-16
2.223464334405543313e-18
2.223463385579499228e-18
2.223463382615556214e-18
2.223463766494685298e-18
-4.114845319152345244e-16
2.223464569152428017e-18
2.223463385471052039e-18
2.223463383011929160e-18
2.223463690551714250e-18
-3.385706137489984278e-16
2.223464334362518423e-18
2.223463385581202135e-18
2.223463382764916703e-18
2.223463412399103691e-18
-7.209686345397421449e-17
2.223463474422119473e-18
2.223463385486209493e-18
2.223463382770850108e-18
2.223463106076570651e-18
2.213853472026369675e-16
2.223462527585307182e-18
2.223463385480924741e-18
2.223463382777667515e-18
2.223463222457725363e-18
1.100272138946741997e-16
2.223462886386756090e-18
2.223463385485464543e-18
2.223463382788363745e-18
2.223463429024148898e-18
-8.799835804932208344e-17
2.223463525599396743e-18
2.223463385416193080e-18
2.223463382754207763e-18
2.223463404726359030e-18
-6.441138713160033474e-17
2.223463450075583933e-18
2.223463385609563765e-18
2.223463382717161345e-18
2.223463282889287453e-18
5.221755046465116947e-17
2.223463074358811346e-18
2.223463385535386958e-18
2.223463382700394969e-18
2.223463231214295959e-18
1.015324039971997890e-16
2.223462920433690773e-18
2.223463385613402528e-18
2.223463382724644353e-18
2.223463225458151267e-18
1.068232397329100007e-16
2.223462934179713380e-18
2.223463385558513140e-18
2.223463382746962029e-18
2.223463233679297162e-18
9.872863356676578353e-17
2.223463115561574560e-18
2.223463385677320291e-18
2.223463382899554229e-18
2.223463241788517637e-18
9.082557854756419923e-17
2.223463823556045631e-18
2.223463385707567406e-18
2.223463382918707602e-18
2.223463252009667823e-18
8.112627295500925533e-17
2.223466642284902003e-18
2.223463385592965715e-18
2.223463382654886015e-18
2.223463269179196536e-18
6.470665261288065252e-17
2.223477782454007111e-18
2.223463385518356730e-18
2.223463382840209779e-18
2.223463289756635175e-18
4.503986413232891398e-17
2.223521055669427502e-18
2.223463385714549287e-18
2.223463382745115447e-18
2.223463307653388487e-18
2.816032130155466896e-17
2.223684169872973058e-18
2.223463385612742320e-18
2.223463382910036680e-18
2.223463319772455195e-18
1.647727611081306967e-17
2.224272369987541587e-18
2.223463385606110187e-18
2.223463382822587520e-18
2.223463326834010611e-18
9.442226619277737053e-18
2.226283267013074583e-18
2.223463385586462620e-18
2.223463382891101322e-18
2.223463331078856890e-18
5.619250910496263725e-18
2.232770633713545771e-18
2.223463385504578627e-18
2.223463382894021417e-18
2.223463333089433766e-18
3.713641519717926327e-18
2.252470544657919195e-18
2.223463385608699022e-18
2.223463382792932051e-18
2.223463333784862417e-18
2.835284701386384678e-18
2.308673162175601441e-18
2.223463385482194314e-18
2.223463382908418129e-18
2.223463334514355762e-18
2.459021642767786311e-18
2.459022651533618602e-18
2.223463385330143300e-18
2.223463382824402131e-18
2.223463334623180433e-18
2.308672818905762185e-18
2.835287489408320328e-18
2.223463385017833345e-18
2.223463382703957169e-18
2.223463334686593988e-18
2.252470434759998959e-18
3.713648742742045672e-18
2.223463383897598859e-18
2.223463382662984935e-18
2.223463334605223062e-18
2.232770600471749567e-18
5.619268436420849185e-18
2.223463381920311682e-18
2.223463382809874842e-18
2.223463334554758691e-18
2.226283257302553136e-18
9.442266478430086520e-18
2.223463378027572004e-18
2.223463382792596554e-18
2.223463334655708620e-18
2.224272367163808970e-18
1.647736062908440669e-17
2.223463370392876785e-18
2.223463382897432239e-18
2.223463334635150088e-18
2.223684169120138213e-18
2.816048542472448334e-17
2.223463358468476527e-18
2.223463382751801891e-18
2.223463334646779238e-18
2.223521055609669748e-18
4.504015249880652530e-17
2.223463340566565575e-18
2.223463382831038886e-18
2.223463334768998367e-18
2.223477782132770085e-18
6.470713438536651341e-17
2.223463320408940760e-18
2.223463382902542117e-18
2.223463334659317812e-18
2.223466642604599440e-18
8.112712320083674790e-17
2.223463303263590557e-18
2.223463382751844261e-18
2.223463334620809614e-18
2.223463823443092536e-18
9.082707230125969433e-17
2.223463292981284007e-18
2.223463382752467492e-18
2.223463334744216271e-18
2.223463115693055101e-18
9.873071527595618950e-17
2.223463284981341181e-18
2.223463382718897763e-18
2.223463334817273342e-18
2.223462934255865035e-18
1.068252197239644793e-16
2.223463276523416452e-18
2.223463382808484320e-18
2.223463334597524350e-18
2.223462920448923724e-18
1.015336153752465733e-16
2.223463282246839209e-18
2.223463382991537413e-18
2.223463334653762660e-18
2.223463074674453931e-18
5.221789923576363761e-17
2.223463334049116184e-18
2.223463382908076469e-18
2.223463334854878280e-18
2.223463449810732743e-18
-6.441298739854091345e-17
2.223463455383057051e-18
2.223463383030904577e-18
2.223463334343266160e-18
2.223463525718469288e-18
-8.799668534531041897e-17
2.223463480275025966e-18
2.223463382857606704e-18
2.223463334759624866e-18
2.223462886442823377e-18
1.100363442189640296e-16
2.223463273495998639e-18
2.223463382880344618e-18
2.223463334805882622e-18
2.223462527621457272e-18
2.213886466369164849e-16
2.223463156993652090e-18
2.223463382786683178e-18
2.223463334753049741e-18
2.223463474425777969e-18
-7.211254567522573845e-17
2.223463463539826811e-18
2.223463383035388912e-18
2.223463334740441063e-18
2.223464334651632479e-18
-3.385818486172722139e-16
2.223463741622532276e-18
2.223463382946642060e-18
2.223463334754909034e-18
2.223464569373742790e-18
-4.114845319150542204e-16
2.223463817278214665e-18
2.223463382781460442e-18
2.223463334737579131e-18
2.223464334485480191e-18
-3.385706137672225939e-16
2.223463741607815090e-18
2.223463382814707385e-18
2.223463334528910400e-18
2.223463474321729219e-18
-7.209686344185946802e-17
2.223463463336992106e-18
2.223463382712519468e-18
2.223463334750768670e-18
2.223462527586802474e-18
2.213853472750390651e-16
2.223463157285281795e-18
2.223463382737737210e-18
2.223463334632370586e-18
2.223462886696437151e-18
1.100272139208526105e-16
2.223463273424902550e-18
2.223463382779473652e-18
2.223463334465932876e-18
2.223463525690024458e-18
-8.799835798601549043e-17
2.223463480214910374e-18
2.223463382803805851e-18
2.223463334699136029e-18
2.223463449673276041e-18
-6.441138691773661811e-17
2.223463455516428855e-18
2.223463382753838369e-18
2.223463334635311481e-18
2.223463073747867464e-18
5.221754960172730628e-17
2.223463334097487840e-18
2.223463382789560133e-18
2.223463334564157999e-18
2.223462913947298543e-18
1.015324019628818723e-16
2.223463283423778465e-18
2.223463382851651344e-18
2.223463334420281403e-18
2.223462896022225972e-18
1.068232402723459437e-16
2.223463283655505970e-18
2.223463382782747733e-18
2.223463334558356328e-18
2.223462921833995532e-18
9.872863971568920718e-17
2.223463323527702734e-18
2.223463382842387621e-18
2.223463334555082632e-18
2.223462946881660861e-18
9.082558245624528295e-17
2.223463476231522566e-18
2.223463382737078542e-18
2.223463334603314081e-18
2.223462978426751687e-18
8.112626318991004521e-17
2.223464107900477050e-18
2.223463382697840030e-18
2.223463334734421762e-18
2.223463031315829774e-18
6.470664071317923803e-17
2.223466728262978404e-18
2.223463382689198382e-18
2.223463334660293874e-18
2.223463094759779720e-18
4.503987140934146496e-17
2.223477442797259808e-18
2.223463382670336210e-18
2.223463334709680495e-18
2.223463149346870890e-18
2.816033760115551572e-17
2.223520052959865270e-18
2.223463382688901404e-18
2.223463334657654579e-18
2.223463187199176981e-18
1.647727583394090632e-17
2.223682456625402597e-18
2.223463382765434779e-18
2.223463334591335182e-18
2.223463209983886565e-18
9.442212902371684016e-18
2.224270270952001644e-18
2.223463382742925665e-18
2.223463334724763223e-18
2.223463222228319758e-18
5.619244928961714723e-18
2.226281335936931754e-18
2.223463382856868688e-18
2.223463334588103856e-18
2.223463228277183846e-18
3.713646189272389136e-18
2.232768961234235631e-18
2.223463382842120687e-18
2.223463334790396604e-18
2.223463231189708767e-18
2.835287958946818688e-18
2.252468115826149056e-18
2.223463382782071347e-18
2.223463334639201859e-18
2.223463232569077897e-18
2.459019040994265640e-18
2.308669263101194953e-18
2.223463382685791412e-18
2.223463334702022227e-18
2.223463233051987112e-18
2.308668767464545487e-18
2.459020202547560130e-18
2.223463382860178976e-18
2.223463334577283982e-18
2.223463233199300338e-18
2.252467853080747711e-18
2.835290899593301738e-18
2.223463382701317489e-18
2.223463334682550305e-18
2.223463233302790954e-18
2.232768775472562083e-18
3.713653564364470987e-18
2.223463382718441318e-18
2.223463334590764336e-18
2.223463233053199292e-18
2.226281174165910781e-18
5.619262606071356313e-18
2.223463382916294797e-18
2.223463334566456789e-18
2.223463233057393582e-18
2.224270116195817263e-18
9.442252914168276599e-18
2.223463382876556699e-18
2.223463334789844633e-18
2.223463233337402226e-18
2.223682303561710428e-18
1.647736050481815274e-17
2.223463382849631428e-18
2.223463334601218669e-18
2.223463233340285728e-18
2.223519900467100012e-18
2.816050187324383554e-17
2.223463382863834391e-18
2.223463334761052751e-18
2.223463233408081929e-18
2.223477290651431955e-18
4.504015991993595180e-17
2.223463382985122911e-18
2.223463334487029897e-18
2.223463233123807736e-18
2.223466576248893788e-18
6.470712262404737473e-17
2.223463382886553431e-18
2.223463334745566348e-18
2.223463233224167175e-18
2.223463955480106343e-18
8.112711356629974916e-17
2.223463382799442850e-18
2.223463334692337881e-18
2.223463233235279791e-18
2.223463324058853798e-18
9.082707633158211890e-17
2.223463382647944193e-18
2.223463334452696344e-18
2.223463233308212447e-18
2.223463171229332371e-18
9.873072154264608157e-17
2.223463382655421808e-18
2.223463334683994753e-18
2.223463233268596453e-18
2.223463131532233068e-18
1.068252203882150424e-16
2.223463382918721084e-18
2.223463334661465995e-18
2.223463233188749708e-18
2.223463131154843629e-18
1.015336134869646581e-16
2.223463382831126708e-18
2.223463334621507185e-18
2.223463233286949024e-18
2.223463181617915202e-18
5.221789853344556849e-17
2.223463382840182816e-18
2.223463334772315204e-18
2.223463233404963463e-18
2.223463303341649653e-18
-6.441298708821263525e-17
2.223463382963302895e-18
2.223463334670273657e-18
2.223463233160517887e-18
2.223463327768571198e-18
-8.799668529423892302e-17
2.223463382791561944e-18
2.223463334692360607e-18
2.223463233262273240e-18
2.223463121071334649e-18
1.100363441898769161e-16
2.223463382843854794e-18
2.223463334709693206e-18
2.223463233370815570e-18
2.223463004717312054e-18
2.213886466566641139e-16
2.223463382742050522e-18
2.223463334693020816e-18
2.223463233382643476e-18
2.223463311243126614e-18
-7.211254561160016214e-17
2.223463382976424256e-18
2.223463334449990413e-18
2.223463233312397878e-18
2.223463589273679052e-18
-3.385818484946102596e-16
2.223463382713283677e-18
2.223463334652001590e-18
2.223463233459772348e-18
2.223463664751092358e-18
-4.114845317067266557e-16
2.223463382657014552e-18
2.223463334562077609e-18
2.223463233375473239e-18
2.223463589020504390e-18
-3.385706136609159941e-16
2.223463382912469515e-18
2.223463334707489943e-18
2.223463233196706495e-18
2.223463310833018321e-18
-7.209686343576958510e-17
2.223463382836801653e-18
2.223463334502007469e-18
2.223463233130045438e-18
2.223463004731962217e-18
2.213853472452560900e-16
2.223463382729716867e-18
2.223463334880556704e-18
2.223463233346704468e-18
2.223463120894278517e-18
1.100272139303875846e-16
2.223463382738831523e-18
2.223463334701469486e-18
2.223463233257898297e-18
2.223463327971450969e-18
-8.799835797945360983e-17
2.223463382732380043e-18
2.223463334966585298e-18
2.223463233215418831e-18
2.223463303326974067e-18
-6.441138628922315501e-17
2.223463382812998700e-18
2.223463334681861208e-18
2.223463233317688022e-18
2.223463181545752918e-18
5.221755010368682805e-17
2.223463382880068440e-18
2.223463334652186479e-18
2.223463233093200857e-18
2.223463129794160642e-18
1.015323998184939840e-16
2.223463382924219999e-18
2.223463334755876621e-18
2.223463233350023615e-18
2.223463124236045460e-18
1.068232366944910355e-16
2.223463382752249477e-18
2.223463334731994320e-18
2.223463233323244330e-18
2.223463132496939081e-18
9.872864252799042605e-17
2.223463382820339960e-18
2.223463334764447010e-18
2.223463233317751578e-18
2.223463140355810619e-18
9.082559380777310923e-17
2.223463382684553425e-18
2.223463334560774140e-18
2.223463233417138807e-18
2.223463150728400914e-18
8.112626470239678123e-17
2.223463382921226333e-18
2.223463334412947846e-18
2.223463233390808263e-18
2.223463167680872315e-18
6.470662196117962692e-17
2.223463382792167071e-18
2.223463334742118933e-18
2.223463233299070057e-18
2.223463188361210309e-18
4.503986166318143083e-17
2.223463382723153298e-18
2.223463334465131303e-18
2.223463233213630797e-18
2.223463206393608022e-18
2.816035621290969713e-17
2.223463382830769256e-18
2.223463334699792001e-18
2.223463233428515275e-18
2.223463218392601473e-18
1.647729185555611564e-17
2.223463382879672084e-18
2.223463334614302667e-18
2.223463233373050804e-18
2.223463225566048411e-18
9.442201995980602213e-18
2.223463382847805262e-18
2.223463334692974979e-18
2.223463233305715671e-18
2.223463229601173245e-18
5.619229918400346706e-18
2.223463382915229373e-18
2.223463334694304256e-18
2.223463233270020871e-18
2.223463231554403246e-18
3.713648824310520577e-18
2.223463382763089766e-18
2.223463334752517029e-18
2.223463233195226226e-18
2.223463232534371869e-18
2.835296175413121048e-18
2.223463382752949360e-18
2.223463334416968418e-18
2.223463233337540893e-18
2.223463233116674091e-18
2.459018710156727494e-18
2.223463382903132992e-18
2.223463334727854726e-18
2.223463233325525401e-18
2.223463233242011686e-18
2.308664434612108705e-18
2.223463382926773397e-18
2.223463334725913774e-18
2.223463233108608297e-18
2.223463233063019224e-18
2.252466361811937209e-18
2.223463382725499466e-18
2.223463334789994855e-18
2.223463233343617972e-18
2.223463233385873260e-18
2.232768989826210252e-18
2.223463382810500769e-18
2.223463334674792274e-18
2.223463233226415506e-18
2.223463233491346814e-18
2.226280646979978509e-18
2.223463382702997285e-18
2.223463334629500180e-18
2.223463232967941840e-18
2.223463233376245151e-18
2.224269078638867270e-18
2.223463382621793916e-18
2.223463334799072919e-18
2.223463233336771677e-18
2.223463233217866688e-18
2.223681515213883730e-18
2.223463382625810635e-18
2.223463334753294720e-18
2.223463233265970255e-18
2.223463233134443106e-18
2.223519428794474443e-18
2.223463382703068160e-18
2.223463334525627459e-18
2.223463233180617277e-18
2.223463233428438238e-18
2.223477037106630133e-18
2.223463382848346448e-18
2.223463334355815135e-18
2.223463233126286793e-18
2.223463233251931766e-18
2.223466527878351648e-18
2.223463382740857601e-18
2.223463334623356848e-18
2.223463233190332823e-18
2.223463233271332814e-18
2.223464073301570074e-18
2.223463382746343420e-18
2.223463334709648140e-18
2.223463233271475333e-18
2.223463233142267774e-18
2.223463531164848563e-18
2.223463382929660751e-18
2.223463334590087179e-18
2.223463233292778429e-18
2.223463233286402445e-18
2.223463415183788464e-18
2.223463382875889557e-18
2.223463334584046692e-18
2.223463233321667378e-18
2.223463233136522340e-18
2.223463391041800551e-18
2.223463382763945264e-18
2.223463334774245371e-18
2.223463233482061520e-18
2.223463233190811224e-18
2.223463386543670603e-18
2.223463382930430738e-18
2.223463334780537384e-18
2.223463233309496657e-18
2.223463233384160338e-18
2.223463385585335951e-18
2.223463382920984436e-18
2.223463334663659244e-18
2.223463233324772748e-18
2.223463233380810376e-18
2.223463385729518771e-18
2.223463382598834135e-18
2.223463334375627561e-18
2.223463233283305165e-18
2.223463233309121485e-18
2.223463385557321759e-18
2.223463382959802710e-18
2.223463334732522795e-18
2.223463233301755959e-18
2.223463233275043311e-18
2.223463385227792064e-18
2.223463382949020969e-18
2.223463334649224784e-18
2.223463233369735893e-18
2.223463233043812310e-18
2.223463385590382658e-18
2.223463382777643634e-18
2.223463334603261310e-18
2.223463232996371648e-18
2.223463233233729032e-18
2.223463385511280093e-18
2.223463382917769289e-18
2.223463334435368367e-18
2.223463233329066031e-18
2.223463233252903976e-18
2.223463385463817090e-18
5.141203573966593826e-21
4.011677387486789835e-21
2.853581274034873350e-21
3.394702375768880960e-21
4.340131713731232938e-21
4.237455841546134942e-21
3.455309487207160979e-21
3.249032628739812404e-21
3.536272751639125977e-21
3.686613174972566540e-21
3.600791074129679259e-21
3.521377526897285130e-21
3.536111158912849427e-21
3.568446006235045545e-21
3.570408349279289603e-21
3.559695970317484270e-21
3.556698124202765672e-21
3.559580898973123457e-21
3.561184949813978607e-21
3.560603561563140827e-21
3.559924791673628214e-21
3.559949391566500385e-21
3.560319721324166467e-21
3.560542404374737647e-21
3.559984657176570777e-21
3.558543993556077139e-21
3.558694848009910389e-21
3.565625749091132972e-21
3.582564945442102962e-21
3.609300566943093683e-21
3.660670614417728637e-21
3.792600884345306289e-21
4.064795556003746707e-21
4.417846365336482598e-21
4.641875327845499805e-21
4.569166361094958580e-21
4.203567738245863502e-21
3.567306070686155569e-21
2.849803196884398478e-21
3.250613431095506622e-21
6.099875560143835859e-21
9.521082973909827145e-21
1.088572030459652435e-20
9.521035019602796198e-21
6.099852729914377684e-21
3.250686601299772120e-21
2.849861356287875268e-21
3.567296517208773759e-21
4.203540132069212572e-21
4.569155622838956402e-21
4.641876035163519724e-21
4.417844855417417272e-21
4.064791317013441156e-21
3.792599903267908630e-21
3.660673878797089259e-21
3.609304196852495456e-21
3.582565119722173600e-21
3.565623365437297026e-21
3.558697546935177068e-21
3.558555423515647790e-21
3.559984079753390229e-21
3.560504491900358681e-21
3.560299333583237946e-21
3.560066086190419590e-21
3.560066127285676516e-21
3.560299317066922408e-21
3.560504394699967619e-21
3.559983928706892836e-21
3.558555258235117515e-21
3.558697318607024965e-21
3.565622915962969149e-21
3.582563533138755490e-21
3.609301173291427871e-21
3.660671180585141140e-21
3.792600866326090567e-21
4.064795408150343361e-21
4.417846279492128310e-21
4.641875411403757193e-21
4.569166459141319635e-21
4.203567749632828754e-21
3.567306060208046438e-21
2.849803200612487652e-21
3.250613480143577162e-21
6.099875643114463433e-21
9.521083111164981700e-21
1.088572038586688755e-20
9.521035148878683062e-21
6.099852816734749633e-21
3.250686631376426484e-21
2.849861374860550971e-21
3.567296498971103415e-21
4.203540158266654328e-21
4.569155672880680779e-21
4.641876092030581086e-21
4.417844862961936370e-21
4.064791379171426288e-21
3.792599839759305691e-21
3.660673863152469174e-21
3.609304166826738305e-21
3.582565175184275838e-21
3.565623402449913489e-21
3.558697590565089456e-21
3.558555424629828356e-21
3.559984040829188238e-21
3.560504549181248221e-21
3.560299421742070270e-21
3.560066084633209686e-21
3.560066042590030354e-21
3.560299384518020553e-21
3.560504459208543478e-21
3.559983947391850630e-21
3.558555285175999827e-21
3.558697316934047111e-21
3.565622898620807328e-21
3.582563578596067698e-21
3.609301122779508010e-21
3.660671146458912876e-21
3.792600884982315894e-21
4.064795464271917114e-21
4.417846319644406300e-21
4.641875448122563263e-21
4.569166483769403834e-21
4.203567706653730976e-21
3.567306053271946665e-21
2.849803211913012127e-21
3.250613474294025749e-21
6.099875619737860549e-21
9.521083152284821316e-21
1.088572043696264706e-20
9.521035187609784245e-21
6.099852813433595870e-21
3.250686634874111241e-21
2.849861335455954343e-21
3.567296440571815823e-21
4.203540137352996108e-21
4.569155708929622836e-21
4.641876201627171334e-21
4.417844904982425840e-21
4.064791243107114843e-21
3.792599733758938224e-21
3.660674113149818051e-21
3.609304942610965894e-21
3.582565116637513171e-21
3.565620583194562350e-21
3.558695428162382686e-21
3.558563383953216480e-21
3.559999080880096280e-21
3.560492727832690390e-21
3.560239406386524065e-21
3.560048177759893386e-21
3.560239315650485265e-21
3.560492676217963483e-21
3.559998993845917519e-21
3.558563210750944386e-21
3.558695220092968050e-21
3.565620111893320587e-21
3.582563504106535945e-21
3.609301887019400805e-21
3.660671417916373254e-21
3.792600691027902642e-21
4.064795300195508332e-21
4.417846356849708293e-21
4.641875461701535462e-21
4.569166511942855732e-21
4.203567756490552206e-21
3.567306066441739248e-21
2.849803232317558289e-21
3.250613496861542831e-21
6.099875643018015721e-21
9.521083176876796585e-21
1.088572048129587070e-20
9.521035209202234969e-21
6.099852797523594676e-21
3.250686654073978819e-21
2.849861346953059466e-21
3.567296480785407600e-21
4.203540181610781971e-21
4.569155694093824115e-21
4.641876125465935397e-21
4.417844948208961230e-21
4.064791397482017155e-21
3.792599862995215631e-21
3.660673847647244287e-21
3.609304161958180751e-21
3.582565210207918996e-21
3.565623412137030402e-21
3.558697665541621184e-21
3.558555506123854470e-21
3.559984060266790427e-21
3.560504577210752653e-21
3.560299415960217928e-21
3.560066400176338728e-21
3.560066288445231295e-21
3.560299572898364477e-21
3.560504464863765174e-21
3.559984016201131875e-21
3.558555303413768725e-21
3.558697385895535502e-21
3.565622911580675804e-21
3.582563639785249884e-21
3.609301150553537083e-21
3.660671127941617063e-21
3.792600837590647045e-21
4.064795394908677480e-21
4.417846319357484116e-21
4.641875478869982163e-21
4.569166528070061198e-21
4.203567750989710346e-21
3.567306077701344859e-21
2.849803253475454895e-21
3.250613490714571035e-21
6.099875616238216384e-21
9.521083178788211337e-21
1.088572046446953084e-20
9.521035276496338226e-21
6.099852842875357648e-21
3.250686644577061782e-21
2.849861328643834053e-21
3.567296506060775788e-21
4.203540195374320700e-21
4.569155709650280995e-21
4.641876108754095841e-21
4.417844828007270845e-21
4.064791389345088777e-21
3.792600130456024557e-21
3.660674034097792866e-21
3.609303389016375990e-21
3.582563971418234893e-21
3.565624808665319670e-21
3.558703165325856983e-21
3.558555090520474349e-21
3.559964868789807626e-21
3.560490081821543955e-21
3.560349216682810225e-21
3.560146533857818331e-21
3.559967527181897024e-21
3.559985018198696042e-21
3.560615539417063922e-21
3.561170077533217377e-21
3.559573104837043076e-21
3.556700376115927666e-21
3.559698744553386383e-21
3.570408409653377611e-21
3.568445386245005000e-21
3.536111076288110595e-21
3.521377440519494891e-21
3.600790446837375272e-21
3.686612945203917393e-21
3.536274311110530863e-21
3.249035161893842169e-21
3.455307910205783753e-21
4.237443558203702511e-21
4.340131236877549439e-21
3.394745681211314113e-21
2.853688755677513322e-21
4.011705767787318131e-21
2.223463382754840238e-18
2.223463333967733703e-18
2.223463233138816508e-18
2.223463233245394775e-18
2.223463385454711679e-18
2.223463382834187781e-18
2.223463334815999917e-18
2.223463233293990224e-18
2.223463233324891385e-18
2.223463385491699934e-18
2.223463382858675981e-18
2.223463334577602916e-18
2.223463233299357791e-18
2.223463233359788080e-18
2.223463385629945111e-18
2.223463382729680660e-18
2.223463334671451941e-18
2.223463233324669518e-18
2.223463233309345279e-18
2.223463385590680792e-18
2.223463382950976173e-18
2.223463334506321552e-18
2.223463233492502372e-18
2.223463233254397342e-18
2.223463385490819013e-18
2.223463383046290446e-18
2.223463334757271380e-18
2.223463233319467196e-18
2.223463233252133989e-18
2.223463385698421165e-18
2.223463383180459970e-18
2.223463334775633196e-18
2.223463233498245495e-18
2.223463233192308057e-18
2.223463385617635722e-18
2.223463383950143621e-18
2.223463334670670399e-18
2.223463233452803563e-18
2.223463233385080162e-18
2.223463385486677108e-18
2.223463388037615616e-18
2.223463334665643722e-18
2.223463233512746207e-18
2.223463233327693998e-18
2.223463385511795857e-18
2.223463411558529256e-18
2.223463334638380643e-18
2.223463233147582185e-18
2.223463233216332877e-18
2.223463385538314757e-18
2.223463530652544264e-18
2.223463334774215711e-18
2.223463233388643903e-18
2.223463233238719116e-18
2.223463385656270647e-18
2.223464077795504962e-18
2.223463334793925293e-18
2.223463233310367947e-18
2.223463233401717501e-18
2.223463385475270596e-18
2.223466510926281996e-18
2.223463334680655190e-18
2.223463233468681700e-18
2.223463233089667546e-18
2.223463385748147906e-18
2.223476977660183905e-18
2.223463334705014737e-18
2.223463233248365329e-18
2.223463233434666310e-18
2.223463385460355039e-18
2.223519479645908248e-18
2.223463334585150635e-18
2.223463233294623470e-18
2.223463233198053876e-18
2.223463385534862720e-18
2.223681846217792178e-18
2.223463334605719567e-18
2.223463233171434828e-18
2.223463233353994112e-18
2.223463385453078490e-18
2.224269007942347406e-18
2.223463334850367367e-18
2.223463233381506022e-18
2.223463233068497724e-18
2.223463385679074043e-18
2.226279219151478331e-18
2.223463334750383099e-18
2.223463233459726511e-18
2.223463233260417028e-18
2.223463385651318696e-18
2.232768519712071460e-18
2.223463334655916620e-18
2.223463233300684757e-18
2.223463233357263956e-18
2.223463385514480989e-18
2.252470905330353577e-18
2.223463334683489389e-18
2.223463233383413463e-18
2.223463233223714581e-18
2.223463385371826202e-18
2.308668443273851491e-18
2.223463334462240097e-18
2.223463233465065959e-18
2.223463233223030106e-18
2.223463385590489740e-18
2.459010229945449200e-18
2.223463334446816865e-18
2.223463233293674372e-18
2.223463233362920027e-18
2.223463385740487712e-18
2.835286372389486848e-18
2.223463334080210323e-18
2.223463233398392575e-18
2.223463233312216840e-18
2.223463385482159647e-18
3.713668975757206837e-18
2.223463333036071640e-18
2.223463233256600220e-18
2.223463233184873197e-18
2.223463385562283340e-18
5.619274459526194673e-18
2.223463330926728454e-18
2.223463233233883491e-18
2.223463233361427046e-18
2.223463385411936004e-18
9.442233505942150553e-18
2.223463326991275502e-18
2.223463233266885842e-18
2.223463233310751207e-18
2.223463385457387566e-18
1.647733814850375651e-17
2.223463319727162330e-18
2.223463233452760422e-18
2.223463233343015156e-18
2.223463385625714998e-18
2.816051588169921275e-17
2.223463307248563020e-18
2.223463233342406562e-18
2.223463233378941839e-18
2.223463385540964836e-18
4.504018526893805125e-17
2.223463289839410103e-18
2.223463233266073485e-18
2.223463233070418647e-18
2.223463385561617354e-18
6.470711831961630830e-17
2.223463269374455403e-18
2.223463233321035288e-18
2.223463233252230285e-18
2.223463385533145946e-18
8.112709538666142189e-17
2.223463251953469957e-18
2.223463233186432044e-18
2.223463233333422099e-18
2.223463385452401333e-18
9.082707392651927365e-17
2.223463241690392662e-18
2.223463233444848702e-18
2.223463233147871845e-18
2.223463385561084641e-18
9.873072923186680522e-17
2.223463233678648894e-18
2.223463233153792924e-18
2.223463233178434042e-18
2.223463385541149726e-18
1.068252237965104003e-16
2.223463225423901685e-18
2.223463233074830952e-18
2.223463233437846021e-18
2.223463385601672845e-18
1.015336119475552827e-16
2.223463231242455366e-18
2.223463233400695602e-18
2.223463233411754292e-18
2.223463385588961322e-18
5.221789701171823292e-17
2.223463283008458991e-18
2.223463233421556890e-18
2.223463233322449306e-18
2.223463385546933293e-18
-6.441298711867738338e-17
2.223463404800897911e-18
2.223463233324003531e-18
2.223463233292530755e-18
2.223463385519982985e-18
-8.799668521799448115e-17
2.223463428718173326e-18
2.223463233259692493e-18
2.223463233207022161e-18
2.223463385518158744e-18
1.100363441873000034e-16
2.223463222321170766e-18
2.223463233254075326e-18
2.223463233394782612e-18
2.223463385601867749e-18
2.213886467296676193e-16
2.223463105958284271e-18
2.223463233351675678e-18
2.223463233360308466e-18
2.223463385411325099e-18
-7.211254557549709232e-17
2.223463412352458053e-18
2.223463233338340924e-18
2.223463233363173865e-18
2.223463385519982600e-18
-3.385818485159820300e-16
2.223463690716667839e-18
2.223463233255478174e-18
2.223463233084524543e-18
2.223463385526219532e-18
-4.114845317241536778e-16
2.223463766332078648e-18
2.223463233410960424e-18
2.223463233342004428e-18
2.223463385340141573e-18
-3.385706136384298098e-16
2.223463690575436700e-18
2.223463233339652097e-18
2.223463233360064644e-18
2.223463385489908819e-18
-7.209686339099269380e-17
2.223463412433552800e-18
2.223463233397578677e-18
2.223463233100216635e-18
2.223463385514527211e-18
2.213853472219553329e-16
2.223463106224511345e-18
2.223463233262272084e-18
2.223463233385417585e-18
2.223463385487911629e-18
1.100272138635351727e-16
2.223463222435449672e-18
2.223463233305595493e-18
2.223463233277287019e-18
2.223463385548732112e-18
-8.799835800060640964e-17
2.223463429048234192e-18
2.223463233240560691e-18
2.223463233325707979e-18
2.223463385516418859e-18
-6.441138682407766500e-17
2.223463404779529719e-18
2.223463233418362158e-18
2.223463233378771586e-18
2.223463385499483002e-18
5.221754975890278801e-17
2.223463283122730963e-18
2.223463233261750542e-18
2.223463233376938871e-18
2.223463385568534524e-18
1.015324021058171575e-16
2.223463232488034380e-18
2.223463233351492329e-18
2.223463233315499395e-18
2.223463385572323598e-18
1.068232403946987138e-16
2.223463232728719000e-18
2.223463233401586923e-18
2.223463233191566574e-18
2.223463385476952703e-18
9.872863983128422502e-17
2.223463272366226563e-18
2.223463233471500106e-18
2.223463233253513725e-18
2.223463385564073685e-18
9.082558257498111351e-17
2.223463425037994684e-18
2.223463233054684569e-18
2.223463233329807129e-18
2.223463385672484666e-18
8.112626331663312941e-17
2.223464056743656622e-18
2.223463233545945002e-18
2.223463233208309453e-18
2.223463385269748448e-18
6.470664084919209616e-17
2.223466677310678254e-18
2.223463233389197801e-18
2.223463233312929819e-18
2.223463385600220308e-18
4.503987155182699462e-17
2.223477391954617873e-18
2.223463233367939001e-18
2.223463233286003008e-18
2.223463385640850882e-18
2.816033774765991574e-17
2.223520002001109404e-18
2.223463233118146272e-18
2.223463233281220153e-18
2.223463385591499697e-18
1.647727598254761141e-17
2.223682405656549850e-18
2.223463233407362787e-18
2.223463233261787905e-18
2.223463385573810031e-18
9.442213051484127525e-18
2.224270219662521621e-18
2.223463233340928604e-18
2.223463233290066335e-18
2.223463385554213308e-18
5.619245078322509980e-18
2.226281284827920996e-18
2.223463233212764129e-18
2.223463233463610341e-18
2.223463385469264005e-18
3.713646338955909392e-18
2.232768909946369923e-18
2.223463233072034502e-18
2.223463233072014857e-18
2.223463385648066186e-18
2.835288108947629740e-18
2.252468064418763602e-18
2.223463233157499569e-18
2.223463233305099373e-18
2.223463385584420749e-18
2.459019190392302604e-18
2.308669212353289897e-18
2.223463233409056835e-18
2.223463233257103273e-18
2.223463385556180068e-18
2.308668917110171145e-18
2.459020151683962536e-18
2.223463233042902886e-18
2.223463233304062453e-18
2.223463385581605425e-18
2.252468002896960303e-18
2.835290848697224106e-18
2.223463232643566704e-18
2.223463233181539797e-18
2.223463385677195876e-18
2.232768925206769349e-18
3.713653512833240148e-18
2.223463231548806109e-18
2.223463233328164310e-18
2.223463385615289554e-18
2.226281323726548618e-18
5.619262555485137698e-18
2.223463229695633176e-18
2.223463233307504090e-18
2.223463385532394833e-18
2.224270265642585262e-18
9.442252863243619707e-18
2.223463225549158005e-18
2.223463233345895192e-18
2.223463385726196927e-18
2.223682453271422561e-18
1.647736045397237270e-17
2.223463218464773002e-18
2.223463233385026236e-18
2.223463385807424948e-18
2.223520050260033119e-18
2.816050182345094137e-17
2.223463206284556862e-18
2.223463233138981753e-18
2.223463385585707271e-18
2.223477440521040185e-18
4.504015987127957816e-17
2.223463188468375599e-18
2.223463233413791541e-18
2.223463385626140244e-18
2.223466725588574690e-18
6.470712257807603709e-17
2.223463167848327301e-18
2.223463233452540866e-18
2.223463385369896420e-18
2.223464105024553272e-18
8.112711352343397202e-17
2.223463150774483795e-18
2.223463233469302235e-18
2.223463385714793495e-18
2.223463473439947971e-18
9.082707629223271390e-17
2.223463140412003092e-18
2.223463233361829951e-18
2.223463385680307794e-18
2.223463320695563047e-18
9.873072150458075723e-17
2.223463132159323947e-18
2.223463233447675582e-18
2.223463385609186668e-18
2.223463280947164675e-18
1.068252203474291586e-16
2.223463124072494718e-18
2.223463233413069702e-18
2.223463385660123278e-18
2.223463280429209313e-18
1.015336134385570838e-16
2.223463129702277991e-18
2.223463233367753341e-18
2.223463385635411671e-18
2.223463331239745611e-18
5.221789847986664733e-17
2.223463181460880267e-18
2.223463233325260778e-18
2.223463385642947449e-18
2.223463453197923129e-18
-6.441298711863000242e-17
2.223463303293571508e-18
2.223463233315945826e-18
2.223463385550737775e-18
2.223463477554190008e-18
-8.799668528566963794e-17
2.223463327743591116e-18
2.223463233352714139e-18
2.223463385703663546e-18
2.223463270466312851e-18
1.100363442140048309e-16
2.223463120778794365e-18
2.223463233245014981e-18
2.223463385643987066e-18
2.223463154560578184e-18
2.213886466795725113e-16
2.223463004627453555e-18
2.223463233319117447e-18
2.223463385602618861e-18
2.223463460630467733e-18
-7.211254562665899913e-17
2.223463311184019053e-18
2.223463233279089304e-18
2.223463385587117822e-18
2.223463739036419740e-18
-3.385818485464392099e-16
2.223463589281635839e-18
2.223463233432822810e-18
2.223463385575277204e-18
2.223463814704302125e-18
-4.114845317793547126e-16
2.223463664763394428e-18
2.223463233216825530e-18
2.223463385649870397e-18
2.223463738961907051e-18
-3.385706136782905076e-16
2.223463589272226515e-18
2.223463233410638023e-18
2.223463385603686597e-18
2.223463460645608624e-18
-7.209686340564013983e-17
2.223463311062928134e-18
2.223463233290882159e-18
2.223463385550122248e-18
2.223463154621118636e-18
2.213853472448934112e-16
2.223463004905914906e-18
2.223463233290764677e-18
2.223463385573052370e-18
2.223463270811698727e-18
1.100272138898480596e-16
2.223463121016059689e-18
2.223463233070683655e-18
2.223463385683631949e-18
2.223463477574943058e-18
-8.799835798990043317e-17
2.223463327667172142e-18
2.223463233326398233e-18
2.223463385673301646e-18
2.223463453025819718e-18
-6.441138685217491829e-17
2.223463303348058763e-18
2.223463233260373502e-18
2.223463385712665728e-18
2.223463331242456935e-18
5.221754970881545150e-17
2.223463181968829653e-18
2.223463233339106289e-18
2.223463385626053962e-18
2.223463279443053833e-18
1.015324020606666542e-16
2.223463131166501283e-18
2.223463233340068098e-18
2.223463385636973215e-18
2.223463273864909365e-18
1.068232403565912594e-16
2.223463131162366697e-18
2.223463233333027669e-18
2.223463385580480297e-18
2.223463282045875738e-18
9.872863979516277721e-17
2.223463170819495634e-18
2.223463233370997378e-18
2.223463385576303725e-18
2.223463290221536559e-18
9.082558253843019256e-17
2.223463323893250786e-18
2.223463233344020492e-18
2.223463385628302678e-18
2.223463300377175468e-18
8.112626327656538027e-17
2.223463955515205261e-18
2.223463233332623609e-18
2.223463385600947925e-18
2.223463317479440692e-18
6.470664080562727732e-17
2.223466575832878283e-18
2.223463233136239614e-18
2.223463385643608043e-18
2.223463338319178278e-18
4.503987150606623354e-17
2.223477290799525953e-18
2.223463233265773810e-18
2.223463385475587219e-18
2.223463355687070072e-18
2.816033770041205324e-17
2.223519900673535435e-18
2.223463233163324737e-18
2.223463385536459316e-18
2.223463368074707326e-18
1.647727593464768450e-17
2.223682304460509963e-18
2.223463233363175791e-18
2.223463385671850650e-18
2.223463375244109426e-18
9.442213003436162858e-18
2.224270118324284934e-18
2.223463233200007924e-18
2.223463385849721451e-18
2.223463378989006632e-18
5.619245030163607896e-18
2.226281183473237638e-18
2.223463233128188841e-18
2.223463385693085954e-18
2.223463381361449953e-18
3.713646290671022986e-18
2.232768808549433587e-18
2.223463233325095919e-18
2.223463385642720189e-18
2.223463382067037499e-18
2.835288060503325638e-18
2.252467963417143647e-18
2.223463233213184367e-18
2.223463385754284689e-18
2.223463382727474699e-18
2.459019142068262042e-18
2.308669110839404547e-18
2.223463233133444319e-18
2.223463385591894898e-18
2.223463382734282477e-18
2.308668868966262811e-18
2.459020050338325270e-18
2.223463232313219645e-18
2.223463385631435396e-18
2.223463382901042973e-18
2.252467954496068203e-18
2.835290747582949190e-18
2.223463231320145454e-18
2.223463385691918455e-18
2.223463382833924699e-18
2.232768876781347065e-18
3.713653411952730757e-18
2.223463228291861358e-18
2.223463385739727740e-18
2.223463382770887086e-18
2.226281274915825944e-18
5.619262454327804381e-18
2.223463222012838627e-18
2.223463385618130686e-18
2.223463382895842191e-18
2.224270217450389242e-18
9.442252762028574744e-18
2.223463210100453475e-18
2.223463385719755846e-18
2.223463382902425790e-18
2.223682405299270201e-18
1.647736035344968260e-17
2.223463187275673377e-18
2.223463385756576931e-18
2.223463382971094823e-18
2.223520001855657397e-18
2.816050172410349378e-17
2.223463149446786980e-18
2.223463385340567203e-18
2.223463382990517826e-18
2.223477391839963411e-18
4.504015977462253453e-17
2.223463094773033585e-18
2.223463385650604561e-18
2.223463382777829293e-18
2.223466677204993619e-18
6.470712248549540754e-17
2.223463031156388582e-18
2.223463385704218599e-18
2.223463382823210366e-18
2.223464056793316341e-18
8.112711343659196042e-17
2.223462978095072654e-18
2.223463385485333965e-18
2.223463382901900782e-18
2.223463425050137287e-18
9.082707621027865703e-17
2.223462946943253641e-18
2.223463385562849178e-18
2.223463382890289350e-18
2.223463272445456625e-18
9.873072142479965470e-17
2.223462921805732895e-18
2.223463385703068819e-18
2.223463382764757236e-18
2.223463232534937322e-18
1.068252202632927181e-16
2.223462896012581300e-18
2.223463385631654952e-18
2.223463382741594847e-18
2.223463232444624689e-18
1.015336133404710186e-16
2.223462913904461239e-18
2.223463385568611561e-18
2.223463382718036102e-18
2.223463283058149909e-18
5.221789837320175064e-17
2.223463073681197547e-18
2.223463385533998748e-18
2.223463382845866620e-18
2.223463404719062837e-18
-6.441298718469898911e-17
2.223463449549104404e-18
2.223463385621639345e-18
2.223463382833093468e-18
2.223463428940591657e-18
-8.799668528222158855e-17
2.223463525572721073e-18
2.223463385461606893e-18
2.223463382787810618e-18
2.223463222491594767e-18
1.100363442454659596e-16
2.223462886529507173e-18
2.223463385464730366e-18
2.223463382985187237e-18
2.223463106093877443e-18
2.213886467099956470e-16
2.223462527532735458e-18
2.223463385483888747e-18
2.223463382671243708e-18
2.223463412287064642e-18
-7.211254566267683500e-17
2.223463474396295063e-18
2.223463385607129004e-18
2.223463383051751613e-18
2.223463690552585926e-18
-3.385818486362213431e-16
2.223464334352422313e-18
2.223463385649839967e-18
2.223463382700896481e-18
2.223463766463621589e-18
-4.114845319150213348e-16
2.223464569112390630e-18
2.223463385510119913e-18
2.223463383076040671e-18
2.223463690557864900e-18
-3.385706137490552258e-16
2.223464334334334750e-18
2.223463385597528243e-18
2.223463382837436055e-18
2.223463412409903921e-18
-7.209686345401083489e-17
2.223463474440175451e-18
2.223463385553557722e-18
2.223463382847513676e-18
2.223463106086647887e-18
2.213853472031019271e-16
2.223462527522955200e-18
2.223463385535009476e-18
2.223463382860352310e-18
2.223463222456113744e-18
1.100272138946306521e-16
2.223462886398233477e-18
2.223463385545551631e-18
2.223463382870634850e-18
2.223463428956159334e-18
-8.799835804932960227e-17
2.223463525686231532e-18
2.223463385465615909e-18
2.223463382813017189e-18
2.223463404743418147e-18
-6.441138713147909668e-17
2.223463450080444980e-18
2.223463385631357973e-18
2.223463382776885973e-18
2.223463282836409891e-18
5.221755046464594943e-17
2.223463074303646935e-18
2.223463385580568504e-18
2.223463382779845357e-18
2.223463231168434560e-18
1.015324039971151837e-16
2.223462920462800819e-18
2.223463385654900926e-18
2.223463382794103787e-18
2.223463225459208988e-18
1.068232397328512799e-16
2.223462934142990904e-18
2.223463385612267385e-18
2.223463382834881116e-18
2.223463233633443466e-18
9.872863356688453175e-17
2.223463115609056052e-18
2.223463385700956074e-18
2.223463382966008827e-18
2.223463241755993303e-18
9.082557854775977510e-17
2.223463823310704112e-18
2.223463385734530040e-18
2.223463382994393182e-18
2.223463251981144030e-18
8.112627295501792048e-17
2.223466642268729198e-18
2.223463385664190071e-18
2.223463382730874351e-18
2.223463269147214158e-18
6.470665261282516109e-17
2.223477782517998059e-18
2.223463385559964906e-18
2.223463382912746079e-18
2.223463289768525096e-18
4.503986413228327098e-17
2.223521055759127304e-18
2.223463385789258421e-18
2.223463382812443262e-18
2.223463307578640449e-18
2.816032130167292414e-17
2.223684169765888272e-18
2.223463385664855673e-18
2.223463382957561698e-18
2.223463319702340945e-18
1.647727611088774029e-17
2.224272369927346262e-18
2.223463385655833461e-18
2.223463382897203054e-18
2.223463326768129940e-18
9.442226619206195689e-18
2.226283266963224967e-18
2.223463385618375279e-18
2.223463382930653760e-18
2.223463331017537977e-18
5.619250910569392056e-18
2.232770633637689553e-18
2.223463385544264725e-18
2.223463382952572384e-18
2.223463333003997973e-18
3.713641519735537801e-18
2.252470544592330110e-18
2.223463385631333706e-18
2.223463382849120672e-18
2.223463333684009170e-18
2.835284701382350625e-18
2.308673162167291054e-18
2.223463385513863535e-18
2.223463382989539839e-18
2.223463334460815680e-18
2.459021642819606538e-18
2.459022651536082251e-18
2.223463385342210022e-18
2.223463382910327111e-18
2.223463334557372563e-18
2.308672818900660782e-18
2.835287489376836380e-18
2.223463385072585607e-18
2.223463382787326054e-18
2.223463334610195814e-18
2.252470434804850016e-18
3.713648742669690796e-18
2.223463383920634137e-18
2.223463382737006512e-18
2.223463334556398427e-18
2.232770600422142619e-18
5.619268436470687630e-18
2.223463381885326394e-18
2.223463382899876629e-18
2.223463334519038083e-18
2.226283257328988836e-18
9.442266478354321977e-18
2.223463378006990361e-18
2.223463382866345419e-18
2.223463334641763731e-18
2.224272367187611923e-18
1.647736062905052882e-17
2.223463370391477790e-18
2.223463382973546146e-18
2.223463334646278111e-18
2.223684169156561786e-18
2.816048542470312863e-17
2.223463358545135858e-18
2.223463382845687509e-18
2.223463334658778937e-18
2.223521055648852022e-18
4.504015249891687954e-17
2.223463340603496822e-18
2.223463382898116330e-18
2.223463334759362940e-18
2.223477782139463462e-18
6.470713438568205777e-17
2.223463320478654032e-18
2.223463382968911974e-18
2.223463334648876961e-18
2.223466642619572390e-18
8.112712320118488208e-17
2.223463303228196587e-18
2.223463382824172175e-18
2.223463334597894899e-18
2.223463823559962202e-18
9.082707230128382854e-17
2.223463292989680291e-18
2.223463382811105896e-18
2.223463334696013326e-18
2.223463115604914532e-18
9.873071527643516365e-17
2.223463284953747998e-18
2.223463382790008874e-18
2.223463334803393935e-18
2.223462934305718888e-18
1.068252197241806025e-16
2.223463276499059601e-18
2.223463382866220233e-18
2.223463334571046665e-18
2.223462920475453409e-18
1.015336153751495434e-16
2.223463282346012275e-18
2.223463383072389878e-18
2.223463334628768712e-18
2.223463074690751150e-18
5.221789923585651365e-17
2.223463334140673352e-18
2.223463382961228669e-18
2.223463334827579378e-18
2.223463449772449493e-18
-6.441298739843641403e-17
2.223463455521883859e-18
2.223463383103940463e-18
2.223463334284888913e-18
2.223463525763506389e-18
-8.799668534492885681e-17
2.223463480198698666e-18
2.223463382935841830e-18
2.223463334742571527e-18
2.223462886438821680e-18
1.100363442191594822e-16
2.223463273544119925e-18
2.223463382942241696e-18
2.223463334741717569e-18
2.223462527576284971e-18
2.213886466366505401e-16
2.223463156963725835e-18
2.223463382835097591e-18
2.223463334706763097e-18
2.223463474420889188e-18
-7.211254567454692364e-17
2.223463463621388789e-18
2.223463383109850371e-18
2.223463334700984151e-18
2.223464334613514858e-18
-3.385818486179113885e-16
2.223463741679918826e-18
2.223463383040491856e-18
2.223463334701544597e-18
2.223464569364748697e-18
-4.114845319146000831e-16
2.223463817181447471e-18
2.223463382819595010e-18
2.223463334675291090e-18
2.223464334453384954e-18
-3.385706137685049366e-16
2.223463741621706823e-18
2.223463382882292504e-18
2.223463334477916012e-18
2.223463474353423863e-18
-7.209686344157568764e-17
2.223463463412115315e-18
2.223463382769951855e-18
2.223463334715502967e-18
2.223462527560074033e-18
2.213853472752019156e-16
2.223463157295121756e-18
2.223463382804330860e-18
2.223463334567787607e-18
2.223462886707632581e-18
1.100272139212550775e-16
2.223463273463649564e-18
2.223463382863206538e-18
2.223463334402561691e-18
2.223463525757257902e-18
-8.799835798598753517e-17
2.223463480142224622e-18
2.223463382888691599e-18
2.223463334648969406e-18
2.223463449684578169e-18
-6.441138691780916866e-17
2.223463455669984020e-18
2.223463382820043752e-18
2.223463334577889109e-18
2.223463073725525136e-18
5.221754960178200886e-17
2.223463334189644358e-18
2.223463382861534831e-18
2.223463334510037056e-18
2.223462913982024601e-18
1.015324019627300659e-16
2.223463283589170010e-18
2.223463382899411710e-18
2.223463334362937224e-18
2.223462896006026205e-18
1.068232402721303381e-16
2.223463283645843580e-18
2.223463382864134451e-18
2.223463334520401641e-18
2.223462921795186503e-18
9.872863971568905927e-17
2.223463323439300239e-18
2.223463382929081431e-18
2.223463334496536673e-18
2.223462946841282199e-18
9.082558245637772530e-17
2.223463476181119054e-18
2.223463382794241298e-18
2.223463334556824443e-18
2.223462978409803889e-18
8.112626318998067291e-17
2.223464107853791353e-18
2.223463382798599292e-18
2.223463334663548310e-18
2.223463031273292144e-18
6.470664071332606476e-17
2.223466728344433299e-18
2.223463382755300920e-18
2.223463334590452721e-18
2.223463094728022291e-18
4.503987140954676602e-17
2.223477442813384849e-18
2.223463382730559269e-18
2.223463334638284346e-18
2.223463149324268562e-18
2.816033760126975880e-17
2.223520053060255139e-18
2.223463382793697801e-18
2.223463334647731803e-18
2.223463187169009599e-18
1.647727583398841362e-17
2.223682456750734414e-18
2.223463382847448965e-18
2.223463334517792391e-18
2.223463209962593869e-18
9.442212902409615592e-18
2.224270270834146672e-18
2.223463382826737899e-18
2.223463334662882324e-18
2.223463222204017989e-18
5.619244928983590976e-18
2.226281336015261251e-18
2.223463382905174092e-18
2.223463334546474881e-18
2.223463228263669210e-18
3.713646189270804481e-18
2.232768961229841045e-18
2.223463382918694506e-18
2.223463334717482052e-18
2.223463231148741541e-18
2.835287958940773965e-18
2.252468115769788642e-18
2.223463382825497215e-18
2.223463334597490839e-18
2.223463232532058057e-18
2.459019040944582810e-18
2.308669263138761758e-18
2.223463382720576018e-18
2.223463334635489052e-18
2.223463233027526261e-18
2.308668767520713693e-18
2.459020202617046526e-18
2.223463382912617426e-18
2.223463334503083679e-18
2.223463233179800682e-18
2.252467853114176462e-18
2.835290899574894470e-18
2.223463382756159500e-18
2.223463334624585592e-18
2.223463233269856011e-18
2.232768775488440220e-18
3.713653564397835797e-18
2.223463382751264942e-18
2.223463334511724171e-18
2.223463233015676014e-18
2.226281174148045470e-18
5.619262606106927468e-18
2.223463382952545036e-18
2.223463334482685770e-18
2.223463233052930047e-18
2.224270116143916148e-18
9.442252914197949786e-18
2.223463382909162308e-18
2.223463334707428313e-18
2.223463233323313278e-18
2.223682303556332847e-18
1.647736050479754992e-17
2.223463382893625446e-18
2.223463334527446308e-18
2.223463233352547739e-18
2.223519900506350079e-18
2.816050187331941212e-17
2.223463382917061317e-18
2.223463334700258461e-18
2.223463233407325039e-18
2.223477290635779922e-18
4.504015991992381690e-17
2.223463383055489458e-18
2.223463334428630694e-18
2.223463233128558235e-18
2.223466576273303025e-18
6.470712262420888168e-17
2.223463382949533266e-18
2.223463334668304587e-18
2.223463233257672578e-18
2.223463955389111546e-18
8.112711356607880648e-17
2.223463382847932758e-18
2.223463334638792021e-18
2.223463233242128398e-18
2.223463324080983889e-18
9.082707633135517348e-17
2.223463382713502078e-18
2.223463334363626321e-18
2.223463233313267627e-18
2.223463171274953799e-18
9.873072154268674488e-17
2.223463382719745172e-18
2.223463334589873786e-18
2.223463233241840664e-18
2.223463131506866645e-18
1.068252203885663936e-16
2.223463382976235900e-18
2.223463334595249442e-18
2.223463233149198811e-18
2.223463131049078490e-18
1.015336134869151201e-16
2.223463382877604790e-18
2.223463334542409628e-18
2.223463233229998506e-18
2.223463181625083898e-18
5.221789853326329231e-17
2.223463382899011887e-18
2.223463334705131834e-18
2.223463233367147829e-18
2.223463303370232765e-18
-6.441298708811082289e-17
2.223463383005252346e-18
2.223463334587987530e-18
2.223463233136585896e-18
2.223463327793487339e-18
-8.799668529410328825e-17
2.223463382867786785e-18
2.223463334610579074e-18
2.223463233196805103e-18
2.223463121034629891e-18
1.100363441901845226e-16
2.223463382921490186e-18
2.223463334648305345e-18
2.223463233341752517e-18
2.223463004673739429e-18
2.213886466564903919e-16
2.223463382779528734e-18
2.223463334590285935e-18
2.223463233329095690e-18
2.223463311283821899e-18
-7.211254561104710902e-17
2.223463383026920213e-18
2.223463334413737863e-18
2.223463233282854112e-18
2.223463589286247285e-18
-3.385818484951452552e-16
2.223463382797419082e-18
2.223463334567613117e-18
2.223463233409289102e-18
2.223463664740901877e-18
-4.114845317064195916e-16
2.223463382742803176e-18
2.223463334510929147e-18
2.223463233312072781e-18
2.223463589034576775e-18
-3.385706136604255198e-16
2.223463382979827759e-18
2.223463334636954299e-18
2.223463233146350361e-18
2.223463310799170487e-18
-7.209686343505794628e-17
2.223463382933520314e-18
2.223463334431496478e-18
2.223463233057220634e-18
2.223463004690785835e-18
2.213853472459061607e-16
2.223463382799754465e-18
2.223463334840108323e-18
2.223463233300652786e-18
2.223463120889206773e-18
1.100272139303978151e-16
2.223463382790282742e-18
2.223463334657079111e-18
2.223463233216458063e-18
2.223463327997258816e-18
-8.799835797941299582e-17
2.223463382792872732e-18
2.223463334912454341e-18
2.223463233199996369e-18
2.223463303348421608e-18
-6.441138628932698883e-17
2.223463382878127873e-18
2.223463334632699920e-18
2.223463233300836135e-18
2.223463181593938915e-18
5.221755010362647403e-17
2.223463382936765121e-18
2.223463334606610117e-18
2.223463233054625251e-18
2.223463129702335769e-18
1.015323998181719808e-16
2.223463382974013377e-18
2.223463334715636241e-18
2.223463233314182829e-18
2.223463124224880459e-18
1.068232366946302448e-16
2.223463382795309804e-18
2.223463334677384961e-18
2.223463233310490436e-18
2.223463132517551154e-18
9.872864252796998963e-17
2.223463382921104229e-18
2.223463334747309700e-18
2.223463233287739426e-18
2.223463140443485884e-18
9.082559380774459931e-17
2.223463382748944581e-18
2.223463334499832709e-18
2.223463233382222082e-18
2.223463150747740332e-18
8.112626470257372026e-17
2.223463382972065106e-18
2.223463334345152416e-18
2.223463233361171668e-18
2.223463167645093159e-18
6.470662196143574787e-17
2.223463382824962192e-18
2.223463334675264897e-18
2.223463233254629224e-18
2.223463188448022757e-18
4.503986166329849656e-17
2.223463382778219102e-18
2.223463334403698761e-18
2.223463233182245843e-18
2.223463206386243266e-18
2.816035621291701875e-17
2.223463382888800221e-18
2.223463334636042179e-18
2.223463233390077951e-18
2.223463218359190826e-18
1.647729185564549420e-17
2.223463382930647212e-18
2.223463334547428986e-18
2.223463233314922386e-18
2.223463225563598628e-18
9.442201995994342567e-18
2.223463382912671738e-18
2.223463334673088211e-18
2.223463233249515109e-18
2.223463229605001609e-18
5.619229918384453932e-18
2.223463382942304096e-18
2.223463334628991734e-18
2.223463233243179185e-18
2.223463231585349474e-18
3.713648824284824049e-18
2.223463382822740054e-18
2.223463334730978969e-18
2.223463233112941254e-18
2.223463232575272843e-18
2.835296175413098707e-18
2.223463382807671193e-18
2.223463334399494841e-18
2.223463233290639491e-18
2.223463233132162805e-18
2.459018710160409487e-18
2.223463382947161676e-18
2.223463334707637854e-18
2.223463233271060102e-18
2.223463233278631318e-18
2.308664434657675822e-18
2.223463382995380799e-18
2.223463334685762756e-18
2.223463233101518178e-18
2.223463233080283260e-18
2.252466361851098298e-18
2.223463382772092333e-18
2.223463334728631261e-18
2.223463233275919994e-18
2.223463233410140748e-18
2.232768989779814599e-18
2.223463382877259279e-18
2.223463334605190322e-18
2.223463233152521040e-18
2.223463233516987104e-18
2.226280646999079112e-18
2.223463382769909099e-18
2.223463334581731725e-18
2.223463232922778013e-18
2.223463233371604431e-18
2.224269078637047266e-18
2.223463382695745774e-18
2.223463334739616765e-18
2.223463233302768998e-18
2.223463233223833604e-18
2.223681515215464918e-18
2.223463382712901958e-18
2.223463334672174935e-18
2.223463233222869483e-18
2.223463233159427810e-18
2.223519428785145238e-18
2.223463382809315937e-18
2.223463334479703275e-18
2.223463233154984690e-18
2.223463233449399289e-18
2.223477037073931309e-18
2.223463382925016178e-18
2.223463334319337251e-18
2.223463233100127272e-18
2.223463233271877852e-18
2.223466527908275977e-18
2.223463382788640694e-18
2.223463334596468940e-18
2.223463233180945840e-18
2.223463233291399849e-18
2.223464073317727856e-18
2.223463382816350203e-18
2.223463334672170313e-18
2.223463233241345314e-18
2.223463233191800767e-18
2.223463531188066419e-18
2.223463383024961542e-18
2.223463334532575444e-18
2.223463233227924279e-18
2.223463233271406770e-18
2.223463415159283317e-18
2.223463382958441848e-18
2.223463334519253016e-18
2.223463233275945416e-18
2.223463233121067908e-18
2.223463391022245043e-18
2.223463382899464480e-18
2.223463334736736344e-18
2.223463233414939010e-18
2.223463233220106929e-18
2.223463386516209538e-18
2.223463383008469804e-18
2.223463334729808389e-18
2.223463233239240273e-18
2.223463233395884629e-18
2.223463385595967855e-18
2.223463383008173981e-18
2.223463334599475702e-18
2.223463233243754268e-18
2.223463233413616281e-18
2.223463385728703332e-18
2.223463382682616324e-18
2.223463334362975357e-18
2.223463233243182266e-18
2.223463233338060509e-18
2.223463385569879593e-18
2.223463383037161153e-18
2.223463334638132198e-18
2.223463233242992755e-18
2.223463233280508715e-18
2.223463385259676220e-18
2.223463383050175432e-18
2.223463334622938536e-18
2.223463233314966683e-18
2.223463233076764971e-18
2.223463385615689763e-18
2.223463382869605633e-18
2.223463334610687696e-18
2.223463232943635449e-18
2.223463233248395759e-18
2.223463385535940470e-18
2.223463382951152588e-18
2.223463334356356321e-18
2.223463233237952211e-18
2.223463233255825226e-18
2.223463385482128832e-18
