-4.782609178555055446e-14
9.227794371521005878e-13
-3.303809616748930764e-12
6.961010077192105046e-13
6.767313268871287012e-13
-3.498125037877679967e-12
6.703267070506995736e-13
6.700461923350346401e-13
-5.776925911118845632e-12
1.889444151898406211e-12
-5.790972224344338987e-12
5.799221506680238187e-13
6.922509741272651427e-13
-3.203506671255838495e-12
8.712498399083408523e-13
-3.503683345440137880e-14
3.006365985223772449e-10
7.524405462799607656e-13
7.524189206237610080e-13
7.524242161163610852e-13
7.524442139322471566e-13
1.743291388574881825e-09
7.524405462799956017e-13
7.524189206237610080e-13
7.524242161163610852e-13
7.524420550416564881e-13
1.467227434462098464e-05
7.523873222969198261e-13
7.524189206237610080e-13
7.524242161163610852e-13
7.524420550416062029e-13
8.292986359557798383e-10
1.831948264219175046e-10
7.524189206237556564e-13
7.524242161163610852e-13
7.524420550416062029e-13
1.906320306846159442e-10
9.963532777818280322e-10
7.524189206237777697e-13
7.524242161163610852e-13
7.524420550416062029e-13
7.523878551007805291e-13
1.411807564915659400e-05
7.523637779831487204e-13
7.524242161163652252e-13
7.524420550416062029e-13
7.524429975253151058e-13
8.194202852924966245e-10
1.804855271475127711e-10
7.524242147146084195e-13
7.524420550416062029e-13
7.524429975252883476e-13
1.943100607809282219e-10
1.028320485589254115e-09
7.524376955301581643e-13
7.524420550416062029e-13
7.524429975252996567e-13
7.523735913195086040e-13
1.536556456170587616e-05
3.735222993609662992e-10
7.524420550416101409e-13
7.524429975252996567e-13
7.524405462800408381e-13
1.877227165798758506e-09
2.138224668013424020e-09
7.524420550416832462e-13
7.524429975252996567e-13
7.524405462799598568e-13
3.750946359975288057e-10
1.534679730315074585e-05
7.523753416628734780e-13
7.524429975252996567e-13
7.524405462799465282e-13
7.524311911733487884e-13
8.501391700326442143e-10
1.846385219333198672e-10
7.524429975252996567e-13
7.524405462799465282e-13
7.524189190035110877e-13
1.903126423569728694e-10
9.922269238634623657e-10
7.524429975252996567e-13
7.524405462799465282e-13
7.524189206237420249e-13
7.523726257883203447e-13
1.461523833217453197e-05
7.524429975253174282e-13
7.524405462799465282e-13
7.524189206237610080e-13
7.524242161163823908e-13
1.418252667103220776e-09
7.524453706309836128e-13
7.524405462799465282e-13
7.524189206237610080e-13
7.524242161163549258e-13
2.927614735181193071e-10
-4.039386011999358868e-13
3.967731667375635021e-12
-4.578590326084743135e-12
3.306039680573517654e-12
3.321656740861960428e-12
-5.073047707824150319e-12
3.203747059684592513e-12
3.248305449450094245e-12
-6.098703718024834203e-12
9.411362052998952165e-12
-6.129738485198146617e-12
2.611084069373587092e-12
3.437008365208128718e-12
-4.369305440118149707e-12
3.704142404891488304e-12
-3.859042922815365672e-13
3.006368841337850317e-10
1.371063277592341922e-12
1.371015819890984339e-12
1.371025681883552087e-12
1.371070234666669990e-12
1.743290617620354774e-09
1.371063277592387562e-12
1.371015819890984339e-12
1.371025681883552087e-12
1.371068803333954536e-12
1.467227434434856359e-05
1.371036822970088444e-12
1.371015819890984339e-12
1.371025681883552087e-12
1.371068803333935755e-12
8.292978577994360108e-10
1.831970837555122634e-10
1.371015819890983733e-12
1.371025681883552087e-12
1.371068803333935755e-12
1.906342533983253969e-10
9.963525657910865123e-10
1.371015819890993225e-12
1.371025681883552087e-12
1.371068803333935755e-12
1.371042056686355502e-12
1.411807564887965319e-05
1.370988369582017746e-12
1.371025681883564608e-12
1.371068803333935755e-12
1.371069506759708906e-12
8.194195226486217556e-10
1.804876671399927375e-10
1.371025676666032623e-12
1.371068803333935755e-12
1.371069506759690125e-12
1.943122678398169296e-10
1.028319753928155767e-09
1.371033676805900437e-12
1.371068803333935755e-12
1.371069506759701232e-12
1.371026872878505567e-12
1.536556456143419542e-05
3.735051823508392561e-10
1.371068803333934947e-12
1.371069506759701232e-12
1.371063277592425529e-12
1.877225518254401620e-09
2.138223169733165123e-09
1.371068803333962412e-12
1.371069506759701232e-12
1.371063277592345355e-12
3.750774804164495640e-10
1.534679730288557371e-05
1.371032494738066324e-12
1.371069506759701232e-12
1.371063277592336469e-12
1.371023430202571755e-12
8.501384702466106968e-10
1.846404308384527040e-10
1.371069506759701232e-12
1.371063277592336469e-12
1.371015814362092969e-12
1.903148827002042790e-10
9.922262036188502707e-10
1.371069506759701232e-12
1.371063277592336469e-12
1.371015819890978079e-12
1.371000305181412592e-12
1.461523833190097251e-05
1.371069506759717186e-12
1.371063277592336469e-12
1.371015819890984339e-12
1.371025681883570868e-12
1.418251861370078844e-09
1.371071086927050557e-12
1.371063277592336469e-12
1.371015819890984339e-12
1.371025681883548250e-12
2.927617775182144015e-10
