4.872557573972037971e-20
4.872555523116590565e-20
4.872471216283694959e-20
4.872512308721985161e-20
4.872954593627308452e-20
4.872575011262967067e-20
4.870445271691353294e-20
4.873223689924523275e-20
4.882633652837242376e-20
4.866702848419616445e-20
4.845408066560053377e-20
4.983601740400734104e-20
5.080478636696932700e-20
4.564856495045564309e-20
4.830816037572260591e-20
6.963745402917233697e-20
-4.093603253842255127e-21
7.109726956029746921e-20
1.271408334758577318e-19
4.869838690167991469e-20
1.064969701891907097e-20
3.159180459332065988e-18
1.059786575872971058e-20
4.862104070172674132e-20
1.271000890324431564e-19
7.111894897527768070e-20
-4.069907719198839797e-21
6.962744461589677061e-20
4.831683442389500812e-20
4.575212163357970918e-20
5.074533620780336645e-20
4.956362572915908790e-20
4.956368978429026329e-20
5.074455770404596030e-20
4.574796347519058784e-20
4.830921519122443264e-20
6.962160101815834857e-20
-4.096319921848613693e-21
7.109954078489582360e-20
1.271416763754922993e-19
4.870015199409582529e-20
1.065034448265349509e-20
3.159191996412707194e-18
1.059944484375512983e-20
4.862197238461849436e-20
1.270987288286516944e-19
7.111686160988316417e-20
-4.065712526927642464e-21
6.964037925564646637e-20
4.829667712100827633e-20
4.565783091275250774e-20
5.090316100180787191e-20
4.977726688863144589e-20
4.818074292246054155e-20
4.977724497368886841e-20
5.090234217728201824e-20
4.565373388424706750e-20
4.828905192636019726e-20
6.963432690106487226e-20
-4.091786229887653728e-21
7.109792513888833498e-20
1.271405159086768098e-19
4.869931463723654642e-20
1.065066240777717145e-20
3.159191804189074149e-18
1.059905869030402914e-20
4.862273202399208711e-20
1.270998960344048021e-19
7.111849383419204719e-20
-4.070239919909026653e-21
6.962764799267664679e-20
4.831684647769672973e-20
4.575207399899660923e-20
5.074534208831520699e-20
4.956365098625255453e-20
4.956361251320000811e-20
5.074448247070262634e-20
4.574863536873759113e-20
4.830961905075769428e-20
6.961760711906790312e-20
-4.092988057564292953e-21
7.110021812521590642e-20
1.271416175465258616e-19
4.869771147804855049e-20
1.065064402136773116e-20
3.159183201807619286e-18
1.059918114641180611e-20
4.862036157179122492e-20
1.270998513256451097e-19
7.111915337111340907e-20
-4.066897095178469301e-21
6.962364740863849021e-20
4.831724869300727041e-20
4.575274084382088528e-20
5.074529133163068489e-20
4.956360226426052505e-20
4.956340628430691432e-20
5.074430329340147165e-20
4.575013980938018167e-20
4.831019040365044729e-20
6.960872770049087383e-20
-4.082605740750179544e-21
7.109971664337433086e-20
1.271374992375316733e-19
4.869462784055319997e-20
1.065185849980344206e-20
3.158994637489196576e-18
1.060143637087302417e-20
4.861717711976488276e-20
1.270946537641776081e-19
7.111593415715312441e-20
-4.054165821392662510e-21
6.963085339463267468e-20
4.831677740809487125e-20
4.565478983478178609e-20
5.080531890100692829e-20
4.983576901286603572e-20
4.845422856459886920e-20
4.866708035134944336e-20
4.882630398300257511e-20
4.873223085795375719e-20
4.870445911359553705e-20
4.872575039638705254e-20
4.872954470237812203e-20
4.872512313839019125e-20
4.872471237835794141e-20
4.872555520417065720e-20
4.872557571380741963e-20
1.724817814069862910e-17
1.724817812440538811e-17
1.724817812670521655e-17
1.724817811945775728e-17
1.724817814294484273e-17
1.724817814069862910e-17
1.724817812440538811e-17
1.724817812670521655e-17
1.724817811945775728e-17
1.724817814294484273e-17
1.724817814161678924e-17
1.724817812440538811e-17
1.724817812670521655e-17
1.724817811945775728e-17
1.724817814294484273e-17
1.724817814161326709e-17
1.724817812440538811e-17
1.724817812670521655e-17
1.724817811945775728e-17
1.724817814294484273e-17
1.724817813890710441e-17
1.724817812440538811e-17
1.724817812670521655e-17
1.724817811945775728e-17
1.724817814294484273e-17
1.724817814068108927e-17
1.724817812440538811e-17
1.724817812670521655e-17
1.724817811945775728e-17
1.724817814294484273e-17
1.724817813680489487e-17
1.724817812440538811e-17
1.724817812670521655e-17
1.724817811945775728e-17
1.724817814294484273e-17
1.724817813117729676e-17
1.724817812440538811e-17
1.724817812670521655e-17
1.724817811945775728e-17
1.724817814294484273e-17
1.724817807573963134e-17
1.724817812885031116e-17
1.724817812670521655e-17
1.724817811945775728e-17
1.724817814294484273e-17
1.724817755009132841e-17
1.724817812224025150e-17
1.724817812670521655e-17
1.724817811945775728e-17
1.724817814294484273e-17
1.724817363149637393e-17
1.724817812360215514e-17
1.724817812670521655e-17
1.724817811945775728e-17
1.724817814294484273e-17
1.724815105521705983e-17
1.724817811292674703e-17
1.724817812670521655e-17
1.724817811945775728e-17
1.724817814294484273e-17
1.724805066904893248e-17
1.724817812275464736e-17
1.724817812670521655e-17
1.724817811945775728e-17
1.724817814294484273e-17
1.577381357296908864e-17
1.724817811944023594e-17
1.724817812670521655e-17
1.724817811945775728e-17
1.724817814294484273e-17
1.411126449806545361e-17
1.724817811663695709e-17
1.724817812670521655e-17
1.724817811945775728e-17
1.724817814294484273e-17
1.220417575558328249e-17
1.724817811961973261e-17
1.724817812670521655e-17
1.724817811945775728e-17
1.724817814294484273e-17
9.969404526928161822e-18
1.724817811651622439e-17
1.724817812670521655e-17
1.724817811945775728e-17
1.724817814294484273e-17
9.969626454883023240e-18
1.724817811516152527e-17
1.724817812670521655e-17
1.724817811945775728e-17
1.724817814294484273e-17
1.787544538176558432e-17
1.724817812033905050e-17
1.724817812670521655e-17
1.724817811945775728e-17
1.724817814294484273e-17
2.966205926290818698e-17
1.724817812398649681e-17
1.724817812670521655e-17
1.724817811945775728e-17
1.724817814294484273e-17
3.270425318057912919e-13
1.724815628484090065e-17
1.724817811691539417e-17
1.724817811945775728e-17
1.724817814294484273e-17
3.887676112930032859e-10
1.717201314367342379e-17
1.724817811555492650e-17
1.724817811945775728e-17
1.724817814294484273e-17
3.270567055121987556e-13
1.724815628725881479e-17
1.724817811691539417e-17
1.724817811945775728e-17
1.724817814294484273e-17
2.966205929959050257e-17
1.724817811735559088e-17
1.724817812670521655e-17
1.724817811945775728e-17
1.724817814294484273e-17
1.787544539889465425e-17
1.724817812077892365e-17
1.724817812670521655e-17
1.724817811945775728e-17
1.724817814294484273e-17
9.969626458720070416e-18
1.724817811807119557e-17
1.724817812670521655e-17
1.724817811945775728e-17
1.724817814294484273e-17
9.969404522631348945e-18
1.724817811893618772e-17
1.724817812670521655e-17
1.724817811945775728e-17
1.724817814294484273e-17
1.220417575839927094e-17
1.724817811928902733e-17
1.724817812670521655e-17
1.724817811945775728e-17
1.724817814294484273e-17
1.411126449975913489e-17
1.724817811612562423e-17
1.724817812670521655e-17
1.724817811945775728e-17
1.724817814294484273e-17
1.577381358960667974e-17
1.724817805346842706e-17
1.724817812670521655e-17
1.724817811945775728e-17
1.724817814294484273e-17
1.724805066981641094e-17
1.724817753136301247e-17
1.724817812670521655e-17
1.724817811945775728e-17
1.724817814294484273e-17
1.724815104985296591e-17
1.724817362023043564e-17
1.724817812176469164e-17
1.724817811945775728e-17
1.724817814294484273e-17
1.724817363868441903e-17
1.724815103196271300e-17
1.724817811819842405e-17
1.724817811945775728e-17
1.724817814294484273e-17
1.724817755157410033e-17
1.724805064911571471e-17
1.724817812976824327e-17
1.724817811945775728e-17
1.724817814294484273e-17
1.724817807497835899e-17
1.577381356216758297e-17
1.724817812081585837e-17
1.724817811945775728e-17
1.724817814294484273e-17
1.724817812969396092e-17
1.411126448895530577e-17
1.724817811740381309e-17
1.724817811945775728e-17
1.724817814294484273e-17
1.724817813108159499e-17
1.220417573500243149e-17
1.724817812180531181e-17
1.724817811945775728e-17
1.724817814294484273e-17
1.724817813517446729e-17
9.969404506552913857e-18
1.724817812004384088e-17
1.724817811945775728e-17
1.724817814294484273e-17
1.724817812808891556e-17
9.969626436851742951e-18
1.724817812984619567e-17
1.724817811945775728e-17
1.724817814294484273e-17
1.724817813786646437e-17
1.787544536560819997e-17
1.724817812437991037e-17
1.724817811945775728e-17
1.724817814294484273e-17
1.724817813801386118e-17
2.966205925461960079e-17
1.724817812615760534e-17
1.724817811945775728e-17
1.724817814294484273e-17
1.724815629777484219e-17
3.270458218886637436e-13
1.724817730117991768e-17
1.724817811999917471e-17
1.724817814294484273e-17
1.717201255299300248e-17
3.887703699060353189e-10
1.724531784593976918e-17
1.724817812839199838e-17
1.724817814294484273e-17
1.724815629603931122e-17
3.270450607318274590e-13
1.724817730067771218e-17
1.724817811999917471e-17
1.724817814294484273e-17
1.724817813316583637e-17
2.966205927829864137e-17
1.724817811556519402e-17
1.724817811945775728e-17
1.724817814294484273e-17
1.724817813488289690e-17
1.787544537035397177e-17
1.724817811912810279e-17
1.724817811945775728e-17
1.724817814294484273e-17
1.724817814028807938e-17
9.969626431897074005e-18
1.724817811680683643e-17
1.724817811945775728e-17
1.724817814294484273e-17
1.724817813935525444e-17
9.969404497874195897e-18
1.724817812171185644e-17
1.724817811945775728e-17
1.724817814294484273e-17
1.724817814071707797e-17
1.220417573748202007e-17
1.724817811944740040e-17
1.724817811945775728e-17
1.724817814294484273e-17
1.724817813595474317e-17
1.411126447688816214e-17
1.724817812306822265e-17
1.724817811945775728e-17
1.724817814294484273e-17
1.724817814183838211e-17
1.577381355606884076e-17
1.724817810944815086e-17
1.724817811945775728e-17
1.724817814294484273e-17
1.724817814075471526e-17
1.724805065227276071e-17
1.724817805329532448e-17
1.724817812481049900e-17
1.724817814294484273e-17
1.724817813808069558e-17
1.724815102793926354e-17
1.724817752948280256e-17
1.724817812266265878e-17
1.724817814294484273e-17
1.724817813896244793e-17
1.724817362600477729e-17
1.724817362375764537e-17
1.724817812130158714e-17
1.724817814294484273e-17
1.724817813895835880e-17
1.724817752990237796e-17
1.724815103014147661e-17
1.724817812124585227e-17
1.724817814294484273e-17
1.724817814069862910e-17
1.724817805456696826e-17
1.724805065176640445e-17
1.724817812927468751e-17
1.724817814294484273e-17
1.724817814069862910e-17
1.724817812188281431e-17
1.577381355714645249e-17
1.724817812156005927e-17
1.724817814294484273e-17
1.724817814069862910e-17
1.724817812003690753e-17
1.411126448219270014e-17
1.724817812103064424e-17
1.724817814294484273e-17
1.724817814069862910e-17
1.724817811239110740e-17
1.220417573710733425e-17
1.724817812089521593e-17
1.724817814294484273e-17
1.724817814069862910e-17
1.724817811691602588e-17
9.969404500251391257e-18
1.724817812664224018e-17
1.724817814294484273e-17
1.724817814069862910e-17
1.724817812085303960e-17
9.969626431617929719e-18
1.724817812169793736e-17
1.724817814294484273e-17
1.724817814069862910e-17
1.724817812001498890e-17
1.787544535826946086e-17
1.724817811546574208e-17
1.724817814294484273e-17
1.724817814069862910e-17
1.724817812045396226e-17
2.966205925290111662e-17
1.724817811331573558e-17
1.724817814294484273e-17
1.724817813713743980e-17
1.724817729276742486e-17
3.270458325842726926e-13
1.724815628542326797e-17
1.724817814208044223e-17
1.724817814071106906e-17
1.724531785125527727e-17
3.887703169213649936e-10
1.717201255099342189e-17
1.724817814964633322e-17
1.724817813713743980e-17
1.724817730299008844e-17
3.270450868660784411e-13
1.724815628509994901e-17
1.724817814208044223e-17
1.724817814069862910e-17
1.724817812177611471e-17
2.966205927358773661e-17
1.724817811768415453e-17
1.724817814294484273e-17
1.724817814069862910e-17
1.724817812181493530e-17
1.787544536870547434e-17
1.724817811401658919e-17
1.724817814294484273e-17
1.724817814069862910e-17
1.724817812010577570e-17
9.969626433764994940e-18
1.724817811620076015e-17
1.724817814294484273e-17
1.724817814069862910e-17
1.724817811917796434e-17
9.969404502911414822e-18
1.724817812149585955e-17
1.724817814294484273e-17
1.724817814069862910e-17
1.724817812449883423e-17
1.220417573822118428e-17
1.724817811658035015e-17
1.724817814294484273e-17
1.724817814069862910e-17
1.724817811739932952e-17
1.411126449154092990e-17
1.724817810892458141e-17
1.724817814294484273e-17
1.724817814069862910e-17
1.724817812845956001e-17
1.577381356397021642e-17
1.724817805379600772e-17
1.724817813938194013e-17
1.724817814069862910e-17
1.724817812529725083e-17
1.724805064467028013e-17
1.724817752332932389e-17
1.724817814070215740e-17
1.724817814069862910e-17
1.724817812446421063e-17
1.724815103406092893e-17
1.724817361659525674e-17
1.724817814116372423e-17
1.724817814069862910e-17
1.724817812003673805e-17
1.724817361971814136e-17
1.724815102920297249e-17
1.724817814152786058e-17
1.724817814069862910e-17
1.724817812308496129e-17
1.724817753122254593e-17
1.724805064551419490e-17
1.724817814069115957e-17
1.724817814069862910e-17
1.724817812308496129e-17
1.724817805289087919e-17
1.577381357108811453e-17
1.724817813346437092e-17
1.724817814069862910e-17
1.724817812440538811e-17
1.724817811247918865e-17
1.411126447684685787e-17
1.724817814569305232e-17
1.724817814069862910e-17
1.724817812440538811e-17
1.724817811388059388e-17
1.220417573018924444e-17
1.724817814337445761e-17
1.724817814069862910e-17
1.724817812440538811e-17
1.724817811891791758e-17
9.969404502701063213e-18
1.724817814562494835e-17
1.724817814069862910e-17
1.724817812440538811e-17
1.724817811003601555e-17
9.969626423263647755e-18
1.724817813720080135e-17
1.724817814069862910e-17
1.724817812440538811e-17
1.724817812339791413e-17
1.787544535476762102e-17
1.724817813965926788e-17
1.724817814069862910e-17
1.724817812440538811e-17
1.724817811642198016e-17
2.966205924293128296e-17
1.724817814555151958e-17
1.724817814069862910e-17
1.724817812446348340e-17
1.724815627640968164e-17
3.271081042366433220e-13
1.724815629885906987e-17
1.724817814069862910e-17
1.724817812315025494e-17
1.717201276005760092e-17
3.887692709281627675e-10
1.717201279004775677e-17
1.724817814069862910e-17
1.724817812446348340e-17
1.724815627567665113e-17
3.271170683589466271e-13
1.724815630611317899e-17
1.724817814069862910e-17
1.724817812440538811e-17
1.724817811468211354e-17
2.966205927622419604e-17
1.724817814860875618e-17
1.724817814069862910e-17
1.724817812440538811e-17
1.724817811724127076e-17
1.787544536761104385e-17
1.724817814143470411e-17
1.724817814069862910e-17
1.724817812440538811e-17
1.724817812399748847e-17
9.969626435264379165e-18
1.724817813738397116e-17
1.724817814069862910e-17
1.724817812440538811e-17
1.724817811871113125e-17
9.969404500375351812e-18
1.724817814312976899e-17
1.724817814069862910e-17
1.724817812440538811e-17
1.724817812803783990e-17
1.220417573286365393e-17
1.724817813550030998e-17
1.724817814069862910e-17
1.724817812440538811e-17
1.724817812061190393e-17
1.411126447998199141e-17
1.724817813231614998e-17
1.724817814069862910e-17
1.724817812440538811e-17
1.724817811405116348e-17
1.577381356181991717e-17
1.724817807672996609e-17
1.724817814069862910e-17
1.724817812440538811e-17
1.724817812443725994e-17
1.724805065125959830e-17
1.724817755381515247e-17
1.724817814069862910e-17
1.724817812440538811e-17
1.724817811381998718e-17
1.724815102960263222e-17
1.724817363870379851e-17
1.724817814069862910e-17
1.724817812440538811e-17
1.724817811648432791e-17
1.724817362548577769e-17
1.724815104769470103e-17
1.724817814069862910e-17
1.724817812440538811e-17
1.724817812351721393e-17
1.724817752635788108e-17
1.724805067150683201e-17
1.724817814069862910e-17
1.724817812440538811e-17
1.724817812670521655e-17
1.724817805825736742e-17
1.577381359037541237e-17
1.724817814069862910e-17
1.724817812440538811e-17
1.724817812670521655e-17
1.724817811241243129e-17
1.411126450936285698e-17
1.724817814069862910e-17
1.724817812440538811e-17
1.724817812670521655e-17
1.724817811036200616e-17
1.220417575764832620e-17
1.724817814069862910e-17
1.724817812440538811e-17
1.724817812670521655e-17
1.724817811708419808e-17
9.969404536387232699e-18
1.724817814069862910e-17
1.724817812440538811e-17
1.724817812670521655e-17
1.724817810913173135e-17
9.969626466150875135e-18
1.724817814069862910e-17
1.724817812440538811e-17
1.724817812670521655e-17
1.724817812242092222e-17
1.787544537894438353e-17
1.724817814069862910e-17
1.724817812440538811e-17
1.724817812670521655e-17
1.724817812080764312e-17
2.966205927731043285e-17
1.724817814069862910e-17
1.724817812440538811e-17
1.724817811556189066e-17
1.724815626878232421e-17
3.272712236247848457e-13
1.724817814069862910e-17
1.724817812440538811e-17
1.724817812716781876e-17
1.717201730905084755e-17
3.887465461883194391e-10
1.724817814069862910e-17
1.724817812440538811e-17
1.724817811556189066e-17
1.724815627149202752e-17
3.272439861480014674e-13
1.724817814069862910e-17
1.724817812440538811e-17
1.724817812670521655e-17
1.724817811948804523e-17
2.966205930980265828e-17
1.724817814069862910e-17
1.724817812440538811e-17
1.724817812670521655e-17
1.724817811368643549e-17
1.787544540498064526e-17
1.724817814069862910e-17
1.724817812440538811e-17
1.724817811905882169e-17
1.724817812082580233e-17
9.969626456974586241e-18
1.724817814069862910e-17
1.724817812440538811e-17
1.724817811905882169e-17
1.724817812038440076e-17
9.969404536629559368e-18
1.724817814069862910e-17
1.724817812440538811e-17
1.724817811905882169e-17
1.724817811872664654e-17
1.220417576128472846e-17
1.724817814069862910e-17
1.724817812440538811e-17
1.724817811905882169e-17
1.724817811962829299e-17
1.411126450080598413e-17
1.724817814069862910e-17
1.724817812440538811e-17
1.724817812670521655e-17
1.724817812063013709e-17
1.577381358353901126e-17
1.724817814069862910e-17
1.724817812440538811e-17
1.724817812670521655e-17
1.724817811734514156e-17
1.724805067522425274e-17
1.724817814069862910e-17
1.724817812440538811e-17
1.724817812670521655e-17
1.724817811945601008e-17
1.724815104820934957e-17
1.724817814069862910e-17
1.724817812440538811e-17
1.724817812670521655e-17
1.724817811734503370e-17
1.724817364035890573e-17
1.724817814069862910e-17
1.724817812440538811e-17
1.724817812670521655e-17
1.724817811999923942e-17
1.724817755577542252e-17
1.724817814069862910e-17
1.724817812440538811e-17
1.724817812670521655e-17
1.724817811768526078e-17
1.724817808197100078e-17
1.724817814069862910e-17
1.724817812440538811e-17
1.724817812670521655e-17
1.724817811945775728e-17
1.724817813999673086e-17
1.724817814069862910e-17
1.724817812440538811e-17
1.724817812670521655e-17
1.724817811945775728e-17
1.724817813819713576e-17
1.724817814069862910e-17
1.724817812440538811e-17
1.724817812670521655e-17
1.724817811945775728e-17
1.724817814599840004e-17
1.724817814069862910e-17
1.724817812440538811e-17
1.724817812670521655e-17
1.724817811945775728e-17
1.724817814383456382e-17
1.724817814069862910e-17
1.724817812440538811e-17
1.724817812670521655e-17
1.724817811945775728e-17
1.724817814334590763e-17
1.724817814069862910e-17
1.724817812440538811e-17
1.724817812670521655e-17
1.724817811945775728e-17
1.724817814472493510e-17
1.724817814069862910e-17
1.724817812440538811e-17
1.724817812670521655e-17
1.724817811945775728e-17
1.724817814294484273e-17
1.724817814069862910e-17
1.724817812440538811e-17
1.724817812670521655e-17
1.724817811945775728e-17
1.724817814294484273e-17
6.385369392542999374e-20
6.385400353882278493e-20
6.385169889381602742e-20
6.385086639768803355e-20
6.386389539410827621e-20
6.386507666541766418e-20
6.379420462500392959e-20
6.380150893320377211e-20
6.418171850591669670e-20
6.420548998377509178e-20
6.299490876040245316e-20
6.563584725463167036e-20
7.857121893138839218e-20
8.281212800275064193e-20
4.941840765112300499e-20
3.052891856235809060e-21
-1.323080000404233968e-19
2.206688070040879922e-19
5.056308155262717011e-19
-9.751908700443722501e-20
-1.575495969575454063e-19
1.961394614332177686e-18
-1.578597551196409977e-19
-9.803862680281287159e-20
5.053081416211795772e-19
2.207678491939718761e-19
-1.320587664591935728e-19
3.158916078255958737e-21
4.941926964042726382e-20
8.316365985528898173e-20
7.892030229368662224e-20
6.477490944247804336e-20
6.477416458934812162e-20
7.891660824182222972e-20
8.314413803094792502e-20
4.934938973618486321e-20
2.998226946901981310e-21
-1.323025159861667638e-19
2.206786488830522123e-19
5.056305066711430957e-19
-9.751198967163665516e-20
-1.575431210434196848e-19
1.961364993852983552e-18
-1.578534359194411494e-19
-9.802753971566373765e-20
5.053067900113968152e-19
2.207545619727497120e-19
-1.320597074458190955e-19
3.220046160225471069e-21
4.943246043657823891e-20
8.277487342796359925e-20
7.889717623917810582e-20
6.598826911996857856e-20
6.213213702729949758e-20
6.598693043868095397e-20
7.889342502013208835e-20
8.275552817407627979e-20
4.936252374803573076e-20
3.058958465473352407e-21
-1.323020432294210733e-19
2.206676427447646711e-19
5.056293348453566909e-19
-9.751083434336077337e-20
-1.575433358328189883e-19
1.961365758431173159e-18
-1.578536363822807623e-19
-9.802916558162473544e-20
5.053079911722941835e-19
2.207656661175093626e-19
-1.320601413678175886e-19
3.159303930184703338e-21
4.941933012560167705e-20
8.316355939856263574e-20
7.892033008142362833e-20
6.477496331825991005e-20
6.477406131522915083e-20
7.891655033136483633e-20
8.314509715724903423e-20
4.934963720923617655e-20
2.992222323201053784e-21
-1.322961139998054948e-19
2.206779565291008794e-19
5.056289623781965513e-19
-9.751330081169159725e-20
-1.575385667819408019e-19
1.961354920082092733e-18
-1.578490689994861387e-19
-9.803011848337682655e-20
5.053064919019534085e-19
2.207648971900257698e-19
-1.320537345809334866e-19
3.153286543590013946e-21
4.941957480444046719e-20
8.316450981871050360e-20
7.892029524614533233e-20
6.477487766682247943e-20
6.477368547480213590e-20
7.891588665383537302e-20
8.314640304752000688e-20
4.935023935290607372e-20
2.982373290068230067e-21
-1.322707988964798702e-19
2.206671069591079002e-19
5.056030142935281954e-19
-9.750421207649938810e-20
-1.575215558387922867e-19
1.961217870303018121e-18
-1.578317663937913535e-19
-9.801865393333031832e-20
5.052805787583929945e-19
2.207420252837824293e-19
-1.320353679196083076e-19
3.198529424189117372e-21
4.948926364970636315e-20
8.283364155915011099e-20
7.857417783534567869e-20
6.563668378370932900e-20
6.299546631963569091e-20
6.420546570680772853e-20
6.418161910103825373e-20
6.380151523564524533e-20
6.379422103024024807e-20
6.386507380954749892e-20
6.386389235908502603e-20
6.385086709503179319e-20
6.385169943288869386e-20
6.385400331983815857e-20
6.385369376932035969e-20
1.961707302992084035e-17
1.961707278338042811e-17
1.961707277882619544e-17
1.961707280803692281e-17
1.961707337358929549e-17
1.961707302992084035e-17
1.961707278338042811e-17
1.961707277882619544e-17
1.961707280803692281e-17
1.961707337358929549e-17
1.961707303037993583e-17
1.961707278338042811e-17
1.961707277882619544e-17
1.961707280803692281e-17
1.961707337358929549e-17
1.961707303032519320e-17
1.961707278338042811e-17
1.961707277882619544e-17
1.961707280803692281e-17
1.961707337358929549e-17
1.961707302902552637e-17
1.961707278338042811e-17
1.961707277882619544e-17
1.961707280803692281e-17
1.961707337358929549e-17
1.961707302990639434e-17
1.961707278338042811e-17
1.961707277882619544e-17
1.961707280803692281e-17
1.961707337358929549e-17
1.961707302776464006e-17
1.961707278338042811e-17
1.961707277882619544e-17
1.961707280803692281e-17
1.961707337358929549e-17
1.961707302289299873e-17
1.961707278338042811e-17
1.961707277882619544e-17
1.961707280803692281e-17
1.961707337358929549e-17
1.961707297023102052e-17
1.961707278549239364e-17
1.961707277882619544e-17
1.961707280803692281e-17
1.961707337358929549e-17
1.961707247397522810e-17
1.961707277680257924e-17
1.961707277882619544e-17
1.961707280803692281e-17
1.961707337358929549e-17
1.961706878578690264e-17
1.961707278292444185e-17
1.961707277882619544e-17
1.961707280803692281e-17
1.961707337358929549e-17
1.961704750868122668e-17
1.961707277758589963e-17
1.961707277882619544e-17
1.961707280803692281e-17
1.961707337358929549e-17
1.961695294359544024e-17
1.961707278250209004e-17
1.961707277882619544e-17
1.961707280803692281e-17
1.961707337358929549e-17
1.822669812267211673e-17
1.961707278095048692e-17
1.961707277882619544e-17
1.961707280803692281e-17
1.961707337358929549e-17
1.666340038755156111e-17
1.961707277417635036e-17
1.961707277882619544e-17
1.961707280803692281e-17
1.961707337358929549e-17
1.487656903886706700e-17
1.961707277587434572e-17
1.961707277882619544e-17
1.961707280803692281e-17
1.961707337358929549e-17
1.279226707012743110e-17
1.961707277445835580e-17
1.961707277882619544e-17
1.961707280803692281e-17
1.961707337358929549e-17
1.279247122378376174e-17
1.961707277927729445e-17
1.961707277882619544e-17
1.961707280803692281e-17
1.961707337358929549e-17
2.021094767737867325e-17
1.961707277580034071e-17
1.961707277882619544e-17
1.961707280803692281e-17
1.961707337358929549e-17
3.145197543475384831e-17
1.961707277683912261e-17
1.961707277882619544e-17
1.961707280803692281e-17
1.961707337358929549e-17
3.270424982586919821e-13
1.961705177787167013e-17
1.961707277392624755e-17
1.961707280803692281e-17
1.961707337358929549e-17
3.887676107554212942e-10
1.957899214072691644e-17
1.961707277874074269e-17
1.961707280803692281e-17
1.961707337358929549e-17
3.270566719644795652e-13
1.961705177856061687e-17
1.961707277392624755e-17
1.961707280803692281e-17
1.961707337358929549e-17
3.145197545639196397e-17
1.961707277902176515e-17
1.961707277882619544e-17
1.961707280803692281e-17
1.961707337358929549e-17
2.021094768523768153e-17
1.961707278144330928e-17
1.961707277882619544e-17
1.961707280803692281e-17
1.961707337358929549e-17
1.279247122706714566e-17
1.961707277886822693e-17
1.961707277882619544e-17
1.961707280803692281e-17
1.961707337358929549e-17
1.279226705771511459e-17
1.961707277929154325e-17
1.961707277882619544e-17
1.961707280803692281e-17
1.961707337358929549e-17
1.487656903893446530e-17
1.961707277924372164e-17
1.961707277882619544e-17
1.961707280803692281e-17
1.961707337358929549e-17
1.666340039114375018e-17
1.961707277547558578e-17
1.961707277882619544e-17
1.961707280803692281e-17
1.961707337358929549e-17
1.822669813508978886e-17
1.961707271916577300e-17
1.961707277882619544e-17
1.961707280803692281e-17
1.961707337358929549e-17
1.961695294228843022e-17
1.961707222615699678e-17
1.961707277882619544e-17
1.961707280803692281e-17
1.961707337358929549e-17
1.961704750543573582e-17
1.961706853665978467e-17
1.961707278190406260e-17
1.961707280803692281e-17
1.961707337358929549e-17
1.961706878983366972e-17
1.961704725808832811e-17
1.961707278006080897e-17
1.961707280803692281e-17
1.961707337358929549e-17
1.961707246916199637e-17
1.961695269347249015e-17
1.961707278585238847e-17
1.961707280803692281e-17
1.961707337358929549e-17
1.961707296831331199e-17
1.822669787708692568e-17
1.961707278143632663e-17
1.961707280803692281e-17
1.961707337358929549e-17
1.961707302070406687e-17
1.666340014751583397e-17
1.961707277967576782e-17
1.961707280803692281e-17
1.961707337358929549e-17
1.961707302357680863e-17
1.487656878417825470e-17
1.961707278188629166e-17
1.961707280803692281e-17
1.961707337358929549e-17
1.961707302585701416e-17
1.279226681516992538e-17
1.961707278106574997e-17
1.961707280803692281e-17
1.961707337358929549e-17
1.961707302226693899e-17
1.279247097661101431e-17
1.961707278591267161e-17
1.961707280803692281e-17
1.961707337358929549e-17
1.961707302842964056e-17
2.021094743668035225e-17
1.961707278315042893e-17
1.961707280803692281e-17
1.961707337358929549e-17
1.961707302784549522e-17
3.145197520907928772e-17
1.961707278401546730e-17
1.961707280803692281e-17
1.961707337358929549e-17
1.961705202816877050e-17
3.270457883410216470e-13
1.961707199284082072e-17
1.961707281380348370e-17
1.961707337358929549e-17
1.957899213618414998e-17
3.887703693690886535e-10
1.961564299459395898e-17
1.961707281250397095e-17
1.961707337358929549e-17
1.961705202732991554e-17
3.270450271842652330e-13
1.961707198714955598e-17
1.961707281380348370e-17
1.961707337358929549e-17
1.961707301987602176e-17
3.145197522438388569e-17
1.961707277871975160e-17
1.961707280803692281e-17
1.961707337358929549e-17
1.961707302146463663e-17
2.021094742846591899e-17
1.961707278058143868e-17
1.961707280803692281e-17
1.961707337358929549e-17
1.961707303028453296e-17
1.279247096775687957e-17
1.961707277382877085e-17
1.961707280803692281e-17
1.961707337358929549e-17
1.961707302976104055e-17
1.279226681150821332e-17
1.961707278171905315e-17
1.961707280803692281e-17
1.961707337358929549e-17
1.961707303036507073e-17
1.487656878304490502e-17
1.961707277513509061e-17
1.961707280803692281e-17
1.961707337358929549e-17
1.961707302777579197e-17
1.666340013051252880e-17
1.961707278229439159e-17
1.961707280803692281e-17
1.961707337358929549e-17
1.961707303059771074e-17
1.822669787120385373e-17
1.961707277330802712e-17
1.961707280803692281e-17
1.961707337358929549e-17
1.961707302995002821e-17
1.961695269211579730e-17
1.961707272051785902e-17
1.961707281071220591e-17
1.961707337358929549e-17
1.961707302861320171e-17
1.961704725620681165e-17
1.961707222514129830e-17
1.961707281513421501e-17
1.961707337358929549e-17
1.961707302904782709e-17
1.961706853900146280e-17
1.961706854321353938e-17
1.961707280896069742e-17
1.961707337358929549e-17
1.961707302899819973e-17
1.961707222001193364e-17
1.961704726270784210e-17
1.961707280893301642e-17
1.961707337358929549e-17
1.961707302992084035e-17
1.961707271576356383e-17
1.961695269720503483e-17
1.961707281295125200e-17
1.961707337358929549e-17
1.961707302992084035e-17
1.961707277973409422e-17
1.822669787697650364e-17
1.961707280914442498e-17
1.961707337358929549e-17
1.961707302992084035e-17
1.961707277549509468e-17
1.666340013911099865e-17
1.961707280911335741e-17
1.961707337358929549e-17
1.961707302992084035e-17
1.961707277176810284e-17
1.487656878967684940e-17
1.961707281463866245e-17
1.961707337358929549e-17
1.961707302992084035e-17
1.961707277403874343e-17
1.279226681749840858e-17
1.961707281769674338e-17
1.961707337358929549e-17
1.961707302992084035e-17
1.961707278150231053e-17
1.279247097280670486e-17
1.961707280972858880e-17
1.961707337358929549e-17
1.961707302992084035e-17
1.961707278112705618e-17
2.021094742796707848e-17
1.961707281149034015e-17
1.961707337358929549e-17
1.961707302992084035e-17
1.961707277588261643e-17
3.145197520832494564e-17
1.961707280424368515e-17
1.961707337358929549e-17
1.961707302814168784e-17
1.961707198334821401e-17
3.270457990368649066e-13
1.961705181078238318e-17
1.961707337315521862e-17
1.961707302992507432e-17
1.961564299179052604e-17
3.887703163840257276e-10
1.957899192923777283e-17
1.961707337144035827e-17
1.961707302814168784e-17
1.961707199389753072e-17
3.270450533183035635e-13
1.961705181614224621e-17
1.961707337315521862e-17
1.961707302992084035e-17
1.961707278198467432e-17
3.145197522185365748e-17
1.961707280637309499e-17
1.961707337358929549e-17
1.961707302992084035e-17
1.961707278202752241e-17
2.021094743246712627e-17
1.961707280524478354e-17
1.961707337358929549e-17
1.961707302992084035e-17
1.961707278120099648e-17
1.279247097502708638e-17
1.961707281061456280e-17
1.961707337358929549e-17
1.961707302992084035e-17
1.961707278073481974e-17
1.279226680831137299e-17
1.961707281330710531e-17
1.961707337358929549e-17
1.961707302992084035e-17
1.961707278338809485e-17
1.487656878416575927e-17
1.961707281056897835e-17
1.961707337358929549e-17
1.961707302992084035e-17
1.961707277982613518e-17
1.666340014800631440e-17
1.961707280456043129e-17
1.961707337358929549e-17
1.961707302992084035e-17
1.961707277991566781e-17
1.822669788349373348e-17
1.961707274651761745e-17
1.961707337180836188e-17
1.961707302992084035e-17
1.961707278382549973e-17
1.961695269110723864e-17
1.961707225482176153e-17
1.961707336697284175e-17
1.961707302992084035e-17
1.961707278335331410e-17
1.961704726454039372e-17
1.961706856752052865e-17
1.961707337269559929e-17
1.961707302992084035e-17
1.961707278114068560e-17
1.961706854174121678e-17
1.961704728934165057e-17
1.961707336738841121e-17
1.961707302992084035e-17
1.961707277716942113e-17
1.961707222598380791e-17
1.961695272435025626e-17
1.961707336696319669e-17
1.961707302992084035e-17
1.961707277716942113e-17
1.961707271327571532e-17
1.822669791940660462e-17
1.961707336895489483e-17
1.961707302992084035e-17
1.961707278338042811e-17
1.961707277349210596e-17
1.666340017326761890e-17
1.961707336969917893e-17
1.961707302992084035e-17
1.961707278338042811e-17
1.961707277637432946e-17
1.487656881760340675e-17
1.961707336869260474e-17
1.961707302992084035e-17
1.961707278338042811e-17
1.961707277917713069e-17
1.279226684974442158e-17
1.961707337005771621e-17
1.961707302992084035e-17
1.961707278338042811e-17
1.961707277469209899e-17
1.279247100022000188e-17
1.961707337129001864e-17
1.961707302992084035e-17
1.961707278338042811e-17
1.961707278264312666e-17
2.021094745761747255e-17
1.961707336640502830e-17
1.961707302992084035e-17
1.961707278338042811e-17
1.961707277839115405e-17
3.145197521061410289e-17
1.961707337416335820e-17
1.961707302992084035e-17
1.961707278335551736e-17
1.961705177663251139e-17
3.271080706897431838e-13
1.961705236346123922e-17
1.961707302992084035e-17
1.961707277714796165e-17
1.957899198906319353e-17
3.887692703908853850e-10
1.957899258520586648e-17
1.961707302992084035e-17
1.961707278335551736e-17
1.961705177588165140e-17
3.271170348114971893e-13
1.961705236681070256e-17
1.961707302992084035e-17
1.961707278338042811e-17
1.961707277751959218e-17
3.145197523053608247e-17
1.961707337014464807e-17
1.961707302992084035e-17
1.961707278338042811e-17
1.961707277959114708e-17
2.021094746382823301e-17
1.961707336732373386e-17
1.961707302992084035e-17
1.961707278338042811e-17
1.961707278353162439e-17
1.279247100088540914e-17
1.961707336951668089e-17
1.961707302992084035e-17
1.961707278338042811e-17
1.961707278088999731e-17
1.279226684358321145e-17
1.961707336682720138e-17
1.961707302992084035e-17
1.961707278338042811e-17
1.961707278541983076e-17
1.487656881197227726e-17
1.961707336284607308e-17
1.961707302992084035e-17
1.961707278338042811e-17
1.961707278155684978e-17
1.666340016879112908e-17
1.961707335907270793e-17
1.961707302992084035e-17
1.961707278338042811e-17
1.961707277815192890e-17
1.822669791487510408e-17
1.961707330629041303e-17
1.961707302992084035e-17
1.961707278338042811e-17
1.961707278324093531e-17
1.961695272174088620e-17
1.961707281287947490e-17
1.961707302992084035e-17
1.961707278338042811e-17
1.961707277793114954e-17
1.961704729509383632e-17
1.961706912700107900e-17
1.961707302992084035e-17
1.961707278338042811e-17
1.961707277926281454e-17
1.961706857202546984e-17
1.961704784689633568e-17
1.961707302992084035e-17
1.961707278338042811e-17
1.961707278272954391e-17
1.961707225083816496e-17
1.961695328016209804e-17
1.961707302992084035e-17
1.961707278338042811e-17
1.961707277882619544e-17
1.961707274875120314e-17
1.822669847639414188e-17
1.961707302992084035e-17
1.961707278338042811e-17
1.961707277882619544e-17
1.961707280624324109e-17
1.666340073569209338e-17
1.961707302992084035e-17
1.961707278338042811e-17
1.961707277882619544e-17
1.961707280745267271e-17
1.487656936846354706e-17
1.961707302992084035e-17
1.961707278338042811e-17
1.961707277882619544e-17
1.961707281104431018e-17
1.279226740535578329e-17
1.961707302992084035e-17
1.961707278338042811e-17
1.961707277882619544e-17
1.961707280707342783e-17
1.279247155893856498e-17
1.961707302992084035e-17
1.961707278338042811e-17
1.961707277882619544e-17
1.961707281499572987e-17
2.021094801268066068e-17
1.961707302992084035e-17
1.961707278338042811e-17
1.961707277882619544e-17
1.961707281348042667e-17
3.145197579724847511e-17
1.961707302992084035e-17
1.961707278338042811e-17
1.961707277874603977e-17
1.961705179419823432e-17
3.272711900787416250e-13
1.961707302992084035e-17
1.961707278338042811e-17
1.961707278460675244e-17
1.957899427168245104e-17
3.887465456511924484e-10
1.961707302992084035e-17
1.961707278338042811e-17
1.961707277874603977e-17
1.961705180199766203e-17
3.272439526014110675e-13
1.961707302992084035e-17
1.961707278338042811e-17
1.961707277882619544e-17
1.961707280726961075e-17
3.145197581675055266e-17
1.961707302992084035e-17
1.961707278338042811e-17
1.961707277882619544e-17
1.961707281059670866e-17
2.021094802066258951e-17
1.961707302992084035e-17
1.961707278338042811e-17
1.961707278055005989e-17
1.961707280928973870e-17
1.279247155879876096e-17
1.961707302992084035e-17
1.961707278338042811e-17
1.961707278055005989e-17
1.961707281461920594e-17
1.279226740034861042e-17
1.961707302992084035e-17
1.961707278338042811e-17
1.961707278055005989e-17
1.961707280805486940e-17
1.487656936867932825e-17
1.961707302992084035e-17
1.961707278338042811e-17
1.961707278055005989e-17
1.961707281385064588e-17
1.666340072202882220e-17
1.961707302992084035e-17
1.961707278338042811e-17
1.961707277882619544e-17
1.961707280873138234e-17
1.822669846354517238e-17
1.961707302992084035e-17
1.961707278338042811e-17
1.961707277882619544e-17
1.961707281247544870e-17
1.961695328374288560e-17
1.961707302992084035e-17
1.961707278338042811e-17
1.961707277882619544e-17
1.961707280803665164e-17
1.961704785326579277e-17
1.961707302992084035e-17
1.961707278338042811e-17
1.961707277882619544e-17
1.961707281247483240e-17
1.961706912726943653e-17
1.961707302992084035e-17
1.961707278338042811e-17
1.961707277882619544e-17
1.961707281380401680e-17
1.961707281930473773e-17
1.961707302992084035e-17
1.961707278338042811e-17
1.961707277882619544e-17
1.961707280715061910e-17
1.961707331039742936e-17
1.961707302992084035e-17
1.961707278338042811e-17
1.961707277882619544e-17
1.961707280803692281e-17
1.961707336434958341e-17
1.961707302992084035e-17
1.961707278338042811e-17
1.961707277882619544e-17
1.961707280803692281e-17
1.961707337106183446e-17
1.961707302992084035e-17
1.961707278338042811e-17
1.961707277882619544e-17
1.961707280803692281e-17
1.961707336961580619e-17
1.961707302992084035e-17
1.961707278338042811e-17
1.961707277882619544e-17
1.961707280803692281e-17
1.961707337403501115e-17
1.961707302992084035e-17
1.961707278338042811e-17
1.961707277882619544e-17
1.961707280803692281e-17
1.961707336829474459e-17
1.961707302992084035e-17
1.961707278338042811e-17
1.961707277882619544e-17
1.961707280803692281e-17
1.961707337448136467e-17
1.961707302992084035e-17
1.961707278338042811e-17
1.961707277882619544e-17
1.961707280803692281e-17
1.961707337358929549e-17
1.961707302992084035e-17
1.961707278338042811e-17
1.961707277882619544e-17
1.961707280803692281e-17
1.961707337358929549e-17
