1.308573465387244305e-17
1.320631872824056776e-17
1.279431592091321339e-17
1.230070509995590762e-17
1.629405065088168800e-17
1.944678459267076873e-17
-4.957971475033175746e-18
4.320445656341049346e-18
2.013610380979902582e-17
3.665037586149902186e-17
1.095335314472627499e-16
3.672370025631641543e-17
2.006167361295486828e-17
3.694436468271941262e-18
-5.122016743242686131e-18
2.176456222354952549e-17
2.176615005940578091e-17
-5.307012053935381390e-18
3.478592832401254906e-18
2.009133159802707274e-17
3.700222179227368311e-17
1.099071947938733028e-16
3.674144500417888474e-17
2.009111032043897963e-17
3.816212305278021572e-18
-5.151891119812820666e-18
2.178382110519868789e-17
2.179438041821968323e-17
-5.518329074517941814e-18
3.319582973752584181e-18
2.024352279091192530e-17
3.696734747526433228e-17
1.089123771241317843e-16
3.492487416011472670e-17
2.070317524288305048e-17
6.242904585826306417e-18
-4.238628419700693549e-18
2.462853375363154086e-17
-4.377128842235834768e-18
5.856069253830637657e-18
2.072102178589897278e-17
3.530331637585605454e-17
1.090645326710927025e-16
3.672244140178904073e-17
2.023810448468997736e-17
3.667893993754965108e-18
-5.356883273439473830e-18
2.179531071272443985e-17
2.176941270995242557e-17
-5.276930293051635047e-18
3.357865930027728882e-18
2.006191594461435415e-17
3.697977829420783723e-17
1.095161021094934913e-16
3.638106159676931844e-17
2.013429475023934983e-17
4.663043718928520359e-18
-4.796089194652029464e-18
1.945828182247503178e-17
1.629949037534952248e-17
1.230226221229836976e-17
1.279427567429934721e-17
1.320622108326888041e-17
1.308571686500465746e-17
1.480338955014573713e-15
1.480338759766171113e-15
1.480339164100908270e-15
1.480339138793238913e-15
1.480338959637511216e-15
1.480338955010488794e-15
1.480338759766171113e-15
1.480339164100908270e-15
1.480339138793238913e-15
1.480338959637511216e-15
1.480338955230096823e-15
1.480338759766171113e-15
1.480339164100908270e-15
1.480339138793238913e-15
1.480338959637511216e-15
1.480338978927573474e-15
1.480338759762052667e-15
1.480339164100908270e-15
1.480339138793238913e-15
1.480338959637511216e-15
1.480340035831567176e-15
1.480338759761381149e-15
1.480339164100908270e-15
1.480339138793238913e-15
1.480338959637511216e-15
1.431259308522352527e-15
1.480338759764761221e-15
1.480339164100908270e-15
1.480339138793238913e-15
1.480338959637511216e-15
1.246413328777996738e-15
1.480338759757738584e-15
1.480339164100908270e-15
1.480339138793238913e-15
1.480338959637511216e-15
1.246407831700168672e-15
1.480338759757542552e-15
1.480339164100908270e-15
1.480339138793238913e-15
1.480338959637511216e-15
9.438497017252076396e-12
1.480338748733665983e-15
1.480339164101818023e-15
1.480339138793238913e-15
1.480338959637511216e-15
1.470415192263676891e-10
1.480338308707093282e-15
1.480339164101792977e-15
1.480339138793238913e-15
1.480338959637511216e-15
5.470123023087432547e-10
1.480334613480893014e-15
1.480339164098419216e-15
1.480339138793238913e-15
1.480338959637511216e-15
1.463207125843090522e-10
1.480338312770861326e-15
1.480339164101792977e-15
1.480339138793238913e-15
1.480338959637511216e-15
9.445353302902616980e-12
1.480338748726803682e-15
1.480339164101818023e-15
1.480339138793238913e-15
1.480338959637511216e-15
1.246407963451686377e-15
1.480338759976803285e-15
1.480339164100908270e-15
1.480339138793238913e-15
1.480338959637511216e-15
1.246413358351221800e-15
1.480338781095250470e-15
1.480339164103031292e-15
1.480339138793238913e-15
1.480338959637511216e-15
1.431259916005002803e-15
1.480339931288330478e-15
1.480339164099162915e-15
1.480339138793238913e-15
1.480338959637511216e-15
1.480340126368478908e-15
1.431259641176358824e-15
1.480339164098897660e-15
1.480339138793238913e-15
1.480338959637511216e-15
1.480338976336110180e-15
1.246413217115589941e-15
1.480339164090987358e-15
1.480339138793238913e-15
1.480338959637511216e-15
1.480338955222398921e-15
1.246407832454359140e-15
1.480339164090710468e-15
1.480339138793238913e-15
1.480338959637511216e-15
1.480338943971467279e-15
9.455276017360359996e-12
1.480339153049842229e-15
1.480339138795164523e-15
1.480338959637511216e-15
1.480338502935174116e-15
1.472377738647733872e-10
1.480338712012215300e-15
1.480339138793480502e-15
1.480338959637511216e-15
1.480334767794524242e-15
5.507874553989035624e-10
1.480334976878296381e-15
1.480339138795766424e-15
1.480338959637511216e-15
1.480338506420849111e-15
1.466639019964049481e-10
1.480338715499014816e-15
1.480339138795752027e-15
1.480338959637511216e-15
1.480338943966827988e-15
9.455002218416810467e-12
1.480339153047448233e-15
1.480339138799382562e-15
1.480338959637511216e-15
1.480338955005138345e-15
1.246407798616855342e-15
1.480339164311347960e-15
1.480339138794471903e-15
1.480338959637511216e-15
1.480338955008231863e-15
1.246413197970606894e-15
1.480339185425158812e-15
1.480339138796832569e-15
1.480338959637511216e-15
1.480338955005821696e-15
1.431259655441524238e-15
1.480340336327922151e-15
1.480339138799849765e-15
1.480338959637511216e-15
1.480338955006235453e-15
1.480339931773321571e-15
1.431260300980661641e-15
1.480339137880439282e-15
1.480338959637511216e-15
1.480338955012957534e-15
1.480338781078685772e-15
1.246414164649339409e-15
1.480339136998693753e-15
1.480338959637511216e-15
1.480338955015529615e-15
1.480338759974079743e-15
1.246408841617432758e-15
1.480339137002456225e-15
1.480338959637511216e-15
1.480338955015529615e-15
1.480338748762612642e-15
9.437806287099340073e-12
1.480332719156957603e-15
1.480338959636723735e-15
1.480338955015529615e-15
1.480338306911779771e-15
1.475680744710215083e-10
1.480075508770510583e-15
1.480338959641063062e-15
1.480338955015104617e-15
1.480334514239338024e-15
5.563262329902330356e-10
1.477865402326571228e-15
1.480338959636595546e-15
1.480338955015529615e-15
1.480338311088089079e-15
1.470651746310623014e-10
1.480077941950845089e-15
1.480338959641063062e-15
1.480338955015529615e-15
1.480338749054672418e-15
9.297809858373079463e-12
1.480332893968321010e-15
1.480338959638461990e-15
1.480338955015529615e-15
1.480338759751945190e-15
1.246408531205813674e-15
1.480339163088627165e-15
1.480338959633902374e-15
1.480338955015529615e-15
1.480338759761293980e-15
1.246415179839712465e-15
1.480340074868824754e-15
1.480338959639677428e-15
1.480338955015529615e-15
1.480338759759784889e-15
1.431262152129574897e-15
1.431262124991220887e-15
1.480338959630685400e-15
1.480338955015529615e-15
1.480338759764045724e-15
1.480340100199309743e-15
1.246415161025786730e-15
1.480338959627184040e-15
1.480338955015529615e-15
1.480338759763856595e-15
1.480339188365339647e-15
1.246408525148523322e-15
1.480338959628128701e-15
1.480338955015529615e-15
1.480338759758362179e-15
1.480332924850190386e-15
9.292894098354961865e-12
1.480338948938310665e-15
1.480338955015529615e-15
1.480338759763224717e-15
1.480075964619054453e-15
1.476239779261393230e-10
1.480338507511056066e-15
1.480338955015529615e-15
1.480338759762661668e-15
1.477865524717324226e-15
5.563097341798904100e-10
1.480334714264628671e-15
1.480338955015529615e-15
1.480338759761109584e-15
1.480077564031504843e-15
1.469906082844705823e-10
1.480338510264940101e-15
1.480338955015529615e-15
1.480338759764675235e-15
1.480332743070316690e-15
9.438579294991052185e-12
1.480338948629318976e-15
1.480338955015529615e-15
1.480338759766171113e-15
1.480339162301766219e-15
1.246408760488952259e-15
1.480338959847167173e-15
1.480338955015529615e-15
1.480338759766171113e-15
1.480339162303696168e-15
1.246414104357153623e-15
1.480338980952708594e-15
1.480338955015529615e-15
1.480338759766171113e-15
1.480339163184888311e-15
1.431260280604434947e-15
1.480340132030697463e-15
1.480338955015529615e-15
1.480338759766171113e-15
1.480339164093872222e-15
1.480340310074053187e-15
1.431259916579930744e-15
1.480338955015529615e-15
1.480338759766171113e-15
1.480339164097043837e-15
1.480339160122011207e-15
1.246413379972480643e-15
1.480338955015529615e-15
1.480338759766171113e-15
1.480339164097021158e-15
1.480339139009781035e-15
1.246408003386200462e-15
1.480338955015529615e-15
1.480338759766171113e-15
1.480339164098844215e-15
1.480339127769466671e-15
9.445632623672091088e-12
1.480338955015529615e-15
1.480338759766171113e-15
1.480339164098983646e-15
1.480338688303021303e-15
1.468955730473891531e-10
1.480338955015529615e-15
1.480338759766171113e-15
1.480339164097017213e-15
1.480334992931268506e-15
5.469745755575195620e-10
1.480338955015529615e-15
1.480338759766171113e-15
1.480339164098983646e-15
1.480338691198351451e-15
1.464700802680003989e-10
1.480338955015529615e-15
1.480338759766171113e-15
1.480339164098844215e-15
1.480339127772021002e-15
9.438484504985762640e-12
1.480338955015529615e-15
1.480338759766171113e-15
1.480339164100908270e-15
1.480339138797158171e-15
1.246407801846495472e-15
1.480338955015529615e-15
1.480338759766171113e-15
1.480339164100908270e-15
1.480339138791275044e-15
1.246413314210255835e-15
1.480338955015529615e-15
1.480338759766171113e-15
1.480339164100908270e-15
1.480339138795887514e-15
1.431259319163634910e-15
1.480338955015529615e-15
1.480338759766171113e-15
1.480339164100908270e-15
1.480339138796061852e-15
1.480340040464006705e-15
1.480338955015529615e-15
1.480338759766171113e-15
1.480339164100908270e-15
1.480339138799161287e-15
1.480338983552548604e-15
1.480338955015529615e-15
1.480338759766171113e-15
1.480339164100908270e-15
1.480339138793238913e-15
1.480338959850239983e-15
1.480338955015529615e-15
1.480338759766171113e-15
1.480339164100908270e-15
1.480339138793238913e-15
1.480338959634584936e-15
1.480338955015529615e-15
1.480338759766171113e-15
1.480339164100908270e-15
1.480339138793238913e-15
1.480338959633901191e-15
1.340632988152616377e-17
1.356101534951837731e-17
1.288062080240856370e-17
1.237001793594053028e-17
1.864558953594793858e-17
2.319363717290613395e-17
-1.245807192786344015e-17
-2.659451914881803478e-18
4.736981044190687847e-17
2.184253690509580795e-17
7.291202009212734678e-17
2.204890459577810307e-17
4.724572505559750199e-17
-3.449865958429971642e-18
-1.247433416416942420e-17
2.743446270308434884e-17
2.743166710036621302e-17
-1.272387571235982666e-17
-3.742580134646662905e-18
4.744558495236009757e-17
2.223923728718055694e-17
7.299260821814614677e-17
2.195041599453675132e-17
4.743435838493734647e-17
-3.369001008842387567e-18
-1.255312365018450235e-17
2.748633002770719457e-17
2.749315147190172288e-17
-1.298932415234677296e-17
-3.949460392002284755e-18
4.779118835381636958e-17
2.209826736903199537e-17
7.172127461324615211e-17
2.002248287728963261e-17
4.815182687296218236e-17
-1.190182124660969397e-18
-1.077046666864183690e-17
3.188511824241470706e-17
-1.093038153614951150e-17
-1.614304665455323869e-18
4.818104143921170693e-17
2.043485177200488268e-17
7.184863575640545253e-17
2.183243399019100135e-17
4.777170629638133445e-17
-3.560476778097787769e-18
-1.281245791825504125e-17
2.749480234247313524e-17
2.744104243054559735e-17
-1.264460319936000024e-17
-3.827280515486948038e-18
4.725617184427894775e-17
2.233341191962338958e-17
7.290073099934804131e-17
2.154410227041049102e-17
4.735582898877837818e-17
-2.276460412842491618e-18
-1.227964035301941765e-17
2.321266899555776811e-17
1.864954933583672264e-17
1.237234818516482872e-17
1.288115666545471186e-17
1.356081439701912317e-17
1.340621580059150951e-17
1.493870036078267691e-15
1.493869307467409278e-15
1.493868854064128716e-15
1.493868825223179764e-15
1.493870048576496105e-15
1.493870036073539851e-15
1.493869307467409278e-15
1.493868854064128716e-15
1.493868825223179764e-15
1.493870048576496105e-15
1.493870036292195725e-15
1.493869307467409278e-15
1.493868854064128716e-15
1.493868825223179764e-15
1.493870048576496105e-15
1.493870059842248472e-15
1.493869307468869263e-15
1.493868854064128716e-15
1.493868825223179764e-15
1.493870048576496105e-15
1.493871108531477002e-15
1.493869307468515261e-15
1.493868854064128716e-15
1.493868825223179764e-15
1.493870048576496105e-15
1.444586034486045085e-15
1.493869307469196640e-15
1.493868854064128716e-15
1.493868825223179764e-15
1.493870048576496105e-15
1.259633882754280843e-15
1.493869307464932649e-15
1.493868854064128716e-15
1.493868825223179764e-15
1.493870048576496105e-15
1.259628053375513602e-15
1.493869307465054331e-15
1.493868854064128716e-15
1.493868825223179764e-15
1.493870048576496105e-15
9.438499735294226436e-12
1.493869296387118505e-15
1.493868854066719335e-15
1.493868825223179764e-15
1.493870048576496105e-15
1.470415223980600711e-10
1.493868896320863135e-15
1.493868854066726238e-15
1.493868825223179764e-15
1.493870048576496105e-15
5.470123084006591155e-10
1.493866453189792403e-15
1.493868854065051881e-15
1.493868825223179764e-15
1.493870048576496105e-15
1.463207157512038125e-10
1.493868899725772776e-15
1.493868854066726238e-15
1.493868825223179764e-15
1.493870048576496105e-15
9.445356020811768656e-12
1.493869296379863548e-15
1.493868854066719335e-15
1.493868825223179764e-15
1.493870048576496105e-15
1.259628182406748211e-15
1.493869307678802307e-15
1.493868854064128716e-15
1.493868825223179764e-15
1.493870048576496105e-15
1.259633910568797314e-15
1.493869328707567249e-15
1.493868854071108952e-15
1.493868825223179764e-15
1.493870048576496105e-15
1.444586610945386775e-15
1.493870467392123340e-15
1.493868854066460195e-15
1.493868825223179764e-15
1.493870048576496105e-15
1.493871195836667589e-15
1.444585808480180024e-15
1.493868854065469582e-15
1.493868825223179764e-15
1.493870048576496105e-15
1.493870057306897643e-15
1.259633254271419235e-15
1.493868854059856048e-15
1.493868825223179764e-15
1.493870048576496105e-15
1.493870036287239312e-15
1.259627532743014883e-15
1.493868854060447891e-15
1.493868825223179764e-15
1.493870048576496105e-15
1.493870024978628921e-15
9.455278734637529529e-12
1.493868842961370198e-15
1.493868825227199602e-15
1.493870048576496105e-15
1.493869624098354097e-15
1.472377770365278336e-10
1.493868442080929516e-15
1.493868825226897666e-15
1.493870048576496105e-15
1.493867160615656114e-15
5.507874615194157807e-10
1.493865978604236342e-15
1.493868825230217192e-15
1.493870048576496105e-15
1.493869627032851386e-15
1.466639051647590360e-10
1.493868445023189985e-15
1.493868825230031810e-15
1.493870048576496105e-15
1.493870024974285255e-15
9.455004935776072828e-12
1.493868842965532820e-15
1.493868825230199640e-15
1.493870048576496105e-15
1.493870036069089097e-15
1.259627499381560636e-15
1.493868854279699947e-15
1.493868825227146157e-15
1.493870048576496105e-15
1.493870036072745862e-15
1.259633233815380919e-15
1.493868875299900817e-15
1.493868825231056935e-15
1.493870048576496105e-15
1.493870036070215394e-15
1.444585822428326498e-15
1.493870014674924179e-15
1.493868825232625388e-15
1.493870048576496105e-15
1.493870036071485460e-15
1.493870467857152505e-15
1.444585618488760301e-15
1.493868824315563147e-15
1.493870048576496105e-15
1.493870036078179930e-15
1.493869328693699863e-15
1.259633371076309103e-15
1.493868823442076399e-15
1.493870048576496105e-15
1.493870036079454532e-15
1.493869307680373718e-15
1.259627708333726125e-15
1.493868823444238470e-15
1.493870048576496105e-15
1.493870036079454532e-15
1.493869296416703352e-15
9.437809003313204471e-12
1.493862374595662980e-15
1.493870048578873929e-15
1.493870036079454532e-15
1.493868894965711329e-15
1.475680776436340253e-10
1.493628708310649649e-15
1.493870048576096744e-15
1.493870036076512673e-15
1.493866402910508041e-15
5.563262391509828344e-10
1.492176913532188685e-15
1.493870048575785144e-15
1.493870036079454532e-15
1.493868898578985365e-15
1.470651778012490596e-10
1.493630815431663925e-15
1.493870048576096744e-15
1.493870036079454532e-15
1.493869296709195818e-15
9.297812575371285565e-12
1.493862551186735638e-15
1.493870048573840799e-15
1.493870036079454532e-15
1.493869307465430223e-15
1.259627396734741216e-15
1.493868849416419798e-15
1.493870048574902606e-15
1.493870036079454532e-15
1.493869307466859837e-15
1.259634378442707833e-15
1.493869757078958508e-15
1.493870048575370992e-15
1.493870036079454532e-15
1.493869307463992130e-15
1.444587465803382981e-15
1.444587435125560761e-15
1.493870048572499538e-15
1.493870036079454532e-15
1.493869307469922195e-15
1.493869785958203501e-15
1.259634357796488760e-15
1.493870048569711112e-15
1.493870036079454532e-15
1.493869307470040721e-15
1.493868878229704384e-15
1.259627386679518785e-15
1.493870048567167430e-15
1.493870036079454532e-15
1.493869307463766319e-15
1.493862585442158223e-15
9.292896815261174820e-12
1.493870037825269388e-15
1.493870036079454532e-15
1.493869307469029401e-15
1.493629154278797456e-15
1.476239811004104664e-10
1.493869636778931653e-15
1.493870036079454532e-15
1.493869307474282229e-15
1.492177001680549503e-15
5.563097403403273277e-10
1.493867144112293321e-15
1.493870036079454532e-15
1.493869307470737877e-15
1.493630447451691631e-15
1.469906114534819428e-10
1.493869639011310393e-15
1.493870036079454532e-15
1.493869307470428446e-15
1.493862402232736432e-15
9.438582011327285999e-12
1.493870037514103993e-15
1.493870036079454532e-15
1.493869307467409278e-15
1.493868852281082584e-15
1.259627624267441432e-15
1.493870048784517936e-15
1.493870036079454532e-15
1.493869307467409278e-15
1.493868852278813425e-15
1.259633305966138575e-15
1.493870069797807202e-15
1.493870036079454532e-15
1.493869307467409278e-15
1.493868853157170403e-15
1.444585594614854120e-15
1.493871209354558478e-15
1.493870036079454532e-15
1.493869307467409278e-15
1.493868854066354290e-15
1.493869984907557491e-15
1.444586619318862674e-15
1.493870036079454532e-15
1.493869307467409278e-15
1.493868854064910872e-15
1.493868846458979081e-15
1.259633941207942669e-15
1.493870036079454532e-15
1.493869307467409278e-15
1.493868854067223023e-15
1.493868825439150947e-15
1.259628229465458229e-15
1.493870036079454532e-15
1.493869307467409278e-15
1.493868854068104181e-15
1.493868814150844850e-15
9.445635341493574544e-12
1.493870036079454532e-15
1.493869307467409278e-15
1.493868854068999538e-15
1.493868414540374576e-15
1.468955762177805609e-10
1.493870036079454532e-15
1.493869307467409278e-15
1.493868854070147922e-15
1.493865971157354293e-15
5.469745816494344921e-10
1.493870036079454532e-15
1.493869307467409278e-15
1.493868854069040361e-15
1.493868416997462712e-15
1.464700834358289427e-10
1.493870036079454532e-15
1.493869307467409278e-15
1.493868854068104181e-15
1.493868814148790459e-15
9.438487223122817115e-12
1.493870036079454532e-15
1.493869307467409278e-15
1.493868854064128716e-15
1.493868825223507536e-15
1.259628031730860103e-15
1.493870036079454532e-15
1.493869307467409278e-15
1.493868854064128716e-15
1.493868825225880824e-15
1.259633874435651089e-15
1.493870036079454532e-15
1.493869307467409278e-15
1.493868854064128716e-15
1.493868825226767504e-15
1.444586052905988835e-15
1.493870036079454532e-15
1.493869307467409278e-15
1.493868854064128716e-15
1.493868825233038751e-15
1.493871121038671609e-15
1.493870036079454532e-15
1.493869307467409278e-15
1.493868854064128716e-15
1.493868825231611899e-15
1.493870072344182362e-15
1.493870036079454532e-15
1.493869307467409278e-15
1.493868854064128716e-15
1.493868825223179764e-15
1.493870048789820462e-15
1.493870036079454532e-15
1.493869307467409278e-15
1.493868854064128716e-15
1.493868825223179764e-15
1.493870048576110549e-15
1.493870036079454532e-15
1.493869307467409278e-15
1.493868854064128716e-15
1.493868825223179764e-15
1.493870048575462302e-15
