1.223123156962604695e-11
-6.980293550712631008e-12
1.367707584124337773e-12
4.350950850194253431e-11
-2.108316436574046763e-11
1.176988771348321517e-11
-1.910658072993801499e-11
-2.433786755658967475e-11
3.418702690585508145e-11
-9.410445193090182104e-12
1.516088812993625257e-11
-2.210797258370328283e-11
3.611239782810633285e-12
6.987838106201314844e-12
1.804031487132502868e-11
-1.074940661577347801e-11
-2.443941193519169946e-11
7.327841596532034094e-12
7.450652097235925056e-12
9.696660614511330406e-12
2.614638545844038035e-11
-8.370789896354682554e-12
-1.125741762461355292e-11
9.304016295676895278e-12
1.024315397650561160e-11
-1.999645939952211281e-11
5.113036163339269241e-12
-1.397685704331788375e-12
-7.906888119555742146e-12
1.380991501385692773e-11
6.474542666172928618e-12
-2.645020778806127009e-11
-3.452082756633259419e-12
-4.728236705805881531e-12
1.308618387861046576e-12
-1.034709720852886563e-12
5.407518988371339643e-12
-4.854043527126582602e-13
1.239364423635860234e-12
1.980240426242241804e-12
-4.657845892854836937e-12
1.506832084597534086e-11
-5.830918178546211451e-12
3.257207897291447179e-12
7.053051969754728234e-12
-1.088841524611314479e-12
6.198312846541356415e-12
-6.014783426830822823e-12
-1.986772310042538233e-12
6.501942862206377637e-12
-1.032167335494771086e-11
-3.149893166481235059e-12
1.170590392556016836e-11
2.836190439382399839e-12
2.058137486504715079e-11
-1.433495357886850932e-12
3.894057211722882066e-12
-4.994808240243422849e-12
-4.381977601059914524e-12
-1.944920730432863063e-12
-1.157755399775171377e-11
1.721228592043602938e-11
3.539076619313962057e-12
-2.453277552102625285e-12
1.097093674340735461e-12
6.922638342053577093e-12
1.003325799356251056e-11
1.004028023680193453e-11
-3.208763662403885738e-12
2.428015316438410166e-12
7.871030472570727765e-12
2.032619476149465827e-11
-8.459098104501229609e-12
1.720912615176238180e-11
-3.116062378538033345e-12
-3.609723353831678823e-13
-8.034855246662791558e-12
-6.938002733510987015e-12
-4.997103052590640343e-12
1.333745842384084763e-12
1.744533120893983992e-11
1.062581772817600192e-11
-1.205654410727417479e-11
4.691892695557113629e-12
5.075285203114510228e-12
-7.736404507152804640e-12
7.569927043447242552e-12
-6.493898684560068105e-13
-1.699191817854017784e-12
1.555226243096337485e-11
6.257882915290175580e-12
1.191729083460337635e-11
5.177984238698797297e-12
-1.085365545941378250e-11
5.520511947097763095e-12
1.070974769495315375e-11
8.411190942389332491e-13
-7.004618684714335340e-12
5.885691266959089614e-13
8.832036501822782545e-12
-7.847485061529002340e-12
8.537244227935269889e-12
-8.872585852609472800e-12
1.448610528008383877e-11
-4.963817494965563836e-12
1.043114545125323541e-11
-9.165291407910089108e-12
8.880038916531462194e-12
1.882910573229127185e-11
1.011706616604709631e-11
-7.815483420377074655e-12
-2.742731317113325537e-12
7.300929542695368560e-12
-2.422824029413448281e-13
5.483996604747155723e-12
5.672952937843855563e-12
1.056993529556708438e-11
-1.113889035265203819e-12
1.068688739040686486e-13
-1.566984787501990848e-13
-7.832260707101560422e-12
1.068923456737336315e-11
5.443705682399607543e-12
-3.866089334437359399e-13
1.727804161511336555e-12
-6.675393244903759382e-12
4.461515972505717093e-12
-8.680539437316311949e-12
-5.321134843597786787e-12
-3.766469262409219132e-12
1.156765559705577732e-11
1.219025146087018088e-11
4.157190519237107272e-12
1.156896655525618809e-11
-4.401196432694971870e-12
-7.864262001464606274e-12
2.991853274096844274e-12
-2.923090222702767924e-12
5.701272836863051160e-12
3.466935500888930771e-12
-2.797064969059842591e-12
1.054603670620765433e-11
7.019787876764492473e-12
6.611341326197220280e-12
-8.814457291111749884e-13
1.540151664138741937e-11
-1.994847447726556558e-12
5.310519602900100120e-12
-1.137725569298816875e-11
6.033913406030063087e-12
6.500238182628432814e-12
-3.538419521386195842e-13
-4.326813235560105225e-12
-7.341599944038157239e-12
3.237223870856580851e-12
-1.565615063191777169e-12
1.000908278101065863e-11
2.410889326471377457e-12
-4.700566198021620921e-12
1.084611980574463780e-11
-5.836318773324338485e-12
2.144519213425420613e-11
9.637870021089015769e-13
-3.351629932290519790e-12
5.659608509893673750e-12
-7.632853269311615048e-12
7.164423380196936086e-12
7.510216285899278852e-12
-6.316585850188416915e-12
8.263384357057428612e-12
-4.153562599111227360e-12
1.012374364022950651e-11
-9.439257468745258920e-13
-5.610963213007876366e-12
1.090694993124961170e-11
-1.008498580700117898e-11
2.122406456830344965e-11
-5.178208592570731456e-12
3.047316984048639242e-12
-1.834990593013458449e-12
-1.159408421193723871e-12
5.701915063205221131e-12
-3.539436470980509781e-12
-5.529555882689143575e-12
8.687398792745453598e-12
1.178445999282859658e-12
5.069435622337000822e-12
2.472123491066748443e-12
5.497749338585626587e-12
3.973358864722634401e-12
1.565973771941777201e-11
5.121348606890463559e-12
9.663001908642644572e-12
-1.046080505813007683e-11
-1.910832357739132498e-12
4.078614509325356969e-11
-2.402979059096163522e-11
8.469764343107358145e-12
-2.180752393330756695e-11
-2.751346000185332177e-11
3.165989634599591950e-11
-1.171966022867565732e-11
1.225678089310934752e-11
-2.551351588150882147e-11
4.174041087556722634e-13
3.980584095062787461e-12
1.456220411185046919e-11
-1.347765118949728727e-11
-2.721091875697265861e-11
4.750524534886018823e-12
4.563405336926426152e-12
7.107996866529812516e-12
2.378743805776599361e-11
-1.123712272234231599e-11
-1.388674618711115180e-11
6.456601798590900253e-12
7.043159657536051438e-12
-2.274053772728941607e-11
1.864289569158851667e-12
-4.239866544221594339e-12
-1.107129700481482708e-11
1.131667418414825858e-11
3.071593927890135623e-12
-2.934160281379281030e-11
-6.386526243047217883e-12
-7.402356711408300614e-12
-1.774155985764635348e-12
-4.272592092879663693e-12
1.989512877577984832e-12
-3.424788405106901905e-12
-1.443757558940627391e-12
-1.103194765009760077e-12
-7.883617271857664776e-12
1.163480869960626186e-11
-8.757431643301557153e-12
5.721631999780523366e-13
3.959506770676504364e-12
-4.331298371654557883e-12
2.778712208006362371e-12
-8.935202254401721895e-12
-4.661663161865885239e-12
3.406426114292360067e-12
-1.355085858483266026e-11
-6.553523141003719296e-12
8.754855853179757142e-12
1.564827478663233829e-13
1.747793936430151837e-11
-4.668082565800983285e-12
4.840847301324119436e-13
-7.927305699559667704e-12
-7.054746534722412751e-12
-5.030310786467966018e-12
-1.481151868607333794e-11
1.377566718580745276e-11
6.106315056457870275e-13
-5.125525953998903653e-12
-1.986717512104497018e-12
3.682387440522396949e-12
6.611363144629074695e-12
7.090221150406625421e-12
-5.854332691750413549e-12
-6.395141894940116238e-13
4.621269761512982912e-12
1.689049991966793191e-11
-1.139525326066697120e-11
1.451949907076595280e-11
-6.188957115108183941e-12
-3.599797995384858183e-12
-1.144032705348965801e-11
-9.860238723938005177e-12
-7.668901238504604872e-12
-1.752364149591434159e-12
1.419350365426281525e-11
7.202351346808773824e-12
-1.498749682057218608e-11
2.003591919164295555e-12
1.979338813314193358e-12
-1.095947625158702025e-11
4.140723963118010966e-12
-3.578618325531359535e-12
-4.358295238123599868e-12
1.245305370455272762e-11
3.010646922775240937e-12
8.508887336391473960e-12
2.230344835674941424e-12
-1.351106345965833083e-11
2.427407760388175155e-12
7.459588241478158262e-12
-2.561723009394449987e-12
-9.940076064326695843e-12
-2.097337435297752548e-12
5.733927727155597824e-12
-1.106207621149981372e-11
5.107061254979186803e-12
-1.180620094912524687e-11
1.179214535929666325e-11
-8.048761213545046597e-12
7.181459816413680133e-12
-1.258094311305057078e-11
5.934849051567944436e-12
1.613774807351561316e-11
7.025027876659250387e-12
-1.104172996212868438e-11
-6.150736473885645227e-12
4.353819441003714729e-12
-2.914646507431879646e-12
2.393233043581188746e-12
2.452078528987923506e-12
7.157223767916670085e-12
-4.059817364943786429e-12
-2.578668905611155581e-12
-3.228808403487948959e-12
-1.105889616767097972e-11
7.260618078171408766e-12
2.497799261925620099e-12
-3.068262694056490444e-12
-1.362703823215691676e-12
-9.904304417176957375e-12
1.041643978573636195e-12
-1.160455715947233070e-11
-7.987488911732402751e-12
-6.846822087651557113e-12
8.321313556495066438e-12
8.762291227628690440e-12
1.212467650778324085e-12
8.880589779993933008e-12
-7.464845374514119238e-12
-1.109110640615372406e-11
-4.292578727822971887e-13
-5.859079206657751834e-12
3.015788452614392305e-12
3.855166194391077137e-13
-6.033194546314537034e-12
7.123143331227350663e-12
4.072334089314208843e-12
3.926516103416213808e-12
-3.954721195004072874e-12
1.214969095950487458e-11
-5.406217778423414484e-12
2.362766308005155411e-12
-1.404726107005159462e-11
2.938195231669435112e-12
3.250900346479835576e-12
-3.757903326898294559e-12
-7.267300918376393726e-12
-1.002135344699772603e-11
1.474644889749597152e-13
-4.804264813626055266e-12
6.581229420301323608e-12
-5.287205873966858571e-13
-7.360931461851558511e-12
7.757351468199972249e-12
-9.064746402811635839e-12
1.801390393301896841e-11
-1.975978473420774639e-12
-6.027603361200205833e-12
2.570030927517633079e-12
-1.084925073444067176e-11
3.746365993898515502e-12
4.565914481996344954e-12
-8.970793883954124514e-12
5.173880241563580798e-12
-7.372792960932501447e-12
6.698523091634803839e-12
-3.862758405338932530e-12
-8.266766990691596626e-12
7.808640424896396819e-12
-1.331580415224168878e-11
1.778549866387503563e-11
-8.115015250675102138e-12
3.638763214577492859e-13
-4.919065240672465889e-12
-4.401480004120027841e-12
2.282104076782708384e-12
-6.479866685579205072e-12
-8.205472109828233865e-12
5.591157196228858725e-12
-2.062403277093369613e-12
1.644819929554367808e-12
-4.704029626445761548e-13
2.829701771364829351e-12
8.984710259258380499e-13
1.240936063660124596e-11
1.708252264849861399e-12
