1.076168455435077471e-15
1.076168455434442833e-15
1.076168455434773168e-15
1.076168455434594294e-15
1.076168455434548343e-15
1.076168455434940801e-15
1.076168455434726625e-15
1.076168455434827008e-15
1.076168455434855604e-15
1.076168455435021857e-15
1.076168455434580686e-15
1.076168455434480895e-15
1.076168455435525347e-15
1.076168455434710059e-15
1.076168455436746898e-15
1.076168455440379011e-15
1.076168455457660784e-15
1.076168455509848666e-15
1.076168455672827132e-15
1.076168456147313359e-15
1.076168457424659616e-15
1.076168460653416025e-15
1.076168468352783657e-15
1.076168485354133040e-15
1.076168519889307789e-15
1.076168585986117695e-15
1.076168705603830354e-15
1.076168896111208102e-15
1.076169147914670698e-15
1.076169457723207790e-15
1.076169790742651534e-15
1.076170077551665338e-15
1.076170341519527177e-15
1.076170768715730849e-15
1.076171156653710495e-15
1.076171352566918326e-15
1.076171279327266577e-15
1.076170238898895966e-15
1.076167195599702714e-15
1.076162124445721015e-15
1.076155850825015856e-15
1.076150054730069482e-15
1.076148139129076146e-15
1.076150053700698298e-15
1.076155849053830247e-15
1.076162122398131562e-15
1.076167193750632276e-15
1.076170237588460149e-15
1.076171278676589056e-15
1.076171352506605571e-15
1.076171156995128903e-15
1.076170769244117180e-15
1.076170342063562733e-15
1.076170078010808615e-15
1.076169791079973388e-15
1.076169457946551470e-15
1.076169148049192782e-15
1.076168896185215679e-15
1.076168705648003606e-15
1.076168586025383247e-15
1.076168519973702298e-15
1.076168485595792098e-15
1.076168469067179840e-15
1.076168462644468212e-15
1.076168462643585082e-15
1.076168469066250562e-15
1.076168485592657165e-15
1.076168519965183389e-15
1.076168586008417807e-15
1.076168705609545454e-15
1.076168896112597089e-15
1.076169147915163539e-15
1.076169457723307384e-15
1.076169790742257104e-15
1.076170077552573120e-15
1.076170341518626100e-15
1.076170768716537064e-15
1.076171156654472534e-15
1.076171352566416216e-15
1.076171279326992843e-15
1.076170238899555848e-15
1.076167195599354629e-15
1.076162124445753161e-15
1.076155850825260797e-15
1.076150054729354183e-15
1.076148139129742931e-15
1.076150053700677787e-15
1.076155849053878170e-15
1.076162122397983058e-15
1.076167193751203806e-15
1.076170237586995629e-15
1.076171278677305934e-15
1.076171352506043311e-15
1.076171156995356884e-15
1.076170769243899454e-15
1.076170342063639253e-15
1.076170078010425229e-15
1.076169791080559906e-15
1.076169457946603535e-15
1.076169148049078397e-15
1.076168896185561989e-15
1.076168705647064270e-15
1.076168586026113140e-15
1.076168519972695909e-15
1.076168485595835091e-15
1.076168469066698438e-15
1.076168462644451449e-15
1.076168462643833179e-15
1.076168469065120519e-15
1.076168485593393172e-15
1.076168519964833727e-15
1.076168586008050198e-15
1.076168705610311241e-15
1.076168896112394154e-15
1.076169147915242228e-15
1.076169457722673337e-15
1.076169790742458855e-15
1.076170077551703993e-15
1.076170341519767779e-15
1.076170768715391836e-15
1.076171156654362883e-15
1.076171352566852062e-15
1.076171279326309097e-15
1.076170238899245234e-15
1.076167195599502343e-15
1.076162124445552593e-15
1.076155850825450123e-15
1.076150054729153417e-15
1.076148139129492862e-15
1.076150053700967891e-15
1.076155849052986166e-15
1.076162122398980968e-15
1.076167193750171187e-15
1.076170237588078932e-15
1.076171278677309878e-15
1.076171352505884750e-15
1.076171156995083346e-15
1.076170769244277713e-15
1.076170342064119866e-15
1.076170078010337073e-15
1.076169791080678629e-15
1.076169457947553126e-15
1.076169148049831956e-15
1.076168896191025640e-15
1.076168705662940688e-15
1.076168586078723852e-15
1.076168520135993075e-15
1.076168486071145086e-15
1.076168470342575442e-15
1.076168465873983505e-15
1.076168470342384734e-15
1.076168486066742256e-15
1.076168520128318839e-15
1.076168586061603795e-15
1.076168705625333124e-15
1.076168896116193111e-15
1.076169147916773013e-15
1.076169457723328683e-15
1.076169790742441105e-15
1.076170077552504095e-15
1.076170341518771053e-15
1.076170768716741774e-15
1.076171156653965494e-15
1.076171352566615404e-15
1.076171279327101903e-15
1.076170238898966372e-15
1.076167195599833862e-15
1.076162124444880681e-15
1.076155850825741805e-15
1.076150054729082420e-15
1.076148139130083719e-15
1.076150053700129134e-15
1.076155849054106348e-15
1.076162122397781307e-15
1.076167193751387216e-15
1.076170237588004582e-15
1.076171278676793174e-15
1.076171352506708715e-15
1.076171156994796793e-15
1.076170769243851925e-15
1.076170342063764879e-15
1.076170078010753592e-15
1.076169791080771518e-15
1.076169457946893835e-15
1.076169148048441983e-15
1.076168896186010062e-15
1.076168705647375081e-15
1.076168586025239871e-15
1.076168519973349086e-15
1.076168485595801762e-15
1.076168469067242752e-15
1.076168462643724514e-15
1.076168462644419303e-15
1.076168469065420286e-15
1.076168485593094194e-15
1.076168519965064074e-15
1.076168586008040337e-15
1.076168705610093712e-15
1.076168896112577959e-15
1.076169147914903609e-15
1.076169457723269913e-15
1.076169790741882986e-15
1.076170077551854271e-15
1.076170341518820949e-15
1.076170768715953504e-15
1.076171156654028800e-15
1.076171352566979660e-15
1.076171279326314422e-15
1.076170238900222633e-15
1.076167195598900048e-15
1.076162124445655540e-15
1.076155850825204788e-15
1.076150054728956794e-15
1.076148139129958684e-15
1.076150053700749771e-15
1.076155849053174112e-15
1.076162122398927719e-15
1.076167193750371163e-15
1.076170237588818489e-15
1.076171278677105169e-15
1.076171352505832488e-15
1.076171156995692150e-15
1.076170769244135718e-15
1.076170342062652388e-15
1.076170078010995772e-15
1.076169791080534662e-15
1.076169457946767618e-15
1.076169148048601136e-15
1.076168896184421888e-15
1.076168705641122570e-15
1.076168586002850224e-15
1.076168519897551386e-15
1.076168485357787241e-15
1.076168468353052067e-15
1.076168460654489073e-15
1.076168457424569291e-15
1.076168456147261885e-15
1.076168455673938045e-15
1.076168455509078146e-15
1.076168455457864507e-15
1.076168455440749776e-15
1.076168455436884752e-15
1.076168455434359805e-15
1.076168455435621983e-15
1.076168455434414631e-15
1.076168455434462160e-15
1.076168455435645648e-15
1.076168455434646753e-15
1.076168455435156160e-15
1.076168455434423111e-15
1.076168455434941787e-15
1.076168455434901161e-15
1.076168455434738064e-15
1.076168455434498053e-15
1.076168455435485510e-15
1.076168455434636301e-15
1.456831745365483696e-12
1.456831745451902260e-12
1.456831745805588009e-12
1.456831745805787534e-12
1.456831745365833269e-12
1.456831745365483696e-12
1.456831745451902260e-12
1.456831745805588009e-12
1.456831745805787534e-12
1.456831745365833269e-12
1.456831745365483696e-12
1.456831745451902260e-12
1.456831745805588009e-12
1.456831745805787534e-12
1.456831745365833269e-12
1.456831745365483696e-12
1.456831745451902260e-12
1.456831745805588009e-12
1.456831745805787534e-12
1.456831745365833269e-12
1.456831745365483696e-12
1.456831745451902260e-12
1.456831745805588009e-12
1.456831745805787534e-12
1.456831745365833269e-12
1.456831745365483696e-12
1.456831745451902260e-12
1.456831745805588009e-12
1.456831745805787534e-12
1.456831745365833269e-12
1.456831745365430584e-12
1.456831745451902260e-12
1.456831745805588009e-12
1.456831745805787534e-12
1.456831745365833269e-12
1.456831745365483292e-12
1.456831745451902260e-12
1.456831745805588009e-12
1.456831745805787534e-12
1.456831745365833269e-12
1.456831745365508536e-12
1.456831745451902260e-12
1.456831745805588009e-12
1.456831745805787534e-12
1.456831745365833269e-12
1.456831745365597999e-12
1.456831745451902260e-12
1.456831745805588009e-12
1.456831745805787534e-12
1.456831745365833269e-12
1.456831745365806208e-12
1.456831745451902260e-12
1.456831745805588009e-12
1.456831745805787534e-12
1.456831745365833269e-12
1.456831745365839529e-12
1.456831745451902260e-12
1.456831745805588009e-12
1.456831745805787534e-12
1.456831745365833269e-12
1.456831745363261254e-12
1.456831745451902260e-12
1.456831745805588009e-12
1.456831745805787534e-12
1.456831745365833269e-12
1.456831745358007971e-12
1.456831745451902260e-12
1.456831745805588009e-12
1.456831745805787534e-12
1.456831745365833269e-12
1.456831745333420552e-12
1.456831745451902260e-12
1.456831745805588009e-12
1.456831745805787534e-12
1.456831745365833269e-12
1.456831745238632237e-12
1.456831745451902260e-12
1.456831745805588009e-12
1.456831745805787534e-12
1.456831745365833269e-12
1.456831744885605042e-12
1.456831745451902260e-12
1.456831745805588009e-12
1.456831745805787534e-12
1.456831745365833269e-12
1.456831743645189552e-12
1.456831745451902260e-12
1.456831745805588009e-12
1.456831745805787534e-12
1.456831745365833269e-12
1.456831739500782847e-12
1.456831745451902260e-12
1.456831745805588009e-12
1.456831745805787534e-12
1.456831745365833269e-12
1.456831726444837092e-12
1.456831745451790380e-12
1.456831745805588009e-12
1.456831745805787534e-12
1.456831745365833269e-12
1.456831687624667920e-12
1.456831745451790380e-12
1.456831745805588009e-12
1.456831745805787534e-12
1.456831745365833269e-12
1.456831578849539096e-12
1.456831745452057962e-12
1.456831745805588009e-12
1.456831745805787534e-12
1.456831745365833269e-12
1.456831292069129921e-12
1.456831745451865707e-12
1.456831745805588009e-12
1.456831745805787534e-12
1.456831745365833269e-12
1.456830581792558685e-12
1.456831745451902260e-12
1.456831745805588009e-12
1.456831745805787534e-12
1.456831745365833269e-12
1.456828932195159623e-12
1.456831745451929119e-12
1.456831745805588009e-12
1.456831745805787534e-12
1.456831745365833269e-12
1.456825347251016599e-12
1.456831745451705966e-12
1.456831745805588009e-12
1.456831745805787534e-12
1.456831745365833269e-12
1.456818075582910649e-12
1.456831745451708995e-12
1.456831745805588009e-12
1.456831745805787534e-12
1.456831745365833269e-12
1.456804352709045889e-12
1.456831745451642352e-12
1.456831745805588009e-12
1.456831745805787534e-12
1.456831745365833269e-12
1.319504049104380589e-12
1.456831745454349874e-12
1.456831745805588009e-12
1.456831745805787534e-12
1.456831745365833269e-12
1.181564343624627560e-12
1.456831745453112940e-12
1.456831745805588009e-12
1.456831745805787534e-12
1.456831745365833269e-12
1.043758788758867004e-12
1.456831745456010698e-12
1.456831745805588009e-12
1.456831745805787534e-12
1.456831745365833269e-12
9.069650683572236082e-13
1.456831745456438223e-12
1.456831745805588009e-12
1.456831745805787534e-12
1.456831745365833269e-12
7.721154831013837546e-13
1.456831745457796729e-12
1.456831745805588009e-12
1.456831745805787534e-12
1.456831745365833269e-12
7.719022201867890366e-13
1.456831745457845803e-12
1.456831745805588009e-12
1.456831745805787534e-12
1.456831745365833269e-12
7.717763751076393983e-13
1.456831745457855092e-12
1.456831745805588009e-12
1.456831745805787534e-12
1.456831745365833269e-12
7.717809473204921043e-13
1.456831745457912648e-12
1.456831745805588009e-12
1.456831745805787534e-12
1.456831745365833269e-12
9.066049361944856556e-13
1.456831745456679349e-12
1.456831745805588009e-12
1.456831745805787534e-12
1.456831745365833269e-12
1.409460251431439359e-12
1.456831745450508816e-12
1.456831745805588009e-12
1.456831745805787534e-12
1.456831745365833269e-12
2.070515446865744547e-12
1.456831745442799436e-12
1.456831745805588009e-12
1.456831745805787534e-12
1.456831745365833269e-12
2.866117496373042508e-12
1.456831745430016103e-12
1.456831745805588009e-12
1.456831745805787534e-12
1.456831745365833269e-12
3.731709559868426471e-12
1.456831745411761382e-12
1.456831745805588009e-12
1.456831745805787534e-12
1.456831745365833269e-12
5.045254791604297404e-12
1.456831745380633864e-12
1.456831745805588009e-12
1.456831745805787534e-12
1.456831745365833269e-12
5.046791138201712496e-12
1.456831745380315998e-12
1.456831745805588009e-12
1.456831745805787534e-12
1.456831745365833269e-12
5.045254791590176364e-12
1.456831745380390517e-12
1.456831745805588009e-12
1.456831745805787534e-12
1.456831745365833269e-12
3.731709559853025886e-12
1.456831745411761382e-12
1.456831745805588009e-12
1.456831745805787534e-12
1.456831745365833269e-12
2.866117496367078972e-12
1.456831745430074668e-12
1.456831745805588009e-12
1.456831745805787534e-12
1.456831745365833269e-12
2.070515446862858705e-12
1.456831745442854366e-12
1.456831745805588009e-12
1.456831745805787534e-12
1.456831745365833269e-12
1.409460251428039760e-12
1.456831745450200441e-12
1.456831745805588009e-12
1.456831745805787534e-12
1.456831745365833269e-12
9.066049361941772804e-13
1.456831745456551718e-12
1.456831745805588009e-12
1.456831745805787534e-12
1.456831745365833269e-12
7.717809473205405719e-13
1.456831745457332450e-12
1.456831745805588009e-12
1.456831745805787534e-12
1.456831745365833269e-12
7.717763751084449704e-13
1.456831745456064618e-12
1.456831745805588009e-12
1.456831745805787534e-12
1.456831745365833269e-12
7.719022201874642510e-13
1.456831745447400224e-12
1.456831745805588009e-12
1.456831745805787534e-12
1.456831745365833269e-12
7.721154830987756921e-13
1.456831745375863036e-12
1.456831745805588009e-12
1.456831745805787534e-12
1.456831745365833269e-12
9.069650683520651395e-13
1.456831745376384668e-12
1.456831745805588009e-12
1.456831745805787534e-12
1.456831745365833269e-12
1.043758788752133842e-12
1.456831745377093709e-12
1.456831745805588009e-12
1.456831745805787534e-12
1.456831745365833269e-12
1.181564343615213534e-12
1.456831745375669973e-12
1.456831745805588009e-12
1.456831745805787534e-12
1.456831745365833269e-12
1.319504049094899112e-12
1.456831745376874797e-12
1.456831745805588009e-12
1.456831745805787534e-12
1.456831745365833269e-12
1.456804352708871809e-12
1.456831745419696944e-12
1.456831745805588009e-12
1.456831745805787534e-12
1.456831745365833269e-12
1.456818075582430416e-12
1.456831745324341154e-12
1.456831745805588009e-12
1.456831745805787534e-12
1.456831745365833269e-12
1.456825347250940061e-12
1.456831744972616930e-12
1.456831745805588009e-12
1.456831745805787534e-12
1.456831745365833269e-12
1.456828932195332894e-12
1.456831743731056999e-12
1.456831745805588009e-12
1.456831745805787534e-12
1.456831745365833269e-12
1.456830581792617654e-12
1.456831739586758941e-12
1.456831745805588009e-12
1.456831745805787534e-12
1.456831745365833269e-12
1.456831292069137999e-12
1.456831726531929760e-12
1.456831745805529444e-12
1.456831745805787534e-12
1.456831745365833269e-12
1.456831578849384807e-12
1.456831687711881757e-12
1.456831745805529444e-12
1.456831745805787534e-12
1.456831745365833269e-12
1.456831687624864214e-12
1.456831578936764443e-12
1.456831745805175832e-12
1.456831745805787534e-12
1.456831745365833269e-12
1.456831726444620200e-12
1.456831292156132520e-12
1.456831745805201479e-12
1.456831745805787534e-12
1.456831745365833269e-12
1.456831739500761642e-12
1.456830581879534828e-12
1.456831745805529444e-12
1.456831745805787534e-12
1.456831745365833269e-12
1.456831743645168348e-12
1.456828932281249414e-12
1.456831745805690598e-12
1.456831745805787534e-12
1.456831745365833269e-12
1.456831744885473574e-12
1.456825347338326765e-12
1.456831745805483399e-12
1.456831745805787534e-12
1.456831745365833269e-12
1.456831745238648595e-12
1.456818075670897948e-12
1.456831745805314773e-12
1.456831745805787534e-12
1.456831745365833269e-12
1.456831745333315135e-12
1.456804352797200603e-12
1.456831745805464820e-12
1.456831745805787534e-12
1.456831745365833269e-12
1.456831745290301743e-12
1.319504049181055749e-12
1.456831745807366568e-12
1.456831745805787534e-12
1.456831745365833269e-12
1.456831745289209808e-12
1.181564343698627105e-12
1.456831745809029007e-12
1.456831745805787534e-12
1.456831745365833269e-12
1.456831745289275643e-12
1.043758788835586188e-12
1.456831745809426038e-12
1.456831745805787534e-12
1.456831745365833269e-12
1.456831745289324515e-12
9.069650684315126465e-13
1.456831745810319054e-12
1.456831745805787534e-12
1.456831745365833269e-12
1.456831745289225560e-12
7.721154831747662466e-13
1.456831745811533975e-12
1.456831745805787534e-12
1.456831745365833269e-12
1.456831745360848577e-12
7.719022202641551625e-13
1.456831745811674531e-12
1.456831745805787534e-12
1.456831745365833269e-12
1.456831745369127855e-12
7.717763751852911802e-13
1.456831745811322939e-12
1.456831745805787534e-12
1.456831745365833269e-12
1.456831745370461724e-12
7.717809473976054918e-13
1.456831745811317285e-12
1.456831745805787534e-12
1.456831745365833269e-12
1.456831745370206057e-12
9.066049362761165277e-13
1.456831745809954941e-12
1.456831745805787534e-12
1.456831745365833269e-12
1.456831745364651871e-12
1.409460251531154609e-12
1.456831745805690195e-12
1.456831745805787534e-12
1.456831745365833269e-12
1.456831745355737869e-12
2.070515446980653182e-12
1.456831745796632405e-12
1.456831745805787534e-12
1.456831745365833269e-12
1.456831745343240091e-12
2.866117496490645135e-12
1.456831745783632987e-12
1.456831745805787534e-12
1.456831745365833269e-12
1.456831745324932459e-12
3.731709560001078291e-12
1.456831745765378468e-12
1.456831745805787534e-12
1.456831745365833269e-12
1.456831745292625563e-12
5.045254792021892751e-12
1.456831745734919198e-12
1.456831745805787534e-12
1.456831745365833269e-12
1.456831745292022343e-12
5.046791138629612058e-12
1.456831745734703113e-12
1.456831745805787534e-12
1.456831745365833269e-12
1.456831745292428058e-12
5.045254792030575724e-12
1.456831745734710989e-12
1.456831745805787534e-12
1.456831745365833269e-12
1.456831745324902369e-12
3.731709559984642923e-12
1.456831745765324952e-12
1.456831745805787534e-12
1.456831745365833269e-12
1.456831745343319456e-12
2.866117496485546342e-12
1.456831745783667722e-12
1.456831745805787534e-12
1.456831745365833269e-12
1.456831745355684554e-12
2.070515446977400197e-12
1.456831745796655629e-12
1.456831745805787534e-12
1.456831745365833269e-12
1.456831745364724572e-12
1.409460251527777628e-12
1.456831745805350315e-12
1.456831745805787534e-12
1.456831745365833269e-12
1.456831745370084080e-12
9.066049362748848445e-13
1.456831745810243323e-12
1.456831745805787534e-12
1.456831745365833269e-12
1.456831745370777773e-12
7.717809473974105107e-13
1.456831745810982858e-12
1.456831745805787534e-12
1.456831745365833269e-12
1.456831745370781812e-12
7.717763751861739976e-13
1.456831745810217676e-12
1.456831745805787534e-12
1.456831745365833269e-12
1.456831745370816547e-12
7.719022202649951669e-13
1.456831745801188563e-12
1.456831745805787534e-12
1.456831745365833269e-12
1.456831745370679828e-12
7.721154831755004300e-13
1.456831745730921630e-12
1.456831745805787534e-12
1.456831745365833269e-12
1.456831745370106901e-12
9.069650684324340360e-13
1.456831745731188000e-12
1.456831745805787534e-12
1.456831745365833269e-12
1.456831745369700984e-12
1.043758788835806312e-12
1.456831745731787181e-12
1.456831745805787534e-12
1.456831745365833269e-12
1.456831745367084137e-12
1.181564343700278639e-12
1.456831745730125549e-12
1.456831745805787534e-12
1.456831745365833269e-12
1.456831745366734968e-12
1.319504049181342919e-12
1.456831745731448109e-12
1.456831745805787534e-12
1.456831745365833269e-12
1.456831745365352834e-12
1.456804352797322782e-12
1.456831745774509767e-12
1.456831745805787534e-12
1.456831745365833269e-12
1.456831745365329811e-12
1.456818075669285794e-12
1.456831745679504156e-12
1.456831745805787534e-12
1.456831745365833269e-12
1.456831745365489149e-12
1.456825347337775446e-12
1.456831745327785788e-12
1.456831745805787534e-12
1.456831745365833269e-12
1.456831745365346371e-12
1.456828932281144603e-12
1.456831744084867754e-12
1.456831745805787534e-12
1.456831745365833269e-12
1.456831745365521259e-12
1.456830581879417496e-12
1.456831739942269900e-12
1.456831745805787534e-12
1.456831745365833269e-12
1.456831745365483696e-12
1.456831292155318062e-12
1.456831726885588851e-12
1.456831745805787534e-12
1.456831745365833269e-12
1.456831745365509344e-12
1.456831578936727083e-12
1.456831688065353440e-12
1.456831745805787534e-12
1.456831745365833269e-12
1.456831745365534991e-12
1.456831687711982731e-12
1.456831579289042612e-12
1.456831745805676664e-12
1.456831745365833269e-12
1.456831745365483696e-12
1.456831726531816265e-12
1.456831292510902933e-12
1.456831745805887700e-12
1.456831745365833269e-12
1.456831745365483696e-12
1.456831739586526903e-12
1.456830582232972988e-12
1.456831745805674443e-12
1.456831745365833269e-12
1.456831745365483696e-12
1.456831743730972180e-12
1.456828932635095106e-12
1.456831745805955555e-12
1.456831745365833269e-12
1.456831745365483696e-12
1.456831744972692459e-12
1.456825347692558987e-12
1.456831745805906885e-12
1.456831745365833269e-12
1.456831745365483696e-12
1.456831745324598638e-12
1.456818076022635097e-12
1.456831745805889316e-12
1.456831745365833269e-12
1.456831745365483696e-12
1.456831745419524480e-12
1.456804353149917807e-12
1.456831745805742499e-12
1.456831745365833269e-12
1.456831745365483696e-12
1.456831745376793614e-12
1.319504049533121064e-12
1.456831745813107759e-12
1.456831745365833269e-12
1.456831745365483696e-12
1.456831745375905647e-12
1.181564344045898973e-12
1.456831745818800886e-12
1.456831745365833269e-12
1.456831745365483696e-12
1.456831745376562787e-12
1.043758789173953949e-12
1.456831745823967938e-12
1.456831745365833269e-12
1.456831745365483696e-12
1.456831745376412133e-12
9.069650687591167607e-13
1.456831745829865437e-12
1.456831745365833269e-12
1.456831745365483696e-12
1.456831745376308130e-12
7.721154834877937259e-13
1.456831745832557005e-12
1.456831745365833269e-12
1.456831745365483696e-12
1.456831745447308338e-12
7.719022205772240412e-13
1.456831745832846195e-12
1.456831745365833269e-12
1.456831745365483696e-12
1.456831745455810365e-12
7.717763754973050805e-13
1.456831745832478043e-12
1.456831745365833269e-12
1.456831745365483696e-12
1.456831745457588723e-12
7.717809477103183355e-13
1.456831745832655152e-12
1.456831745365833269e-12
1.456831745365483696e-12
1.456831745456447310e-12
9.066049366036029060e-13
1.456831745829404590e-12
1.456831745365833269e-12
1.456831745365483696e-12
1.456831745449870255e-12
1.409460251939717208e-12
1.456831745805065770e-12
1.456831745365833269e-12
1.456831745365483696e-12
1.456831745443059545e-12
2.070515447447725481e-12
1.456831745760389131e-12
1.456831745365833269e-12
1.456831745365483696e-12
1.456831745430001764e-12
2.866117496975433962e-12
1.456831745693301068e-12
1.456831745365833269e-12
1.456831745365483696e-12
1.456831745411219150e-12
3.731709560540944504e-12
1.456831745600362802e-12
1.456831745365833269e-12
1.456831745365483696e-12
1.456831745380060129e-12
5.045254793769466083e-12
1.456831745443435169e-12
1.456831745365833269e-12
1.456831745365483696e-12
1.456831745379527995e-12
5.046791140362890676e-12
1.456831745443226557e-12
1.456831745365833269e-12
1.456831745365483696e-12
1.456831745379986418e-12
5.045254793740662588e-12
1.456831745443378018e-12
1.456831745365833269e-12
1.456831745365483696e-12
1.456831745411299324e-12
3.731709560537622856e-12
1.456831745599664465e-12
1.456831745365833269e-12
1.456831745365483696e-12
1.456831745429976117e-12
2.866117496967716302e-12
1.456831745693095080e-12
1.456831745365833269e-12
1.456831745365483696e-12
1.456831745442699673e-12
2.070515447441550303e-12
1.456831745759991697e-12
1.456831745365833269e-12
1.456831745365483696e-12
1.456831745450397340e-12
1.409460251935771944e-12
1.456831745805206932e-12
1.456831745365833269e-12
1.456831745365483696e-12
1.456831745456440242e-12
9.066049366037496215e-13
1.456831745828831663e-12
1.456831745365833269e-12
1.456831745365483696e-12
1.456831745457564489e-12
7.717809477101456696e-13
1.456831745832064453e-12
1.456831745365833269e-12
1.456831745365483696e-12
1.456831745457626083e-12
7.717763754983766187e-13
1.456831745827971565e-12
1.456831745365833269e-12
1.456831745365483696e-12
1.456831745457625073e-12
7.719022205766341500e-13
1.456831745783942776e-12
1.456831745365833269e-12
1.456831745365483696e-12
1.456831745457795518e-12
7.721154834774942570e-13
1.456831745424655383e-12
1.456831745365833269e-12
1.456831745365483696e-12
1.456831745456566662e-12
9.069650687361181710e-13
1.456831745426083360e-12
1.456831745365833269e-12
1.456831745365483696e-12
1.456831745455988080e-12
1.043758789142584296e-12
1.456831745425924628e-12
1.456831745365833269e-12
1.456831745365483696e-12
1.456831745453046499e-12
1.181564344009441634e-12
1.456831745425094822e-12
1.456831745365833269e-12
1.456831745365483696e-12
1.456831745454192153e-12
1.319504049496445216e-12
1.456831745440423109e-12
1.456831745365833269e-12
1.456831745365483696e-12
1.456831745451977788e-12
1.456804353149798860e-12
1.456831745679777190e-12
1.456831745365833269e-12
1.456831745365483696e-12
1.456831745451557534e-12
1.456818076022565223e-12
1.456831745328250067e-12
1.456831745365833269e-12
1.456831745365483696e-12
1.456831745451692435e-12
1.456825347692410554e-12
1.456831744085313050e-12
1.456831745365833269e-12
1.456831745365483696e-12
1.456831745451735854e-12
1.456828932635403885e-12
1.456831739942751345e-12
1.456831745365833269e-12
1.456831745365483696e-12
1.456831745451671029e-12
1.456830582233025495e-12
1.456831726885702346e-12
1.456831745365837914e-12
1.456831745365483696e-12
1.456831745451765339e-12
1.456831292510706438e-12
1.456831688065471378e-12
1.456831745365837914e-12
1.456831745365483696e-12
1.456831745451902260e-12
1.456831579289262534e-12
1.456831579289348362e-12
1.456831745365914654e-12
1.456831745365483696e-12
1.456831745451902260e-12
1.456831688065247417e-12
1.456831292510964730e-12
1.456831745365935657e-12
1.456831745365483696e-12
1.456831745451902260e-12
1.456831726885161731e-12
1.456830582233290653e-12
1.456831745365805198e-12
1.456831745365483696e-12
1.456831745451902260e-12
1.456831739942217191e-12
1.456828932635479818e-12
1.456831745365948379e-12
1.456831745365483696e-12
1.456831745451902260e-12
1.456831744084681557e-12
1.456825347692535157e-12
1.456831745365917077e-12
1.456831745365483696e-12
1.456831745451902260e-12
1.456831745327408548e-12
1.456818076022893591e-12
1.456831745365823777e-12
1.456831745365483696e-12
1.456831745451902260e-12
1.456831745679554643e-12
1.456804353150181754e-12
1.456831745365877294e-12
1.456831745365483696e-12
1.456831745451902260e-12
1.456831745439855634e-12
1.319504049496657262e-12
1.456831745367430075e-12
1.456831745365483696e-12
1.456831745451902260e-12
1.456831745424884998e-12
1.181564344008047584e-12
1.456831745368641563e-12
1.456831745365483696e-12
1.456831745451902260e-12
1.456831745425935937e-12
1.043758789142136778e-12
1.456831745369818922e-12
1.456831745365483696e-12
1.456831745451902260e-12
1.456831745426007427e-12
9.069650687366709038e-13
1.456831745370485150e-12
1.456831745365483696e-12
1.456831745451902260e-12
1.456831745424452021e-12
7.721154834757382147e-13
1.456831745371374531e-12
1.456831745365483696e-12
1.456831745451902260e-12
1.456831745784182085e-12
7.719022205759932667e-13
1.456831745371448848e-12
1.456831745365483696e-12
1.456831745451902260e-12
1.456831745827917442e-12
7.717763754973685933e-13
1.456831745371386446e-12
1.456831745365483696e-12
1.456831745451902260e-12
1.456831745832125441e-12
7.717809477108132101e-13
1.456831745371402400e-12
1.456831745365483696e-12
1.456831745451902260e-12
1.456831745829192545e-12
9.066049366037877897e-13
1.456831745370523722e-12
1.456831745365483696e-12
1.456831745451902260e-12
1.456831745804820605e-12
1.409460251939790313e-12
1.456831745365637379e-12
1.456831745365483696e-12
1.456831745451902260e-12
1.456831745759775612e-12
2.070515447447549382e-12
1.456831745356732465e-12
1.456831745365483696e-12
1.456831745451902260e-12
1.456831745693542194e-12
2.866117496975012698e-12
1.456831745344076965e-12
1.456831745365483696e-12
1.456831745451902260e-12
1.456831745599674764e-12
3.731709560542196584e-12
1.456831745325460756e-12
1.456831745365483696e-12
1.456831745451902260e-12
1.456831745443512920e-12
5.045254793773286139e-12
1.456831745294228428e-12
1.456831745365483696e-12
1.456831745451902260e-12
1.456831745443260888e-12
5.046791140360575539e-12
1.456831745294138359e-12
1.456831745365483696e-12
1.456831745451902260e-12
1.456831745443371758e-12
5.045254793745817119e-12
1.456831745294199145e-12
1.456831745365483696e-12
1.456831745451902260e-12
1.456831745600151362e-12
3.731709560537112331e-12
1.456831745325435109e-12
1.456831745365483696e-12
1.456831745451902260e-12
1.456831745693312579e-12
2.866117496968541059e-12
1.456831745344041422e-12
1.456831745365483696e-12
1.456831745451902260e-12
1.456831745759687765e-12
2.070515447440930322e-12
1.456831745356874232e-12
1.456831745365483696e-12
1.456831745451902260e-12
1.456831745804943995e-12
1.409460251935814757e-12
1.456831745365697761e-12
1.456831745365483696e-12
1.456831745451902260e-12
1.456831745829541107e-12
9.066049366034268070e-13
1.456831745370585114e-12
1.456831745365483696e-12
1.456831745451902260e-12
1.456831745832885979e-12
7.717809477103115703e-13
1.456831745371335353e-12
1.456831745365483696e-12
1.456831745451902260e-12
1.456831745832787428e-12
7.717763754987431550e-13
1.456831745370269671e-12
1.456831745365483696e-12
1.456831745451902260e-12
1.456831745833166283e-12
7.719022205776358140e-13
1.456831745362102070e-12
1.456831745365483696e-12
1.456831745451902260e-12
1.456831745832682415e-12
7.721154834887681269e-13
1.456831745290822164e-12
1.456831745365483696e-12
1.456831745451902260e-12
1.456831745829687318e-12
9.069650687607119511e-13
1.456831745291006947e-12
1.456831745365483696e-12
1.456831745451902260e-12
1.456831745824059218e-12
1.043758789174791631e-12
1.456831745290865583e-12
1.456831745365483696e-12
1.456831745451902260e-12
1.456831745818519168e-12
1.181564344046811982e-12
1.456831745290282154e-12
1.456831745365483696e-12
1.456831745451902260e-12
1.456831745812729308e-12
1.319504049533142874e-12
1.456831745292022343e-12
1.456831745365483696e-12
1.456831745451902260e-12
1.456831745805312349e-12
1.456804353150352602e-12
1.456831745334147970e-12
1.456831745365483696e-12
1.456831745451902260e-12
1.456831745805539339e-12
1.456818076022952156e-12
1.456831745239717710e-12
1.456831745365483696e-12
1.456831745451902260e-12
1.456831745805417362e-12
1.456825347692593116e-12
1.456831744887599888e-12
1.456831745365483696e-12
1.456831745451902260e-12
1.456831745805273575e-12
1.456828932635636732e-12
1.456831743645241049e-12
1.456831745365483696e-12
1.456831745451902260e-12
1.456831745805443212e-12
1.456830582233508353e-12
1.456831739502268783e-12
1.456831745365483696e-12
1.456831745451902260e-12
1.456831745805498546e-12
1.456831292511019861e-12
1.456831726446522756e-12
1.456831745365483696e-12
1.456831745451902260e-12
1.456831745805412717e-12
1.456831579289684808e-12
1.456831687624650957e-12
1.456831745365483696e-12
1.456831745451902260e-12
1.456831745805496930e-12
1.456831688065776320e-12
1.456831578849438122e-12
1.456831745365483696e-12
1.456831745451902260e-12
1.456831745805478351e-12
1.456831726885782520e-12
1.456831292069781407e-12
1.456831745365483696e-12
1.456831745451902260e-12
1.456831745805529444e-12
1.456831739942748921e-12
1.456830581793157058e-12
1.456831745365483696e-12
1.456831745451902260e-12
1.456831745805588009e-12
1.456831744084976806e-12
1.456828932195525553e-12
1.456831745365483696e-12
1.456831745451902260e-12
1.456831745805588009e-12
1.456831745328380728e-12
1.456825347251652535e-12
1.456831745365483696e-12
1.456831745451902260e-12
1.456831745805588009e-12
1.456831745679830908e-12
1.456818075583564356e-12
1.456831745365483696e-12
1.456831745451902260e-12
1.456831745805588009e-12
1.456831745774808045e-12
1.456804352709848230e-12
1.456831745365483696e-12
1.456831745451902260e-12
1.456831745805588009e-12
1.456831745732139177e-12
1.319504049095527980e-12
1.456831745365483696e-12
1.456831745451902260e-12
1.456831745805588009e-12
1.456831745730667983e-12
1.181564343615310469e-12
1.456831745365483696e-12
1.456831745451902260e-12
1.456831745805588009e-12
1.456831745732305178e-12
1.043758788752467259e-12
1.456831745365483696e-12
1.456831745451902260e-12
1.456831745805588009e-12
1.456831745731464669e-12
9.069650683518093718e-13
1.456831745365483696e-12
1.456831745451902260e-12
1.456831745805588009e-12
1.456831745730726952e-12
7.721154830990833605e-13
1.456831745365483696e-12
1.456831745451902260e-12
1.456831745805588009e-12
1.456831745801647188e-12
7.719022201884890381e-13
1.456831745365483696e-12
1.456831745451902260e-12
1.456831745805588009e-12
1.456831745810451532e-12
7.717763751093817080e-13
1.456831745365483696e-12
1.456831745451902260e-12
1.456831745805588009e-12
1.456831745811403113e-12
7.717809473219621876e-13
1.456831745365483696e-12
1.456831745451902260e-12
1.456831745805588009e-12
1.456831745810823521e-12
9.066049361963751857e-13
1.456831745365483696e-12
1.456831745451902260e-12
1.456831745805588009e-12
1.456831745805767339e-12
1.409460251431520744e-12
1.456831745365483696e-12
1.456831745451902260e-12
1.456831745805588009e-12
1.456831745796973092e-12
2.070515446868007985e-12
1.456831745365483696e-12
1.456831745451902260e-12
1.456831745805588009e-12
1.456831745784163910e-12
2.866117496372078003e-12
1.456831745365483696e-12
1.456831745451902260e-12
1.456831745805588009e-12
1.456831745765549317e-12
3.731709559858077019e-12
1.456831745365483696e-12
1.456831745451902260e-12
1.456831745805588009e-12
1.456831745734708566e-12
5.045254791597996614e-12
1.456831745365483696e-12
1.456831745451902260e-12
1.456831745805588009e-12
1.456831745734841650e-12
5.046791138200654287e-12
1.456831745365483696e-12
1.456831745451902260e-12
1.456831745805588009e-12
1.456831745734651617e-12
5.045254791588507463e-12
1.456831745365483696e-12
1.456831745451902260e-12
1.456831745805588009e-12
1.456831745765505494e-12
3.731709559851076680e-12
1.456831745365483696e-12
1.456831745451902260e-12
1.456831745805588009e-12
1.456831745784215205e-12
2.866117496366730409e-12
1.456831745365483696e-12
1.456831745451902260e-12
1.456831745805588009e-12
1.456831745796891909e-12
2.070515446863008147e-12
1.456831745365483696e-12
1.456831745451902260e-12
1.456831745805588009e-12
1.456831745806162552e-12
1.409460251428921063e-12
1.456831745365483696e-12
1.456831745451902260e-12
1.456831745805588009e-12
1.456831745810592492e-12
9.066049361952684076e-13
1.456831745365483696e-12
1.456831745451902260e-12
1.456831745805588009e-12
1.456831745811654740e-12
7.717809473219575428e-13
1.456831745365483696e-12
1.456831745451902260e-12
1.456831745805588009e-12
1.456831745811854669e-12
7.717763751098015587e-13
1.456831745365483696e-12
1.456831745451902260e-12
1.456831745805588009e-12
1.456831745811615966e-12
7.719022201892743144e-13
1.456831745365483696e-12
1.456831745451902260e-12
1.456831745805588009e-12
1.456831745812024104e-12
7.721154831025885787e-13
1.456831745365483696e-12
1.456831745451902260e-12
1.456831745805588009e-12
1.456831745810774447e-12
9.069650683585422302e-13
1.456831745365483696e-12
1.456831745451902260e-12
1.456831745805588009e-12
1.456831745810018151e-12
1.043758788760984836e-12
1.456831745365483696e-12
1.456831745451902260e-12
1.456831745805588009e-12
1.456831745809121904e-12
1.181564343624831528e-12
1.456831745365483696e-12
1.456831745451902260e-12
1.456831745805588009e-12
1.456831745808101660e-12
1.319504049105278048e-12
1.456831745365483696e-12
1.456831745451902260e-12
1.456831745805588009e-12
1.456831745805942630e-12
1.456804352710344619e-12
1.456831745365483696e-12
1.456831745451902260e-12
1.456831745805588009e-12
1.456831745806079147e-12
1.456818075583889897e-12
1.456831745365483696e-12
1.456831745451902260e-12
1.456831745805588009e-12
1.456831745805563169e-12
1.456825347251516018e-12
1.456831745365483696e-12
1.456831745451902260e-12
1.456831745805588009e-12
1.456831745805725939e-12
1.456828932195849074e-12
1.456831745365483696e-12
1.456831745451902260e-12
1.456831745805588009e-12
1.456831745805758453e-12
1.456830581793202698e-12
1.456831745365483696e-12
1.456831745451902260e-12
1.456831745805588009e-12
1.456831745806007456e-12
1.456831292069719812e-12
1.456831745365483696e-12
1.456831745451902260e-12
1.456831745805588009e-12
1.456831745806007456e-12
1.456831578849629569e-12
1.456831745365483696e-12
1.456831745451902260e-12
1.456831745805588009e-12
1.456831745805913348e-12
1.456831687624624097e-12
1.456831745365483696e-12
1.456831745451902260e-12
1.456831745805588009e-12
1.456831745805787534e-12
1.456831726446484789e-12
1.456831745365483696e-12
1.456831745451902260e-12
1.456831745805588009e-12
1.456831745805787534e-12
1.456831739502127015e-12
1.456831745365483696e-12
1.456831745451902260e-12
1.456831745805588009e-12
1.456831745805787534e-12
1.456831743645138863e-12
1.456831745365483696e-12
1.456831745451902260e-12
1.456831745805588009e-12
1.456831745805787534e-12
1.456831744887410663e-12
1.456831745365483696e-12
1.456831745451902260e-12
1.456831745805588009e-12
1.456831745805787534e-12
1.456831745239327142e-12
1.456831745365483696e-12
1.456831745451902260e-12
1.456831745805588009e-12
1.456831745805787534e-12
1.456831745334145345e-12
1.456831745365483696e-12
1.456831745451902260e-12
1.456831745805588009e-12
1.456831745805787534e-12
1.456831745358296151e-12
1.456831745365483696e-12
1.456831745451902260e-12
1.456831745805588009e-12
1.456831745805787534e-12
1.456831745364427102e-12
1.456831745365483696e-12
1.456831745451902260e-12
1.456831745805588009e-12
1.456831745805787534e-12
1.456831745365629503e-12
1.456831745365483696e-12
1.456831745451902260e-12
1.456831745805588009e-12
1.456831745805787534e-12
1.456831745365717552e-12
1.456831745365483696e-12
1.456831745451902260e-12
1.456831745805588009e-12
1.456831745805787534e-12
1.456831745365828624e-12
1.456831745365483696e-12
1.456831745451902260e-12
1.456831745805588009e-12
1.456831745805787534e-12
1.456831745365884968e-12
1.456831745365483696e-12
1.456831745451902260e-12
1.456831745805588009e-12
1.456831745805787534e-12
1.456831745365892238e-12
1.456831745365483696e-12
1.456831745451902260e-12
1.456831745805588009e-12
1.456831745805787534e-12
1.456831745365768645e-12
1.456831745365483696e-12
1.456831745451902260e-12
1.456831745805588009e-12
1.456831745805787534e-12
1.456831745365833269e-12
1.456831745365483696e-12
1.456831745451902260e-12
1.456831745805588009e-12
1.456831745805787534e-12
1.456831745365833269e-12
1.456831745365483696e-12
1.456831745451902260e-12
1.456831745805588009e-12
1.456831745805787534e-12
1.456831745365833269e-12
1.456831745365483696e-12
1.456831745451902260e-12
1.456831745805588009e-12
1.456831745805787534e-12
1.456831745365833269e-12
1.456831745365483696e-12
1.456831745451902260e-12
1.456831745805588009e-12
1.456831745805787534e-12
1.456831745365833269e-12
1.456831745365483696e-12
1.456831745451902260e-12
1.456831745805588009e-12
1.456831745805787534e-12
1.456831745365833269e-12
1.077995168374249425e-15
1.077995168375169434e-15
1.077995168375512194e-15
1.077995168375375129e-15
1.077995168375247728e-15
1.077995168374130898e-15
1.077995168373859136e-15
1.077995168373972140e-15
1.077995168373994623e-15
1.077995168374210179e-15
1.077995168375320106e-15
1.077995168375383215e-15
1.077995168374087708e-15
1.077995168374453345e-15
1.077995168375904258e-15
1.077995168382359112e-15
1.077995168396460198e-15
1.077995168448356990e-15
1.077995168613648791e-15
1.077995169087518720e-15
1.077995170366199730e-15
1.077995173600250776e-15
1.077995181303698200e-15
1.077995198314314726e-15
1.077995232861738316e-15
1.077995298968074506e-15
1.077995418585176784e-15
1.077995609030871328e-15
1.077995860699898813e-15
1.077996170244452872e-15
1.077996502865025862e-15
1.077996789180885836e-15
1.077997052906718837e-15
1.077997480037455534e-15
1.077997868561887788e-15
1.077998065732519195e-15
1.077997993987400916e-15
1.077996954700797996e-15
1.077993911944259005e-15
1.077988840298647358e-15
1.077982566902980154e-15
1.077976766902039693e-15
1.077974851993250107e-15
1.077976765870529512e-15
1.077982565126716253e-15
1.077988838246198126e-15
1.077993910092328947e-15
1.077996953386929056e-15
1.077997993338966915e-15
1.077998065672391625e-15
1.077997868901115332e-15
1.077997480566144788e-15
1.077997053452101768e-15
1.077996789640478763e-15
1.077996503205949457e-15
1.077996170469774423e-15
1.077995860835741252e-15
1.077995609107795521e-15
1.077995418629026209e-15
1.077995299009297024e-15
1.077995232945141424e-15
1.077995198556456567e-15
1.077995182016880523e-15
1.077995175590389265e-15
1.077995175590647814e-15
1.077995182015851848e-15
1.077995198553154395e-15
1.077995232936915577e-15
1.077995298990046254e-15
1.077995418592290140e-15
1.077995609033672967e-15
1.077995860701113264e-15
1.077996170245531639e-15
1.077996502866334188e-15
1.077996789180429282e-15
1.077997052907166121e-15
1.077997480035184404e-15
1.077997868559503653e-15
1.077998065733447684e-15
1.077997993988758348e-15
1.077996954699941096e-15
1.077993911943845445e-15
1.077988840298703958e-15
1.077982566903297079e-15
1.077976766902782208e-15
1.077974851992484912e-15
1.077976765870419466e-15
1.077982565126832216e-15
1.077988838245992825e-15
1.077993910091469483e-15
1.077996953386880344e-15
1.077997993338313541e-15
1.077998065673248131e-15
1.077997868901461248e-15
1.077997480565813072e-15
1.077997053452245341e-15
1.077996789641651799e-15
1.077996503206631033e-15
1.077996170469793750e-15
1.077995860835582691e-15
1.077995609108287376e-15
1.077995418631083755e-15
1.077995299010280339e-15
1.077995232947193054e-15
1.077995198558234659e-15
1.077995182017939963e-15
1.077995175590406226e-15
1.077995175591019565e-15
1.077995182017779035e-15
1.077995198554026875e-15
1.077995232938205364e-15
1.077995298991162690e-15
1.077995418591578587e-15
1.077995609033377145e-15
1.077995860701339667e-15
1.077996170246412008e-15
1.077996502866654466e-15
1.077996789181021322e-15
1.077997052906980739e-15
1.077997480036986951e-15
1.077997868559457899e-15
1.077998065732382525e-15
1.077997993989572058e-15
1.077996954701313122e-15
1.077993911944047393e-15
1.077988840298485247e-15
1.077982566903525257e-15
1.077976766904131160e-15
1.077974851993800930e-15
1.077976765870907376e-15
1.077982565127364500e-15
1.077988838245703116e-15
1.077993910093403573e-15
1.077996953388060480e-15
1.077997993338281000e-15
1.077998065673116588e-15
1.077997868901131504e-15
1.077997480564578110e-15
1.077997053451125553e-15
1.077996789641715894e-15
1.077996503205834087e-15
1.077996170469036641e-15
1.077995860836906005e-15
1.077995609112162655e-15
1.077995418645109505e-15
1.077995299062564068e-15
1.077995233111184220e-15
1.077995199031362665e-15
1.077995183296697887e-15
1.077995178823845708e-15
1.077995183295119179e-15
1.077995199028839493e-15
1.077995233102620740e-15
1.077995299043034633e-15
1.077995418607986499e-15
1.077995609038722663e-15
1.077995860701997577e-15
1.077996170245330282e-15
1.077996502865681406e-15
1.077996789180550767e-15
1.077997052907382466e-15
1.077997480035437825e-15
1.077997868560563291e-15
1.077998065733715502e-15
1.077997993988911584e-15
1.077996954700923228e-15
1.077993911944482647e-15
1.077988840299285941e-15
1.077982566902330921e-15
1.077976766902421304e-15
1.077974851992847000e-15
1.077976765871391145e-15
1.077982565127106937e-15
1.077988838245845308e-15
1.077993910091616803e-15
1.077996953387992441e-15
1.077997993339244791e-15
1.077998065672498318e-15
1.077997868902402753e-15
1.077997480567364959e-15
1.077997053452336651e-15
1.077996789640392777e-15
1.077996503205279517e-15
1.077996170470097659e-15
1.077995860836449649e-15
1.077995609107216300e-15
1.077995418629834199e-15
1.077995299010831358e-15
1.077995232946362975e-15
1.077995198556516520e-15
1.077995182016977355e-15
1.077995175591111665e-15
1.077995175590111586e-15
1.077995182016437972e-15
1.077995198553694371e-15
1.077995232938515190e-15
1.077995298992729170e-15
1.077995418592980590e-15
1.077995609033637271e-15
1.077995860700887058e-15
1.077996170245494957e-15
1.077996502867541145e-15
1.077996789182845563e-15
1.077997052909122299e-15
1.077997480037706786e-15
1.077997868560620680e-15
1.077998065732584473e-15
1.077997993987938524e-15
1.077996954699114370e-15
1.077993911944845129e-15
1.077988840300222121e-15
1.077982566904918582e-15
1.077976766903925859e-15
1.077974851992698891e-15
1.077976765870610567e-15
1.077982565127575520e-15
1.077988838245567235e-15
1.077993910091904145e-15
1.077996953385729396e-15
1.077997993337967625e-15
1.077998065672992737e-15
1.077997868900211495e-15
1.077997480566101203e-15
1.077997053454301112e-15
1.077996789640758414e-15
1.077996503204706015e-15
1.077996170468978660e-15
1.077995860835941426e-15
1.077995609107222808e-15
1.077995418623881652e-15
1.077995298988882290e-15
1.077995232872745292e-15
1.077995198317050693e-15
1.077995181303219755e-15
1.077995173598183764e-15
1.077995170365489755e-15
1.077995169086600486e-15
1.077995168611995930e-15
1.077995168449032058e-15
1.077995168396744582e-15
1.077995168381118037e-15
1.077995168376036984e-15
1.077995168375666811e-15
1.077995168374266780e-15
1.077995168375311823e-15
1.077995168375150698e-15
1.077995168373301214e-15
1.077995168373672570e-15
1.077995168374345863e-15
1.077995168375087984e-15
1.077995168374087906e-15
1.077995168374107627e-15
1.077995168375505291e-15
1.077995168375157009e-15
1.077995168373142850e-15
1.077995168373621492e-15
1.457892390291848795e-12
1.457892390375926373e-12
1.457892390730320355e-12
1.457892390733190849e-12
1.457892390288897319e-12
1.457892390291848795e-12
1.457892390375926373e-12
1.457892390730320355e-12
1.457892390733190849e-12
1.457892390288897319e-12
1.457892390291848795e-12
1.457892390375926373e-12
1.457892390730320355e-12
1.457892390733190849e-12
1.457892390288897319e-12
1.457892390291848795e-12
1.457892390375926373e-12
1.457892390730320355e-12
1.457892390733190849e-12
1.457892390288897319e-12
1.457892390291848795e-12
1.457892390375926373e-12
1.457892390730320355e-12
1.457892390733190849e-12
1.457892390288897319e-12
1.457892390291848795e-12
1.457892390375926373e-12
1.457892390730320355e-12
1.457892390733190849e-12
1.457892390288897319e-12
1.457892390289055041e-12
1.457892390375926373e-12
1.457892390730320355e-12
1.457892390733190849e-12
1.457892390288897319e-12
1.457892390289157227e-12
1.457892390375926373e-12
1.457892390730320355e-12
1.457892390733190849e-12
1.457892390288897319e-12
1.457892390291829004e-12
1.457892390375926373e-12
1.457892390730320355e-12
1.457892390733190849e-12
1.457892390288897319e-12
1.457892390294602765e-12
1.457892390375926373e-12
1.457892390730320355e-12
1.457892390733190849e-12
1.457892390288897319e-12
1.457892390292219572e-12
1.457892390375926373e-12
1.457892390730320355e-12
1.457892390733190849e-12
1.457892390288897319e-12
1.457892390292768468e-12
1.457892390375926373e-12
1.457892390730320355e-12
1.457892390733190849e-12
1.457892390288897319e-12
1.457892390290037722e-12
1.457892390375926373e-12
1.457892390730320355e-12
1.457892390733190849e-12
1.457892390288897319e-12
1.457892390284867843e-12
1.457892390375926373e-12
1.457892390730320355e-12
1.457892390733190849e-12
1.457892390288897319e-12
1.457892390259466371e-12
1.457892390375926373e-12
1.457892390730320355e-12
1.457892390733190849e-12
1.457892390288897319e-12
1.457892390166063826e-12
1.457892390375926373e-12
1.457892390730320355e-12
1.457892390733190849e-12
1.457892390288897319e-12
1.457892389812985739e-12
1.457892390375926373e-12
1.457892390730320355e-12
1.457892390733190849e-12
1.457892390288897319e-12
1.457892388572957385e-12
1.457892390375926373e-12
1.457892390730320355e-12
1.457892390733190849e-12
1.457892390288897319e-12
1.457892384428551285e-12
1.457892390375926373e-12
1.457892390730320355e-12
1.457892390733190849e-12
1.457892390288897319e-12
1.457892371374737096e-12
1.457892390375830851e-12
1.457892390730320355e-12
1.457892390733190849e-12
1.457892390288897319e-12
1.457892332561170425e-12
1.457892390375830851e-12
1.457892390730320355e-12
1.457892390733190849e-12
1.457892390288897319e-12
1.457892223804044694e-12
1.457892390376098433e-12
1.457892390730320355e-12
1.457892390733190849e-12
1.457892390288897319e-12
1.457891937078908996e-12
1.457892390378602189e-12
1.457892390730320355e-12
1.457892390733190849e-12
1.457892390288897319e-12
1.457891226935760417e-12
1.457892390375926373e-12
1.457892390730320355e-12
1.457892390733190849e-12
1.457892390288897319e-12
1.457889577637813257e-12
1.457892390375951011e-12
1.457892390730320355e-12
1.457892390733190849e-12
1.457892390288897319e-12
1.457885993349856902e-12
1.457892390375723011e-12
1.457892390730320355e-12
1.457892390733190849e-12
1.457892390288897319e-12
1.457878723019004735e-12
1.457892390378419022e-12
1.457892390730320355e-12
1.457892390733190849e-12
1.457892390288897319e-12
1.457865002661676237e-12
1.457892390378316230e-12
1.457892390730320355e-12
1.457892390733190849e-12
1.457892390288897319e-12
1.320589072371441956e-12
1.457892390382340052e-12
1.457892390730320355e-12
1.457892390733190849e-12
1.457892390288897319e-12
1.182677695496170040e-12
1.457892390379775307e-12
1.457892390730320355e-12
1.457892390733190849e-12
1.457892390288897319e-12
1.044905013886480305e-12
1.457892390383983710e-12
1.457892390730320355e-12
1.457892390733190849e-12
1.457892390288897319e-12
9.081494087308124841e-13
1.457892390383401695e-12
1.457892390730320355e-12
1.457892390733190849e-12
1.457892390288897319e-12
7.733440297476615046e-13
1.457892390383617981e-12
1.457892390730320355e-12
1.457892390733190849e-12
1.457892390288897319e-12
7.731308298659136117e-13
1.457892390386379828e-12
1.457892390730320355e-12
1.457892390733190849e-12
1.457892390288897319e-12
7.730050219898706777e-13
1.457892390383722591e-12
1.457892390730320355e-12
1.457892390733190849e-12
1.457892390288897319e-12
7.730095928573593538e-13
1.457892390381066969e-12
1.457892390730320355e-12
1.457892390733190849e-12
1.457892390288897319e-12
9.077893652728750592e-13
1.457892390383599402e-12
1.457892390730320355e-12
1.457892390733190849e-12
1.457892390288897319e-12
1.410508069688394309e-12
1.457892390376396913e-12
1.457892390730320355e-12
1.457892390733190849e-12
1.457892390288897319e-12
2.071444185186506993e-12
1.457892390366756704e-12
1.457892390730320355e-12
1.457892390733190849e-12
1.457892390288897319e-12
2.866965594567005980e-12
1.457892390356654236e-12
1.457892390730320355e-12
1.457892390733190849e-12
1.457892390288897319e-12
3.732550141616362095e-12
1.457892390337071502e-12
1.457892390730320355e-12
1.457892390733190849e-12
1.457892390288897319e-12
5.046189584773452044e-12
1.457892390306085753e-12
1.457892390730320355e-12
1.457892390733190849e-12
1.457892390288897319e-12
5.047725782053009135e-12
1.457892390308607281e-12
1.457892390730320355e-12
1.457892390733190849e-12
1.457892390288897319e-12
5.046189584753153807e-12
1.457892390311265729e-12
1.457892390730320355e-12
1.457892390733190849e-12
1.457892390288897319e-12
3.732550141602682918e-12
1.457892390337071502e-12
1.457892390730320355e-12
1.457892390733190849e-12
1.457892390288897319e-12
2.866965594568976592e-12
1.457892390356738247e-12
1.457892390730320355e-12
1.457892390733190849e-12
1.457892390288897319e-12
2.071444185190518092e-12
1.457892390369450898e-12
1.457892390730320355e-12
1.457892390733190849e-12
1.457892390288897319e-12
1.410508069687401329e-12
1.457892390373397373e-12
1.457892390730320355e-12
1.457892390733190849e-12
1.457892390288897319e-12
9.077893652698646145e-13
1.457892390380774144e-12
1.457892390730320355e-12
1.457892390733190849e-12
1.457892390288897319e-12
7.730095928562363188e-13
1.457892390386179899e-12
1.457892390730320355e-12
1.457892390733190849e-12
1.457892390288897319e-12
7.730050219910172397e-13
1.457892390381378980e-12
1.457892390730320355e-12
1.457892390733190849e-12
1.457892390288897319e-12
7.731308298684728027e-13
1.457892390374392171e-12
1.457892390730320355e-12
1.457892390733190849e-12
1.457892390288897319e-12
7.733440297431841068e-13
1.457892390303858666e-12
1.457892390730320355e-12
1.457892390733190849e-12
1.457892390288897319e-12
9.081494087276492655e-13
1.457892390299714281e-12
1.457892390730320355e-12
1.457892390733190849e-12
1.457892390288897319e-12
1.044905013881342536e-12
1.457892390301797985e-12
1.457892390730320355e-12
1.457892390733190849e-12
1.457892390288897319e-12
1.182677695488059995e-12
1.457892390302575082e-12
1.457892390730320355e-12
1.457892390733190849e-12
1.457892390288897319e-12
1.320589072359586374e-12
1.457892390302430891e-12
1.457892390730320355e-12
1.457892390733190849e-12
1.457892390288897319e-12
1.457865002663921499e-12
1.457892390346187655e-12
1.457892390730320355e-12
1.457892390733190849e-12
1.457892390288897319e-12
1.457878723018353249e-12
1.457892390249609472e-12
1.457892390730320355e-12
1.457892390733190849e-12
1.457892390288897319e-12
1.457885993352398625e-12
1.457892389900428181e-12
1.457892390730320355e-12
1.457892390733190849e-12
1.457892390288897319e-12
1.457889577638073165e-12
1.457892388656574924e-12
1.457892390730320355e-12
1.457892390733190849e-12
1.457892390288897319e-12
1.457891226935810500e-12
1.457892384512247180e-12
1.457892390730320355e-12
1.457892390733190849e-12
1.457892390288897319e-12
1.457891937078900716e-12
1.457892371459488576e-12
1.457892390730236344e-12
1.457892390733190849e-12
1.457892390288897319e-12
1.457892223809323019e-12
1.457892332651541118e-12
1.457892390730236344e-12
1.457892390733190849e-12
1.457892390288897319e-12
1.457892332561420033e-12
1.457892223894340464e-12
1.457892390729878290e-12
1.457892390733190849e-12
1.457892390288897319e-12
1.457892371374525050e-12
1.457891937163625740e-12
1.457892390729929383e-12
1.457892390733190849e-12
1.457892390288897319e-12
1.457892384428497365e-12
1.457891227017725413e-12
1.457892390730236344e-12
1.457892390733190849e-12
1.457892390288897319e-12
1.457892388573003025e-12
1.457889577724357837e-12
1.457892390730376901e-12
1.457892390733190849e-12
1.457892390288897319e-12
1.457892389812968978e-12
1.457885993437549962e-12
1.457892390730153344e-12
1.457892390733190849e-12
1.457892390288897319e-12
1.457892390163418100e-12
1.457878723104690024e-12
1.457892390729987342e-12
1.457892390733190849e-12
1.457892390288897319e-12
1.457892390259248064e-12
1.457865002750234848e-12
1.457892390727408865e-12
1.457892390733190849e-12
1.457892390288897319e-12
1.457892390220893622e-12
1.320589072446379754e-12
1.457892390735899179e-12
1.457892390733190849e-12
1.457892390288897319e-12
1.457892390215721522e-12
1.182677695571541421e-12
1.457892390736287930e-12
1.457892390733190849e-12
1.457892390288897319e-12
1.457892390216315250e-12
1.044905013963356605e-12
1.457892390735424803e-12
1.457892390733190849e-12
1.457892390288897319e-12
1.457892390214947252e-12
9.081494088063302774e-13
1.457892390735208112e-12
1.457892390733190849e-12
1.457892390288897319e-12
1.457892390216755699e-12
7.733440298195907760e-13
1.457892390740771588e-12
1.457892390733190849e-12
1.457892390288897319e-12
1.457892390287380485e-12
7.731308299441162079e-13
1.457892390738172108e-12
1.457892390733190849e-12
1.457892390288897319e-12
1.457892390296719386e-12
7.730050220673596892e-13
1.457892390737800523e-12
1.457892390733190849e-12
1.457892390288897319e-12
1.457892390298815611e-12
7.730095929349565087e-13
1.457892390737811025e-12
1.457892390733190849e-12
1.457892390288897319e-12
1.457892390294040743e-12
9.077893653530667460e-13
1.457892390734825420e-12
1.457892390733190849e-12
1.457892390288897319e-12
1.457892390292789269e-12
1.410508069791091125e-12
1.457892390734868031e-12
1.457892390733190849e-12
1.457892390288897319e-12
1.457892390279299924e-12
2.071444185301064238e-12
1.457892390721317294e-12
1.457892390733190849e-12
1.457892390288897319e-12
1.457892390272121668e-12
2.866965594691389225e-12
1.457892390710942801e-12
1.457892390733190849e-12
1.457892390288897319e-12
1.457892390252488852e-12
3.732550141745630068e-12
1.457892390691345527e-12
1.457892390733190849e-12
1.457892390288897319e-12
1.457892390217730302e-12
5.046189585182441158e-12
1.457892390661023986e-12
1.457892390733190849e-12
1.457892390288897319e-12
1.457892390219883274e-12
5.047725782482449967e-12
1.457892390660908471e-12
1.457892390733190849e-12
1.457892390288897319e-12
1.457892390217465548e-12
5.046189585201257093e-12
1.457892390666209415e-12
1.457892390733190849e-12
1.457892390288897319e-12
1.457892390249718322e-12
3.732550141720062594e-12
1.457892390691275653e-12
1.457892390733190849e-12
1.457892390288897319e-12
1.457892390272201034e-12
2.866965594688472687e-12
1.457892390711022167e-12
1.457892390733190849e-12
1.457892390288897319e-12
1.457892390279292250e-12
2.071444185302157182e-12
1.457892390721306187e-12
1.457892390733190849e-12
1.457892390288897319e-12
1.457892390292844199e-12
1.410508069784605956e-12
1.457892390731872328e-12
1.457892390733190849e-12
1.457892390288897319e-12
1.457892390293888272e-12
9.077893653531953872e-13
1.457892390735196399e-12
1.457892390733190849e-12
1.457892390288897319e-12
1.457892390296191695e-12
7.730095929364352758e-13
1.457892390737848991e-12
1.457892390733190849e-12
1.457892390288897319e-12
1.457892390296251674e-12
7.730050220693447409e-13
1.457892390738862166e-12
1.457892390733190849e-12
1.457892390288897319e-12
1.457892390296254501e-12
7.731308299439355651e-13
1.457892390726101047e-12
1.457892390733190849e-12
1.457892390288897319e-12
1.457892390296195532e-12
7.733440298205110548e-13
1.457892390656848501e-12
1.457892390733190849e-12
1.457892390288897319e-12
1.457892390293868279e-12
9.081494088079873649e-13
1.457892390660570006e-12
1.457892390733190849e-12
1.457892390288897319e-12
1.457892390300043861e-12
1.044905013963616512e-12
1.457892390662543849e-12
1.457892390733190849e-12
1.457892390288897319e-12
1.457892390293254760e-12
1.182677695572301959e-12
1.457892390657689616e-12
1.457892390733190849e-12
1.457892390288897319e-12
1.457892390294257434e-12
1.320589072443639516e-12
1.457892390657607221e-12
1.457892390733190849e-12
1.457892390288897319e-12
1.457892390288968203e-12
1.457865002750084598e-12
1.457892390698982407e-12
1.457892390733190849e-12
1.457892390288897319e-12
1.457892390291639981e-12
1.457878723105743185e-12
1.457892390605335909e-12
1.457892390733190849e-12
1.457892390288897319e-12
1.457892390289086545e-12
1.457885993437019848e-12
1.457892390253495161e-12
1.457892390733190849e-12
1.457892390288897319e-12
1.457892390294412530e-12
1.457889577724272009e-12
1.457892389008437887e-12
1.457892390733190849e-12
1.457892390288897319e-12
1.457892390291886358e-12
1.457891227017639786e-12
1.457892384868404374e-12
1.457892390733190849e-12
1.457892390288897319e-12
1.457892390291848795e-12
1.457891937165449738e-12
1.457892371813840350e-12
1.457892390733190849e-12
1.457892390288897319e-12
1.457892390291874443e-12
1.457892223894357630e-12
1.457892333000254898e-12
1.457892390733165202e-12
1.457892390288897319e-12
1.457892390291900090e-12
1.457892332648990712e-12
1.457892224247265878e-12
1.457892390733098357e-12
1.457892390288897319e-12
1.457892390291848795e-12
1.457892371459410018e-12
1.457891937521780809e-12
1.457892390733231037e-12
1.457892390288897319e-12
1.457892390291848795e-12
1.457892384512062196e-12
1.457891227371785776e-12
1.457892390730259770e-12
1.457892390288897319e-12
1.457892390291848795e-12
1.457892388656511714e-12
1.457889578078967500e-12
1.457892390733267994e-12
1.457892390288897319e-12
1.457892390291848795e-12
1.457892389900495834e-12
1.457885993792515862e-12
1.457892390730596620e-12
1.457892390288897319e-12
1.457892390291848795e-12
1.457892390249791023e-12
1.457878723457097440e-12
1.457892390730610353e-12
1.457892390288897319e-12
1.457892390291848795e-12
1.457892390343382390e-12
1.457865003100894198e-12
1.457892390730421935e-12
1.457892390288897319e-12
1.457892390291848795e-12
1.457892390302364652e-12
1.320589072798679935e-12
1.457892390735542135e-12
1.457892390288897319e-12
1.457892390291848795e-12
1.457892390302795206e-12
1.182677695918664049e-12
1.457892390745053904e-12
1.457892390288897319e-12
1.457892390291848795e-12
1.457892390304033553e-12
1.044905014303201417e-12
1.457892390751731327e-12
1.457892390288897319e-12
1.457892390291848795e-12
1.457892390302448057e-12
9.081494091341128130e-13
1.457892390757066400e-12
1.457892390288897319e-12
1.457892390291848795e-12
1.457892390301613404e-12
7.733440301330570891e-13
1.457892390759880147e-12
1.457892390288897319e-12
1.457892390291848795e-12
1.457892390371582867e-12
7.731308302563170114e-13
1.457892390760128140e-12
1.457892390288897319e-12
1.457892390291848795e-12
1.457892390381160875e-12
7.730050223784287740e-13
1.457892390762398039e-12
1.457892390288897319e-12
1.457892390291848795e-12
1.457892390383749854e-12
7.730095932481565529e-13
1.457892390759813302e-12
1.457892390288897319e-12
1.457892390291848795e-12
1.457892390386139105e-12
9.077893656806990320e-13
1.457892390753866326e-12
1.457892390288897319e-12
1.457892390291848795e-12
1.457892390375753909e-12
1.410508070197906467e-12
1.457892390730546941e-12
1.457892390288897319e-12
1.457892390291848795e-12
1.457892390369748772e-12
2.071444185768222566e-12
1.457892390691729835e-12
1.457892390288897319e-12
1.457892390291848795e-12
1.457892390356610817e-12
2.866965595178117969e-12
1.457892390618448620e-12
1.457892390288897319e-12
1.457892390291848795e-12
1.457892390336532704e-12
3.732550142277305253e-12
1.457892390527110796e-12
1.457892390288897319e-12
1.457892390291848795e-12
1.457892390305505555e-12
5.046189586935529297e-12
1.457892390371812078e-12
1.457892390288897319e-12
1.457892390291848795e-12
1.457892390307818066e-12
5.047725784216326352e-12
1.457892390371964146e-12
1.457892390288897319e-12
1.457892390291848795e-12
1.457892390308108468e-12
5.046189586906141767e-12
1.457892390369016709e-12
1.457892390288897319e-12
1.457892390291848795e-12
1.457892390336666798e-12
3.732550142269942215e-12
1.457892390526454463e-12
1.457892390288897319e-12
1.457892390291848795e-12
1.457892390356559522e-12
2.866965595167442573e-12
1.457892390618147515e-12
1.457892390288897319e-12
1.457892390291848795e-12
1.457892390369359617e-12
2.071444185763658533e-12
1.457892390685851117e-12
1.457892390288897319e-12
1.457892390291848795e-12
1.457892390373542776e-12
1.410508070193610621e-12
1.457892390730797963e-12
1.457892390288897319e-12
1.457892390291848795e-12
1.457892390383387558e-12
9.077893656807449753e-13
1.457892390756213572e-12
1.457892390288897319e-12
1.457892390291848795e-12
1.457892390383391799e-12
7.730095932477456889e-13
1.457892390758123802e-12
1.457892390288897319e-12
1.457892390291848795e-12
1.457892390383531144e-12
7.730050223810868187e-13
1.457892390753404874e-12
1.457892390288897319e-12
1.457892390291848795e-12
1.457892390386165156e-12
7.731308302560727549e-13
1.457892390708461057e-12
1.457892390288897319e-12
1.457892390291848795e-12
1.457892390383668469e-12
7.733440301214112302e-13
1.457892390350600429e-12
1.457892390288897319e-12
1.457892390291848795e-12
1.457892390383508121e-12
9.081494091118468921e-13
1.457892390350343349e-12
1.457892390288897319e-12
1.457892390291848795e-12
1.457892390381342831e-12
1.044905014268387736e-12
1.457892390351469009e-12
1.457892390288897319e-12
1.457892390291848795e-12
1.457892390377025780e-12
1.182677695880578400e-12
1.457892390351310682e-12
1.457892390288897319e-12
1.457892390291848795e-12
1.457892390382204343e-12
1.320589072758947598e-12
1.457892390365305705e-12
1.457892390288897319e-12
1.457892390291848795e-12
1.457892390373331134e-12
1.457865003103162483e-12
1.457892390605552802e-12
1.457892390288897319e-12
1.457892390291848795e-12
1.457892390378293208e-12
1.457878723454281269e-12
1.457892390253956613e-12
1.457892390288897319e-12
1.457892390291848795e-12
1.457892390378396404e-12
1.457885993792203044e-12
1.457892389008795740e-12
1.457892390288897319e-12
1.457892390291848795e-12
1.457892390378444669e-12
1.457889578076445972e-12
1.457892384868860373e-12
1.457892390288897319e-12
1.457892390291848795e-12
1.457892390378367727e-12
1.457891227371938247e-12
1.457892371816665406e-12
1.457892390291589090e-12
1.457892390291848795e-12
1.457892390378551298e-12
1.457891937521608345e-12
1.457892333003052489e-12
1.457892390291589090e-12
1.457892390291848795e-12
1.457892390375926373e-12
1.457892224242116194e-12
1.457892224244925700e-12
1.457892390291665830e-12
1.457892390291848795e-12
1.457892390375926373e-12
1.457892333000165031e-12
1.457891937521885822e-12
1.457892390291686833e-12
1.457892390291848795e-12
1.457892390375926373e-12
1.457892371816106211e-12
1.457891227372046289e-12
1.457892390291556576e-12
1.457892390291848795e-12
1.457892390375926373e-12
1.457892384870941048e-12
1.457889578076607531e-12
1.457892390288958712e-12
1.457892390291848795e-12
1.457892390375926373e-12
1.457892389008180605e-12
1.457885993792434275e-12
1.457892390291629479e-12
1.457892390291848795e-12
1.457892390375926373e-12
1.457892390253180727e-12
1.457878723457397939e-12
1.457892390291593936e-12
1.457892390291848795e-12
1.457892390375926373e-12
1.457892390605361556e-12
1.457865003101250637e-12
1.457892390291578790e-12
1.457892390291848795e-12
1.457892390375926373e-12
1.457892390364687137e-12
1.320589072756908929e-12
1.457892390297099453e-12
1.457892390291848795e-12
1.457892390375926373e-12
1.457892390351043706e-12
1.182677695877250291e-12
1.457892390294200484e-12
1.457892390291848795e-12
1.457892390375926373e-12
1.457892390351467595e-12
1.044905014270626737e-12
1.457892390296860548e-12
1.457892390291848795e-12
1.457892390375926373e-12
1.457892390350228642e-12
9.081494091102580631e-13
1.457892390296384152e-12
1.457892390291848795e-12
1.457892390375926373e-12
1.457892390350379094e-12
7.733440301221226944e-13
1.457892390293530217e-12
1.457892390291848795e-12
1.457892390375926373e-12
1.457892390708728639e-12
7.731308302550823999e-13
1.457892390296305998e-12
1.457892390291848795e-12
1.457892390375926373e-12
1.457892390753380438e-12
7.730050223802537816e-13
1.457892390293556269e-12
1.457892390291848795e-12
1.457892390375926373e-12
1.457892390760877368e-12
7.730095932508007642e-13
1.457892390296335079e-12
1.457892390291848795e-12
1.457892390375926373e-12
1.457892390756613632e-12
9.077893656808297936e-13
1.457892390296419291e-12
1.457892390291848795e-12
1.457892390375926373e-12
1.457892390733084625e-12
1.410508070197947462e-12
1.457892390290511897e-12
1.457892390291848795e-12
1.457892390375926373e-12
1.457892390685691578e-12
2.071444185768086453e-12
1.457892390285102103e-12
1.457892390291848795e-12
1.457892390375926373e-12
1.457892390615973339e-12
2.866965595172423024e-12
1.457892390272344014e-12
1.457892390291848795e-12
1.457892390375926373e-12
1.457892390523752192e-12
3.732550142284015595e-12
1.457892390249672277e-12
1.457892390291848795e-12
1.457892390375926373e-12
1.457892390371862969e-12
5.046189586934088193e-12
1.457892390221454231e-12
1.457892390291848795e-12
1.457892390375926373e-12
1.457892390372093594e-12
5.047725784213775339e-12
1.457892390221338514e-12
1.457892390291848795e-12
1.457892390375926373e-12
1.457892390371761591e-12
5.046189586916721439e-12
1.457892390221396473e-12
1.457892390291848795e-12
1.457892390375926373e-12
1.457892390524154069e-12
3.732550142269392108e-12
1.457892390249672277e-12
1.457892390291848795e-12
1.457892390375926373e-12
1.457892390618496078e-12
2.866965595162885002e-12
1.457892390269609834e-12
1.457892390291848795e-12
1.457892390375926373e-12
1.457892390688248043e-12
2.071444185765752334e-12
1.457892390282522011e-12
1.457892390291848795e-12
1.457892390375926373e-12
1.457892390730423753e-12
1.410508070193745724e-12
1.457892390290522600e-12
1.457892390291848795e-12
1.457892390375926373e-12
1.457892390754039194e-12
9.077893656804938525e-13
1.457892390293836977e-12
1.457892390291848795e-12
1.457892390375926373e-12
1.457892390760158028e-12
7.730095932497494208e-13
1.457892390296457056e-12
1.457892390291848795e-12
1.457892390375926373e-12
1.457892390760011010e-12
7.730050223796873164e-13
1.457892390294568838e-12
1.457892390291848795e-12
1.457892390375926373e-12
1.457892390760461758e-12
7.731308302570104012e-13
1.457892390288087102e-12
1.457892390291848795e-12
1.457892390375926373e-12
1.457892390759936087e-12
7.733440301342945279e-13
1.457892390215106791e-12
1.457892390291848795e-12
1.457892390375926373e-12
1.457892390751554623e-12
9.081494091364895436e-13
1.457892390218763874e-12
1.457892390291848795e-12
1.457892390375926373e-12
1.457892390749130838e-12
1.044905014302828822e-12
1.457892390217316712e-12
1.457892390291848795e-12
1.457892390375926373e-12
1.457892390744719477e-12
1.182677695920121107e-12
1.457892390218941791e-12
1.457892390291848795e-12
1.457892390375926373e-12
1.457892390737879283e-12
1.320589072798271595e-12
1.457892390219269149e-12
1.457892390291848795e-12
1.457892390375926373e-12
1.457892390729968965e-12
1.457865003103790946e-12
1.457892390259581279e-12
1.457892390291848795e-12
1.457892390375926373e-12
1.457892390732907920e-12
1.457878723460025893e-12
1.457892390161245539e-12
1.457892390291848795e-12
1.457892390375926373e-12
1.457892390730134361e-12
1.457885993795024667e-12
1.457892389811689029e-12
1.457892390291848795e-12
1.457892390375926373e-12
1.457892390729930393e-12
1.457889578076657614e-12
1.457892388575196589e-12
1.457892390291848795e-12
1.457892390375926373e-12
1.457892390727393719e-12
1.457891227372426962e-12
1.457892384429404113e-12
1.457892390291848795e-12
1.457892390375926373e-12
1.457892390732820476e-12
1.457891937521917528e-12
1.457892371375841956e-12
1.457892390291848795e-12
1.457892390375926373e-12
1.457892390732734648e-12
1.457892224245276686e-12
1.457892332560545798e-12
1.457892390291848795e-12
1.457892390375926373e-12
1.457892390730229074e-12
1.457892333000655361e-12
1.457892223806167373e-12
1.457892390291848795e-12
1.457892390375926373e-12
1.457892390730185050e-12
1.457892371816725385e-12
1.457891937079112964e-12
1.457892390291848795e-12
1.457892390375926373e-12
1.457892390730261790e-12
1.457892384871535382e-12
1.457891226935856342e-12
1.457892390291848795e-12
1.457892390375926373e-12
1.457892390730320355e-12
1.457892389011296870e-12
1.457889577635132594e-12
1.457892390291848795e-12
1.457892390375926373e-12
1.457892390730320355e-12
1.457892390256791766e-12
1.457885993352783135e-12
1.457892390291848795e-12
1.457892390375926373e-12
1.457892390730320355e-12
1.457892390608415824e-12
1.457878723019257574e-12
1.457892390291848795e-12
1.457892390375926373e-12
1.457892390730320355e-12
1.457892390699215254e-12
1.457865002664774327e-12
1.457892390291848795e-12
1.457892390375926373e-12
1.457892390730320355e-12
1.457892390658340294e-12
1.320589072360234628e-12
1.457892390291848795e-12
1.457892390375926373e-12
1.457892390730320355e-12
1.457892390655623886e-12
1.182677695485982754e-12
1.457892390291848795e-12
1.457892390375926373e-12
1.457892390730320355e-12
1.457892390660379568e-12
1.044905013878694992e-12
1.457892390291848795e-12
1.457892390375926373e-12
1.457892390730320355e-12
1.457892390660807699e-12
9.081494087276215986e-13
1.457892390291848795e-12
1.457892390375926373e-12
1.457892390730320355e-12
1.457892390656666141e-12
7.733440297414551257e-13
1.457892390291848795e-12
1.457892390375926373e-12
1.457892390730320355e-12
1.457892390729235084e-12
7.731308298673624904e-13
1.457892390291848795e-12
1.457892390375926373e-12
1.457892390730320355e-12
1.457892390739070779e-12
7.730050219903231430e-13
1.457892390291848795e-12
1.457892390375926373e-12
1.457892390730320355e-12
1.457892390740897200e-12
7.730095928609398988e-13
1.457892390291848795e-12
1.457892390375926373e-12
1.457892390730320355e-12
1.457892390738427573e-12
9.077893652743554419e-13
1.457892390291848795e-12
1.457892390375926373e-12
1.457892390730320355e-12
1.457892390732307123e-12
1.410508069685083164e-12
1.457892390291848795e-12
1.457892390375926373e-12
1.457892390730320355e-12
1.457892390721667068e-12
2.071444185196373787e-12
1.457892390291848795e-12
1.457892390375926373e-12
1.457892390730320355e-12
1.457892390708756306e-12
2.866965594571262648e-12
1.457892390291848795e-12
1.457892390375926373e-12
1.457892390730320355e-12
1.457892390688770887e-12
3.732550141600845996e-12
1.457892390291848795e-12
1.457892390375926373e-12
1.457892390730320355e-12
1.457892390660872726e-12
5.046189584751824987e-12
1.457892390291848795e-12
1.457892390375926373e-12
1.457892390730320355e-12
1.457892390660991876e-12
5.047725782053447767e-12
1.457892390291848795e-12
1.457892390375926373e-12
1.457892390730320355e-12
1.457892390660771348e-12
5.046189584758112852e-12
1.457892390291848795e-12
1.457892390375926373e-12
1.457892390730320355e-12
1.457892390691428730e-12
3.732550141584682047e-12
1.457892390291848795e-12
1.457892390375926373e-12
1.457892390730320355e-12
1.457892390708833046e-12
2.866965594562732752e-12
1.457892390291848795e-12
1.457892390375926373e-12
1.457892390730320355e-12
1.457892390721484305e-12
2.071444185190255559e-12
1.457892390291848795e-12
1.457892390375926373e-12
1.457892390730320355e-12
1.457892390732583187e-12
1.410508069684964620e-12
1.457892390291848795e-12
1.457892390375926373e-12
1.457892390730320355e-12
1.457892390738169281e-12
9.077893652732681517e-13
1.457892390291848795e-12
1.457892390375926373e-12
1.457892390730320355e-12
1.457892390738179984e-12
7.730095928612903802e-13
1.457892390291848795e-12
1.457892390375926373e-12
1.457892390730320355e-12
1.457892390738384760e-12
7.730050219913759000e-13
1.457892390291848795e-12
1.457892390375926373e-12
1.457892390730320355e-12
1.457892390735550818e-12
7.731308298682795381e-13
1.457892390291848795e-12
1.457892390375926373e-12
1.457892390730320355e-12
1.457892390738536827e-12
7.733440297473087008e-13
1.457892390291848795e-12
1.457892390375926373e-12
1.457892390730320355e-12
1.457892390738296509e-12
9.081494087325168276e-13
1.457892390291848795e-12
1.457892390375926373e-12
1.457892390730320355e-12
1.457892390733321308e-12
1.044905013888397401e-12
1.457892390291848795e-12
1.457892390375926373e-12
1.457892390730320355e-12
1.457892390736427072e-12
1.182677695496634118e-12
1.457892390291848795e-12
1.457892390375926373e-12
1.457892390730320355e-12
1.457892390736704146e-12
1.320589072368708786e-12
1.457892390291848795e-12
1.457892390375926373e-12
1.457892390730320355e-12
1.457892390730574204e-12
1.457865002664894083e-12
1.457892390291848795e-12
1.457892390375926373e-12
1.457892390730320355e-12
1.457892390730785038e-12
1.457878723022063849e-12
1.457892390291848795e-12
1.457892390375926373e-12
1.457892390730320355e-12
1.457892390730206658e-12
1.457885993352608247e-12
1.457892390291848795e-12
1.457892390375926373e-12
1.457892390730320355e-12
1.457892390730453439e-12
1.457889577638115574e-12
1.457892390291848795e-12
1.457892390375926373e-12
1.457892390730320355e-12
1.457892390733129053e-12
1.457891226935891077e-12
1.457892390291848795e-12
1.457892390375926373e-12
1.457892390730320355e-12
1.457892390730623681e-12
1.457891937076409077e-12
1.457892390291848795e-12
1.457892390375926373e-12
1.457892390730320355e-12
1.457892390730623681e-12
1.457892223806399614e-12
1.457892390291848795e-12
1.457892390375926373e-12
1.457892390730320355e-12
1.457892390727907880e-12
1.457892332560572455e-12
1.457892390291848795e-12
1.457892390375926373e-12
1.457892390730320355e-12
1.457892390733190849e-12
1.457892371375802576e-12
1.457892390291848795e-12
1.457892390375926373e-12
1.457892390730320355e-12
1.457892390733190849e-12
1.457892384432019547e-12
1.457892390291848795e-12
1.457892390375926373e-12
1.457892390730320355e-12
1.457892390733190849e-12
1.457892388575052397e-12
1.457892390291848795e-12
1.457892390375926373e-12
1.457892390730320355e-12
1.457892390733190849e-12
1.457892389814267506e-12
1.457892390291848795e-12
1.457892390375926373e-12
1.457892390730320355e-12
1.457892390733190849e-12
1.457892390166283546e-12
1.457892390291848795e-12
1.457892390375926373e-12
1.457892390730320355e-12
1.457892390733190849e-12
1.457892390259597637e-12
1.457892390291848795e-12
1.457892390375926373e-12
1.457892390730320355e-12
1.457892390733190849e-12
1.457892390284614196e-12
1.457892390291848795e-12
1.457892390375926373e-12
1.457892390730320355e-12
1.457892390733190849e-12
1.457892390290599744e-12
1.457892390291848795e-12
1.457892390375926373e-12
1.457892390730320355e-12
1.457892390733190849e-12
1.457892390294654868e-12
1.457892390291848795e-12
1.457892390375926373e-12
1.457892390730320355e-12
1.457892390733190849e-12
1.457892390291621603e-12
1.457892390291848795e-12
1.457892390375926373e-12
1.457892390730320355e-12
1.457892390733190849e-12
1.457892390288890857e-12
1.457892390291848795e-12
1.457892390375926373e-12
1.457892390730320355e-12
1.457892390733190849e-12
1.457892390291581012e-12
1.457892390291848795e-12
1.457892390375926373e-12
1.457892390730320355e-12
1.457892390733190849e-12
1.457892390294293986e-12
1.457892390291848795e-12
1.457892390375926373e-12
1.457892390730320355e-12
1.457892390733190849e-12
1.457892390294161306e-12
1.457892390291848795e-12
1.457892390375926373e-12
1.457892390730320355e-12
1.457892390733190849e-12
1.457892390288897319e-12
1.457892390291848795e-12
1.457892390375926373e-12
1.457892390730320355e-12
1.457892390733190849e-12
1.457892390288897319e-12
1.457892390291848795e-12
1.457892390375926373e-12
1.457892390730320355e-12
1.457892390733190849e-12
1.457892390288897319e-12
1.457892390291848795e-12
1.457892390375926373e-12
1.457892390730320355e-12
1.457892390733190849e-12
1.457892390288897319e-12
1.457892390291848795e-12
1.457892390375926373e-12
1.457892390730320355e-12
1.457892390733190849e-12
1.457892390288897319e-12
1.457892390291848795e-12
1.457892390375926373e-12
1.457892390730320355e-12
1.457892390733190849e-12
1.457892390288897319e-12
