0.000000000000000000e+00 0.000000000000000000e+00 0.000000000000000000e+00 0.000000000000000000e+00 0.000000000000000000e+00
0.000000000000000000e+00 0.000000000000000000e+00 0.000000000000000000e+00 0.000000000000000000e+00 0.000000000000000000e+00
0.000000000000000000e+00 0.000000000000000000e+00 0.000000000000000000e+00 0.000000000000000000e+00 0.000000000000000000e+00
0.000000000000000000e+00 0.000000000000000000e+00 0.000000000000000000e+00 0.000000000000000000e+00 0.000000000000000000e+00
0.000000000000000000e+00 0.000000000000000000e+00 0.000000000000000000e+00 0.000000000000000000e+00 0.000000000000000000e+00
0.000000000000000000e+00 0.000000000000000000e+00 0.000000000000000000e+00 0.000000000000000000e+00 0.000000000000000000e+00
0.000000000000000000e+00 0.000000000000000000e+00 0.000000000000000000e+00 0.000000000000000000e+00 0.000000000000000000e+00
0.000000000000000000e+00 0.000000000000000000e+00 0.000000000000000000e+00 0.000000000000000000e+00 0.000000000000000000e+00
0.000000000000000000e+00 0.000000000000000000e+00 0.000000000000000000e+00 0.000000000000000000e+00 0.000000000000000000e+00
0.000000000000000000e+00 0.000000000000000000e+00 0.000000000000000000e+00 0.000000000000000000e+00 0.000000000000000000e+00
0.000000000000000000e+00 0.000000000000000000e+00 0.000000000000000000e+00 0.000000000000000000e+00 0.000000000000000000e+00
0.000000000000000000e+00 0.000000000000000000e+00 0.000000000000000000e+00 0.000000000000000000e+00 0.000000000000000000e+00
0.000000000000000000e+00 0.000000000000000000e+00 0.000000000000000000e+00 0.000000000000000000e+00 0.000000000000000000e+00
0.000000000000000000e+00 0.000000000000000000e+00 0.000000000000000000e+00 0.000000000000000000e+00 0.000000000000000000e+00
0.000000000000000000e+00 0.000000000000000000e+00 0.000000000000000000e+00 0.000000000000000000e+00 0.000000000000000000e+00
0.000000000000000000e+00 0.000000000000000000e+00 0.000000000000000000e+00 0.000000000000000000e+00 0.000000000000000000e+00
0.000000000000000000e+00 0.000000000000000000e+00 0.000000000000000000e+00 0.000000000000000000e+00 0.000000000000000000e+00
0.000000000000000000e+00 0.000000000000000000e+00 0.000000000000000000e+00 0.000000000000000000e+00 0.000000000000000000e+00
0.000000000000000000e+00 0.000000000000000000e+00 0.000000000000000000e+00 0.000000000000000000e+00 0.000000000000000000e+00
0.000000000000000000e+00 0.000000000000000000e+00 0.000000000000000000e+00 0.000000000000000000e+00 0.000000000000000000e+00
0.000000000000000000e+00 0.000000000000000000e+00 0.000000000000000000e+00 0.000000000000000000e+00 0.000000000000000000e+00
0.000000000000000000e+00 0.000000000000000000e+00 0.000000000000000000e+00 0.000000000000000000e+00 0.000000000000000000e+00
0.000000000000000000e+00 0.000000000000000000e+00 0.000000000000000000e+00 0.000000000000000000e+00 0.000000000000000000e+00
0.000000000000000000e+00 0.000000000000000000e+00 0.000000000000000000e+00 0.000000000000000000e+00 0.000000000000000000e+00
0.000000000000000000e+00 0.000000000000000000e+00 0.000000000000000000e+00 0.000000000000000000e+00 0.000000000000000000e+00
0.000000000000000000e+00 0.000000000000000000e+00 0.000000000000000000e+00 0.000000000000000000e+00 0.000000000000000000e+00
0.000000000000000000e+00 0.000000000000000000e+00 0.000000000000000000e+00 0.000000000000000000e+00 0.000000000000000000e+00
0.000000000000000000e+00 0.000000000000000000e+00 0.000000000000000000e+00 0.000000000000000000e+00 0.000000000000000000e+00
0.000000000000000000e+00 0.000000000000000000e+00 0.000000000000000000e+00 0.000000000000000000e+00 0.000000000000000000e+00
0.000000000000000000e+00 0.000000000000000000e+00 0.000000000000000000e+00 0.000000000000000000e+00 0.000000000000000000e+00
0.000000000000000000e+00 0.000000000000000000e+00 0.000000000000000000e+00 0.000000000000000000e+00 0.000000000000000000e+00
0.000000000000000000e+00 0.000000000000000000e+00 0.000000000000000000e+00 0.000000000000000000e+00 0.000000000000000000e+00
0.000000000000000000e+00 0.000000000000000000e+00 0.000000000000000000e+00 0.000000000000000000e+00 0.000000000000000000e+00
0.000000000000000000e+00 0.000000000000000000e+00 0.000000000000000000e+00 0.000000000000000000e+00 0.000000000000000000e+00
0.000000000000000000e+00 0.000000000000000000e+00 0.000000000000000000e+00 0.000000000000000000e+00 0.000000000000000000e+00
0.000000000000000000e+00 0.000000000000000000e+00 0.000000000000000000e+00 0.000000000000000000e+00 0.000000000000000000e+00
0.000000000000000000e+00 0.000000000000000000e+00 0.000000000000000000e+00 0.000000000000000000e+00 0.000000000000000000e+00
0.000000000000000000e+00 0.000000000000000000e+00 0.000000000000000000e+00 0.000000000000000000e+00 0.000000000000000000e+00
0.000000000000000000e+00 0.000000000000000000e+00 0.000000000000000000e+00 0.000000000000000000e+00 0.000000000000000000e+00
0.000000000000000000e+00 0.000000000000000000e+00 0.000000000000000000e+00 0.000000000000000000e+00 0.000000000000000000e+00
0.000000000000000000e+00 0.000000000000000000e+00 0.000000000000000000e+00 0.000000000000000000e+00 0.000000000000000000e+00
0.000000000000000000e+00 0.000000000000000000e+00 0.000000000000000000e+00 0.000000000000000000e+00 0.000000000000000000e+00
0.000000000000000000e+00 0.000000000000000000e+00 0.000000000000000000e+00 0.000000000000000000e+00 0.000000000000000000e+00
0.000000000000000000e+00 0.000000000000000000e+00 0.000000000000000000e+00 0.000000000000000000e+00 0.000000000000000000e+00
0.000000000000000000e+00 0.000000000000000000e+00 0.000000000000000000e+00 0.000000000000000000e+00 0.000000000000000000e+00
0.000000000000000000e+00 0.000000000000000000e+00 0.000000000000000000e+00 0.000000000000000000e+00 0.000000000000000000e+00
0.000000000000000000e+00 0.000000000000000000e+00 0.000000000000000000e+00 0.000000000000000000e+00 0.000000000000000000e+00
0.000000000000000000e+00 0.000000000000000000e+00 0.000000000000000000e+00 0.000000000000000000e+00 0.000000000000000000e+00
0.000000000000000000e+00 0.000000000000000000e+00 0.000000000000000000e+00 0.000000000000000000e+00 0.000000000000000000e+00
0.000000000000000000e+00 0.000000000000000000e+00 0.000000000000000000e+00 0.000000000000000000e+00 0.000000000000000000e+00
0.000000000000000000e+00 0.000000000000000000e+00 0.000000000000000000e+00 0.000000000000000000e+00 0.000000000000000000e+00
0.000000000000000000e+00 0.000000000000000000e+00 0.000000000000000000e+00 0.000000000000000000e+00 0.000000000000000000e+00
0.000000000000000000e+00 0.000000000000000000e+00 0.000000000000000000e+00 0.000000000000000000e+00 0.000000000000000000e+00
0.000000000000000000e+00 0.000000000000000000e+00 0.000000000000000000e+00 0.000000000000000000e+00 0.000000000000000000e+00
0.000000000000000000e+00 0.000000000000000000e+00 0.000000000000000000e+00 0.000000000000000000e+00 0.000000000000000000e+00
0.000000000000000000e+00 0.000000000000000000e+00 0.000000000000000000e+00 0.000000000000000000e+00 0.000000000000000000e+00
0.000000000000000000e+00 0.000000000000000000e+00 0.000000000000000000e+00 0.000000000000000000e+00 0.000000000000000000e+00
0.000000000000000000e+00 0.000000000000000000e+00 0.000000000000000000e+00 0.000000000000000000e+00 0.000000000000000000e+00
0.000000000000000000e+00 0.000000000000000000e+00 0.000000000000000000e+00 0.000000000000000000e+00 0.000000000000000000e+00
0.000000000000000000e+00 0.000000000000000000e+00 0.000000000000000000e+00 0.000000000000000000e+00 0.000000000000000000e+00
0.000000000000000000e+00 0.000000000000000000e+00 0.000000000000000000e+00 0.000000000000000000e+00 0.000000000000000000e+00
0.000000000000000000e+00 0.000000000000000000e+00 0.000000000000000000e+00 0.000000000000000000e+00 0.000000000000000000e+00
0.000000000000000000e+00 0.000000000000000000e+00 0.000000000000000000e+00 0.000000000000000000e+00 0.000000000000000000e+00
0.000000000000000000e+00 0.000000000000000000e+00 0.000000000000000000e+00 0.000000000000000000e+00 0.000000000000000000e+00
0.000000000000000000e+00 0.000000000000000000e+00 0.000000000000000000e+00 0.000000000000000000e+00 0.000000000000000000e+00
0.000000000000000000e+00 0.000000000000000000e+00 0.000000000000000000e+00 0.000000000000000000e+00 0.000000000000000000e+00
0.000000000000000000e+00 0.000000000000000000e+00 0.000000000000000000e+00 0.000000000000000000e+00 0.000000000000000000e+00
0.000000000000000000e+00 0.000000000000000000e+00 0.000000000000000000e+00 0.000000000000000000e+00 0.000000000000000000e+00
0.000000000000000000e+00 0.000000000000000000e+00 0.000000000000000000e+00 0.000000000000000000e+00 0.000000000000000000e+00
0.000000000000000000e+00 0.000000000000000000e+00 0.000000000000000000e+00 0.000000000000000000e+00 0.000000000000000000e+00
0.000000000000000000e+00 0.000000000000000000e+00 0.000000000000000000e+00 0.000000000000000000e+00 0.000000000000000000e+00
0.000000000000000000e+00 0.000000000000000000e+00 0.000000000000000000e+00 0.000000000000000000e+00 0.000000000000000000e+00
0.000000000000000000e+00 0.000000000000000000e+00 0.000000000000000000e+00 0.000000000000000000e+00 0.000000000000000000e+00
0.000000000000000000e+00 0.000000000000000000e+00 0.000000000000000000e+00 0.000000000000000000e+00 0.000000000000000000e+00
0.000000000000000000e+00 0.000000000000000000e+00 0.000000000000000000e+00 0.000000000000000000e+00 0.000000000000000000e+00
0.000000000000000000e+00 0.000000000000000000e+00 0.000000000000000000e+00 0.000000000000000000e+00 0.000000000000000000e+00
0.000000000000000000e+00 0.000000000000000000e+00 0.000000000000000000e+00 0.000000000000000000e+00 0.000000000000000000e+00
0.000000000000000000e+00 0.000000000000000000e+00 0.000000000000000000e+00 0.000000000000000000e+00 0.000000000000000000e+00
0.000000000000000000e+00 0.000000000000000000e+00 0.000000000000000000e+00 0.000000000000000000e+00 0.000000000000000000e+00
0.000000000000000000e+00 0.000000000000000000e+00 0.000000000000000000e+00 0.000000000000000000e+00 0.000000000000000000e+00
0.000000000000000000e+00 0.000000000000000000e+00 0.000000000000000000e+00 0.000000000000000000e+00 0.000000000000000000e+00
0.000000000000000000e+00 0.000000000000000000e+00 0.000000000000000000e+00 0.000000000000000000e+00 0.000000000000000000e+00
0.000000000000000000e+00 0.000000000000000000e+00 0.000000000000000000e+00 0.000000000000000000e+00 0.000000000000000000e+00
0.000000000000000000e+00 0.000000000000000000e+00 0.000000000000000000e+00 0.000000000000000000e+00 0.000000000000000000e+00
0.000000000000000000e+00 0.000000000000000000e+00 0.000000000000000000e+00 0.000000000000000000e+00 0.000000000000000000e+00
0.000000000000000000e+00 0.000000000000000000e+00 0.000000000000000000e+00 0.000000000000000000e+00 0.000000000000000000e+00
0.000000000000000000e+00 0.000000000000000000e+00 0.000000000000000000e+00 0.000000000000000000e+00 0.000000000000000000e+00
0.000000000000000000e+00 0.000000000000000000e+00 0.000000000000000000e+00 0.000000000000000000e+00 0.000000000000000000e+00
0.000000000000000000e+00 0.000000000000000000e+00 0.000000000000000000e+00 0.000000000000000000e+00 0.000000000000000000e+00
0.000000000000000000e+00 0.000000000000000000e+00 0.000000000000000000e+00 0.000000000000000000e+00 0.000000000000000000e+00
0.000000000000000000e+00 0.000000000000000000e+00 0.000000000000000000e+00 0.000000000000000000e+00 0.000000000000000000e+00
0.000000000000000000e+00 0.000000000000000000e+00 0.000000000000000000e+00 0.000000000000000000e+00 0.000000000000000000e+00
0.000000000000000000e+00 0.000000000000000000e+00 0.000000000000000000e+00 0.000000000000000000e+00 0.000000000000000000e+00
0.000000000000000000e+00 0.000000000000000000e+00 0.000000000000000000e+00 0.000000000000000000e+00 0.000000000000000000e+00
0.000000000000000000e+00 0.000000000000000000e+00 0.000000000000000000e+00 0.000000000000000000e+00 0.000000000000000000e+00
0.000000000000000000e+00 0.000000000000000000e+00 0.000000000000000000e+00 0.000000000000000000e+00 0.000000000000000000e+00
0.000000000000000000e+00 0.000000000000000000e+00 0.000000000000000000e+00 0.000000000000000000e+00 0.000000000000000000e+00
0.000000000000000000e+00 0.000000000000000000e+00 0.000000000000000000e+00 0.000000000000000000e+00 0.000000000000000000e+00
0.000000000000000000e+00 0.000000000000000000e+00 0.000000000000000000e+00 0.000000000000000000e+00 0.000000000000000000e+00
0.000000000000000000e+00 0.000000000000000000e+00 0.000000000000000000e+00 0.000000000000000000e+00 0.000000000000000000e+00
0.000000000000000000e+00 0.000000000000000000e+00 0.000000000000000000e+00 0.000000000000000000e+00 0.000000000000000000e+00
0.000000000000000000e+00 0.000000000000000000e+00 0.000000000000000000e+00 0.000000000000000000e+00 0.000000000000000000e+00
0.000000000000000000e+00 0.000000000000000000e+00 0.000000000000000000e+00 0.000000000000000000e+00 0.000000000000000000e+00
0.000000000000000000e+00 0.000000000000000000e+00 0.000000000000000000e+00 0.000000000000000000e+00 0.000000000000000000e+00
0.000000000000000000e+00 0.000000000000000000e+00 0.000000000000000000e+00 0.000000000000000000e+00 0.000000000000000000e+00
0.000000000000000000e+00 0.000000000000000000e+00 0.000000000000000000e+00 0.000000000000000000e+00 0.000000000000000000e+00
0.000000000000000000e+00 0.000000000000000000e+00 0.000000000000000000e+00 0.000000000000000000e+00 0.000000000000000000e+00
0.000000000000000000e+00 0.000000000000000000e+00 0.000000000000000000e+00 0.000000000000000000e+00 0.000000000000000000e+00
0.000000000000000000e+00 0.000000000000000000e+00 0.000000000000000000e+00 0.000000000000000000e+00 0.000000000000000000e+00
0.000000000000000000e+00 0.000000000000000000e+00 0.000000000000000000e+00 0.000000000000000000e+00 0.000000000000000000e+00
0.000000000000000000e+00 0.000000000000000000e+00 0.000000000000000000e+00 0.000000000000000000e+00 0.000000000000000000e+00
0.000000000000000000e+00 0.000000000000000000e+00 0.000000000000000000e+00 0.000000000000000000e+00 0.000000000000000000e+00
0.000000000000000000e+00 0.000000000000000000e+00 0.000000000000000000e+00 0.000000000000000000e+00 0.000000000000000000e+00
0.000000000000000000e+00 0.000000000000000000e+00 0.000000000000000000e+00 0.000000000000000000e+00 0.000000000000000000e+00
0.000000000000000000e+00 0.000000000000000000e+00 0.000000000000000000e+00 0.000000000000000000e+00 0.000000000000000000e+00
0.000000000000000000e+00 0.000000000000000000e+00 0.000000000000000000e+00 0.000000000000000000e+00 0.000000000000000000e+00
0.000000000000000000e+00 0.000000000000000000e+00 0.000000000000000000e+00 0.000000000000000000e+00 0.000000000000000000e+00
0.000000000000000000e+00 0.000000000000000000e+00 0.000000000000000000e+00 0.000000000000000000e+00 0.000000000000000000e+00
0.000000000000000000e+00 0.000000000000000000e+00 0.000000000000000000e+00 0.000000000000000000e+00 0.000000000000000000e+00
0.000000000000000000e+00 0.000000000000000000e+00 0.000000000000000000e+00 0.000000000000000000e+00 0.000000000000000000e+00
0.000000000000000000e+00 0.000000000000000000e+00 0.000000000000000000e+00 0.000000000000000000e+00 0.000000000000000000e+00
0.000000000000000000e+00 0.000000000000000000e+00 0.000000000000000000e+00 0.000000000000000000e+00 0.000000000000000000e+00
0.000000000000000000e+00 0.000000000000000000e+00 0.000000000000000000e+00 0.000000000000000000e+00 0.000000000000000000e+00
0.000000000000000000e+00 0.000000000000000000e+00 0.000000000000000000e+00 0.000000000000000000e+00 0.000000000000000000e+00
0.000000000000000000e+00 0.000000000000000000e+00 0.000000000000000000e+00 0.000000000000000000e+00 0.000000000000000000e+00
0.000000000000000000e+00 0.000000000000000000e+00 0.000000000000000000e+00 0.000000000000000000e+00 0.000000000000000000e+00
0.000000000000000000e+00 0.000000000000000000e+00 0.000000000000000000e+00 0.000000000000000000e+00 0.000000000000000000e+00
0.000000000000000000e+00 0.000000000000000000e+00 0.000000000000000000e+00 0.000000000000000000e+00 0.000000000000000000e+00
0.000000000000000000e+00 0.000000000000000000e+00 0.000000000000000000e+00 0.000000000000000000e+00 0.000000000000000000e+00
0.000000000000000000e+00 0.000000000000000000e+00 0.000000000000000000e+00 0.000000000000000000e+00 0.000000000000000000e+00
0.000000000000000000e+00 0.000000000000000000e+00 0.000000000000000000e+00 0.000000000000000000e+00 0.000000000000000000e+00
0.000000000000000000e+00 0.000000000000000000e+00 0.000000000000000000e+00 0.000000000000000000e+00 0.000000000000000000e+00
0.000000000000000000e+00 0.000000000000000000e+00 0.000000000000000000e+00 0.000000000000000000e+00 0.000000000000000000e+00
0.000000000000000000e+00 0.000000000000000000e+00 0.000000000000000000e+00 0.000000000000000000e+00 0.000000000000000000e+00
0.000000000000000000e+00 0.000000000000000000e+00 0.000000000000000000e+00 0.000000000000000000e+00 0.000000000000000000e+00
0.000000000000000000e+00 0.000000000000000000e+00 0.000000000000000000e+00 0.000000000000000000e+00 0.000000000000000000e+00
0.000000000000000000e+00 0.000000000000000000e+00 0.000000000000000000e+00 0.000000000000000000e+00 0.000000000000000000e+00
0.000000000000000000e+00 0.000000000000000000e+00 0.000000000000000000e+00 0.000000000000000000e+00 0.000000000000000000e+00
0.000000000000000000e+00 0.000000000000000000e+00 0.000000000000000000e+00 0.000000000000000000e+00 0.000000000000000000e+00
0.000000000000000000e+00 0.000000000000000000e+00 0.000000000000000000e+00 0.000000000000000000e+00 0.000000000000000000e+00
0.000000000000000000e+00 0.000000000000000000e+00 0.000000000000000000e+00 0.000000000000000000e+00 0.000000000000000000e+00
0.000000000000000000e+00 0.000000000000000000e+00 0.000000000000000000e+00 0.000000000000000000e+00 0.000000000000000000e+00
0.000000000000000000e+00 0.000000000000000000e+00 0.000000000000000000e+00 0.000000000000000000e+00 0.000000000000000000e+00
0.000000000000000000e+00 0.000000000000000000e+00 0.000000000000000000e+00 0.000000000000000000e+00 0.000000000000000000e+00
0.000000000000000000e+00 0.000000000000000000e+00 0.000000000000000000e+00 0.000000000000000000e+00 0.000000000000000000e+00
0.000000000000000000e+00 0.000000000000000000e+00 0.000000000000000000e+00 0.000000000000000000e+00 0.000000000000000000e+00
0.000000000000000000e+00 0.000000000000000000e+00 0.000000000000000000e+00 0.000000000000000000e+00 0.000000000000000000e+00
0.000000000000000000e+00 0.000000000000000000e+00 0.000000000000000000e+00 0.000000000000000000e+00 0.000000000000000000e+00
0.000000000000000000e+00 0.000000000000000000e+00 0.000000000000000000e+00 0.000000000000000000e+00 0.000000000000000000e+00
0.000000000000000000e+00 0.000000000000000000e+00 0.000000000000000000e+00 0.000000000000000000e+00 0.000000000000000000e+00
0.000000000000000000e+00 0.000000000000000000e+00 0.000000000000000000e+00 0.000000000000000000e+00 0.000000000000000000e+00
0.000000000000000000e+00 0.000000000000000000e+00 0.000000000000000000e+00 0.000000000000000000e+00 0.000000000000000000e+00
0.000000000000000000e+00 0.000000000000000000e+00 0.000000000000000000e+00 0.000000000000000000e+00 0.000000000000000000e+00
0.000000000000000000e+00 0.000000000000000000e+00 0.000000000000000000e+00 0.000000000000000000e+00 0.000000000000000000e+00
0.000000000000000000e+00 0.000000000000000000e+00 0.000000000000000000e+00 0.000000000000000000e+00 0.000000000000000000e+00
0.000000000000000000e+00 0.000000000000000000e+00 0.000000000000000000e+00 0.000000000000000000e+00 0.000000000000000000e+00
0.000000000000000000e+00 0.000000000000000000e+00 0.000000000000000000e+00 0.000000000000000000e+00 0.000000000000000000e+00
0.000000000000000000e+00 0.000000000000000000e+00 0.000000000000000000e+00 0.000000000000000000e+00 0.000000000000000000e+00
0.000000000000000000e+00 0.000000000000000000e+00 0.000000000000000000e+00 0.000000000000000000e+00 0.000000000000000000e+00
0.000000000000000000e+00 0.000000000000000000e+00 0.000000000000000000e+00 0.000000000000000000e+00 0.000000000000000000e+00
0.000000000000000000e+00 0.000000000000000000e+00 0.000000000000000000e+00 0.000000000000000000e+00 0.000000000000000000e+00
0.000000000000000000e+00 0.000000000000000000e+00 0.000000000000000000e+00 0.000000000000000000e+00 0.000000000000000000e+00
0.000000000000000000e+00 0.000000000000000000e+00 0.000000000000000000e+00 0.000000000000000000e+00 0.000000000000000000e+00
0.000000000000000000e+00 0.000000000000000000e+00 0.000000000000000000e+00 0.000000000000000000e+00 0.000000000000000000e+00
0.000000000000000000e+00 0.000000000000000000e+00 0.000000000000000000e+00 0.000000000000000000e+00 0.000000000000000000e+00
0.000000000000000000e+00 0.000000000000000000e+00 0.000000000000000000e+00 0.000000000000000000e+00 0.000000000000000000e+00
0.000000000000000000e+00 0.000000000000000000e+00 0.000000000000000000e+00 0.000000000000000000e+00 0.000000000000000000e+00
0.000000000000000000e+00 0.000000000000000000e+00 0.000000000000000000e+00 0.000000000000000000e+00 0.000000000000000000e+00
0.000000000000000000e+00 0.000000000000000000e+00 0.000000000000000000e+00 0.000000000000000000e+00 0.000000000000000000e+00
0.000000000000000000e+00 0.000000000000000000e+00 0.000000000000000000e+00 0.000000000000000000e+00 0.000000000000000000e+00
0.000000000000000000e+00 0.000000000000000000e+00 0.000000000000000000e+00 0.000000000000000000e+00 0.000000000000000000e+00
0.000000000000000000e+00 0.000000000000000000e+00 0.000000000000000000e+00 0.000000000000000000e+00 0.000000000000000000e+00
0.000000000000000000e+00 0.000000000000000000e+00 0.000000000000000000e+00 0.000000000000000000e+00 0.000000000000000000e+00
0.000000000000000000e+00 0.000000000000000000e+00 0.000000000000000000e+00 0.000000000000000000e+00 0.000000000000000000e+00
0.000000000000000000e+00 0.000000000000000000e+00 0.000000000000000000e+00 0.000000000000000000e+00 0.000000000000000000e+00
0.000000000000000000e+00 0.000000000000000000e+00 0.000000000000000000e+00 0.000000000000000000e+00 0.000000000000000000e+00
0.000000000000000000e+00 0.000000000000000000e+00 0.000000000000000000e+00 0.000000000000000000e+00 0.000000000000000000e+00
0.000000000000000000e+00 0.000000000000000000e+00 0.000000000000000000e+00 0.000000000000000000e+00 0.000000000000000000e+00
0.000000000000000000e+00 0.000000000000000000e+00 0.000000000000000000e+00 0.000000000000000000e+00 0.000000000000000000e+00
0.000000000000000000e+00 0.000000000000000000e+00 0.000000000000000000e+00 0.000000000000000000e+00 0.000000000000000000e+00
0.000000000000000000e+00 0.000000000000000000e+00 0.000000000000000000e+00 0.000000000000000000e+00 0.000000000000000000e+00
0.000000000000000000e+00 0.000000000000000000e+00 0.000000000000000000e+00 0.000000000000000000e+00 0.000000000000000000e+00
0.000000000000000000e+00 0.000000000000000000e+00 0.000000000000000000e+00 0.000000000000000000e+00 0.000000000000000000e+00
0.000000000000000000e+00 0.000000000000000000e+00 0.000000000000000000e+00 0.000000000000000000e+00 0.000000000000000000e+00
0.000000000000000000e+00 0.000000000000000000e+00 0.000000000000000000e+00 0.000000000000000000e+00 0.000000000000000000e+00
0.000000000000000000e+00 0.000000000000000000e+00 0.000000000000000000e+00 0.000000000000000000e+00 0.000000000000000000e+00
0.000000000000000000e+00 0.000000000000000000e+00 0.000000000000000000e+00 0.000000000000000000e+00 0.000000000000000000e+00
0.000000000000000000e+00 0.000000000000000000e+00 0.000000000000000000e+00 0.000000000000000000e+00 0.000000000000000000e+00
0.000000000000000000e+00 0.000000000000000000e+00 0.000000000000000000e+00 0.000000000000000000e+00 0.000000000000000000e+00
0.000000000000000000e+00 0.000000000000000000e+00 0.000000000000000000e+00 0.000000000000000000e+00 0.000000000000000000e+00
0.000000000000000000e+00 0.000000000000000000e+00 0.000000000000000000e+00 0.000000000000000000e+00 0.000000000000000000e+00
0.000000000000000000e+00 0.000000000000000000e+00 0.000000000000000000e+00 0.000000000000000000e+00 0.000000000000000000e+00
0.000000000000000000e+00 0.000000000000000000e+00 0.000000000000000000e+00 0.000000000000000000e+00 0.000000000000000000e+00
0.000000000000000000e+00 0.000000000000000000e+00 0.000000000000000000e+00 0.000000000000000000e+00 0.000000000000000000e+00
0.000000000000000000e+00 0.000000000000000000e+00 0.000000000000000000e+00 0.000000000000000000e+00 0.000000000000000000e+00
0.000000000000000000e+00 0.000000000000000000e+00 0.000000000000000000e+00 0.000000000000000000e+00 0.000000000000000000e+00
0.000000000000000000e+00 0.000000000000000000e+00 0.000000000000000000e+00 0.000000000000000000e+00 0.000000000000000000e+00
0.000000000000000000e+00 0.000000000000000000e+00 0.000000000000000000e+00 0.000000000000000000e+00 0.000000000000000000e+00
0.000000000000000000e+00 0.000000000000000000e+00 0.000000000000000000e+00 0.000000000000000000e+00 0.000000000000000000e+00
0.000000000000000000e+00 0.000000000000000000e+00 0.000000000000000000e+00 0.000000000000000000e+00 0.000000000000000000e+00
0.000000000000000000e+00 0.000000000000000000e+00 0.000000000000000000e+00 0.000000000000000000e+00 0.000000000000000000e+00
0.000000000000000000e+00 0.000000000000000000e+00 0.000000000000000000e+00 0.000000000000000000e+00 0.000000000000000000e+00
0.000000000000000000e+00 0.000000000000000000e+00 0.000000000000000000e+00 0.000000000000000000e+00 0.000000000000000000e+00
0.000000000000000000e+00 0.000000000000000000e+00 0.000000000000000000e+00 0.000000000000000000e+00 0.000000000000000000e+00
0.000000000000000000e+00 0.000000000000000000e+00 0.000000000000000000e+00 0.000000000000000000e+00 0.000000000000000000e+00
0.000000000000000000e+00 0.000000000000000000e+00 0.000000000000000000e+00 0.000000000000000000e+00 0.000000000000000000e+00
0.000000000000000000e+00 0.000000000000000000e+00 0.000000000000000000e+00 0.000000000000000000e+00 0.000000000000000000e+00
0.000000000000000000e+00 0.000000000000000000e+00 0.000000000000000000e+00 0.000000000000000000e+00 0.000000000000000000e+00
0.000000000000000000e+00 0.000000000000000000e+00 0.000000000000000000e+00 0.000000000000000000e+00 0.000000000000000000e+00
0.000000000000000000e+00 0.000000000000000000e+00 0.000000000000000000e+00 0.000000000000000000e+00 0.000000000000000000e+00
0.000000000000000000e+00 0.000000000000000000e+00 0.000000000000000000e+00 0.000000000000000000e+00 0.000000000000000000e+00
0.000000000000000000e+00 0.000000000000000000e+00 0.000000000000000000e+00 0.000000000000000000e+00 0.000000000000000000e+00
0.000000000000000000e+00 0.000000000000000000e+00 0.000000000000000000e+00 0.000000000000000000e+00 0.000000000000000000e+00
0.000000000000000000e+00 0.000000000000000000e+00 0.000000000000000000e+00 0.000000000000000000e+00 0.000000000000000000e+00
0.000000000000000000e+00 0.000000000000000000e+00 0.000000000000000000e+00 0.000000000000000000e+00 0.000000000000000000e+00
0.000000000000000000e+00 0.000000000000000000e+00 0.000000000000000000e+00 0.000000000000000000e+00 0.000000000000000000e+00
0.000000000000000000e+00 0.000000000000000000e+00 0.000000000000000000e+00 0.000000000000000000e+00 0.000000000000000000e+00
0.000000000000000000e+00 0.000000000000000000e+00 0.000000000000000000e+00 0.000000000000000000e+00 0.000000000000000000e+00
0.000000000000000000e+00 0.000000000000000000e+00 0.000000000000000000e+00 0.000000000000000000e+00 0.000000000000000000e+00
0.000000000000000000e+00 0.000000000000000000e+00 0.000000000000000000e+00 0.000000000000000000e+00 0.000000000000000000e+00
0.000000000000000000e+00 0.000000000000000000e+00 0.000000000000000000e+00 0.000000000000000000e+00 0.000000000000000000e+00
0.000000000000000000e+00 0.000000000000000000e+00 0.000000000000000000e+00 0.000000000000000000e+00 0.000000000000000000e+00
0.000000000000000000e+00 0.000000000000000000e+00 0.000000000000000000e+00 0.000000000000000000e+00 0.000000000000000000e+00
0.000000000000000000e+00 0.000000000000000000e+00 0.000000000000000000e+00 0.000000000000000000e+00 0.000000000000000000e+00
0.000000000000000000e+00 0.000000000000000000e+00 0.000000000000000000e+00 0.000000000000000000e+00 0.000000000000000000e+00
0.000000000000000000e+00 0.000000000000000000e+00 0.000000000000000000e+00 0.000000000000000000e+00 0.000000000000000000e+00
0.000000000000000000e+00 0.000000000000000000e+00 0.000000000000000000e+00 0.000000000000000000e+00 0.000000000000000000e+00
0.000000000000000000e+00 0.000000000000000000e+00 0.000000000000000000e+00 0.000000000000000000e+00 0.000000000000000000e+00
0.000000000000000000e+00 0.000000000000000000e+00 0.000000000000000000e+00 0.000000000000000000e+00 0.000000000000000000e+00
0.000000000000000000e+00 0.000000000000000000e+00 0.000000000000000000e+00 0.000000000000000000e+00 0.000000000000000000e+00
0.000000000000000000e+00 0.000000000000000000e+00 0.000000000000000000e+00 0.000000000000000000e+00 0.000000000000000000e+00
0.000000000000000000e+00 0.000000000000000000e+00 0.000000000000000000e+00 0.000000000000000000e+00 0.000000000000000000e+00
0.000000000000000000e+00 0.000000000000000000e+00 0.000000000000000000e+00 0.000000000000000000e+00 0.000000000000000000e+00
0.000000000000000000e+00 0.000000000000000000e+00 0.000000000000000000e+00 0.000000000000000000e+00 0.000000000000000000e+00
0.000000000000000000e+00 0.000000000000000000e+00 0.000000000000000000e+00 0.000000000000000000e+00 0.000000000000000000e+00
0.000000000000000000e+00 0.000000000000000000e+00 0.000000000000000000e+00 0.000000000000000000e+00 0.000000000000000000e+00
0.000000000000000000e+00 0.000000000000000000e+00 0.000000000000000000e+00 0.000000000000000000e+00 0.000000000000000000e+00
0.000000000000000000e+00 0.000000000000000000e+00 0.000000000000000000e+00 0.000000000000000000e+00 0.000000000000000000e+00
0.000000000000000000e+00 0.000000000000000000e+00 0.000000000000000000e+00 0.000000000000000000e+00 0.000000000000000000e+00
0.000000000000000000e+00 0.000000000000000000e+00 0.000000000000000000e+00 0.000000000000000000e+00 0.000000000000000000e+00
0.000000000000000000e+00 0.000000000000000000e+00 0.000000000000000000e+00 0.000000000000000000e+00 0.000000000000000000e+00
0.000000000000000000e+00 0.000000000000000000e+00 0.000000000000000000e+00 0.000000000000000000e+00 0.000000000000000000e+00
0.000000000000000000e+00 0.000000000000000000e+00 0.000000000000000000e+00 0.000000000000000000e+00 0.000000000000000000e+00
0.000000000000000000e+00 0.000000000000000000e+00 0.000000000000000000e+00 0.000000000000000000e+00 0.000000000000000000e+00
0.000000000000000000e+00 0.000000000000000000e+00 0.000000000000000000e+00 0.000000000000000000e+00 0.000000000000000000e+00
0.000000000000000000e+00 0.000000000000000000e+00 0.000000000000000000e+00 0.000000000000000000e+00 0.000000000000000000e+00
0.000000000000000000e+00 0.000000000000000000e+00 0.000000000000000000e+00 0.000000000000000000e+00 0.000000000000000000e+00
0.000000000000000000e+00 0.000000000000000000e+00 0.000000000000000000e+00 0.000000000000000000e+00 0.000000000000000000e+00
0.000000000000000000e+00 0.000000000000000000e+00 0.000000000000000000e+00 0.000000000000000000e+00 0.000000000000000000e+00
0.000000000000000000e+00 0.000000000000000000e+00 0.000000000000000000e+00 0.000000000000000000e+00 0.000000000000000000e+00
0.000000000000000000e+00 0.000000000000000000e+00 0.000000000000000000e+00 0.000000000000000000e+00 0.000000000000000000e+00
0.000000000000000000e+00 0.000000000000000000e+00 0.000000000000000000e+00 0.000000000000000000e+00 0.000000000000000000e+00
0.000000000000000000e+00 0.000000000000000000e+00 0.000000000000000000e+00 0.000000000000000000e+00 0.000000000000000000e+00
0.000000000000000000e+00 0.000000000000000000e+00 0.000000000000000000e+00 0.000000000000000000e+00 0.000000000000000000e+00
0.000000000000000000e+00 0.000000000000000000e+00 0.000000000000000000e+00 0.000000000000000000e+00 0.000000000000000000e+00
0.000000000000000000e+00 0.000000000000000000e+00 0.000000000000000000e+00 0.000000000000000000e+00 0.000000000000000000e+00
0.000000000000000000e+00 0.000000000000000000e+00 0.000000000000000000e+00 0.000000000000000000e+00 0.000000000000000000e+00
0.000000000000000000e+00 0.000000000000000000e+00 0.000000000000000000e+00 0.000000000000000000e+00 0.000000000000000000e+00
0.000000000000000000e+00 0.000000000000000000e+00 0.000000000000000000e+00 0.000000000000000000e+00 0.000000000000000000e+00
0.000000000000000000e+00 0.000000000000000000e+00 0.000000000000000000e+00 0.000000000000000000e+00 0.000000000000000000e+00
0.000000000000000000e+00 0.000000000000000000e+00 0.000000000000000000e+00 0.000000000000000000e+00 0.000000000000000000e+00
0.000000000000000000e+00 0.000000000000000000e+00 0.000000000000000000e+00 0.000000000000000000e+00 0.000000000000000000e+00
0.000000000000000000e+00 0.000000000000000000e+00 0.000000000000000000e+00 0.000000000000000000e+00 0.000000000000000000e+00
0.000000000000000000e+00 0.000000000000000000e+00 0.000000000000000000e+00 0.000000000000000000e+00 0.000000000000000000e+00
0.000000000000000000e+00 0.000000000000000000e+00 0.000000000000000000e+00 0.000000000000000000e+00 0.000000000000000000e+00
0.000000000000000000e+00 0.000000000000000000e+00 0.000000000000000000e+00 0.000000000000000000e+00 0.000000000000000000e+00
0.000000000000000000e+00 0.000000000000000000e+00 0.000000000000000000e+00 0.000000000000000000e+00 0.000000000000000000e+00
0.000000000000000000e+00 0.000000000000000000e+00 0.000000000000000000e+00 0.000000000000000000e+00 0.000000000000000000e+00
0.000000000000000000e+00 0.000000000000000000e+00 0.000000000000000000e+00 0.000000000000000000e+00 0.000000000000000000e+00
0.000000000000000000e+00 0.000000000000000000e+00 0.000000000000000000e+00 0.000000000000000000e+00 0.000000000000000000e+00
0.000000000000000000e+00 0.000000000000000000e+00 0.000000000000000000e+00 0.000000000000000000e+00 0.000000000000000000e+00
0.000000000000000000e+00 0.000000000000000000e+00 0.000000000000000000e+00 0.000000000000000000e+00 0.000000000000000000e+00
0.000000000000000000e+00 0.000000000000000000e+00 0.000000000000000000e+00 0.000000000000000000e+00 0.000000000000000000e+00
0.000000000000000000e+00 0.000000000000000000e+00 0.000000000000000000e+00 0.000000000000000000e+00 0.000000000000000000e+00
0.000000000000000000e+00 0.000000000000000000e+00 0.000000000000000000e+00 0.000000000000000000e+00 0.000000000000000000e+00
-4.854630271421386034e+00 -3.485174728899812724e+00 -1.002299486590817024e+00 4.630654982484229798e+00 6.352733357958405769e+00
-4.454680347050739009e+00 -3.739980632477623246e+00 -1.691423188846777004e+00 2.721108529471460979e+00 6.471157595895052239e+00
-3.772506015414384350e+00 -4.143663965659357018e+00 -2.188407572576401616e+00 1.390608348633565194e+00 5.798674977146747622e+00
-2.520567702555277290e+00 -4.497945183446516282e+00 -2.651590052692408772e+00 3.810890979705400805e-01 4.480535965619508509e+00
-7.448155092215690276e-01 -4.598229986692360605e+00 -3.114288995841298036e+00 -4.594578905166734062e-01 3.027447725744217610e+00
1.145250544246012803e+00 -4.284669060402764629e+00 -3.582730881847241644e+00 -1.175765620972211600e+00 1.741706923093022885e+00
2.794596050957984357e+00 -3.456464403067786684e+00 -4.007232978725649097e+00 -1.819512902743450233e+00 6.519342763499798021e-01
4.037715373705493604e+00 -2.193369246666014405e+00 -4.269595174732499387e+00 -2.429018434129573301e+00 -2.696556562265560730e-01
4.820859427339570402e+00 -6.942547567256227570e-01 -4.237946057802357558e+00 -3.007794125679129849e+00 -1.042138962726841367e+00
5.120070391715167091e+00 8.577255259390625941e-01 -3.833306808516627306e+00 -3.522030952532791748e+00 -1.693133956491036596e+00
4.948021072463540726e+00 2.307480991525153513e+00 -3.049777169564444890e+00 -3.911674698361048197e+00 -2.256225040779102464e+00
4.389385367073655786e+00 3.494309754454563599e+00 -1.936016252238796032e+00 -4.106822570162554698e+00 -2.754609395974925601e+00
3.581188211572083890e+00 4.278047431646379906e+00 -5.907755186810361714e-01 -4.037100153643160994e+00 -3.193323361726793763e+00
2.658175114680116469e+00 4.594713398628178957e+00 8.335469804735869959e-01 -3.640925189570939580e+00 -3.558127929460904504e+00
1.719263424555576014e+00 4.474861755210749692e+00 2.157522179720311239e+00 -2.892583791935762871e+00 -3.812273485716544119e+00
8.243159702107103470e-01 4.014826199084126301e+00 3.221566845005602531e+00 -1.834431570894095920e+00 -3.894503261391042415e+00
1.811441286884374335e-03 3.332995484721241741e+00 3.920523871087827850e+00 -5.783747132644374567e-01 -3.731085456918805221e+00
-7.425743857399941250e-01 2.537478376633080401e+00 4.216139955655378024e+00 7.267468309018516592e-01 -3.265509173221824213e+00
-1.415537494052587553e+00 1.710465467914084936e+00 4.133182691436771528e+00 1.931971583944746662e+00 -2.489652597562455050e+00
-2.024215805586869532e+00 9.047447118969664803e-01 3.743204001795707558e+00 2.912192906820020077e+00 -1.455126105075789544e+00
-2.566443368281482673e+00 1.476011370693264269e-01 3.140026139545326167e+00 3.581309311042718324e+00 -2.613013615569876880e-01
-3.025674260707969410e+00 -5.514841692617699076e-01 2.415780291521062217e+00 3.902095487021298492e+00 9.667451186394440121e-01
-3.370281442361969138e+00 -1.192148811999551583e+00 1.645695245089794367e+00 3.887148711067085038e+00 2.098904118776040217e+00
-3.556440550978106963e+00 -1.775192394682361119e+00 8.830033666743546394e-01 3.588357460141519795e+00 3.017087380794766460e+00
-3.535221604174223486e+00 -2.296023310170868026e+00 1.602357173637643240e-01 3.078921010326549190e+00 3.630583435518115465e+00
-3.264889359434175020e+00 -2.739827139936182210e+00 -5.066826488852598231e-01 2.435430825033962687e+00 3.890147413225288009e+00
-2.726899759528737643e+00 -3.079035633383535586e+00 -1.112903043585726781e+00 1.725302327558007498e+00 3.797262436587621526e+00
-1.939937844934414457e+00 -3.274266492725862232e+00 -1.658031567097773884e+00 1.000543526255995852e+00 3.402571986876967269e+00
-9.645315028413695702e-01 -3.280406553157607430e+00 -2.139143675382419119e+00 2.963703664288210859e-01 2.790808501913230266e+00
1.053400405367979215e-01 -3.058652333812049484e+00 -2.544806243643506161e+00 -3.668322025462161795e-01 2.057326446970491052e+00
1.159792674537760249e+00 -2.591786743745283506e+00 -2.851760723848165924e+00 -9.790347944905948285e-01 1.286274429101077255e+00
2.091980670997294567e+00 -1.895875786603152369e+00 -3.025781346449929909e+00 -1.534487716923319089e+00 5.380582437252507955e-01
2.813466024240816932e+00 -1.022389484326773346e+00 -3.027544996018685985e+00 -2.025504167479115214e+00 -1.526067995069463612e-01
3.265526604817400536e+00 -5.102656946969275076e-02 -2.822961636916688999e+00 -2.437657624853601046e+00 -7.714194562995707605e-01
3.426449380200101480e+00 9.221698748288114089e-01 -2.395570649577880129e+00 -2.747462150321703600e+00 -1.316308885593875821e+00
3.312570261958909690e+00 1.798456063694852336e+00 -1.757086394937562579e+00 -2.923178673193979726e+00 -1.789311862781656659e+00
2.970898114226173892e+00 2.491302850094347932e+00 -9.519303934915701593e-01 -2.929412712798121099e+00 -2.189831320244047141e+00
2.465096817119388994e+00 2.940877259472137073e+00 -5.333704264930005934e-02 -2.735935687386397142e+00 -2.509738946786108205e+00
1.860332267958755281e+00 3.123724678287188805e+00 8.481218177319375107e-01 -2.329398759397190766e+00 -2.730846811665637031e+00
1.212230333504846103e+00 3.053434684316233660e+00 1.660066855429304988e+00 -1.723645026604614605e+00 -2.825753213555648458e+00
5.619271275974592195e-01 2.771915005637658691e+00 2.303784856570398443e+00 -9.632213483869157544e-01 -2.763109037844712290e+00
-6.370141908452020552e-02 2.335430848784314506e+00 2.726316987771795208e+00 -1.178243805246428355e-01 -2.517136988500599859e+00
-6.485494852199559235e-01 1.801187694863206401e+00 2.906764406808979295e+00 7.297026934691845934e-01 -2.078820330172724162e+00
-1.182303871818486396e+00 1.218331740719758249e+00 2.855568699617833772e+00 1.497137710193042093e+00 -1.464230597167634373e+00
-1.655411984911824952e+00 6.241589125091762114e-01 2.607418522094640867e+00 2.115044895221057430e+00 -7.162225650553706302e-01
-2.055119216176154229e+00 4.436213567865543439e-02 2.210526922997489763e+00 2.535748244941494978e+00 1.008741411495013285e-01
-2.363359190193961901e+00 -5.042874998808999365e-01 1.715940782029304446e+00 2.738090377863604541e+00 9.108723650024592722e-01
-2.556967905430509891e+00 -1.010134656832796907e+00 1.169659094477476735e+00 2.727176925423028475e+00 1.636566440345752715e+00
-2.610463833009712076e+00 -1.462678705597047379e+00 6.085071904766103934e-01 2.529328210044159420e+00 2.210102293334441192e+00
-2.501322511866704179e+00 -1.849223077501443768e+00 5.927851425819774533e-02 2.183993146191049561e+00 2.582140794277420159e+00
-2.216989543961263021e+00 -2.152787959264646389e+00 -4.598355303167213637e-01 1.735220495173410482e+00 2.728737003944019524e+00
-1.761829537330969142e+00 -2.351888229216870574e+00 -9.364125891491714704e-01 1.224831163798270284e+00 2.654121710184521366e+00
-1.161430787440309143e+00 -2.422706313048613058e+00 -1.360311084342826327e+00 6.882538825815761596e-01 2.387856837761258344e+00
-4.621096722453973404e-01 -2.343831036491170750e+00 -1.720301032602647773e+00 1.529930591618209323e-01 1.976666270794189550e+00
2.747066026310802656e-01 -2.102805165383352382e+00 -2.001677787413932208e+00 -3.607525134036230763e-01 1.473556575689783266e+00
9.814527027838448880e-01 -1.702485316533121296e+00 -2.185693167926026081e+00 -8.379501124143813318e-01 9.278796160719783304e-01
1.594168210102779648e+00 -1.164704993948872946e+00 -2.251356862771848100e+00 -1.265830165539923780e+00 3.790561068655883825e-01
2.061062515741389767e+00 -5.297405489649783528e-01 -2.179581170170794113e+00 -1.631079064268149637e+00 -1.453115338601159712e-01
2.348844699646060352e+00 1.481244266679486721e-01 -1.958859190263123606e+00 -1.917941121365974055e+00 -6.278641663822650543e-01
2.446009228778999844e+00 8.076026695492499741e-01 -1.590939941215345543e+00 -2.107854579570547227e+00 -1.058024038796393063e+00
2.362308303981328628e+00 1.388692328636194073e+00 -1.094634624057856831e+00 -2.181012291381499324e+00 -1.428061000789472068e+00
2.124360320263626534e+00 1.841104934195973541e+00 -5.062193516146505923e-01 -2.119932374129420705e+00 -1.729667860504041421e+00
1.768676614894629573e+00 2.131318276844265114e+00 1.241126425585257209e-01 -1.914556809555485017e+00 -1.951708569755801426e+00
1.334319591272432826e+00 2.246464669322725261e+00 7.390478401563841393e-01 -1.567535150902460872e+00 -2.079674093943252089e+00
8.572040757593815119e-01 2.193895387463379532e+00 1.282575519043892331e+00 -1.097696516811458967e+00 -2.097254023825552149e+00
3.670176415063140518e-01 1.996752161237763223e+00 1.708124392139485304e+00 -5.400195403537731975e-01 -1.990036664822855128e+00
-1.133301048048751536e-01 1.687313049902080753e+00 1.984714243317567295e+00 5.823852329088619051e-02 -1.750593410641132275e+00
-5.664338940959551261e-01 1.300361219145767411e+00 2.099934278856143699e+00 6.441110945137320520e-01 -1.383384333094067165e+00
-9.781834123754336030e-01 8.682413534993451698e-01 2.059321348617315639e+00 1.166392929250849919e+00 -9.076500094562947041e-01
-1.335458009825024384e+00 4.182279774107439674e-01 1.882654068549909798e+00 1.582420371568756146e+00 -3.571093794388585096e-01
-1.624416240708529413e+00 -2.801099705129917253e-02 1.598491367588510181e+00 1.863046669042368597e+00 2.234920043770150244e-01
-1.829876689285096836e+00 -4.534728778745641953e-01 1.238574173622847940e+00 1.995102590741022475e+00 7.839726572453237230e-01
-1.936072109277011677e+00 -8.440935016429441662e-01 8.333722416360300755e-01 1.981073282220205511e+00 1.275188877291298706e+00
-1.928810003601465484e+00 -1.186867844550161033e+00 4.093811977139427682e-01 1.836325696904633764e+00 1.655353318576533672e+00
-1.798743257824506836e+00 -1.468362938941026652e+00 -1.184008373997358365e-02 1.584815531496003294e+00 1.895343409607888718e+00
-1.545038272570244064e+00 -1.674077984358835369e+00 -4.132517801361079712e-01 1.254473177713667065e+00 1.982137695520718834e+00
-1.178358773105738333e+00 -1.788989881130579995e+00 -7.810248579195786522e-01 8.732948517457828075e-01 1.919588894858248906e+00
-7.220243453079974172e-01 -1.799419841004254783e+00 -1.102870915250106831e+00 4.667209922569286462e-01 1.726216861355309717e+00
-2.106458819945531413e-01 -1.696002916759414614e+00 -1.366554589183335722e+00 5.643461693272078944e-02 1.430565435024696352e+00
3.136442239237777763e-01 -1.477070123010266745e+00 -1.559107043168287410e+00 -3.396026281196761198e-01 1.065475756586284017e+00
8.064998237232019473e-01 -1.151385855323916907e+00 -1.667138817306406118e+00 -7.062483993987312969e-01 6.628833825327521412e-01
1.227035569095343837e+00 -7.392243200395453018e-01 -1.678399769643461159e+00 -1.029891232919967425e+00 2.503199910482745150e-01
1.542827392834742462e+00 -2.712802817123174393e-01 -1.584371713428867956e+00 -1.297289069228753755e+00 -1.504891311888479910e-01
1.733468392612228737e+00 2.144246560839495885e-01 -1.383293005807290754e+00 -1.494996197080426859e+00 -5.232453543547278541e-01
1.792145374431049154e+00 6.770345667024531000e-01 -1.082742700957928905e+00 -1.609709656530466049e+00 -8.555974511682580275e-01
1.724998246507137178e+00 1.077975387818000286e+00 -7.008897451361270070e-01 -1.629668916107584575e+00 -1.137296963394366145e+00
1.548501186907280447e+00 1.385837444474249169e+00 -2.657983205622079237e-01 -1.546968239189691285e+00 -1.358608642879984396e+00
1.285633892797097166e+00 1.580107424346252287e+00 1.872984200971435087e-01 -1.360291155985930756e+00 -1.509446712636474563e+00
9.618950962530646853e-01 1.652957914174741694e+00 6.202781728131975258e-01 -1.077252056620140230e+00 -1.579552546630345722e+00
6.020834400245800300e-01 1.608753013671887722e+00 9.970811507482892910e-01 -7.154432737229607930e-01 -1.559819703172607985e+00
2.283463795535358998e-01 1.461588963474921732e+00 1.288315221842585068e+00 -3.015946316022247720e-01 -1.444560634435241520e+00
-1.404715818830195584e-01 1.231736863732989073e+00 1.474613626917615994e+00 1.311436665065075502e-01 -1.234140727060873965e+00
-4.884832891791267562e-01 9.420224455896570870e-01 1.548157990681665375e+00 5.472061202928135693e-01 -9.371439828125923688e-01
-8.018740114794780105e-01 6.149495339083745904e-01 1.512226082627377233e+00 9.130290079681875337e-01 -5.712677813125530690e-01
-1.067953872542567906e+00 2.709483626217414898e-01 1.379101979462710403e+00 1.201023127106864097e+00 -1.625102998537759635e-01
-1.274555486508945235e+00 -7.226567707115860717e-02 1.167044589306082125e+00 1.392437541150458813e+00 2.572684921025092386e-01
-1.410063003902856993e+00 -3.994874230048013342e-01 8.971208950044551322e-01 1.478711135826729750e+00 6.539234307149395242e-01
-1.464200349907891718e+00 -6.973423096278357214e-01 5.905616610601067684e-01 1.461221751308431349e+00 9.950775806222007525e-01
-1.429515450203884264e+00 -9.535151417517859773e-01 2.670009532473249791e-01 1.349678284962951391e+00 1.253991558872350254e+00
-1.303281454828328023e+00 -1.156231352281194669e+00 -5.633855724072567295e-02 1.159671375093965340e+00 1.412643770174167424e+00
-1.089334266984112176e+00 -1.294259281723423749e+00 -3.646681913802209962e-01 9.100049635817739624e-01 1.463502484391944192e+00
-7.992595140514098251e-01 -1.357584493321606134e+00 -6.451395740046274030e-01 6.203505254843240113e-01 1.409655922060896627e+00
-4.524196217597574177e-01 -1.338735281749354522e+00 -8.861650119624122635e-01 3.095632799287095782e-01 1.263301537585685530e+00
-7.459207165029368980e-02 -1.234519942231254719e+00 -1.076886964323368723e+00 -5.229208791802664180e-03 1.043008893782770619e+00
3.046245067610169888e-01 -1.047728215864852430e+00 -1.207083397848224937e+00 -3.088465462144457385e-01 7.704839966722261124e-01
6.551555009681051533e-01 -7.882532732049675195e-01 -1.267684014071495113e+00 -5.877956292554872286e-01 4.676202319444349165e-01
9.499189306123655419e-01 -4.731856183657383585e-01 -1.251899034476915418e+00 -8.298161839907776116e-01 1.544069025237395643e-01
1.167817261970670595e+00 -1.256921686351072376e-01 -1.156756230683552600e+00 -1.023529629347682768e+00 -1.520917294212970061e-01
1.295779850333927508e+00 2.271991328694935586e-01 -9.846592057292309352e-01 -1.158443916037389609e+00 -4.378087600717361361e-01
1.329564045963722574e+00 5.575527184385411505e-01 -7.444876746329233130e-01 -1.225468384436561253e+00 -6.911274410426559989e-01
1.273256609085059887e+00 8.397254952239529002e-01 -4.518081566488035827e-01 -1.217948548589313784e+00 -9.021108146613550094e-01
1.137689476165404834e+00 1.053267628063816241e+00 -1.279546588789548522e-01 -1.133054196206957354e+00 -1.061873324351286563e+00
9.382181216537954782e-01 1.185007080446427219e+00 2.019796794507870974e-01 -9.731793753437489869e-01 -1.162373081501269612e+00
6.924086059703653540e-01 1.229950670653806588e+00 5.119188665770895152e-01 -7.469062930028631531e-01 -1.196779418203921308e+00
4.181023400098518028e-01 1.190907132130828217e+00 7.778354099206372663e-01 -4.691209738933750373e-01 -1.160408612894436198e+00
1.321265899833239388e-01 1.077054895222106623e+00 9.804682501903866365e-01 -1.600677285681435802e-01 -1.052032586365432065e+00
-1.503106058084632268e-01 9.019130504944909976e-01 1.107241174066493583e+00 1.565782272031033262e-01 -8.751971787998746866e-01
-4.156829578130728509e-01 6.812391175574334934e-01 1.153088052301528998e+00 4.562787396705887399e-01 -6.391107422280662975e-01
-6.519079043079176738e-01 4.312736588248747283e-01 1.120145475190834183e+00 7.163605991814850915e-01 -3.587332965825682507e-01
-8.480733582018519234e-01 1.675553151157287424e-01 1.016522532140697876e+00 9.184210949110406252e-01 -5.389705540335888029e-02
-9.943580937476762527e-01 -9.566965221284084997e-02 8.545295489355181351e-01 1.050029536483046977e+00 2.524617720067026116e-01
-1.082295744042923058e+00 -3.455654888391854196e-01 6.487958546383358893e-01 1.105505280999252049e+00 5.366773185181767936e-01
-1.105424475048762289e+00 -5.705536849428899382e-01 4.146345324222952544e-01 1.085745353380929812e+00 7.769431320770949778e-01
-1.060240123364193598e+00 -7.601103897162225786e-01 1.668673772199262828e-01 9.972612299909429101e-01 9.557008331434442283e-01
-9.472489403340053071e-01 -9.047140072562392943e-01 -8.083401412395087304e-02 8.507193760952598272e-01 1.061449554641790138e+00
-7.718282818872020945e-01 -9.960847974770654645e-01 -3.161630429080931060e-01 6.593284121262070752e-01 1.089687473539329821e+00
-5.445876562441468449e-01 -1.027769246703053918e+00 -5.281039376836265120e-01 4.373739821061710664e-01 1.042849245096880928e+00
-2.810032049742770544e-01 -9.960083823034104888e-01 -7.067625534957703293e-01 1.990990417996629791e-01 9.293076503688001422e-01
-2.634625754833752609e-04 -9.007107746038517382e-01 -8.432933837872670368e-01 -4.199672844763435720e-02 7.617124466600273536e-01
2.765407966507844595e-01 -7.462642871935153410e-01 -9.300708940421582582e-01 -2.734764410710918137e-01 5.550704153032743893e-01
5.285929539630638274e-01 -5.419062186744235676e-01 -9.611722702744809332e-01 -4.840237755806109932e-01 3.249762374610656313e-01
7.375291231889830046e-01 -3.014473507362643856e-01 -9.331309269020064967e-01 -6.634015029259169305e-01 8.628984267258334173e-02
8.892668120946080057e-01 -4.228913010441304188e-02 -8.458088220858618334e-01 -8.024761522895376142e-01 -1.476213441334807142e-01
9.752093543372533091e-01 2.161660877610245279e-01 -7.031528688460458865e-01 -8.934383684048267105e-01 -3.651272466410997453e-01
9.926745285049779488e-01 4.544805698494414070e-01 -5.135774457792062764e-01 -9.302792292412660480e-01 -5.562348561997778607e-01
9.445461120951935685e-01 6.552123982693376369e-01 -2.897675890836609591e-01 -9.094899582731027499e-01 -7.123580995216828304e-01
8.382982340747142658e-01 8.046814230122825151e-01 -4.781779839429811663e-02 -8.308530451527395000e-01 -8.261618502299362676e-01
6.846541232843100788e-01 8.941834268518562556e-01 1.942231945200139365e-01 -6.981135843977550604e-01 -8.916299267027250064e-01
4.961774985897209334e-01 9.204764273328569502e-01 4.181871108918797653e-01 -5.192934019950806723e-01 -9.044224203661039851e-01
2.860488625242952332e-01 8.855212521014430571e-01 6.076929258923160493e-01 -3.064602460961114438e-01 -8.624844936763028658e-01
6.717561630643031911e-02 7.956195205971489104e-01 7.498015330649278054e-01 -7.488387984132284514e-02 -7.667657499984549263e-01
-1.483342838733029412e-01 6.602025727640050690e-01 8.361519987915604357e-01 1.583384524844471120e-01 -6.218353056614125407e-01
-3.494041039615890520e-01 4.905522851449168331e-01 8.634304606233591528e-01 3.759761759898744837e-01 -4.361626937592589792e-01
-5.260534504818629165e-01 2.986830518443881477e-01 8.331666777744665131e-01 5.623994286934226317e-01 -2.218917879127200177e-01
-6.694402519503493965e-01 9.651598027865104790e-02 7.509867361880098180e-01 7.050749468138752807e-01 5.951758340363655364e-03
-7.720010739576450565e-01 -1.046289309875804152e-01 6.255380382076127788e-01 7.956062342590639602e-01 2.307482781279566186e-01
-8.277607549595717984e-01 -2.942806518857271625e-01 4.673259029271090714e-01 8.301991951881594334e-01 4.358871611234866883e-01
-8.328141003873260617e-01 -4.629127950518223678e-01 2.876637033643592023e-01 8.095488014450838987e-01 6.064425190492239715e-01
-7.859087496913265136e-01 -6.020099878091699219e-01 9.786277871205806278e-02 7.382469176972465963e-01 7.306646105739459385e-01
-6.889952450416519936e-01 -7.042126092565890172e-01 -9.129773973936861076e-02 6.238829615361561887e-01 8.010607400197623518e-01
-5.475762890438248265e-01 -7.636073627400040698e-01 -2.698555377754224827e-01 4.760329972623806860e-01 8.149097869772494729e-01
-3.706980525431520235e-01 -7.761723888020418682e-01 -4.287893426761592575e-01 3.053097926029755271e-01 7.741581392165144404e-01
-1.704865567419471539e-01 -7.403183217171370734e-01 -5.600908007068616801e-01 1.225903103072556455e-01 6.847640633208773586e-01
3.877189531019031854e-02 -6.574065792058854107e-01 -6.568865563693658816e-01 -6.153208304768943010e-02 5.556622275122564680e-01
2.419037874580558523e-01 -5.320926365805425107e-01 -7.136813440389010443e-01 -2.370878506662990881e-01 3.975780680222868457e-01
4.242926614570512456e-01 -3.723505747647427588e-01 -7.267403495670078373e-01 -3.949285860395226333e-01 2.219156216628008771e-01
5.732757901886831320e-01 -1.890880635806252430e-01 -6.945662801322377566e-01 -5.268698912110219013e-01 3.987953868888417103e-02
6.792855737751529732e-01 4.656075753339594669e-03 -6.183690257494967035e-01 -6.258665528864438832e-01 -1.381007407692403932e-01
7.365791926800397960e-01 1.948506548316317755e-01 -5.023908892751254296e-01 -6.862808178972560347e-01 -3.026669785929925194e-01
7.434789229576286296e-01 3.677936583965870643e-01 -3.539517972099744947e-01 -7.042596863815931973e-01 -4.456349055449004282e-01
7.021367048915128084e-01 5.114220383461043351e-01 -1.831209032978860785e-01 -6.781822559597694422e-01 -5.600186590899026706e-01
6.179204674222629201e-01 6.164126055907439561e-01 -1.995115801360247687e-03 -6.090863795792019753e-01 -6.400854868763939942e-01
4.985759903566289175e-01 6.769147225141639579e-01 1.763481203885097770e-01 -5.009512846470791647e-01 -6.815152196404784535e-01
3.533327999568795508e-01 6.908280743322228190e-01 3.390808867184211262e-01 -3.607136939512471940e-01 -6.816863204453068592e-01
1.920954417472915399e-01 6.596298310453871938e-01 4.748509022233999843e-01 -1.979351690438633238e-01 -6.400500713581684931e-01
2.480589064780147623e-02 5.878405736687000172e-01 5.748155480386786254e-01 -2.410929668347472354e-02 -5.585010658652934668e-01
-1.390011923196696753e-01 4.822734814629386357e-01 6.333360387243304190e-01 1.483220173338670733e-01 -4.416213849903864452e-01
-2.904828803963149797e-01 3.512236156213491278e-01 6.482547397719545801e-01 3.071082414673347305e-01 -2.966797002926135907e-01
-4.216778461267010059e-01 2.037268862127157298e-01 6.207610122979128064e-01 4.413177882985781508e-01 -1.333068984009820879e-01
-5.256759255335993197e-01 4.896669146101162440e-02 5.549242074883953268e-01 5.422904026652826115e-01 3.716425863187744483e-02
-5.968275778121088226e-01 -1.041508675422179314e-01 4.570190426587054655e-01 6.042896904134301694e-01 2.026356877600374862e-01
-6.310221777706673807e-01 -2.472796477681955540e-01 3.347804572387684807e-01 6.247910799322247133e-01 3.513376176018387920e-01
-6.260234163586404499e-01 -3.728296881748797142e-01 1.967048646883930996e-01 6.044078891995030567e-01 4.729261377790350274e-01
-5.818092922066376849e-01 -4.741413068577020606e-01 5.147355834104195421e-02 5.465177110179372244e-01 5.594272862326976625e-01
-5.008337411513257287e-01 -5.456908198312158120e-01 -9.247400332643396226e-02 4.566906932961606880e-01 6.058950330141380514e-01
-3.881166729510577285e-01 -5.833556223591284118e-01 -2.272320302666692993e-01 3.420339229078770416e-01 6.106999036261990810e-01
-2.510850421149277700e-01 -5.847307000114225772e-01 -3.456297884819939936e-01 2.105531039260253312e-01 5.754307535373559546e-01
-9.912839927395422635e-02 -5.494513601339009456e-01 -4.413992582351857763e-01 7.060144668302092974e-02 5.044609346308361886e-01
5.711147416293683304e-02 -4.794481511490911174e-01 -5.093603019173996715e-01 -6.955333655570439255e-02 4.042851736792237305e-01
2.066409187401175018e-01 -3.790491943258804675e-01 -5.456534650981064161e-01 -2.020497458276542257e-01 2.827604388358175846e-01
3.390873968716197062e-01 -2.548581936633810274e-01 -5.480187396086174667e-01 -3.196735629285317182e-01 1.483771773861888299e-01
4.456112497314699272e-01 -1.153717998119705435e-01 -5.160838447467369638e-01 -4.160644249668078443e-01 9.651905637028779239e-03
5.196329515954269951e-01 2.965086712869524632e-02 -4.515973128818375204e-01 -4.859299010990372758e-01 -1.253180056094219674e-01
5.572866728373238043e-01 1.700034982335461020e-01 -3.585289863475740191e-01 -5.252917948932923631e-01 -2.491454311910586972e-01
5.575604435303660456e-01 2.959304169482881441e-01 -2.429692173524682364e-01 -5.317622462738100797e-01 -3.553338985645995152e-01
5.221374884731702082e-01 3.989851650090816548e-01 -1.127881871186694474e-01 -5.048168157387188382e-01 -4.384063694805959699e-01
4.550004778932580929e-01 4.727324760054933961e-01 2.293814446187658618e-02 -4.460066161450240152e-01 -4.940370158645636667e-01
3.618900594823257211e-01 5.132041689322195399e-01 1.546802074203390553e-01 -3.590402423734850301e-01 -5.192197929342873275e-01
2.497153755515697793e-01 5.190651299256647810e-01 2.732902679689181991e-01 -2.496746476044269247e-01 -5.124766192444188961e-01
1.259984879238364996e-01 4.914982327851653565e-01 3.708062012201791546e-01 -1.253825735251776763e-01 -4.740748257609980199e-01
-1.595912741473859420e-03 4.338635151388472444e-01 4.411129447238688606e-01 5.193826067339646357e-03 -4.061972280797578883e-01
-1.256291200488367510e-01 3.512158355205055038e-01 4.803782036187677629e-01 1.329493852189223002e-01 -3.129968936171165783e-01
-2.391687577798310427e-01 2.497712680797601614e-01 4.872218704095516162e-01 2.490945024941699781e-01 -2.004771242019610378e-01
-3.360124977076730524e-01 1.363977178851685235e-01 4.626263414474682811e-01 3.459026951506798397e-01 -7.616437636992479110e-02
-4.108909487689058060e-01 1.817738641359256668e-02 4.096360069637181023e-01 4.173300256657384022e-01 5.141904911410977164e-02
-4.596766001159432458e-01 -9.794259022547358029e-02 3.329198766492498240e-01 4.594340461970090050e-01 1.734349273023712001e-01
-4.796071543421024930e-01 -2.054215112616186723e-01 2.382777283551900382e-01 4.705565715194037768e-01 2.814815389164764259e-01
-4.695086144757769642e-01 -2.983451184453539407e-01 1.321590770233387335e-01 4.512744534280024311e-01 3.683213164316438970e-01
-4.299822450899744020e-01 -3.716252677538582350e-01 2.124148206488008297e-02 4.041569590971876291e-01 4.284875180414779994e-01
-3.635061997088235297e-01 -4.212032727077323901e-01 -8.791221862877673932e-02 3.333906863744191540e-01 4.586925499722400712e-01
-2.744020540455966994e-01 -4.442651048278135617e-01 -1.891223459790586370e-01 2.443400033235487989e-01 4.579935073193550643e-01
-1.686306345014339791e-01 -4.394562843715933420e-01 -2.768075834662721002e-01 1.431036829427483337e-01 4.277111269431297380e-01
-5.340817007653742010e-02 -4.070648588825748759e-01 -3.461742976488940138e-01 3.611084988959811781e-02 3.711380536951180420e-01
6.333319314841090453e-02 -3.491281284450593603e-01 -3.934030344370692545e-01 -7.022264345670359287e-02 2.931020825972203703e-01
1.735854150720595179e-01 -2.694174277870667322e-01 -4.158421878359645496e-01 -1.697769646793989562e-01 1.994632215532239627e-01
2.699287081418453305e-01 -1.732671893114438033e-01 -4.122006703483527268e-01 -2.569645418091105471e-01 9.661820561810041674e-02
3.461367827335082858e-01 -6.723779634095694568e-02 -3.827131568977391041e-01 -3.269404578919735682e-01 -8.933980272145427073e-03
3.976493655746948797e-01 4.136890784528257647e-02 -3.292386336829367655e-01 -3.758047989942156497e-01 -1.109395737382824487e-01
4.218607267838502817e-01 1.450941520642816673e-01 -2.552501271857261500e-01 -4.008040505241895479e-01 -2.036512755176154155e-01
4.182037103208384177e-01 2.369387249942438434e-01 -1.656828711218948369e-01 -4.005231953174049897e-01 -2.820233445161054453e-01
3.880410597510743353e-01 3.109349629732629516e-01 -6.662867952413986661e-02 -3.750444056907142332e-01 -3.418689508539483612e-01
3.344028005392702951e-01 3.626038363670033848e-01 3.510846986117122093e-02 -3.260371143957897511e-01 -3.800051324847623091e-01
2.616246750656832099e-01 3.892460596871640810e-01 1.325532737893007074e-01 -2.567421028386781545e-01 -3.943984927136111041e-01
1.749456754978553630e-01 3.900445000731146972e-01 2.191334031036835939e-01 -1.718212516915126054e-01 -3.843074714536184877e-01
8.011372495644852876e-02 3.659859858845129210e-01 2.892157049007680336e-01 -7.706374062185150642e-02 -3.503997193733648374e-01
-1.696831978542379105e-02 3.196367491501257430e-01 3.385382265094971643e-01 2.103554966941057272e-02 -2.948110300873403311e-01
-1.105433803254229908e-01 2.548215921490113445e-01 3.644900870475582533e-01 1.157852201580016338e-01 -2.211095406776552030e-01
-1.952509431105677873e-01 1.762601126808056584e-01 3.662174156354986998e-01 2.008362450765646123e-01 -1.341372190642138307e-01
-2.663411272414437647e-01 8.920530726983044723e-02 3.445616079182337033e-01 2.706861033631209335e-01 -3.971862229627731722e-02
-3.198671665011020293e-01 -8.853148810983313410e-04 3.018597583893696257e-01 3.210893658737250522e-01 5.574966758523380861e-02
-3.528660485693572157e-01 -8.863319817013082247e-02 2.416517167082752604e-01 3.493320979603691256e-01 1.457923253582871226e-01
-3.635265780457648255e-01 -1.689785481216703467e-01 1.683419491162321258e-01 3.543499978314345600e-01 2.243771526474587219e-01
-3.513318901666097060e-01 -2.373872774929303153e-01 8.685832674328430869e-02 3.366940622569276620e-01 2.864034089560305585e-01
-3.171531792096066171e-01 -2.900380163900303510e-01 2.337313219932246611e-03 2.983678298226604686e-01 3.280976421016605915e-01
-2.632665893641503718e-01 -3.239977475076516455e-01 -8.015002714277086326e-02 2.425732708384071845e-01 3.472717205536524077e-01
-1.932681032425747070e-01 -3.373855726638653740e-01 -1.558303015065330976e-01 1.734065973508724934e-01 3.434192316123773625e-01
-1.118722073852047583e-01 -3.295131942563918059e-01 -2.204265154350739664e-01 9.554128093706483471e-02 3.176513178188939968e-01
-2.459719591620912471e-02 -3.009812671945732987e-01 -2.703345499623989179e-01 1.392577866338573500e-02 2.724961840183459660e-01
6.264058321105481220e-02 -2.537060268817646902e-01 -3.027857924485153340e-01 -6.648883922958348514e-02 2.116030514051985278e-01
1.439840818252084986e-01 -1.908527234367074499e-01 -3.159967753528312162e-01 -1.409876597104955387e-01 1.393981502885979218e-01
2.140942789545177138e-01 -1.166618134231848236e-01 -3.092968901887537259e-01 -2.053014578899181597e-01 6.073695354298891402e-02
2.685581701185397741e-01 -3.616898446532246236e-02 -2.832163089853942939e-01 -2.557944783430567970e-01 -1.941449686398610819e-02
3.042012522386678963e-01 4.516233752287802244e-02 -2.395112157637629691e-01 -2.896359255896705509e-01 -9.625157576071230459e-02
3.192746070348468912e-01 1.218613374936468041e-01 -1.811045544742977409e-01 -3.049544653713300857e-01 -1.653534757446355474e-01
3.135058234182857007e-01 1.888776122131794466e-01 -1.119284266744736689e-01 -3.009668427204208463e-01 -2.228636625703131757e-01
2.880223888841968449e-01 2.419680604421301506e-01 -3.666785393951543792e-02 -2.780641861926989034e-01 -2.656404248431140092e-01
2.451719186934628869e-01 2.780001009802408607e-01 3.957802558874368853e-02 -2.378354782786393784e-01 -2.913876660083241643e-01
1.882728620542013509e-01 2.951414862101606751e-01 1.116859378427124128e-01 -1.830090697505820652e-01 -2.987693060911414400e-01
