0.000000000000000000e+00 0.000000000000000000e+00 0.000000000000000000e+00 0.000000000000000000e+00 0.000000000000000000e+00
0.000000000000000000e+00 0.000000000000000000e+00 0.000000000000000000e+00 0.000000000000000000e+00 0.000000000000000000e+00
0.000000000000000000e+00 0.000000000000000000e+00 0.000000000000000000e+00 0.000000000000000000e+00 0.000000000000000000e+00
0.000000000000000000e+00 0.000000000000000000e+00 0.000000000000000000e+00 0.000000000000000000e+00 0.000000000000000000e+00
0.000000000000000000e+00 0.000000000000000000e+00 0.000000000000000000e+00 0.000000000000000000e+00 0.000000000000000000e+00
0.000000000000000000e+00 0.000000000000000000e+00 0.000000000000000000e+00 0.000000000000000000e+00 0.000000000000000000e+00
0.000000000000000000e+00 0.000000000000000000e+00 0.000000000000000000e+00 0.000000000000000000e+00 0.000000000000000000e+00
0.000000000000000000e+00 0.000000000000000000e+00 0.000000000000000000e+00 0.000000000000000000e+00 0.000000000000000000e+00
0.000000000000000000e+00 0.000000000000000000e+00 0.000000000000000000e+00 0.000000000000000000e+00 0.000000000000000000e+00
0.000000000000000000e+00 0.000000000000000000e+00 0.000000000000000000e+00 0.000000000000000000e+00 0.000000000000000000e+00
0.000000000000000000e+00 0.000000000000000000e+00 0.000000000000000000e+00 0.000000000000000000e+00 0.000000000000000000e+00
0.000000000000000000e+00 0.000000000000000000e+00 0.000000000000000000e+00 0.000000000000000000e+00 0.000000000000000000e+00
0.000000000000000000e+00 0.000000000000000000e+00 0.000000000000000000e+00 0.000000000000000000e+00 0.000000000000000000e+00
0.000000000000000000e+00 0.000000000000000000e+00 0.000000000000000000e+00 0.000000000000000000e+00 0.000000000000000000e+00
0.000000000000000000e+00 0.000000000000000000e+00 0.000000000000000000e+00 0.000000000000000000e+00 0.000000000000000000e+00
0.000000000000000000e+00 0.000000000000000000e+00 0.000000000000000000e+00 0.000000000000000000e+00 0.000000000000000000e+00
0.000000000000000000e+00 0.000000000000000000e+00 0.000000000000000000e+00 0.000000000000000000e+00 0.000000000000000000e+00
0.000000000000000000e+00 0.000000000000000000e+00 0.000000000000000000e+00 0.000000000000000000e+00 0.000000000000000000e+00
0.000000000000000000e+00 0.000000000000000000e+00 0.000000000000000000e+00 0.000000000000000000e+00 0.000000000000000000e+00
0.000000000000000000e+00 0.000000000000000000e+00 0.000000000000000000e+00 0.000000000000000000e+00 0.000000000000000000e+00
0.000000000000000000e+00 0.000000000000000000e+00 0.000000000000000000e+00 0.000000000000000000e+00 0.000000000000000000e+00
0.000000000000000000e+00 0.000000000000000000e+00 0.000000000000000000e+00 0.000000000000000000e+00 0.000000000000000000e+00
0.000000000000000000e+00 0.000000000000000000e+00 0.000000000000000000e+00 0.000000000000000000e+00 0.000000000000000000e+00
0.000000000000000000e+00 0.000000000000000000e+00 0.000000000000000000e+00 0.000000000000000000e+00 0.000000000000000000e+00
0.000000000000000000e+00 0.000000000000000000e+00 0.000000000000000000e+00 0.000000000000000000e+00 0.000000000000000000e+00
0.000000000000000000e+00 0.000000000000000000e+00 0.000000000000000000e+00 0.000000000000000000e+00 0.000000000000000000e+00
0.000000000000000000e+00 0.000000000000000000e+00 0.000000000000000000e+00 0.000000000000000000e+00 0.000000000000000000e+00
0.000000000000000000e+00 0.000000000000000000e+00 0.000000000000000000e+00 0.000000000000000000e+00 0.000000000000000000e+00
0.000000000000000000e+00 0.000000000000000000e+00 0.000000000000000000e+00 0.000000000000000000e+00 0.000000000000000000e+00
0.000000000000000000e+00 0.000000000000000000e+00 0.000000000000000000e+00 0.000000000000000000e+00 0.000000000000000000e+00
0.000000000000000000e+00 0.000000000000000000e+00 0.000000000000000000e+00 0.000000000000000000e+00 0.000000000000000000e+00
0.000000000000000000e+00 0.000000000000000000e+00 0.000000000000000000e+00 0.000000000000000000e+00 0.000000000000000000e+00
0.000000000000000000e+00 0.000000000000000000e+00 0.000000000000000000e+00 0.000000000000000000e+00 0.000000000000000000e+00
0.000000000000000000e+00 0.000000000000000000e+00 0.000000000000000000e+00 0.000000000000000000e+00 0.000000000000000000e+00
0.000000000000000000e+00 0.000000000000000000e+00 0.000000000000000000e+00 0.000000000000000000e+00 0.000000000000000000e+00
0.000000000000000000e+00 0.000000000000000000e+00 0.000000000000000000e+00 0.000000000000000000e+00 0.000000000000000000e+00
0.000000000000000000e+00 0.000000000000000000e+00 0.000000000000000000e+00 0.000000000000000000e+00 0.000000000000000000e+00
0.000000000000000000e+00 0.000000000000000000e+00 0.000000000000000000e+00 0.000000000000000000e+00 0.000000000000000000e+00
0.000000000000000000e+00 0.000000000000000000e+00 0.000000000000000000e+00 0.000000000000000000e+00 0.000000000000000000e+00
0.000000000000000000e+00 0.000000000000000000e+00 0.000000000000000000e+00 0.000000000000000000e+00 0.000000000000000000e+00
0.000000000000000000e+00 0.000000000000000000e+00 0.000000000000000000e+00 0.000000000000000000e+00 0.000000000000000000e+00
0.000000000000000000e+00 0.000000000000000000e+00 0.000000000000000000e+00 0.000000000000000000e+00 0.000000000000000000e+00
0.000000000000000000e+00 0.000000000000000000e+00 0.000000000000000000e+00 0.000000000000000000e+00 0.000000000000000000e+00
0.000000000000000000e+00 0.000000000000000000e+00 0.000000000000000000e+00 0.000000000000000000e+00 0.000000000000000000e+00
0.000000000000000000e+00 0.000000000000000000e+00 0.000000000000000000e+00 0.000000000000000000e+00 0.000000000000000000e+00
0.000000000000000000e+00 0.000000000000000000e+00 0.000000000000000000e+00 0.000000000000000000e+00 0.000000000000000000e+00
0.000000000000000000e+00 0.000000000000000000e+00 0.000000000000000000e+00 0.000000000000000000e+00 0.000000000000000000e+00
0.000000000000000000e+00 0.000000000000000000e+00 0.000000000000000000e+00 0.000000000000000000e+00 0.000000000000000000e+00
0.000000000000000000e+00 0.000000000000000000e+00 0.000000000000000000e+00 0.000000000000000000e+00 0.000000000000000000e+00
0.000000000000000000e+00 0.000000000000000000e+00 0.000000000000000000e+00 0.000000000000000000e+00 0.000000000000000000e+00
0.000000000000000000e+00 0.000000000000000000e+00 0.000000000000000000e+00 0.000000000000000000e+00 0.000000000000000000e+00
0.000000000000000000e+00 0.000000000000000000e+00 0.000000000000000000e+00 0.000000000000000000e+00 0.000000000000000000e+00
0.000000000000000000e+00 0.000000000000000000e+00 0.000000000000000000e+00 0.000000000000000000e+00 0.000000000000000000e+00
0.000000000000000000e+00 0.000000000000000000e+00 0.000000000000000000e+00 0.000000000000000000e+00 0.000000000000000000e+00
0.000000000000000000e+00 0.000000000000000000e+00 0.000000000000000000e+00 0.000000000000000000e+00 0.000000000000000000e+00
0.000000000000000000e+00 0.000000000000000000e+00 0.000000000000000000e+00 0.000000000000000000e+00 0.000000000000000000e+00
0.000000000000000000e+00 0.000000000000000000e+00 0.000000000000000000e+00 0.000000000000000000e+00 0.000000000000000000e+00
0.000000000000000000e+00 0.000000000000000000e+00 0.000000000000000000e+00 0.000000000000000000e+00 0.000000000000000000e+00
0.000000000000000000e+00 0.000000000000000000e+00 0.000000000000000000e+00 0.000000000000000000e+00 0.000000000000000000e+00
0.000000000000000000e+00 0.000000000000000000e+00 0.000000000000000000e+00 0.000000000000000000e+00 0.000000000000000000e+00
0.000000000000000000e+00 0.000000000000000000e+00 0.000000000000000000e+00 0.000000000000000000e+00 0.000000000000000000e+00
0.000000000000000000e+00 0.000000000000000000e+00 0.000000000000000000e+00 0.000000000000000000e+00 0.000000000000000000e+00
0.000000000000000000e+00 0.000000000000000000e+00 0.000000000000000000e+00 0.000000000000000000e+00 0.000000000000000000e+00
0.000000000000000000e+00 0.000000000000000000e+00 0.000000000000000000e+00 0.000000000000000000e+00 0.000000000000000000e+00
0.000000000000000000e+00 0.000000000000000000e+00 0.000000000000000000e+00 0.000000000000000000e+00 0.000000000000000000e+00
0.000000000000000000e+00 0.000000000000000000e+00 0.000000000000000000e+00 0.000000000000000000e+00 0.000000000000000000e+00
0.000000000000000000e+00 0.000000000000000000e+00 0.000000000000000000e+00 0.000000000000000000e+00 0.000000000000000000e+00
0.000000000000000000e+00 0.000000000000000000e+00 0.000000000000000000e+00 0.000000000000000000e+00 0.000000000000000000e+00
0.000000000000000000e+00 0.000000000000000000e+00 0.000000000000000000e+00 0.000000000000000000e+00 0.000000000000000000e+00
0.000000000000000000e+00 0.000000000000000000e+00 0.000000000000000000e+00 0.000000000000000000e+00 0.000000000000000000e+00
0.000000000000000000e+00 0.000000000000000000e+00 0.000000000000000000e+00 0.000000000000000000e+00 0.000000000000000000e+00
0.000000000000000000e+00 0.000000000000000000e+00 0.000000000000000000e+00 0.000000000000000000e+00 0.000000000000000000e+00
0.000000000000000000e+00 0.000000000000000000e+00 0.000000000000000000e+00 0.000000000000000000e+00 0.000000000000000000e+00
0.000000000000000000e+00 0.000000000000000000e+00 0.000000000000000000e+00 0.000000000000000000e+00 0.000000000000000000e+00
0.000000000000000000e+00 0.000000000000000000e+00 0.000000000000000000e+00 0.000000000000000000e+00 0.000000000000000000e+00
0.000000000000000000e+00 0.000000000000000000e+00 0.000000000000000000e+00 0.000000000000000000e+00 0.000000000000000000e+00
0.000000000000000000e+00 0.000000000000000000e+00 0.000000000000000000e+00 0.000000000000000000e+00 0.000000000000000000e+00
0.000000000000000000e+00 0.000000000000000000e+00 0.000000000000000000e+00 0.000000000000000000e+00 0.000000000000000000e+00
0.000000000000000000e+00 0.000000000000000000e+00 0.000000000000000000e+00 0.000000000000000000e+00 0.000000000000000000e+00
0.000000000000000000e+00 0.000000000000000000e+00 0.000000000000000000e+00 0.000000000000000000e+00 0.000000000000000000e+00
0.000000000000000000e+00 0.000000000000000000e+00 0.000000000000000000e+00 0.000000000000000000e+00 0.000000000000000000e+00
0.000000000000000000e+00 0.000000000000000000e+00 0.000000000000000000e+00 0.000000000000000000e+00 0.000000000000000000e+00
0.000000000000000000e+00 0.000000000000000000e+00 0.000000000000000000e+00 0.000000000000000000e+00 0.000000000000000000e+00
0.000000000000000000e+00 0.000000000000000000e+00 0.000000000000000000e+00 0.000000000000000000e+00 0.000000000000000000e+00
0.000000000000000000e+00 0.000000000000000000e+00 0.000000000000000000e+00 0.000000000000000000e+00 0.000000000000000000e+00
0.000000000000000000e+00 0.000000000000000000e+00 0.000000000000000000e+00 0.000000000000000000e+00 0.000000000000000000e+00
0.000000000000000000e+00 0.000000000000000000e+00 0.000000000000000000e+00 0.000000000000000000e+00 0.000000000000000000e+00
0.000000000000000000e+00 0.000000000000000000e+00 0.000000000000000000e+00 0.000000000000000000e+00 0.000000000000000000e+00
0.000000000000000000e+00 0.000000000000000000e+00 0.000000000000000000e+00 0.000000000000000000e+00 0.000000000000000000e+00
0.000000000000000000e+00 0.000000000000000000e+00 0.000000000000000000e+00 0.000000000000000000e+00 0.000000000000000000e+00
0.000000000000000000e+00 0.000000000000000000e+00 0.000000000000000000e+00 0.000000000000000000e+00 0.000000000000000000e+00
0.000000000000000000e+00 0.000000000000000000e+00 0.000000000000000000e+00 0.000000000000000000e+00 0.000000000000000000e+00
0.000000000000000000e+00 0.000000000000000000e+00 0.000000000000000000e+00 0.000000000000000000e+00 0.000000000000000000e+00
0.000000000000000000e+00 0.000000000000000000e+00 0.000000000000000000e+00 0.000000000000000000e+00 0.000000000000000000e+00
0.000000000000000000e+00 0.000000000000000000e+00 0.000000000000000000e+00 0.000000000000000000e+00 0.000000000000000000e+00
0.000000000000000000e+00 0.000000000000000000e+00 0.000000000000000000e+00 0.000000000000000000e+00 0.000000000000000000e+00
0.000000000000000000e+00 0.000000000000000000e+00 0.000000000000000000e+00 0.000000000000000000e+00 0.000000000000000000e+00
0.000000000000000000e+00 0.000000000000000000e+00 0.000000000000000000e+00 0.000000000000000000e+00 0.000000000000000000e+00
0.000000000000000000e+00 0.000000000000000000e+00 0.000000000000000000e+00 0.000000000000000000e+00 0.000000000000000000e+00
0.000000000000000000e+00 0.000000000000000000e+00 0.000000000000000000e+00 0.000000000000000000e+00 0.000000000000000000e+00
0.000000000000000000e+00 0.000000000000000000e+00 0.000000000000000000e+00 0.000000000000000000e+00 0.000000000000000000e+00
0.000000000000000000e+00 0.000000000000000000e+00 0.000000000000000000e+00 0.000000000000000000e+00 0.000000000000000000e+00
0.000000000000000000e+00 0.000000000000000000e+00 0.000000000000000000e+00 0.000000000000000000e+00 0.000000000000000000e+00
0.000000000000000000e+00 0.000000000000000000e+00 0.000000000000000000e+00 0.000000000000000000e+00 0.000000000000000000e+00
0.000000000000000000e+00 0.000000000000000000e+00 0.000000000000000000e+00 0.000000000000000000e+00 0.000000000000000000e+00
0.000000000000000000e+00 0.000000000000000000e+00 0.000000000000000000e+00 0.000000000000000000e+00 0.000000000000000000e+00
0.000000000000000000e+00 0.000000000000000000e+00 0.000000000000000000e+00 0.000000000000000000e+00 0.000000000000000000e+00
0.000000000000000000e+00 0.000000000000000000e+00 0.000000000000000000e+00 0.000000000000000000e+00 0.000000000000000000e+00
0.000000000000000000e+00 0.000000000000000000e+00 0.000000000000000000e+00 0.000000000000000000e+00 0.000000000000000000e+00
0.000000000000000000e+00 0.000000000000000000e+00 0.000000000000000000e+00 0.000000000000000000e+00 0.000000000000000000e+00
0.000000000000000000e+00 0.000000000000000000e+00 0.000000000000000000e+00 0.000000000000000000e+00 0.000000000000000000e+00
0.000000000000000000e+00 0.000000000000000000e+00 0.000000000000000000e+00 0.000000000000000000e+00 0.000000000000000000e+00
0.000000000000000000e+00 0.000000000000000000e+00 0.000000000000000000e+00 0.000000000000000000e+00 0.000000000000000000e+00
0.000000000000000000e+00 0.000000000000000000e+00 0.000000000000000000e+00 0.000000000000000000e+00 0.000000000000000000e+00
0.000000000000000000e+00 0.000000000000000000e+00 0.000000000000000000e+00 0.000000000000000000e+00 0.000000000000000000e+00
0.000000000000000000e+00 0.000000000000000000e+00 0.000000000000000000e+00 0.000000000000000000e+00 0.000000000000000000e+00
0.000000000000000000e+00 0.000000000000000000e+00 0.000000000000000000e+00 0.000000000000000000e+00 0.000000000000000000e+00
0.000000000000000000e+00 0.000000000000000000e+00 0.000000000000000000e+00 0.000000000000000000e+00 0.000000000000000000e+00
0.000000000000000000e+00 0.000000000000000000e+00 0.000000000000000000e+00 0.000000000000000000e+00 0.000000000000000000e+00
0.000000000000000000e+00 0.000000000000000000e+00 0.000000000000000000e+00 0.000000000000000000e+00 0.000000000000000000e+00
0.000000000000000000e+00 0.000000000000000000e+00 0.000000000000000000e+00 0.000000000000000000e+00 0.000000000000000000e+00
0.000000000000000000e+00 0.000000000000000000e+00 0.000000000000000000e+00 0.000000000000000000e+00 0.000000000000000000e+00
0.000000000000000000e+00 0.000000000000000000e+00 0.000000000000000000e+00 0.000000000000000000e+00 0.000000000000000000e+00
0.000000000000000000e+00 0.000000000000000000e+00 0.000000000000000000e+00 0.000000000000000000e+00 0.000000000000000000e+00
0.000000000000000000e+00 0.000000000000000000e+00 0.000000000000000000e+00 0.000000000000000000e+00 0.000000000000000000e+00
0.000000000000000000e+00 0.000000000000000000e+00 0.000000000000000000e+00 0.000000000000000000e+00 0.000000000000000000e+00
0.000000000000000000e+00 0.000000000000000000e+00 0.000000000000000000e+00 0.000000000000000000e+00 0.000000000000000000e+00
0.000000000000000000e+00 0.000000000000000000e+00 0.000000000000000000e+00 0.000000000000000000e+00 0.000000000000000000e+00
0.000000000000000000e+00 0.000000000000000000e+00 0.000000000000000000e+00 0.000000000000000000e+00 0.000000000000000000e+00
0.000000000000000000e+00 0.000000000000000000e+00 0.000000000000000000e+00 0.000000000000000000e+00 0.000000000000000000e+00
0.000000000000000000e+00 0.000000000000000000e+00 0.000000000000000000e+00 0.000000000000000000e+00 0.000000000000000000e+00
0.000000000000000000e+00 0.000000000000000000e+00 0.000000000000000000e+00 0.000000000000000000e+00 0.000000000000000000e+00
0.000000000000000000e+00 0.000000000000000000e+00 0.000000000000000000e+00 0.000000000000000000e+00 0.000000000000000000e+00
0.000000000000000000e+00 0.000000000000000000e+00 0.000000000000000000e+00 0.000000000000000000e+00 0.000000000000000000e+00
0.000000000000000000e+00 0.000000000000000000e+00 0.000000000000000000e+00 0.000000000000000000e+00 0.000000000000000000e+00
0.000000000000000000e+00 0.000000000000000000e+00 0.000000000000000000e+00 0.000000000000000000e+00 0.000000000000000000e+00
0.000000000000000000e+00 0.000000000000000000e+00 0.000000000000000000e+00 0.000000000000000000e+00 0.000000000000000000e+00
0.000000000000000000e+00 0.000000000000000000e+00 0.000000000000000000e+00 0.000000000000000000e+00 0.000000000000000000e+00
0.000000000000000000e+00 0.000000000000000000e+00 0.000000000000000000e+00 0.000000000000000000e+00 0.000000000000000000e+00
0.000000000000000000e+00 0.000000000000000000e+00 0.000000000000000000e+00 0.000000000000000000e+00 0.000000000000000000e+00
0.000000000000000000e+00 0.000000000000000000e+00 0.000000000000000000e+00 0.000000000000000000e+00 0.000000000000000000e+00
0.000000000000000000e+00 0.000000000000000000e+00 0.000000000000000000e+00 0.000000000000000000e+00 0.000000000000000000e+00
0.000000000000000000e+00 0.000000000000000000e+00 0.000000000000000000e+00 0.000000000000000000e+00 0.000000000000000000e+00
0.000000000000000000e+00 0.000000000000000000e+00 0.000000000000000000e+00 0.000000000000000000e+00 0.000000000000000000e+00
0.000000000000000000e+00 0.000000000000000000e+00 0.000000000000000000e+00 0.000000000000000000e+00 0.000000000000000000e+00
0.000000000000000000e+00 0.000000000000000000e+00 0.000000000000000000e+00 0.000000000000000000e+00 0.000000000000000000e+00
0.000000000000000000e+00 0.000000000000000000e+00 0.000000000000000000e+00 0.000000000000000000e+00 0.000000000000000000e+00
0.000000000000000000e+00 0.000000000000000000e+00 0.000000000000000000e+00 0.000000000000000000e+00 0.000000000000000000e+00
0.000000000000000000e+00 0.000000000000000000e+00 0.000000000000000000e+00 0.000000000000000000e+00 0.000000000000000000e+00
0.000000000000000000e+00 0.000000000000000000e+00 0.000000000000000000e+00 0.000000000000000000e+00 0.000000000000000000e+00
0.000000000000000000e+00 0.000000000000000000e+00 0.000000000000000000e+00 0.000000000000000000e+00 0.000000000000000000e+00
0.000000000000000000e+00 0.000000000000000000e+00 0.000000000000000000e+00 0.000000000000000000e+00 0.000000000000000000e+00
0.000000000000000000e+00 0.000000000000000000e+00 0.000000000000000000e+00 0.000000000000000000e+00 0.000000000000000000e+00
0.000000000000000000e+00 0.000000000000000000e+00 0.000000000000000000e+00 0.000000000000000000e+00 0.000000000000000000e+00
0.000000000000000000e+00 0.000000000000000000e+00 0.000000000000000000e+00 0.000000000000000000e+00 0.000000000000000000e+00
0.000000000000000000e+00 0.000000000000000000e+00 0.000000000000000000e+00 0.000000000000000000e+00 0.000000000000000000e+00
0.000000000000000000e+00 0.000000000000000000e+00 0.000000000000000000e+00 0.000000000000000000e+00 0.000000000000000000e+00
0.000000000000000000e+00 0.000000000000000000e+00 0.000000000000000000e+00 0.000000000000000000e+00 0.000000000000000000e+00
0.000000000000000000e+00 0.000000000000000000e+00 0.000000000000000000e+00 0.000000000000000000e+00 0.000000000000000000e+00
0.000000000000000000e+00 0.000000000000000000e+00 0.000000000000000000e+00 0.000000000000000000e+00 0.000000000000000000e+00
0.000000000000000000e+00 0.000000000000000000e+00 0.000000000000000000e+00 0.000000000000000000e+00 0.000000000000000000e+00
0.000000000000000000e+00 0.000000000000000000e+00 0.000000000000000000e+00 0.000000000000000000e+00 0.000000000000000000e+00
0.000000000000000000e+00 0.000000000000000000e+00 0.000000000000000000e+00 0.000000000000000000e+00 0.000000000000000000e+00
0.000000000000000000e+00 0.000000000000000000e+00 0.000000000000000000e+00 0.000000000000000000e+00 0.000000000000000000e+00
0.000000000000000000e+00 0.000000000000000000e+00 0.000000000000000000e+00 0.000000000000000000e+00 0.000000000000000000e+00
0.000000000000000000e+00 0.000000000000000000e+00 0.000000000000000000e+00 0.000000000000000000e+00 0.000000000000000000e+00
0.000000000000000000e+00 0.000000000000000000e+00 0.000000000000000000e+00 0.000000000000000000e+00 0.000000000000000000e+00
0.000000000000000000e+00 0.000000000000000000e+00 0.000000000000000000e+00 0.000000000000000000e+00 0.000000000000000000e+00
0.000000000000000000e+00 0.000000000000000000e+00 0.000000000000000000e+00 0.000000000000000000e+00 0.000000000000000000e+00
0.000000000000000000e+00 0.000000000000000000e+00 0.000000000000000000e+00 0.000000000000000000e+00 0.000000000000000000e+00
0.000000000000000000e+00 0.000000000000000000e+00 0.000000000000000000e+00 0.000000000000000000e+00 0.000000000000000000e+00
0.000000000000000000e+00 0.000000000000000000e+00 0.000000000000000000e+00 0.000000000000000000e+00 0.000000000000000000e+00
0.000000000000000000e+00 0.000000000000000000e+00 0.000000000000000000e+00 0.000000000000000000e+00 0.000000000000000000e+00
0.000000000000000000e+00 0.000000000000000000e+00 0.000000000000000000e+00 0.000000000000000000e+00 0.000000000000000000e+00
0.000000000000000000e+00 0.000000000000000000e+00 0.000000000000000000e+00 0.000000000000000000e+00 0.000000000000000000e+00
0.000000000000000000e+00 0.000000000000000000e+00 0.000000000000000000e+00 0.000000000000000000e+00 0.000000000000000000e+00
0.000000000000000000e+00 0.000000000000000000e+00 0.000000000000000000e+00 0.000000000000000000e+00 0.000000000000000000e+00
0.000000000000000000e+00 0.000000000000000000e+00 0.000000000000000000e+00 0.000000000000000000e+00 0.000000000000000000e+00
0.000000000000000000e+00 0.000000000000000000e+00 0.000000000000000000e+00 0.000000000000000000e+00 0.000000000000000000e+00
0.000000000000000000e+00 0.000000000000000000e+00 0.000000000000000000e+00 0.000000000000000000e+00 0.000000000000000000e+00
0.000000000000000000e+00 0.000000000000000000e+00 0.000000000000000000e+00 0.000000000000000000e+00 0.000000000000000000e+00
0.000000000000000000e+00 0.000000000000000000e+00 0.000000000000000000e+00 0.000000000000000000e+00 0.000000000000000000e+00
0.000000000000000000e+00 0.000000000000000000e+00 0.000000000000000000e+00 0.000000000000000000e+00 0.000000000000000000e+00
0.000000000000000000e+00 0.000000000000000000e+00 0.000000000000000000e+00 0.000000000000000000e+00 0.000000000000000000e+00
0.000000000000000000e+00 0.000000000000000000e+00 0.000000000000000000e+00 0.000000000000000000e+00 0.000000000000000000e+00
0.000000000000000000e+00 0.000000000000000000e+00 0.000000000000000000e+00 0.000000000000000000e+00 0.000000000000000000e+00
0.000000000000000000e+00 0.000000000000000000e+00 0.000000000000000000e+00 0.000000000000000000e+00 0.000000000000000000e+00
0.000000000000000000e+00 0.000000000000000000e+00 0.000000000000000000e+00 0.000000000000000000e+00 0.000000000000000000e+00
0.000000000000000000e+00 0.000000000000000000e+00 0.000000000000000000e+00 0.000000000000000000e+00 0.000000000000000000e+00
0.000000000000000000e+00 0.000000000000000000e+00 0.000000000000000000e+00 0.000000000000000000e+00 0.000000000000000000e+00
0.000000000000000000e+00 0.000000000000000000e+00 0.000000000000000000e+00 0.000000000000000000e+00 0.000000000000000000e+00
0.000000000000000000e+00 0.000000000000000000e+00 0.000000000000000000e+00 0.000000000000000000e+00 0.000000000000000000e+00
0.000000000000000000e+00 0.000000000000000000e+00 0.000000000000000000e+00 0.000000000000000000e+00 0.000000000000000000e+00
0.000000000000000000e+00 0.000000000000000000e+00 0.000000000000000000e+00 0.000000000000000000e+00 0.000000000000000000e+00
0.000000000000000000e+00 0.000000000000000000e+00 0.000000000000000000e+00 0.000000000000000000e+00 0.000000000000000000e+00
0.000000000000000000e+00 0.000000000000000000e+00 0.000000000000000000e+00 0.000000000000000000e+00 0.000000000000000000e+00
0.000000000000000000e+00 0.000000000000000000e+00 0.000000000000000000e+00 0.000000000000000000e+00 0.000000000000000000e+00
0.000000000000000000e+00 0.000000000000000000e+00 0.000000000000000000e+00 0.000000000000000000e+00 0.000000000000000000e+00
0.000000000000000000e+00 0.000000000000000000e+00 0.000000000000000000e+00 0.000000000000000000e+00 0.000000000000000000e+00
0.000000000000000000e+00 0.000000000000000000e+00 0.000000000000000000e+00 0.000000000000000000e+00 0.000000000000000000e+00
0.000000000000000000e+00 0.000000000000000000e+00 0.000000000000000000e+00 0.000000000000000000e+00 0.000000000000000000e+00
0.000000000000000000e+00 0.000000000000000000e+00 0.000000000000000000e+00 0.000000000000000000e+00 0.000000000000000000e+00
0.000000000000000000e+00 0.000000000000000000e+00 0.000000000000000000e+00 0.000000000000000000e+00 0.000000000000000000e+00
0.000000000000000000e+00 0.000000000000000000e+00 0.000000000000000000e+00 0.000000000000000000e+00 0.000000000000000000e+00
0.000000000000000000e+00 0.000000000000000000e+00 0.000000000000000000e+00 0.000000000000000000e+00 0.000000000000000000e+00
0.000000000000000000e+00 0.000000000000000000e+00 0.000000000000000000e+00 0.000000000000000000e+00 0.000000000000000000e+00
0.000000000000000000e+00 0.000000000000000000e+00 0.000000000000000000e+00 0.000000000000000000e+00 0.000000000000000000e+00
0.000000000000000000e+00 0.000000000000000000e+00 0.000000000000000000e+00 0.000000000000000000e+00 0.000000000000000000e+00
0.000000000000000000e+00 0.000000000000000000e+00 0.000000000000000000e+00 0.000000000000000000e+00 0.000000000000000000e+00
0.000000000000000000e+00 0.000000000000000000e+00 0.000000000000000000e+00 0.000000000000000000e+00 0.000000000000000000e+00
0.000000000000000000e+00 0.000000000000000000e+00 0.000000000000000000e+00 0.000000000000000000e+00 0.000000000000000000e+00
0.000000000000000000e+00 0.000000000000000000e+00 0.000000000000000000e+00 0.000000000000000000e+00 0.000000000000000000e+00
0.000000000000000000e+00 0.000000000000000000e+00 0.000000000000000000e+00 0.000000000000000000e+00 0.000000000000000000e+00
0.000000000000000000e+00 0.000000000000000000e+00 0.000000000000000000e+00 0.000000000000000000e+00 0.000000000000000000e+00
0.000000000000000000e+00 0.000000000000000000e+00 0.000000000000000000e+00 0.000000000000000000e+00 0.000000000000000000e+00
0.000000000000000000e+00 0.000000000000000000e+00 0.000000000000000000e+00 0.000000000000000000e+00 0.000000000000000000e+00
0.000000000000000000e+00 0.000000000000000000e+00 0.000000000000000000e+00 0.000000000000000000e+00 0.000000000000000000e+00
0.000000000000000000e+00 0.000000000000000000e+00 0.000000000000000000e+00 0.000000000000000000e+00 0.000000000000000000e+00
0.000000000000000000e+00 0.000000000000000000e+00 0.000000000000000000e+00 0.000000000000000000e+00 0.000000000000000000e+00
0.000000000000000000e+00 0.000000000000000000e+00 0.000000000000000000e+00 0.000000000000000000e+00 0.000000000000000000e+00
0.000000000000000000e+00 0.000000000000000000e+00 0.000000000000000000e+00 0.000000000000000000e+00 0.000000000000000000e+00
0.000000000000000000e+00 0.000000000000000000e+00 0.000000000000000000e+00 0.000000000000000000e+00 0.000000000000000000e+00
0.000000000000000000e+00 0.000000000000000000e+00 0.000000000000000000e+00 0.000000000000000000e+00 0.000000000000000000e+00
0.000000000000000000e+00 0.000000000000000000e+00 0.000000000000000000e+00 0.000000000000000000e+00 0.000000000000000000e+00
0.000000000000000000e+00 0.000000000000000000e+00 0.000000000000000000e+00 0.000000000000000000e+00 0.000000000000000000e+00
0.000000000000000000e+00 0.000000000000000000e+00 0.000000000000000000e+00 0.000000000000000000e+00 0.000000000000000000e+00
0.000000000000000000e+00 0.000000000000000000e+00 0.000000000000000000e+00 0.000000000000000000e+00 0.000000000000000000e+00
0.000000000000000000e+00 0.000000000000000000e+00 0.000000000000000000e+00 0.000000000000000000e+00 0.000000000000000000e+00
0.000000000000000000e+00 0.000000000000000000e+00 0.000000000000000000e+00 0.000000000000000000e+00 0.000000000000000000e+00
0.000000000000000000e+00 0.000000000000000000e+00 0.000000000000000000e+00 0.000000000000000000e+00 0.000000000000000000e+00
0.000000000000000000e+00 0.000000000000000000e+00 0.000000000000000000e+00 0.000000000000000000e+00 0.000000000000000000e+00
0.000000000000000000e+00 0.000000000000000000e+00 0.000000000000000000e+00 0.000000000000000000e+00 0.000000000000000000e+00
0.000000000000000000e+00 0.000000000000000000e+00 0.000000000000000000e+00 0.000000000000000000e+00 0.000000000000000000e+00
0.000000000000000000e+00 0.000000000000000000e+00 0.000000000000000000e+00 0.000000000000000000e+00 0.000000000000000000e+00
0.000000000000000000e+00 0.000000000000000000e+00 0.000000000000000000e+00 0.000000000000000000e+00 0.000000000000000000e+00
0.000000000000000000e+00 0.000000000000000000e+00 0.000000000000000000e+00 0.000000000000000000e+00 0.000000000000000000e+00
0.000000000000000000e+00 0.000000000000000000e+00 0.000000000000000000e+00 0.000000000000000000e+00 0.000000000000000000e+00
0.000000000000000000e+00 0.000000000000000000e+00 0.000000000000000000e+00 0.000000000000000000e+00 0.000000000000000000e+00
0.000000000000000000e+00 0.000000000000000000e+00 0.000000000000000000e+00 0.000000000000000000e+00 0.000000000000000000e+00
0.000000000000000000e+00 0.000000000000000000e+00 0.000000000000000000e+00 0.000000000000000000e+00 0.000000000000000000e+00
0.000000000000000000e+00 0.000000000000000000e+00 0.000000000000000000e+00 0.000000000000000000e+00 0.000000000000000000e+00
0.000000000000000000e+00 0.000000000000000000e+00 0.000000000000000000e+00 0.000000000000000000e+00 0.000000000000000000e+00
0.000000000000000000e+00 0.000000000000000000e+00 0.000000000000000000e+00 0.000000000000000000e+00 0.000000000000000000e+00
0.000000000000000000e+00 0.000000000000000000e+00 0.000000000000000000e+00 0.000000000000000000e+00 0.000000000000000000e+00
0.000000000000000000e+00 0.000000000000000000e+00 0.000000000000000000e+00 0.000000000000000000e+00 0.000000000000000000e+00
0.000000000000000000e+00 0.000000000000000000e+00 0.000000000000000000e+00 0.000000000000000000e+00 0.000000000000000000e+00
0.000000000000000000e+00 0.000000000000000000e+00 0.000000000000000000e+00 0.000000000000000000e+00 0.000000000000000000e+00
0.000000000000000000e+00 0.000000000000000000e+00 0.000000000000000000e+00 0.000000000000000000e+00 0.000000000000000000e+00
0.000000000000000000e+00 0.000000000000000000e+00 0.000000000000000000e+00 0.000000000000000000e+00 0.000000000000000000e+00
0.000000000000000000e+00 0.000000000000000000e+00 0.000000000000000000e+00 0.000000000000000000e+00 0.000000000000000000e+00
0.000000000000000000e+00 0.000000000000000000e+00 0.000000000000000000e+00 0.000000000000000000e+00 0.000000000000000000e+00
0.000000000000000000e+00 0.000000000000000000e+00 0.000000000000000000e+00 0.000000000000000000e+00 0.000000000000000000e+00
0.000000000000000000e+00 0.000000000000000000e+00 0.000000000000000000e+00 0.000000000000000000e+00 0.000000000000000000e+00
0.000000000000000000e+00 0.000000000000000000e+00 0.000000000000000000e+00 0.000000000000000000e+00 0.000000000000000000e+00
0.000000000000000000e+00 0.000000000000000000e+00 0.000000000000000000e+00 0.000000000000000000e+00 0.000000000000000000e+00
0.000000000000000000e+00 0.000000000000000000e+00 0.000000000000000000e+00 0.000000000000000000e+00 0.000000000000000000e+00
0.000000000000000000e+00 0.000000000000000000e+00 0.000000000000000000e+00 0.000000000000000000e+00 0.000000000000000000e+00
0.000000000000000000e+00 0.000000000000000000e+00 0.000000000000000000e+00 0.000000000000000000e+00 0.000000000000000000e+00
0.000000000000000000e+00 0.000000000000000000e+00 0.000000000000000000e+00 0.000000000000000000e+00 0.000000000000000000e+00
0.000000000000000000e+00 0.000000000000000000e+00 0.000000000000000000e+00 0.000000000000000000e+00 0.000000000000000000e+00
0.000000000000000000e+00 0.000000000000000000e+00 0.000000000000000000e+00 0.000000000000000000e+00 0.000000000000000000e+00
0.000000000000000000e+00 0.000000000000000000e+00 0.000000000000000000e+00 0.000000000000000000e+00 0.000000000000000000e+00
0.000000000000000000e+00 0.000000000000000000e+00 0.000000000000000000e+00 0.000000000000000000e+00 0.000000000000000000e+00
0.000000000000000000e+00 0.000000000000000000e+00 0.000000000000000000e+00 0.000000000000000000e+00 0.000000000000000000e+00
0.000000000000000000e+00 0.000000000000000000e+00 0.000000000000000000e+00 0.000000000000000000e+00 0.000000000000000000e+00
0.000000000000000000e+00 0.000000000000000000e+00 0.000000000000000000e+00 0.000000000000000000e+00 0.000000000000000000e+00
0.000000000000000000e+00 0.000000000000000000e+00 0.000000000000000000e+00 0.000000000000000000e+00 0.000000000000000000e+00
0.000000000000000000e+00 0.000000000000000000e+00 0.000000000000000000e+00 0.000000000000000000e+00 0.000000000000000000e+00
0.000000000000000000e+00 0.000000000000000000e+00 0.000000000000000000e+00 0.000000000000000000e+00 0.000000000000000000e+00
0.000000000000000000e+00 0.000000000000000000e+00 0.000000000000000000e+00 0.000000000000000000e+00 0.000000000000000000e+00
0.000000000000000000e+00 0.000000000000000000e+00 0.000000000000000000e+00 0.000000000000000000e+00 0.000000000000000000e+00
0.000000000000000000e+00 0.000000000000000000e+00 0.000000000000000000e+00 0.000000000000000000e+00 0.000000000000000000e+00
0.000000000000000000e+00 0.000000000000000000e+00 0.000000000000000000e+00 0.000000000000000000e+00 0.000000000000000000e+00
0.000000000000000000e+00 0.000000000000000000e+00 0.000000000000000000e+00 0.000000000000000000e+00 0.000000000000000000e+00
0.000000000000000000e+00 0.000000000000000000e+00 0.000000000000000000e+00 0.000000000000000000e+00 0.000000000000000000e+00
-6.704013231962866470e+00 -4.812860339909265761e+00 -1.384127862434938017e+00 6.394714023430602801e+00 8.772822256228275606e+00
-5.942163160568203040e+00 -5.053790105722037573e+00 -2.243451886840658549e+00 3.591649246456142919e+00 8.494786517861770747e+00
-4.868101723528901914e+00 -5.592135770618008372e+00 -2.847356234291121613e+00 1.892290929712228120e+00 7.290339209500816153e+00
-3.011587148323673357e+00 -6.038471479594740288e+00 -3.453999519224265402e+00 6.464556276234936227e-01 5.372256681688730495e+00
-5.415770486611825030e-01 -6.045456351130535921e+00 -4.080620376823258511e+00 -4.369544142072487869e-01 3.488734923002635213e+00
1.827385058086883562e+00 -5.411426973259210627e+00 -4.712085822640123212e+00 -1.395490926272765275e+00 1.962306225399691906e+00
3.662072858814978904e+00 -4.094857748177344270e+00 -5.237590718030363135e+00 -2.286816309827534255e+00 6.973019642223774461e-01
4.921853873585509298e+00 -2.352073735757285622e+00 -5.452676950044040183e+00 -3.144669306332831482e+00 -4.006368622126493806e-01
5.682555437414480437e+00 -5.138363232154474769e-01 -5.198573400562403357e+00 -3.936527952813798859e+00 -1.358743452155237286e+00
5.956961543540602477e+00 1.238852283576834523e+00 -4.465776659733345255e+00 -4.575853996691062520e+00 -2.199124902287321159e+00
5.744816498703910312e+00 2.800874353218202106e+00 -3.346880500918329560e+00 -4.967185025366785744e+00 -2.939697293141076972e+00
5.126409468149695670e+00 4.035162786637563670e+00 -1.944590210690782195e+00 -5.044108137904984801e+00 -3.576989425644702791e+00
4.242403072351080162e+00 4.814978451044830798e+00 -3.776161492318844681e-01 -4.766568927604976302e+00 -4.091524771412172079e+00
3.224083799737676337e+00 5.103933185016861884e+00 1.183608085559993306e+00 -4.108729578391464798e+00 -4.455917915952835706e+00
2.164980707492146994e+00 4.958679792564379518e+00 2.552833711986586263e+00 -3.085967310334615465e+00 -4.627329001123652752e+00
1.126378137685548841e+00 4.480370286469894658e+00 3.592634870514276990e+00 -1.790573045724970891e+00 -4.542122614923628454e+00
1.437544720387982089e-01 3.776053579167673035e+00 4.238175544110085902e+00 -3.757252998736212435e-01 -4.138657793956035391e+00
-7.678605129198907697e-01 2.941275638019268612e+00 4.485241553795315639e+00 9.975271142735950836e-01 -3.398405842396642118e+00
-1.602246240674208622e+00 2.050894897790783489e+00 4.373750189691336665e+00 2.197156265185830737e+00 -2.367579310851883445e+00
-2.348697765175194352e+00 1.155592519194690526e+00 3.973349762525427931e+00 3.130003443248413397e+00 -1.144167759736159695e+00
-2.985304303923983049e+00 2.863504957908835635e-01 3.366234160405565223e+00 3.743085422029495568e+00 1.490197267989894492e-01
-3.479616199319035985e+00 -5.369651524504582829e-01 2.630780586485955919e+00 4.023713506458293843e+00 1.385786926870228530e+00
-3.792652157889237152e+00 -1.298449284451415275e+00 1.832303787448434917e+00 3.994491268853935573e+00 2.451518453692960620e+00
-3.884441757021166008e+00 -1.981556035190598974e+00 1.020770364656251816e+00 3.702726779231241938e+00 3.255388041861268622e+00
-3.722504704512624052e+00 -2.565573829561019537e+00 2.317993845608364023e-01 3.208398827509157503e+00 3.740077910628752722e+00
-3.293449053567766072e+00 -3.023094813598607544e+00 -5.107754381257830767e-01 2.573865581439441996e+00 3.887925730208041664e+00
-2.613817846472796802e+00 -3.320260286550820616e+00 -1.190649950460593631e+00 1.856351297357999863e+00 3.721562552759887232e+00
-1.734443802870416107e+00 -3.421444745962944012e+00 -1.793561912835722083e+00 1.103578618774535336e+00 3.296823970330819975e+00
-7.350777171653217756e-01 -3.298282201726433716e+00 -2.302218755653391735e+00 3.526332086289825085e-01 2.688555219451078226e+00
2.890509096215225782e-01 -2.940526281414549192e+00 -2.693515408045808357e+00 -3.684278782209158276e-01 1.974050285818146344e+00
1.243379546010697334e+00 -2.364279326211533583e+00 -2.939314871244492533e+00 -1.037222044842746493e+00 1.220015941765273171e+00
2.047488558745929499e+00 -1.613533754367338702e+00 -3.011071488699204490e+00 -1.633189134320101044e+00 4.763160142901862737e-01
2.643561130727760222e+00 -7.544195776131696896e-01 -2.887288199562782598e+00 -2.134510769659344387e+00 -2.238801382182753763e-01
3.000300059761573213e+00 1.348344380540138499e-01 -2.561544576467817524e+00 -2.516830671148834853e+00 -8.599965588909977976e-01
3.113241154675569611e+00 9.747228533051258692e-01 -2.048366585679401553e+00 -2.754342131690949103e+00 -1.418605891145417575e+00
3.001613098970543181e+00 1.694374849829068053e+00 -1.384893928018295028e+00 -2.823294296310352891e+00 -1.888437841948048979e+00
2.701963585239333998e+00 2.239922785141420292e+00 -6.276427735239985539e-01 -2.707448371908352858e+00 -2.256808322258080590e+00
2.259941860742342268e+00 2.580238365520621802e+00 1.549785475252052347e-01 -2.404292922359084539e+00 -2.508018082538776117e+00
1.722483500028638481e+00 2.708603896235763475e+00 8.926234889569016895e-01 -1.929951522792251017e+00 -2.624159423116870116e+00
1.132262346905417161e+00 2.639827957009366788e+00 1.523022555577303372e+00 -1.320449703412848175e+00 -2.588526223017145078e+00
5.251006031452067901e-01 2.403965897630011561e+00 1.999819591928150064e+00 -6.281595991412436408e-01 -2.391067462866096172e+00
-7.004434706294337953e-02 2.038882107362269824e+00 2.296850068976791448e+00 8.564399624903940023e-02 -2.034223733299583614e+00
-6.294585444475556679e-01 1.583784534134376587e+00 2.408556006827650808e+00 7.596722330207952290e-01 -1.536840406186886998e+00
-1.132479147387011498e+00 1.074933210751288115e+00 2.347124245976164758e+00 1.340544268970155439e+00 -9.344126802021853750e-01
-1.559651714098314157e+00 5.436938908069494092e-01 2.137525564090907881e+00 1.788357861597453136e+00 -2.754760034094854149e-01
-1.891878141897364696e+00 1.644133012443838027e-02 1.811873564705840600e+00 2.079507097206676036e+00 3.845986346450938065e-01
-2.110876091936101151e+00 -4.844215006358797426e-01 1.404368829255475015e+00 2.206887724624904568e+00 9.906788678636406775e-01
-2.200964755168481002e+00 -9.390333969614802490e-01 9.476245274931223150e-01 2.177928723148667700e+00 1.494465693333901779e+00
-2.151883210823198667e+00 -1.328821383327197347e+00 4.706166220851268345e-01 2.011148018210153765e+00 1.859794338228839550e+00
-1.962005833559612666e+00 -1.635892920813313944e+00 -1.914531241804517947e-03 1.732100934281739724e+00 2.066100223417892234e+00
-1.641010085082170500e+00 -1.843412681521819918e+00 -4.490046541294157034e-01 1.369549809400874230e+00 2.109610174349210610e+00
-1.210971347714159263e+00 -1.937097077018078428e+00 -8.524358487021973518e-01 9.524404370114132323e-01 2.002045665994840018e+00
-7.051929161135982449e-01 -1.907632548427260044e+00 -1.195662919565928517e+00 5.079518061086401026e-01 1.767119557753591641e+00
-1.647840078935731700e-01 -1.753421043230631415e+00 -1.463202027721606457e+00 6.060450280364571007e-02 1.435702040863040319e+00
3.662567663818443453e-01 -1.482756547935961011e+00 -1.640863617713314238e+00 -3.677931914665578672e-01 1.040882007745020710e+00
8.463035393745406143e-01 -1.114567112128332704e+00 -1.716957536755409075e+00 -7.577192929504635854e-01 6.140335571134173387e-01
1.240658545577915328e+00 -6.772847686412849511e-01 -1.684257320145574832e+00 -1.091451740983718777e+00 1.824913744840814811e-01
1.524737525834217067e+00 -2.060125355040401951e-01 -1.542192589062960861e+00 -1.352909855917634907e+00 -2.311671880263622969e-01
1.685615043901787624e+00 2.613943429919896033e-01 -1.298572427406246010e+00 -1.528085917550336292e+00 -6.086723239925749818e-01
1.721935201092938295e+00 6.885786734609925519e-01 -9.702044799820700449e-01 -1.606134414990866510e+00 -9.350530194670331197e-01
1.642406763494374644e+00 1.044576557737904920e+00 -5.820443528128301791e-01 -1.580959175311633658e+00 -1.197638394318689903e+00
1.463311282652649314e+00 1.306791849136644146e+00 -1.648912780171393200e-01 -1.452917240952110278e+00 -1.385495528640191765e+00
1.205608964688223761e+00 1.462635395406426841e+00 2.479819481930904956e-01 -1.230102829375533391e+00 -1.489551230953149119e+00
8.922358248956150373e-01 1.509655418644432423e+00 6.246205001256309730e-01 -9.286720842122228037e-01 -1.503439607307922365e+00
5.460237525305943196e-01 1.454308163094319761e+00 9.378826615386000043e-01 -5.718793814448063229e-01 -1.424881907256893676e+00
1.884166683437056289e-01 1.309812386915428783e+00 1.168035948524067891e+00 -1.878686348622538027e-01 -1.257179744779113983e+00
-1.610919609391070484e-01 1.093671888182754959e+00 1.304100985983539296e+00 1.933658657262076475e-01 -1.010279736730980149e+00
-4.850396166991512437e-01 8.253949446927247857e-01 1.343887487907535538e+00 5.432326464275964994e-01 -7.009327373274716333e-01
-7.678936592341730760e-01 5.247462519881578302e-01 1.292931809236130158e+00 8.374144884848842008e-01 -3.517217623376161506e-01
-9.960414034874041089e-01 2.106372844894075780e-01 1.162720707652272090e+00 1.057936665581203917e+00 1.094068157938976604e-02
-1.158055526263227275e+00 -9.942423409109248100e-02 9.686438569533922793e-01 1.194234168428510490e+00 3.594860106575497039e-01
-1.245297108157809918e+00 -3.895131627709239597e-01 7.280642667261960632e-01 1.243224557732617308e+00 6.680603233650062034e-01
-1.252785993387881103e+00 -6.453172520132266499e-01 4.587676934504780757e-01 1.208552155526690264e+00 9.151357240149833316e-01
-1.180146464152337593e+00 -8.542237138763448812e-01 1.778997980276051383e-01 1.099271898483543675e+00 1.085493729203155677e+00
-1.032352813651564505e+00 -1.005608952364883679e+00 -9.863480386198221483e-02 9.282783578136468705e-01 1.171331774385051760e+00
-8.199862686533029299e-01 -1.091389444776819317e+00 -3.564325211113972824e-01 7.107573961865696344e-01 1.172387207409731680e+00
-5.587931324083977858e-01 -1.106781899921833734e+00 -5.826806392795436107e-01 4.628608525033097720e-01 1.095139383460686844e+00
-2.684928997432892150e-01 -1.051111421387656675e+00 -7.662528589057359119e-01 2.007048962090023370e-01 9.513157548850798007e-01
2.902610966897190004e-02 -9.284319088978775225e-01 -8.979478880536478913e-01 -6.030408291850519742e-02 7.560446425984290730e-01
3.118360353092088921e-01 -7.477182355753138054e-01 -9.709321537080476405e-01 -3.058880754641770672e-01 5.260227052485666466e-01
5.600742623623458094e-01 -5.224675284732814839e-01 -9.813492363576890032e-01 -5.231768032919578149e-01 2.779908553313350517e-01
7.577061697151404873e-01 -2.696831148142185830e-01 -9.289643738790038796e-01 -7.009715773527529503e-01 2.767226004945499973e-02
8.937234885656095695e-01 -8.358959129067700111e-03 -8.176525599485643392e-01 -8.300888480935014746e-01 -2.108246314639202756e-01
9.626755499346766332e-01 2.423123892414349445e-01 -6.555356322573149264e-01 -9.038212896700198451e-01 -4.252490365598564637e-01
9.645476786020664717e-01 4.647401333913029897e-01 -4.546315962070027750e-01 -9.184817176086929047e-01 -6.052627915481353371e-01
9.041001506446832980e-01 6.444867364331147153e-01 -2.299823166817163422e-01 -8.739257207865169796e-01 -7.424712150716521464e-01
7.898500100336036667e-01 7.713686942600175289e-01 1.656409165926797655e-03 -7.739032711755224891e-01 -8.305487515129496012e-01
6.329045982615193466e-01 8.399918628017037925e-01 2.233789140628437142e-01 -6.260864897341243962e-01 -8.655070147441779049e-01
4.458352545362433972e-01 8.497118122132196749e-01 4.197097657235806523e-01 -4.416686946415958603e-01 -8.460722106902616169e-01
2.417214586180231883e-01 8.041099426533815375e-01 5.779638076714397332e-01 -2.345193382441210783e-01 -7.740674693606961476e-01
3.342031487908259102e-02 7.101466224349122225e-01 6.892039887387158004e-01 -1.998245694470635048e-02 -6.546538652107334322e-01
-1.669531466279494947e-01 5.771765595153328654e-01 7.487021795373176580e-01 1.865119763776896811e-01 -4.962877341726851799e-01
-3.483960627712741065e-01 4.159888941140936769e-01 7.559047420032874998e-01 3.708188870211328592e-01 -3.103033014389496858e-01
-5.013162505315549300e-01 2.379803869219423440e-01 7.139866681287483363e-01 5.212415018562850388e-01 -1.101127184005961102e-01
-6.178258595809090759e-01 5.450605247284823207e-02 6.291296820394363110e-01 6.293513821802858565e-01 8.989714116674618616e-02
-6.920648992065405736e-01 -1.236036945482324040e-01 5.096744761115472588e-01 6.904008830896760651e-01 2.756262566019973548e-01
-7.205470070583690489e-01 -2.864059345095624765e-01 3.652791255310115504e-01 7.033351285998403757e-01 4.345067236997266491e-01
-7.024784384947652116e-01 -4.251474050729099341e-01 2.061757215627000317e-01 6.704679482406985525e-01 5.565635793689379662e-01
-6.399720949755672850e-01 -5.325567569012360503e-01 4.256913283507723911e-02 5.969217398965082078e-01 6.351587481416922643e-01
-5.380708294833661531e-01 -6.031531741029581006e-01 -1.158221720650919329e-01 4.899423262392337275e-01 6.673409947958162114e-01
-4.045129886407671238e-01 -6.335639405427437865e-01 -2.601146485311190970e-01 3.581890183418463547e-01 6.537898430633684033e-01
-2.492155024625155590e-01 -6.228096559414818545e-01 -3.825433143302171546e-01 2.110737568121914265e-01 5.984050379981781242e-01
-8.350503729634373151e-02 -5.724917898071179012e-01 -4.767229740549492334e-01 5.818989927197137924e-02 5.076428266573487225e-01
8.081997792125972246e-02 -4.868117462212797619e-01 -5.379112080874509649e-01 -9.116064691796665898e-02 3.897254174229163315e-01
2.324790386160440203e-01 -3.723674115748114577e-01 -5.632697909264494651e-01 -2.283570553320096730e-01 2.538459060947531043e-01
3.616248695251107481e-01 -2.377088998636250061e-01 -5.520927016870114112e-01 -3.457927955053931024e-01 1.094617909455388727e-01
4.605751322922878033e-01 -9.268005999163253517e-02 -5.059483771776402961e-01 -4.371777633474537295e-01 -3.427288862013810888e-02
5.242867770418841999e-01 5.238620931712079098e-02 -4.286785389017130354e-01 -4.978218168741805338e-01 -1.689300519431214953e-01
5.505435964667793058e-01 1.875229896922268324e-01 -3.262087531403115026e-01 -5.248924432613921720e-01 -2.871102688596097186e-01
5.398712136199297351e-01 3.039302319259573615e-01 -2.061544737056395515e-01 -5.176188728683079887e-01 -3.826664782665101239e-01
4.952290298323554496e-01 3.946278054641241817e-01 -7.724345938804166867e-02 -4.774007189860505207e-01 -4.508875101604837843e-01
4.215501787099984465e-01 4.548936922883475842e-01 5.138854535673553769e-02 -4.077768216965088066e-01 -4.886645947747519925e-01
3.252059529409554450e-01 4.824567077021466588e-01 1.709463822549957268e-01 -3.142220508256211575e-01 -4.946412496684615689e-01
2.134617916151040351e-01 4.774514627071089201e-01 2.736767864376881132e-01 -2.037646146545141479e-01 -4.693243413479932236e-01
9.397237009406333996e-02 4.421755751906140675e-01 3.534399711278619627e-01 -8.444779393890156083e-02 -4.151188118899438173e-01
-2.565986029158362838e-02 3.807092326447711894e-01 4.060930473667716534e-01 3.531064030692476763e-02 -3.362457153645384000e-01
-1.382588012190331117e-01 2.984625131349654126e-01 4.296593346349151243e-01 1.473887583318613803e-01 -2.385144666301053373e-01
-2.373908158026285520e-01 2.017079281396143564e-01 4.242908442108439537e-01 2.445833024238995013e-01 -1.289429035655803579e-01
-3.176361693657760998e-01 9.713910527733315980e-02 3.920582549608087053e-01 3.211177841233190389e-01 -1.524675522507756842e-02
-3.748248327099538146e-01 -8.522686266795422363e-03 3.366190902935233265e-01 3.729895814448165314e-01 9.475413357539785864e-02
-4.062357594288180107e-01 -1.088691146047501279e-01 2.628191975262257341e-01 3.981359997720286259e-01 1.937482514705149150e-01
-4.107471864156398977e-01 -1.980980575569299962e-01 1.762766286064041399e-01 3.964249351814253530e-01 2.754938064013037757e-01
-3.889164354240048915e-01 -2.712685042259969093e-01 8.298417080024501902e-02 3.694963016992827143e-01 3.352665403592116622e-01
-3.429646153014095367e-01 -3.245227293317092809e-01 -1.104855539827442890e-02 3.204929956878073138e-01 3.701489117232490411e-01
-2.766464242169637822e-01 -3.552736161377870183e-01 -1.001063563033548487e-01 2.537241787939326088e-01 3.791394197794988319e-01
-1.949976546854369497e-01 -3.623458704487838578e-01 -1.790354983731881344e-01 1.743001751794326371e-01 3.630864010634595740e-01
-1.039704661672592456e-01 -3.460527694576170377e-01 -2.434726951169781106e-01 8.776968712955568463e-02 3.244731307723061065e-01
-9.984829549309237606e-03 -3.081879258955111389e-01 -2.900404457618311893e-01 -2.206914693869688193e-04 2.670965237625582134e-01
8.056078652558129605e-02 -2.519158911256554889e-01 -3.165073424086777276e-01 -8.423469253225546183e-02 1.956878597685642873e-01
1.617689576019865072e-01 -1.815559553147523542e-01 -3.219047219965769924e-01 -1.593194753802927854e-01 1.155207831442466443e-01
2.286637971716001250e-01 -1.022680510463300774e-01 -3.065852024370953055e-01 -2.212438858630381144e-01 3.204157200682478113e-02
2.775124313850880764e-01 -1.966481539378772680e-02 -2.722067489056799183e-01 -2.667012976410670921e-01 -4.945696046958458769e-02
3.060224206436585881e-01 6.061394023913280193e-02 -2.216293347600527541e-01 -2.934727524966713741e-01 -1.241096877103937679e-01
3.134073903657415006e-01 1.333216205290248535e-01 -1.587198758102531526e-01 -3.005414454353155795e-01 -1.877027973591253174e-01
3.003294630394681697e-01 1.939778582214337632e-01 -8.807323781593312528e-02 -2.881461448217337296e-01 -2.368525203872338392e-01
2.687397492859722181e-01 2.391590738504612013e-01 -1.466999526094736779e-02 -2.577608038389871958e-01 -2.691440613938685944e-01
2.216455176504874558e-01 2.666836752687571366e-01 5.649779275513666654e-02 -2.119914627502571536e-01 -2.832316789788145162e-01
1.628343604460598115e-01 2.756835941212332219e-01 1.207957248436439812e-01 -1.543893874942064981e-01 -2.788954221219717144e-01
9.658256585668545391e-02 2.665680447331437719e-01 1.742743423178629847e-01 -8.918979714865105102e-02 -2.570457269520999288e-01
2.736874192882909895e-02 2.408966582958201041e-01 2.139239832057797663e-01 -2.099617074126347571e-02 -2.196658887183432496e-01
-4.039337911637197465e-02 2.011858928129009183e-01 2.378372469365888087e-01 4.556152796010649181e-02 -1.696853346336683055e-01
-1.025952010021474736e-01 1.506744497611032241e-01 2.452718017310615561e-01 1.061622620668820627e-01 -1.107833714338580799e-01
-1.556428095667284905e-01 9.307109364348642444e-02 2.366185014237249806e-01 1.570915059173008388e-01 -4.713224277667483336e-02
-1.966334103105363829e-01 3.230330776074108456e-02 2.132894495219710418e-01 1.954752156880892322e-01 1.690223933777046383e-02
-2.234954824483895708e-01 -2.772056988402604727e-02 1.775464948997600434e-01 2.194333837396869324e-01 7.707676018536102625e-02
-2.350875676066673803e-01 -8.332812801313593809e-02 1.322924036336450282e-01 2.281467560701837538e-01 1.295737551563775902e-01
-2.312489020161906383e-01 -1.312742746048813913e-01 8.084525793751408396e-02 2.218401555322973007e-01 1.712630532906691538e-01
-2.127947852635331261e-01 -1.689041267363772525e-01 2.671267967389301390e-02 2.016936863911502620e-01 1.998981962364294873e-01
-1.814515331154458178e-01 -1.942838363032459714e-01 -2.662228764380203394e-02 1.696980211291740925e-01 2.142320586715991126e-01
-1.397301223099084444e-01 -2.062943683445600529e-01 -7.589612280690173629e-02 1.284718368399822008e-01 2.140464851181329564e-01
-9.074374968390352958e-02 -2.046820748107853749e-01 -1.182360680594457536e-01 8.105869618170902235e-02 2.001006604322241866e-01
-3.798122718829588518e-02 -1.900599020473663359e-01 -1.513045536416401937e-01 3.071814007849549624e-02 1.740111537658892704e-01
1.494589652296474114e-02 -1.638548509661751640e-01 -1.734135418530745598e-01 -1.927752634794188680e-02 1.380818901621798656e-01
6.456075981000530817e-02 -1.282010742094454869e-01 -1.836047000089558179e-01 -6.583241113388094146e-02 9.510423337037667013e-02
1.077605293265666564e-01 -8.578318582903654566e-02 -1.816904834750665554e-01 -1.061961265264804721e-01 4.814618877851972734e-02
1.420172481270121079e-01 -3.964004970749968049e-02 -1.682513019011102617e-01 -1.381079804805723787e-01 3.463614514573887249e-04
1.655246956031344308e-01 7.055615229551559509e-03 -1.445855022484090480e-01 -1.599117111187313700e-01 -4.527606811733608794e-02
1.772823325597863153e-01 5.122318635312828744e-02 -1.126120499878879855e-01 -1.706360519214887850e-01 -8.598826650504033664e-02
1.771145251561261624e-01 9.008608442555021689e-02 -7.473016062355308797e-02 -1.700363289314577309e-01 -1.194836137399720721e-01
1.656297145712528618e-01 1.213518759169760486e-01 -3.364496053625731786e-02 -1.585930147763290332e-01 -1.439923092357190404e-01
1.441291327310554315e-01 1.433466877779008275e-01 7.827438313519952118e-03 -1.374650200645551879e-01 -1.583609548389466326e-01
1.144776036733856639e-01 1.550956216873966564e-01 4.695920386538166014e-02 -1.083985694988389703e-01 -1.620990453755061511e-01
7.894988620298226678e-02 1.563469264960608562e-01 8.129735255522207993e-02 -7.359643195170939567e-02 -1.553899390569121186e-01
4.006524647393705507e-02 1.475433129355949724e-01 1.088220825316761342e-01 -3.555642439236894603e-02 -1.390641454969071544e-01
4.211479792972649960e-04 1.297481779045035477e-01 1.280647795238436526e-01 3.108376473754059788e-03 -1.145340971939596830e-01
-3.746526175421382998e-02 1.045372149827201724e-01 1.381784168934554469e-01 3.985304652966425998e-02 -8.369203998040487813e-02
-7.130121632039544688e-02 7.386686026941546857e-02 1.389583459418202160e-01 7.237275305332357966e-02 -4.877598382701930912e-02
-9.914279434585304696e-02 3.993056286067986349e-02 1.308163590577016144e-01 9.874957286336583095e-02 -1.221220452755178432e-02
-1.194955425222161693e-01 5.012479753636611690e-03 1.147147466529834237e-01 1.175635891476287664e-01 2.355415596031363093e-02
-1.313875173945141528e-01 -2.865355952875836554e-02 9.206948029480545304e-02 1.279617491875340018e-01 5.622694874970202150e-02
-1.344114228181788606e-01 -5.901362187212922522e-02 6.463259687153177779e-02 1.296823952398671320e-01 8.381160638633722293e-02
-1.287332244284185023e-01 -8.430683651405747325e-02 3.436356662585882127e-02 1.230374948873316221e-01 1.047401693796523592e-01
-1.150658970707622020e-01 -1.031580334616876149e-01 3.298310553725869454e-03 1.088578863316274209e-01 1.179594168265865051e-01
-9.460890955448020279e-02 -1.146462323862097454e-01 -2.657695073835963928e-02 8.840903741378847158e-02 1.229767572605671155e-01
-6.895655446044923753e-02 -1.183458187821179175e-01 -5.344128851008045356e-02 6.328585461103264365e-02 1.198629157237527387e-01
-3.998096458740996867e-02 -1.143379522510318269e-01 -7.573954864622711725e-02 3.529513092859315471e-02 1.092145595101947642e-01
-9.698174797667435953e-03 -1.031909423583122765e-01 -9.226398683121539435e-02 6.333586207505126353e-03 9.208327264814132607e-02
1.987258625399990208e-02 -8.591006348825069860e-02 -1.022139047862754557e-01 -2.173155498127565810e-02 6.987939410704302468e-02
4.684540778765811098e-02 -6.385947429707272693e-02 -1.052306266732587758e-01 -4.717356540835093703e-02 4.426005908244601272e-02
6.958949027112892871e-02 -3.866128097980769951e-02 -1.014058646849494982e-01 -6.850388172889110283e-02 1.701050252501090654e-02
8.682731669859622414e-02 -1.207896225701621251e-02 -9.126258983425572513e-02 -8.455229919347186096e-02 -1.007338674842417348e-02
9.770283260117618163e-02 1.410602282581097100e-02 -7.570903882282520314e-02 -9.452622631993401470e-02 -3.529473984811293263e-02
1.018163184330969084e-01 3.821490354096557240e-02 -5.596836767544921543e-02 -9.804622530842432848e-02 -5.715258732122130425e-02
9.922576065338217788e-02 5.878031521820759053e-02 -3.348848382331470752e-02 -9.515594528123239026e-02 -7.442221226925628541e-02
9.041731201660718753e-02 7.463516640829315207e-02 -9.838451378322954355e-03 -8.630574200441853971e-02 -8.621622157128960851e-02
7.624958039144735800e-02 8.497586571848314563e-02 1.340078190866300645e-02 -7.231080162991321281e-02 -9.202432193704479513e-02
5.787784388199224139e-02 8.939673041934614872e-02 3.474297717560381749e-02 -5.428635698756445471e-02 -9.173040356172425247e-02
3.666488396951850248e-02 8.789508072884699708e-02 5.289244477381283005e-02 -3.356439686988299531e-02 -8.560625847345559869e-02
1.408506190166813887e-02 8.084896918734729709e-02 6.682221949713995635e-02 -1.159787919906596527e-02 -7.428219563482874044e-02
-8.372245544460144018e-03 6.897141129370010226e-02 7.582950977573600648e-02 1.014040929480808373e-02 -5.869604069312917005e-02
-2.929447906307081073e-02 5.324624503157827232e-02 7.956562738032468829e-02 3.025675091216806223e-02 -4.002345453038491652e-02
-4.742843578634049068e-02 3.485134661216648944e-02 7.803995942409969189e-02 4.752587174276379223e-02 -1.959400421183110641e-02
-6.174972746844220595e-02 1.507497034714155859e-02 7.159968437418351428e-02 6.096455842227133104e-02 1.201261497768113529e-03
-7.151609397042724137e-02 -4.769377987190126511e-03 6.088863011513434564e-02 6.988490489054922927e-02 2.100408164343425810e-02
-7.630222220586402315e-02 -2.342470450141986849e-02 4.678980490131201542e-02 7.392454289352867747e-02 3.857815783897322603e-02
-7.601451340265297230e-02 -3.976475690506708904e-02 3.035669219211833969e-02 7.305324625092257662e-02 5.288671075227280305e-02
-7.088517538819494312e-02 -5.285720789884352372e-02 1.273846945810741538e-02 6.755717082181811328e-02 6.315298213280806650e-02
-6.144612315456243756e-02 -6.201291241644635299e-02 -4.895982954789213082e-03 5.800351582990170840e-02 6.889987505150507729e-02
-4.848442086613780760e-02 -6.681900934720930163e-02 -2.143092318687922840e-02 4.518946527721201534e-02 6.996686841101928955e-02
-3.298229081061432311e-02 -6.715435581286667566e-02 -3.586967562765053241e-02 3.007987318630234511e-02 6.650434558467123447e-02
-1.604589724270177875e-02 -6.318663202152008385e-02 -4.739049312331533592e-02 1.373835211511975629e-02 5.894729044162771991e-02
1.171975287708626468e-03 -5.535145014125864016e-02 -5.538980343762733849e-02 -2.743703360851390549e-03 4.797173641049346654e-02
1.754973790357583496e-02 -4.431491325473613241e-02 -5.951090478954657037e-02 -1.831596648044642173e-02 3.443829652957774989e-02
3.206971255538215715e-02 -3.092221248356719077e-02 -5.965684699674711489e-02 -3.203217519113865652e-02 1.932753595745584363e-02
4.388069083864066383e-02 -1.613589685966210566e-02 -5.598700477971740863e-02 -4.310408063027859615e-02 3.671933103084557004e-03
5.234628007436414876e-02 -9.682621302924410145e-04 -4.889773374011774365e-02 -5.094372534466706792e-02 -1.151117714632510398e-02
5.707630908834615546e-02 1.358724142208034280e-02 -3.898847089271006983e-02 -5.519205381325709148e-02 -2.528184556888068979e-02
5.794005535773405491e-02 2.662066426906473451e-02 -2.701562923873435107e-02 -5.573255622811545962e-02 -3.683175778639657949e-02
5.506152847532064243e-02 3.736179093375691096e-02 -1.383753383175745540e-02 -5.268943769885214845e-02 -4.552798220360576575e-02
4.879834784005954162e-02 4.522430366529973239e-02 -3.543402916458271434e-04 -4.641068688868232872e-02 -5.094435645210970698e-02
3.970677817957368738e-02 4.983535354615442614e-02 1.255274446058995963e-02 -3.743735400126324553e-02 -5.287929218596187919e-02
2.849617981542685100e-02 5.104930044475164408e-02 2.407861434706259907e-02 -2.646127024126898597e-02 -5.135942472186327823e-02
1.597649140831491898e-02 4.894566485114526522e-02 3.354385431150652686e-02 -1.427425806350390847e-02 -4.662922672807534585e-02
3.002436739673708388e-03 4.381248399554071860e-02 4.043356660275910369e-02 -1.712490566449953455e-03 -3.912744712968141414e-02
-9.582009773229651153e-03 3.611718863416046865e-02 4.442322641784568482e-02 1.040001582943594904e-02 -2.945200906702483135e-02
-2.099567778503563797e-02 2.646775921410316271e-02 4.539048458476502290e-02 2.130480552541103023e-02 -1.831575017244468917e-02
-3.056597071505884333e-02 1.556727912900446320e-02 4.341296602075828126e-02 3.035567683753193080e-02 -6.496039239113460262e-03
-3.776603246495480182e-02 4.165114469706798772e-03 3.875311413649829007e-02 3.705568535016556808e-02 5.218256680762811683e-03
-4.224151435430090196e-02 -6.992157981879465467e-03 3.183198394678288246e-02 4.108241384127487433e-02 1.607872592754522323e-02
-4.382574943597761230e-02 -1.720718121722320318e-02 2.319442825063799951e-02 4.230040993202766053e-02 2.542473340946149740e-02
-4.254277253491434152e-02 -2.587305848217680282e-02 1.346845908227001232e-02 4.076070652565810803e-02 3.272294654854124296e-02
-3.859830220960225322e-02 -3.250727467064129517e-02 3.321674115047246190e-03 3.668826811394509946e-02 3.759657863998767252e-02
-3.235954405285534907e-02 -3.677662585817376151e-02 -6.582448920496086764e-03 3.045895724855851583e-02 3.984279295420445344e-02
-2.432531497074408300e-02 -3.851202301646906162e-02 -1.562580199339247411e-02 2.256818061540011300e-02 3.943761097970654994e-02
-1.508866915073958821e-02 -3.771257965170382587e-02 -2.327216902520690134e-02 1.359371298675449147e-02 3.652871374037359314e-02
-5.294702766390435578e-03 -3.453901127404546134e-02 -2.909713158844551284e-02 4.155345462605986029e-03 3.141736884775681027e-02
4.403480229434597604e-03 -2.929701725852806860e-02 -3.280989224758468215e-02 -5.126021596292940075e-03 2.453138668991994287e-02
1.338760767789892725e-02 -2.241195109532012619e-02 -3.426601209611035426e-02 -1.366734408425895886e-02 1.639143222808381664e-02
2.111295321771722300e-02 -1.439662787342488315e-02 -3.347060496997633638e-02 -2.095830347212079836e-02 7.573359085953912384e-03
2.714048541496971723e-02 -5.814597576010549496e-03 -3.057203933729490952e-02 -2.659014216599764335e-02 -1.330893516001463439e-03
3.116052438630912205e-02 2.758522854390488277e-03 -2.584679533464917522e-02 -3.027703686949412276e-02 -9.751307899829808612e-03
3.300672725925313244e-02 1.077297463646176290e-02 -1.967665892985637210e-02 -3.186899847250990181e-02 -1.717448871072380090e-02
3.265997738295101094e-02 1.773947769445904932e-02 -1.251992312590388678e-02 -3.135578964969298887e-02 -2.317318954115743512e-02
3.024249129685374626e-02 2.325831725457128130e-02 -4.878657183065682190e-03 -2.886189170970332452e-02 -2.742919348003247659e-02
2.600310186441712190e-02 2.704117028673991285e-02 2.735647015934983273e-03 -2.463309867879581727e-02 -2.974849874595841825e-02
2.029524467460319670e-02 2.892452820510094114e-02 9.835695134976507603e-03 -1.901581507204697097e-02 -3.006826722007760466e-02
1.354940971064255706e-02 2.887431969246123664e-02 1.598896949187711414e-02 -1.243064480837052788e-02 -2.845532166927966511e-02
6.242187278882260770e-03 2.698186434668015110e-02 2.084337838710403901e-02 -5.342164000085025677e-03 -2.509663482031287973e-02
