0.000000000000000000e+00 0.000000000000000000e+00 0.000000000000000000e+00 0.000000000000000000e+00 0.000000000000000000e+00
0.000000000000000000e+00 0.000000000000000000e+00 0.000000000000000000e+00 0.000000000000000000e+00 0.000000000000000000e+00
0.000000000000000000e+00 0.000000000000000000e+00 0.000000000000000000e+00 0.000000000000000000e+00 0.000000000000000000e+00
0.000000000000000000e+00 0.000000000000000000e+00 0.000000000000000000e+00 0.000000000000000000e+00 0.000000000000000000e+00
0.000000000000000000e+00 0.000000000000000000e+00 0.000000000000000000e+00 0.000000000000000000e+00 0.000000000000000000e+00
0.000000000000000000e+00 0.000000000000000000e+00 0.000000000000000000e+00 0.000000000000000000e+00 0.000000000000000000e+00
0.000000000000000000e+00 0.000000000000000000e+00 0.000000000000000000e+00 0.000000000000000000e+00 0.000000000000000000e+00
0.000000000000000000e+00 0.000000000000000000e+00 0.000000000000000000e+00 0.000000000000000000e+00 0.000000000000000000e+00
0.000000000000000000e+00 0.000000000000000000e+00 0.000000000000000000e+00 0.000000000000000000e+00 0.000000000000000000e+00
0.000000000000000000e+00 0.000000000000000000e+00 0.000000000000000000e+00 0.000000000000000000e+00 0.000000000000000000e+00
0.000000000000000000e+00 0.000000000000000000e+00 0.000000000000000000e+00 0.000000000000000000e+00 0.000000000000000000e+00
0.000000000000000000e+00 0.000000000000000000e+00 0.000000000000000000e+00 0.000000000000000000e+00 0.000000000000000000e+00
0.000000000000000000e+00 0.000000000000000000e+00 0.000000000000000000e+00 0.000000000000000000e+00 0.000000000000000000e+00
0.000000000000000000e+00 0.000000000000000000e+00 0.000000000000000000e+00 0.000000000000000000e+00 0.000000000000000000e+00
0.000000000000000000e+00 0.000000000000000000e+00 0.000000000000000000e+00 0.000000000000000000e+00 0.000000000000000000e+00
0.000000000000000000e+00 0.000000000000000000e+00 0.000000000000000000e+00 0.000000000000000000e+00 0.000000000000000000e+00
0.000000000000000000e+00 0.000000000000000000e+00 0.000000000000000000e+00 0.000000000000000000e+00 0.000000000000000000e+00
0.000000000000000000e+00 0.000000000000000000e+00 0.000000000000000000e+00 0.000000000000000000e+00 0.000000000000000000e+00
0.000000000000000000e+00 0.000000000000000000e+00 0.000000000000000000e+00 0.000000000000000000e+00 0.000000000000000000e+00
0.000000000000000000e+00 0.000000000000000000e+00 0.000000000000000000e+00 0.000000000000000000e+00 0.000000000000000000e+00
0.000000000000000000e+00 0.000000000000000000e+00 0.000000000000000000e+00 0.000000000000000000e+00 0.000000000000000000e+00
0.000000000000000000e+00 0.000000000000000000e+00 0.000000000000000000e+00 0.000000000000000000e+00 0.000000000000000000e+00
0.000000000000000000e+00 0.000000000000000000e+00 0.000000000000000000e+00 0.000000000000000000e+00 0.000000000000000000e+00
0.000000000000000000e+00 0.000000000000000000e+00 0.000000000000000000e+00 0.000000000000000000e+00 0.000000000000000000e+00
0.000000000000000000e+00 0.000000000000000000e+00 0.000000000000000000e+00 0.000000000000000000e+00 0.000000000000000000e+00
0.000000000000000000e+00 0.000000000000000000e+00 0.000000000000000000e+00 0.000000000000000000e+00 0.000000000000000000e+00
0.000000000000000000e+00 0.000000000000000000e+00 0.000000000000000000e+00 0.000000000000000000e+00 0.000000000000000000e+00
0.000000000000000000e+00 0.000000000000000000e+00 0.000000000000000000e+00 0.000000000000000000e+00 0.000000000000000000e+00
0.000000000000000000e+00 0.000000000000000000e+00 0.000000000000000000e+00 0.000000000000000000e+00 0.000000000000000000e+00
0.000000000000000000e+00 0.000000000000000000e+00 0.000000000000000000e+00 0.000000000000000000e+00 0.000000000000000000e+00
0.000000000000000000e+00 0.000000000000000000e+00 0.000000000000000000e+00 0.000000000000000000e+00 0.000000000000000000e+00
0.000000000000000000e+00 0.000000000000000000e+00 0.000000000000000000e+00 0.000000000000000000e+00 0.000000000000000000e+00
0.000000000000000000e+00 0.000000000000000000e+00 0.000000000000000000e+00 0.000000000000000000e+00 0.000000000000000000e+00
0.000000000000000000e+00 0.000000000000000000e+00 0.000000000000000000e+00 0.000000000000000000e+00 0.000000000000000000e+00
0.000000000000000000e+00 0.000000000000000000e+00 0.000000000000000000e+00 0.000000000000000000e+00 0.000000000000000000e+00
0.000000000000000000e+00 0.000000000000000000e+00 0.000000000000000000e+00 0.000000000000000000e+00 0.000000000000000000e+00
0.000000000000000000e+00 0.000000000000000000e+00 0.000000000000000000e+00 0.000000000000000000e+00 0.000000000000000000e+00
0.000000000000000000e+00 0.000000000000000000e+00 0.000000000000000000e+00 0.000000000000000000e+00 0.000000000000000000e+00
0.000000000000000000e+00 0.000000000000000000e+00 0.000000000000000000e+00 0.000000000000000000e+00 0.000000000000000000e+00
0.000000000000000000e+00 0.000000000000000000e+00 0.000000000000000000e+00 0.000000000000000000e+00 0.000000000000000000e+00
0.000000000000000000e+00 0.000000000000000000e+00 0.000000000000000000e+00 0.000000000000000000e+00 0.000000000000000000e+00
0.000000000000000000e+00 0.000000000000000000e+00 0.000000000000000000e+00 0.000000000000000000e+00 0.000000000000000000e+00
0.000000000000000000e+00 0.000000000000000000e+00 0.000000000000000000e+00 0.000000000000000000e+00 0.000000000000000000e+00
0.000000000000000000e+00 0.000000000000000000e+00 0.000000000000000000e+00 0.000000000000000000e+00 0.000000000000000000e+00
0.000000000000000000e+00 0.000000000000000000e+00 0.000000000000000000e+00 0.000000000000000000e+00 0.000000000000000000e+00
0.000000000000000000e+00 0.000000000000000000e+00 0.000000000000000000e+00 0.000000000000000000e+00 0.000000000000000000e+00
0.000000000000000000e+00 0.000000000000000000e+00 0.000000000000000000e+00 0.000000000000000000e+00 0.000000000000000000e+00
0.000000000000000000e+00 0.000000000000000000e+00 0.000000000000000000e+00 0.000000000000000000e+00 0.000000000000000000e+00
0.000000000000000000e+00 0.000000000000000000e+00 0.000000000000000000e+00 0.000000000000000000e+00 0.000000000000000000e+00
0.000000000000000000e+00 0.000000000000000000e+00 0.000000000000000000e+00 0.000000000000000000e+00 0.000000000000000000e+00
0.000000000000000000e+00 0.000000000000000000e+00 0.000000000000000000e+00 0.000000000000000000e+00 0.000000000000000000e+00
0.000000000000000000e+00 0.000000000000000000e+00 0.000000000000000000e+00 0.000000000000000000e+00 0.000000000000000000e+00
0.000000000000000000e+00 0.000000000000000000e+00 0.000000000000000000e+00 0.000000000000000000e+00 0.000000000000000000e+00
0.000000000000000000e+00 0.000000000000000000e+00 0.000000000000000000e+00 0.000000000000000000e+00 0.000000000000000000e+00
0.000000000000000000e+00 0.000000000000000000e+00 0.000000000000000000e+00 0.000000000000000000e+00 0.000000000000000000e+00
0.000000000000000000e+00 0.000000000000000000e+00 0.000000000000000000e+00 0.000000000000000000e+00 0.000000000000000000e+00
0.000000000000000000e+00 0.000000000000000000e+00 0.000000000000000000e+00 0.000000000000000000e+00 0.000000000000000000e+00
0.000000000000000000e+00 0.000000000000000000e+00 0.000000000000000000e+00 0.000000000000000000e+00 0.000000000000000000e+00
0.000000000000000000e+00 0.000000000000000000e+00 0.000000000000000000e+00 0.000000000000000000e+00 0.000000000000000000e+00
0.000000000000000000e+00 0.000000000000000000e+00 0.000000000000000000e+00 0.000000000000000000e+00 0.000000000000000000e+00
0.000000000000000000e+00 0.000000000000000000e+00 0.000000000000000000e+00 0.000000000000000000e+00 0.000000000000000000e+00
0.000000000000000000e+00 0.000000000000000000e+00 0.000000000000000000e+00 0.000000000000000000e+00 0.000000000000000000e+00
0.000000000000000000e+00 0.000000000000000000e+00 0.000000000000000000e+00 0.000000000000000000e+00 0.000000000000000000e+00
0.000000000000000000e+00 0.000000000000000000e+00 0.000000000000000000e+00 0.000000000000000000e+00 0.000000000000000000e+00
0.000000000000000000e+00 0.000000000000000000e+00 0.000000000000000000e+00 0.000000000000000000e+00 0.000000000000000000e+00
0.000000000000000000e+00 0.000000000000000000e+00 0.000000000000000000e+00 0.000000000000000000e+00 0.000000000000000000e+00
0.000000000000000000e+00 0.000000000000000000e+00 0.000000000000000000e+00 0.000000000000000000e+00 0.000000000000000000e+00
0.000000000000000000e+00 0.000000000000000000e+00 0.000000000000000000e+00 0.000000000000000000e+00 0.000000000000000000e+00
0.000000000000000000e+00 0.000000000000000000e+00 0.000000000000000000e+00 0.000000000000000000e+00 0.000000000000000000e+00
0.000000000000000000e+00 0.000000000000000000e+00 0.000000000000000000e+00 0.000000000000000000e+00 0.000000000000000000e+00
0.000000000000000000e+00 0.000000000000000000e+00 0.000000000000000000e+00 0.000000000000000000e+00 0.000000000000000000e+00
0.000000000000000000e+00 0.000000000000000000e+00 0.000000000000000000e+00 0.000000000000000000e+00 0.000000000000000000e+00
0.000000000000000000e+00 0.000000000000000000e+00 0.000000000000000000e+00 0.000000000000000000e+00 0.000000000000000000e+00
0.000000000000000000e+00 0.000000000000000000e+00 0.000000000000000000e+00 0.000000000000000000e+00 0.000000000000000000e+00
0.000000000000000000e+00 0.000000000000000000e+00 0.000000000000000000e+00 0.000000000000000000e+00 0.000000000000000000e+00
0.000000000000000000e+00 0.000000000000000000e+00 0.000000000000000000e+00 0.000000000000000000e+00 0.000000000000000000e+00
0.000000000000000000e+00 0.000000000000000000e+00 0.000000000000000000e+00 0.000000000000000000e+00 0.000000000000000000e+00
0.000000000000000000e+00 0.000000000000000000e+00 0.000000000000000000e+00 0.000000000000000000e+00 0.000000000000000000e+00
0.000000000000000000e+00 0.000000000000000000e+00 0.000000000000000000e+00 0.000000000000000000e+00 0.000000000000000000e+00
0.000000000000000000e+00 0.000000000000000000e+00 0.000000000000000000e+00 0.000000000000000000e+00 0.000000000000000000e+00
0.000000000000000000e+00 0.000000000000000000e+00 0.000000000000000000e+00 0.000000000000000000e+00 0.000000000000000000e+00
0.000000000000000000e+00 0.000000000000000000e+00 0.000000000000000000e+00 0.000000000000000000e+00 0.000000000000000000e+00
0.000000000000000000e+00 0.000000000000000000e+00 0.000000000000000000e+00 0.000000000000000000e+00 0.000000000000000000e+00
0.000000000000000000e+00 0.000000000000000000e+00 0.000000000000000000e+00 0.000000000000000000e+00 0.000000000000000000e+00
0.000000000000000000e+00 0.000000000000000000e+00 0.000000000000000000e+00 0.000000000000000000e+00 0.000000000000000000e+00
0.000000000000000000e+00 0.000000000000000000e+00 0.000000000000000000e+00 0.000000000000000000e+00 0.000000000000000000e+00
0.000000000000000000e+00 0.000000000000000000e+00 0.000000000000000000e+00 0.000000000000000000e+00 0.000000000000000000e+00
0.000000000000000000e+00 0.000000000000000000e+00 0.000000000000000000e+00 0.000000000000000000e+00 0.000000000000000000e+00
0.000000000000000000e+00 0.000000000000000000e+00 0.000000000000000000e+00 0.000000000000000000e+00 0.000000000000000000e+00
0.000000000000000000e+00 0.000000000000000000e+00 0.000000000000000000e+00 0.000000000000000000e+00 0.000000000000000000e+00
0.000000000000000000e+00 0.000000000000000000e+00 0.000000000000000000e+00 0.000000000000000000e+00 0.000000000000000000e+00
0.000000000000000000e+00 0.000000000000000000e+00 0.000000000000000000e+00 0.000000000000000000e+00 0.000000000000000000e+00
0.000000000000000000e+00 0.000000000000000000e+00 0.000000000000000000e+00 0.000000000000000000e+00 0.000000000000000000e+00
0.000000000000000000e+00 0.000000000000000000e+00 0.000000000000000000e+00 0.000000000000000000e+00 0.000000000000000000e+00
0.000000000000000000e+00 0.000000000000000000e+00 0.000000000000000000e+00 0.000000000000000000e+00 0.000000000000000000e+00
0.000000000000000000e+00 0.000000000000000000e+00 0.000000000000000000e+00 0.000000000000000000e+00 0.000000000000000000e+00
0.000000000000000000e+00 0.000000000000000000e+00 0.000000000000000000e+00 0.000000000000000000e+00 0.000000000000000000e+00
0.000000000000000000e+00 0.000000000000000000e+00 0.000000000000000000e+00 0.000000000000000000e+00 0.000000000000000000e+00
0.000000000000000000e+00 0.000000000000000000e+00 0.000000000000000000e+00 0.000000000000000000e+00 0.000000000000000000e+00
0.000000000000000000e+00 0.000000000000000000e+00 0.000000000000000000e+00 0.000000000000000000e+00 0.000000000000000000e+00
0.000000000000000000e+00 0.000000000000000000e+00 0.000000000000000000e+00 0.000000000000000000e+00 0.000000000000000000e+00
0.000000000000000000e+00 0.000000000000000000e+00 0.000000000000000000e+00 0.000000000000000000e+00 0.000000000000000000e+00
0.000000000000000000e+00 0.000000000000000000e+00 0.000000000000000000e+00 0.000000000000000000e+00 0.000000000000000000e+00
0.000000000000000000e+00 0.000000000000000000e+00 0.000000000000000000e+00 0.000000000000000000e+00 0.000000000000000000e+00
0.000000000000000000e+00 0.000000000000000000e+00 0.000000000000000000e+00 0.000000000000000000e+00 0.000000000000000000e+00
0.000000000000000000e+00 0.000000000000000000e+00 0.000000000000000000e+00 0.000000000000000000e+00 0.000000000000000000e+00
0.000000000000000000e+00 0.000000000000000000e+00 0.000000000000000000e+00 0.000000000000000000e+00 0.000000000000000000e+00
0.000000000000000000e+00 0.000000000000000000e+00 0.000000000000000000e+00 0.000000000000000000e+00 0.000000000000000000e+00
0.000000000000000000e+00 0.000000000000000000e+00 0.000000000000000000e+00 0.000000000000000000e+00 0.000000000000000000e+00
0.000000000000000000e+00 0.000000000000000000e+00 0.000000000000000000e+00 0.000000000000000000e+00 0.000000000000000000e+00
0.000000000000000000e+00 0.000000000000000000e+00 0.000000000000000000e+00 0.000000000000000000e+00 0.000000000000000000e+00
0.000000000000000000e+00 0.000000000000000000e+00 0.000000000000000000e+00 0.000000000000000000e+00 0.000000000000000000e+00
0.000000000000000000e+00 0.000000000000000000e+00 0.000000000000000000e+00 0.000000000000000000e+00 0.000000000000000000e+00
0.000000000000000000e+00 0.000000000000000000e+00 0.000000000000000000e+00 0.000000000000000000e+00 0.000000000000000000e+00
0.000000000000000000e+00 0.000000000000000000e+00 0.000000000000000000e+00 0.000000000000000000e+00 0.000000000000000000e+00
0.000000000000000000e+00 0.000000000000000000e+00 0.000000000000000000e+00 0.000000000000000000e+00 0.000000000000000000e+00
0.000000000000000000e+00 0.000000000000000000e+00 0.000000000000000000e+00 0.000000000000000000e+00 0.000000000000000000e+00
0.000000000000000000e+00 0.000000000000000000e+00 0.000000000000000000e+00 0.000000000000000000e+00 0.000000000000000000e+00
0.000000000000000000e+00 0.000000000000000000e+00 0.000000000000000000e+00 0.000000000000000000e+00 0.000000000000000000e+00
0.000000000000000000e+00 0.000000000000000000e+00 0.000000000000000000e+00 0.000000000000000000e+00 0.000000000000000000e+00
0.000000000000000000e+00 0.000000000000000000e+00 0.000000000000000000e+00 0.000000000000000000e+00 0.000000000000000000e+00
0.000000000000000000e+00 0.000000000000000000e+00 0.000000000000000000e+00 0.000000000000000000e+00 0.000000000000000000e+00
0.000000000000000000e+00 0.000000000000000000e+00 0.000000000000000000e+00 0.000000000000000000e+00 0.000000000000000000e+00
0.000000000000000000e+00 0.000000000000000000e+00 0.000000000000000000e+00 0.000000000000000000e+00 0.000000000000000000e+00
0.000000000000000000e+00 0.000000000000000000e+00 0.000000000000000000e+00 0.000000000000000000e+00 0.000000000000000000e+00
0.000000000000000000e+00 0.000000000000000000e+00 0.000000000000000000e+00 0.000000000000000000e+00 0.000000000000000000e+00
0.000000000000000000e+00 0.000000000000000000e+00 0.000000000000000000e+00 0.000000000000000000e+00 0.000000000000000000e+00
0.000000000000000000e+00 0.000000000000000000e+00 0.000000000000000000e+00 0.000000000000000000e+00 0.000000000000000000e+00
0.000000000000000000e+00 0.000000000000000000e+00 0.000000000000000000e+00 0.000000000000000000e+00 0.000000000000000000e+00
0.000000000000000000e+00 0.000000000000000000e+00 0.000000000000000000e+00 0.000000000000000000e+00 0.000000000000000000e+00
0.000000000000000000e+00 0.000000000000000000e+00 0.000000000000000000e+00 0.000000000000000000e+00 0.000000000000000000e+00
0.000000000000000000e+00 0.000000000000000000e+00 0.000000000000000000e+00 0.000000000000000000e+00 0.000000000000000000e+00
0.000000000000000000e+00 0.000000000000000000e+00 0.000000000000000000e+00 0.000000000000000000e+00 0.000000000000000000e+00
0.000000000000000000e+00 0.000000000000000000e+00 0.000000000000000000e+00 0.000000000000000000e+00 0.000000000000000000e+00
0.000000000000000000e+00 0.000000000000000000e+00 0.000000000000000000e+00 0.000000000000000000e+00 0.000000000000000000e+00
0.000000000000000000e+00 0.000000000000000000e+00 0.000000000000000000e+00 0.000000000000000000e+00 0.000000000000000000e+00
0.000000000000000000e+00 0.000000000000000000e+00 0.000000000000000000e+00 0.000000000000000000e+00 0.000000000000000000e+00
0.000000000000000000e+00 0.000000000000000000e+00 0.000000000000000000e+00 0.000000000000000000e+00 0.000000000000000000e+00
0.000000000000000000e+00 0.000000000000000000e+00 0.000000000000000000e+00 0.000000000000000000e+00 0.000000000000000000e+00
0.000000000000000000e+00 0.000000000000000000e+00 0.000000000000000000e+00 0.000000000000000000e+00 0.000000000000000000e+00
0.000000000000000000e+00 0.000000000000000000e+00 0.000000000000000000e+00 0.000000000000000000e+00 0.000000000000000000e+00
0.000000000000000000e+00 0.000000000000000000e+00 0.000000000000000000e+00 0.000000000000000000e+00 0.000000000000000000e+00
0.000000000000000000e+00 0.000000000000000000e+00 0.000000000000000000e+00 0.000000000000000000e+00 0.000000000000000000e+00
0.000000000000000000e+00 0.000000000000000000e+00 0.000000000000000000e+00 0.000000000000000000e+00 0.000000000000000000e+00
0.000000000000000000e+00 0.000000000000000000e+00 0.000000000000000000e+00 0.000000000000000000e+00 0.000000000000000000e+00
0.000000000000000000e+00 0.000000000000000000e+00 0.000000000000000000e+00 0.000000000000000000e+00 0.000000000000000000e+00
0.000000000000000000e+00 0.000000000000000000e+00 0.000000000000000000e+00 0.000000000000000000e+00 0.000000000000000000e+00
0.000000000000000000e+00 0.000000000000000000e+00 0.000000000000000000e+00 0.000000000000000000e+00 0.000000000000000000e+00
0.000000000000000000e+00 0.000000000000000000e+00 0.000000000000000000e+00 0.000000000000000000e+00 0.000000000000000000e+00
0.000000000000000000e+00 0.000000000000000000e+00 0.000000000000000000e+00 0.000000000000000000e+00 0.000000000000000000e+00
0.000000000000000000e+00 0.000000000000000000e+00 0.000000000000000000e+00 0.000000000000000000e+00 0.000000000000000000e+00
0.000000000000000000e+00 0.000000000000000000e+00 0.000000000000000000e+00 0.000000000000000000e+00 0.000000000000000000e+00
0.000000000000000000e+00 0.000000000000000000e+00 0.000000000000000000e+00 0.000000000000000000e+00 0.000000000000000000e+00
0.000000000000000000e+00 0.000000000000000000e+00 0.000000000000000000e+00 0.000000000000000000e+00 0.000000000000000000e+00
0.000000000000000000e+00 0.000000000000000000e+00 0.000000000000000000e+00 0.000000000000000000e+00 0.000000000000000000e+00
0.000000000000000000e+00 0.000000000000000000e+00 0.000000000000000000e+00 0.000000000000000000e+00 0.000000000000000000e+00
0.000000000000000000e+00 0.000000000000000000e+00 0.000000000000000000e+00 0.000000000000000000e+00 0.000000000000000000e+00
0.000000000000000000e+00 0.000000000000000000e+00 0.000000000000000000e+00 0.000000000000000000e+00 0.000000000000000000e+00
0.000000000000000000e+00 0.000000000000000000e+00 0.000000000000000000e+00 0.000000000000000000e+00 0.000000000000000000e+00
0.000000000000000000e+00 0.000000000000000000e+00 0.000000000000000000e+00 0.000000000000000000e+00 0.000000000000000000e+00
0.000000000000000000e+00 0.000000000000000000e+00 0.000000000000000000e+00 0.000000000000000000e+00 0.000000000000000000e+00
0.000000000000000000e+00 0.000000000000000000e+00 0.000000000000000000e+00 0.000000000000000000e+00 0.000000000000000000e+00
0.000000000000000000e+00 0.000000000000000000e+00 0.000000000000000000e+00 0.000000000000000000e+00 0.000000000000000000e+00
0.000000000000000000e+00 0.000000000000000000e+00 0.000000000000000000e+00 0.000000000000000000e+00 0.000000000000000000e+00
0.000000000000000000e+00 0.000000000000000000e+00 0.000000000000000000e+00 0.000000000000000000e+00 0.000000000000000000e+00
0.000000000000000000e+00 0.000000000000000000e+00 0.000000000000000000e+00 0.000000000000000000e+00 0.000000000000000000e+00
0.000000000000000000e+00 0.000000000000000000e+00 0.000000000000000000e+00 0.000000000000000000e+00 0.000000000000000000e+00
0.000000000000000000e+00 0.000000000000000000e+00 0.000000000000000000e+00 0.000000000000000000e+00 0.000000000000000000e+00
0.000000000000000000e+00 0.000000000000000000e+00 0.000000000000000000e+00 0.000000000000000000e+00 0.000000000000000000e+00
0.000000000000000000e+00 0.000000000000000000e+00 0.000000000000000000e+00 0.000000000000000000e+00 0.000000000000000000e+00
0.000000000000000000e+00 0.000000000000000000e+00 0.000000000000000000e+00 0.000000000000000000e+00 0.000000000000000000e+00
0.000000000000000000e+00 0.000000000000000000e+00 0.000000000000000000e+00 0.000000000000000000e+00 0.000000000000000000e+00
0.000000000000000000e+00 0.000000000000000000e+00 0.000000000000000000e+00 0.000000000000000000e+00 0.000000000000000000e+00
0.000000000000000000e+00 0.000000000000000000e+00 0.000000000000000000e+00 0.000000000000000000e+00 0.000000000000000000e+00
0.000000000000000000e+00 0.000000000000000000e+00 0.000000000000000000e+00 0.000000000000000000e+00 0.000000000000000000e+00
0.000000000000000000e+00 0.000000000000000000e+00 0.000000000000000000e+00 0.000000000000000000e+00 0.000000000000000000e+00
0.000000000000000000e+00 0.000000000000000000e+00 0.000000000000000000e+00 0.000000000000000000e+00 0.000000000000000000e+00
0.000000000000000000e+00 0.000000000000000000e+00 0.000000000000000000e+00 0.000000000000000000e+00 0.000000000000000000e+00
0.000000000000000000e+00 0.000000000000000000e+00 0.000000000000000000e+00 0.000000000000000000e+00 0.000000000000000000e+00
0.000000000000000000e+00 0.000000000000000000e+00 0.000000000000000000e+00 0.000000000000000000e+00 0.000000000000000000e+00
0.000000000000000000e+00 0.000000000000000000e+00 0.000000000000000000e+00 0.000000000000000000e+00 0.000000000000000000e+00
0.000000000000000000e+00 0.000000000000000000e+00 0.000000000000000000e+00 0.000000000000000000e+00 0.000000000000000000e+00
0.000000000000000000e+00 0.000000000000000000e+00 0.000000000000000000e+00 0.000000000000000000e+00 0.000000000000000000e+00
0.000000000000000000e+00 0.000000000000000000e+00 0.000000000000000000e+00 0.000000000000000000e+00 0.000000000000000000e+00
0.000000000000000000e+00 0.000000000000000000e+00 0.000000000000000000e+00 0.000000000000000000e+00 0.000000000000000000e+00
0.000000000000000000e+00 0.000000000000000000e+00 0.000000000000000000e+00 0.000000000000000000e+00 0.000000000000000000e+00
0.000000000000000000e+00 0.000000000000000000e+00 0.000000000000000000e+00 0.000000000000000000e+00 0.000000000000000000e+00
0.000000000000000000e+00 0.000000000000000000e+00 0.000000000000000000e+00 0.000000000000000000e+00 0.000000000000000000e+00
0.000000000000000000e+00 0.000000000000000000e+00 0.000000000000000000e+00 0.000000000000000000e+00 0.000000000000000000e+00
0.000000000000000000e+00 0.000000000000000000e+00 0.000000000000000000e+00 0.000000000000000000e+00 0.000000000000000000e+00
0.000000000000000000e+00 0.000000000000000000e+00 0.000000000000000000e+00 0.000000000000000000e+00 0.000000000000000000e+00
0.000000000000000000e+00 0.000000000000000000e+00 0.000000000000000000e+00 0.000000000000000000e+00 0.000000000000000000e+00
0.000000000000000000e+00 0.000000000000000000e+00 0.000000000000000000e+00 0.000000000000000000e+00 0.000000000000000000e+00
0.000000000000000000e+00 0.000000000000000000e+00 0.000000000000000000e+00 0.000000000000000000e+00 0.000000000000000000e+00
0.000000000000000000e+00 0.000000000000000000e+00 0.000000000000000000e+00 0.000000000000000000e+00 0.000000000000000000e+00
0.000000000000000000e+00 0.000000000000000000e+00 0.000000000000000000e+00 0.000000000000000000e+00 0.000000000000000000e+00
0.000000000000000000e+00 0.000000000000000000e+00 0.000000000000000000e+00 0.000000000000000000e+00 0.000000000000000000e+00
0.000000000000000000e+00 0.000000000000000000e+00 0.000000000000000000e+00 0.000000000000000000e+00 0.000000000000000000e+00
0.000000000000000000e+00 0.000000000000000000e+00 0.000000000000000000e+00 0.000000000000000000e+00 0.000000000000000000e+00
0.000000000000000000e+00 0.000000000000000000e+00 0.000000000000000000e+00 0.000000000000000000e+00 0.000000000000000000e+00
0.000000000000000000e+00 0.000000000000000000e+00 0.000000000000000000e+00 0.000000000000000000e+00 0.000000000000000000e+00
0.000000000000000000e+00 0.000000000000000000e+00 0.000000000000000000e+00 0.000000000000000000e+00 0.000000000000000000e+00
0.000000000000000000e+00 0.000000000000000000e+00 0.000000000000000000e+00 0.000000000000000000e+00 0.000000000000000000e+00
0.000000000000000000e+00 0.000000000000000000e+00 0.000000000000000000e+00 0.000000000000000000e+00 0.000000000000000000e+00
0.000000000000000000e+00 0.000000000000000000e+00 0.000000000000000000e+00 0.000000000000000000e+00 0.000000000000000000e+00
0.000000000000000000e+00 0.000000000000000000e+00 0.000000000000000000e+00 0.000000000000000000e+00 0.000000000000000000e+00
0.000000000000000000e+00 0.000000000000000000e+00 0.000000000000000000e+00 0.000000000000000000e+00 0.000000000000000000e+00
0.000000000000000000e+00 0.000000000000000000e+00 0.000000000000000000e+00 0.000000000000000000e+00 0.000000000000000000e+00
0.000000000000000000e+00 0.000000000000000000e+00 0.000000000000000000e+00 0.000000000000000000e+00 0.000000000000000000e+00
0.000000000000000000e+00 0.000000000000000000e+00 0.000000000000000000e+00 0.000000000000000000e+00 0.000000000000000000e+00
0.000000000000000000e+00 0.000000000000000000e+00 0.000000000000000000e+00 0.000000000000000000e+00 0.000000000000000000e+00
0.000000000000000000e+00 0.000000000000000000e+00 0.000000000000000000e+00 0.000000000000000000e+00 0.000000000000000000e+00
0.000000000000000000e+00 0.000000000000000000e+00 0.000000000000000000e+00 0.000000000000000000e+00 0.000000000000000000e+00
0.000000000000000000e+00 0.000000000000000000e+00 0.000000000000000000e+00 0.000000000000000000e+00 0.000000000000000000e+00
0.000000000000000000e+00 0.000000000000000000e+00 0.000000000000000000e+00 0.000000000000000000e+00 0.000000000000000000e+00
0.000000000000000000e+00 0.000000000000000000e+00 0.000000000000000000e+00 0.000000000000000000e+00 0.000000000000000000e+00
0.000000000000000000e+00 0.000000000000000000e+00 0.000000000000000000e+00 0.000000000000000000e+00 0.000000000000000000e+00
0.000000000000000000e+00 0.000000000000000000e+00 0.000000000000000000e+00 0.000000000000000000e+00 0.000000000000000000e+00
0.000000000000000000e+00 0.000000000000000000e+00 0.000000000000000000e+00 0.000000000000000000e+00 0.000000000000000000e+00
0.000000000000000000e+00 0.000000000000000000e+00 0.000000000000000000e+00 0.000000000000000000e+00 0.000000000000000000e+00
0.000000000000000000e+00 0.000000000000000000e+00 0.000000000000000000e+00 0.000000000000000000e+00 0.000000000000000000e+00
0.000000000000000000e+00 0.000000000000000000e+00 0.000000000000000000e+00 0.000000000000000000e+00 0.000000000000000000e+00
0.000000000000000000e+00 0.000000000000000000e+00 0.000000000000000000e+00 0.000000000000000000e+00 0.000000000000000000e+00
0.000000000000000000e+00 0.000000000000000000e+00 0.000000000000000000e+00 0.000000000000000000e+00 0.000000000000000000e+00
0.000000000000000000e+00 0.000000000000000000e+00 0.000000000000000000e+00 0.000000000000000000e+00 0.000000000000000000e+00
0.000000000000000000e+00 0.000000000000000000e+00 0.000000000000000000e+00 0.000000000000000000e+00 0.000000000000000000e+00
0.000000000000000000e+00 0.000000000000000000e+00 0.000000000000000000e+00 0.000000000000000000e+00 0.000000000000000000e+00
0.000000000000000000e+00 0.000000000000000000e+00 0.000000000000000000e+00 0.000000000000000000e+00 0.000000000000000000e+00
0.000000000000000000e+00 0.000000000000000000e+00 0.000000000000000000e+00 0.000000000000000000e+00 0.000000000000000000e+00
0.000000000000000000e+00 0.000000000000000000e+00 0.000000000000000000e+00 0.000000000000000000e+00 0.000000000000000000e+00
0.000000000000000000e+00 0.000000000000000000e+00 0.000000000000000000e+00 0.000000000000000000e+00 0.000000000000000000e+00
0.000000000000000000e+00 0.000000000000000000e+00 0.000000000000000000e+00 0.000000000000000000e+00 0.000000000000000000e+00
0.000000000000000000e+00 0.000000000000000000e+00 0.000000000000000000e+00 0.000000000000000000e+00 0.000000000000000000e+00
0.000000000000000000e+00 0.000000000000000000e+00 0.000000000000000000e+00 0.000000000000000000e+00 0.000000000000000000e+00
0.000000000000000000e+00 0.000000000000000000e+00 0.000000000000000000e+00 0.000000000000000000e+00 0.000000000000000000e+00
0.000000000000000000e+00 0.000000000000000000e+00 0.000000000000000000e+00 0.000000000000000000e+00 0.000000000000000000e+00
0.000000000000000000e+00 0.000000000000000000e+00 0.000000000000000000e+00 0.000000000000000000e+00 0.000000000000000000e+00
0.000000000000000000e+00 0.000000000000000000e+00 0.000000000000000000e+00 0.000000000000000000e+00 0.000000000000000000e+00
0.000000000000000000e+00 0.000000000000000000e+00 0.000000000000000000e+00 0.000000000000000000e+00 0.000000000000000000e+00
0.000000000000000000e+00 0.000000000000000000e+00 0.000000000000000000e+00 0.000000000000000000e+00 0.000000000000000000e+00
0.000000000000000000e+00 0.000000000000000000e+00 0.000000000000000000e+00 0.000000000000000000e+00 0.000000000000000000e+00
0.000000000000000000e+00 0.000000000000000000e+00 0.000000000000000000e+00 0.000000000000000000e+00 0.000000000000000000e+00
0.000000000000000000e+00 0.000000000000000000e+00 0.000000000000000000e+00 0.000000000000000000e+00 0.000000000000000000e+00
0.000000000000000000e+00 0.000000000000000000e+00 0.000000000000000000e+00 0.000000000000000000e+00 0.000000000000000000e+00
0.000000000000000000e+00 0.000000000000000000e+00 0.000000000000000000e+00 0.000000000000000000e+00 0.000000000000000000e+00
0.000000000000000000e+00 0.000000000000000000e+00 0.000000000000000000e+00 0.000000000000000000e+00 0.000000000000000000e+00
0.000000000000000000e+00 0.000000000000000000e+00 0.000000000000000000e+00 0.000000000000000000e+00 0.000000000000000000e+00
0.000000000000000000e+00 0.000000000000000000e+00 0.000000000000000000e+00 0.000000000000000000e+00 0.000000000000000000e+00
0.000000000000000000e+00 0.000000000000000000e+00 0.000000000000000000e+00 0.000000000000000000e+00 0.000000000000000000e+00
0.000000000000000000e+00 0.000000000000000000e+00 0.000000000000000000e+00 0.000000000000000000e+00 0.000000000000000000e+00
0.000000000000000000e+00 0.000000000000000000e+00 0.000000000000000000e+00 0.000000000000000000e+00 0.000000000000000000e+00
0.000000000000000000e+00 0.000000000000000000e+00 0.000000000000000000e+00 0.000000000000000000e+00 0.000000000000000000e+00
0.000000000000000000e+00 0.000000000000000000e+00 0.000000000000000000e+00 0.000000000000000000e+00 0.000000000000000000e+00
0.000000000000000000e+00 0.000000000000000000e+00 0.000000000000000000e+00 0.000000000000000000e+00 0.000000000000000000e+00
0.000000000000000000e+00 0.000000000000000000e+00 0.000000000000000000e+00 0.000000000000000000e+00 0.000000000000000000e+00
0.000000000000000000e+00 0.000000000000000000e+00 0.000000000000000000e+00 0.000000000000000000e+00 0.000000000000000000e+00
0.000000000000000000e+00 0.000000000000000000e+00 0.000000000000000000e+00 0.000000000000000000e+00 0.000000000000000000e+00
0.000000000000000000e+00 0.000000000000000000e+00 0.000000000000000000e+00 0.000000000000000000e+00 0.000000000000000000e+00
0.000000000000000000e+00 0.000000000000000000e+00 0.000000000000000000e+00 0.000000000000000000e+00 0.000000000000000000e+00
0.000000000000000000e+00 0.000000000000000000e+00 0.000000000000000000e+00 0.000000000000000000e+00 0.000000000000000000e+00
0.000000000000000000e+00 0.000000000000000000e+00 0.000000000000000000e+00 0.000000000000000000e+00 0.000000000000000000e+00
0.000000000000000000e+00 0.000000000000000000e+00 0.000000000000000000e+00 0.000000000000000000e+00 0.000000000000000000e+00
0.000000000000000000e+00 0.000000000000000000e+00 0.000000000000000000e+00 0.000000000000000000e+00 0.000000000000000000e+00
0.000000000000000000e+00 0.000000000000000000e+00 0.000000000000000000e+00 0.000000000000000000e+00 0.000000000000000000e+00
0.000000000000000000e+00 0.000000000000000000e+00 0.000000000000000000e+00 0.000000000000000000e+00 0.000000000000000000e+00
0.000000000000000000e+00 0.000000000000000000e+00 0.000000000000000000e+00 0.000000000000000000e+00 0.000000000000000000e+00
0.000000000000000000e+00 0.000000000000000000e+00 0.000000000000000000e+00 0.000000000000000000e+00 0.000000000000000000e+00
0.000000000000000000e+00 0.000000000000000000e+00 0.000000000000000000e+00 0.000000000000000000e+00 0.000000000000000000e+00
0.000000000000000000e+00 0.000000000000000000e+00 0.000000000000000000e+00 0.000000000000000000e+00 0.000000000000000000e+00
0.000000000000000000e+00 0.000000000000000000e+00 0.000000000000000000e+00 0.000000000000000000e+00 0.000000000000000000e+00
0.000000000000000000e+00 0.000000000000000000e+00 0.000000000000000000e+00 0.000000000000000000e+00 0.000000000000000000e+00
0.000000000000000000e+00 0.000000000000000000e+00 0.000000000000000000e+00 0.000000000000000000e+00 0.000000000000000000e+00
0.000000000000000000e+00 0.000000000000000000e+00 0.000000000000000000e+00 0.000000000000000000e+00 0.000000000000000000e+00
0.000000000000000000e+00 0.000000000000000000e+00 0.000000000000000000e+00 0.000000000000000000e+00 0.000000000000000000e+00
0.000000000000000000e+00 0.000000000000000000e+00 0.000000000000000000e+00 0.000000000000000000e+00 0.000000000000000000e+00
-1.040277915304582734e+01 -7.468231561928170059e+00 -2.147784614123179558e+00 9.922832105323347918e+00 1.361300005276801350e+01
-8.566640201070010008e+00 -7.497449811199716763e+00 -3.190480078183112411e+00 5.053873664035436697e+00 1.182608951861074154e+01
-6.556900215505757856e+00 -8.285858262780900318e+00 -3.909854111780126207e+00 2.841872396195740169e+00 9.354970671838197305e+00
-3.410844341145887526e+00 -8.814723607378420311e+00 -4.784984410998083249e+00 1.235279226710071176e+00 6.328337717600554413e+00
2.536799541632828170e-01 -8.389376976901811389e+00 -5.719940240336790716e+00 -3.377537530778779162e-01 3.863888443825466368e+00
3.071870921688681921e+00 -6.868986392648640305e+00 -6.619667475804064338e+00 -1.782425046217551268e+00 2.133823067835831644e+00
4.803925316978790327e+00 -4.567279431756372077e+00 -7.185929559225451513e+00 -3.154604978308833019e+00 6.753715986199304577e-01
5.908138996643700125e+00 -2.189680735122628175e+00 -7.049609489719335542e+00 -4.454756570112771819e+00 -7.073361996702887122e-01
6.642090474516656684e+00 -1.218556597843850758e-01 -6.177090617469362499e+00 -5.524104943250967459e+00 -2.001411539950642027e+00
6.908835861345770546e+00 1.708412038653295273e+00 -4.868103199306302642e+00 -6.165844352358936575e+00 -3.169720951648662854e+00
6.624482302115155541e+00 3.329195439131924505e+00 -3.358971571610255946e+00 -6.311291184752063188e+00 -4.146939783981991923e+00
5.899875933411100171e+00 4.558101006487538243e+00 -1.692909920168481186e+00 -6.026148123256084510e+00 -4.859529138225593847e+00
4.904956908763050905e+00 5.252640274431657375e+00 4.593909459390310701e-02 -5.363888079249806040e+00 -5.286603716121077490e+00
3.759695748422480666e+00 5.442162017616682945e+00 1.641988721217907399e+00 -4.320778081905269907e+00 -5.445759507990084458e+00
2.552508043713830332e+00 5.231490441046431350e+00 2.906089422855793192e+00 -2.956522313930647350e+00 -5.319848053714187230e+00
1.356467326342034596e+00 4.716415061007193543e+00 3.774331371709685801e+00 -1.447522309863432222e+00 -4.850738052176283510e+00
2.144198314949519180e-01 3.985161213803893876e+00 4.257315411556564122e+00 1.293388820231888836e-02 -4.022047361010278266e+00
-8.522082092642907503e-01 3.121131024507416640e+00 4.385146389820516077e+00 1.300304118127004749e+00 -2.911414418020521033e+00
-1.814113591655954760e+00 2.186789620222739927e+00 4.205379188400128143e+00 2.347279021064740956e+00 -1.650078450306758926e+00
-2.625590233783054561e+00 1.225185006797253617e+00 3.782544461629977484e+00 3.112605672208130780e+00 -3.644215663641885983e-01
-3.240603348308527032e+00 2.769171262942782263e-01 3.182269565918729448e+00 3.578586178421391484e+00 8.390067738133312192e-01
-3.626450890055880283e+00 -6.141848233557306580e-01 2.463362792587850070e+00 3.753560961054923872e+00 1.869780941716207900e+00
-3.763700958302079513e+00 -1.408156129329436457e+00 1.680461779085674623e+00 3.665049126587666795e+00 2.659041276794975595e+00
-3.644365198428304975e+00 -2.072679934090975173e+00 8.834150233223581061e-01 3.353310891680892691e+00 3.166904574716429721e+00
-3.277408001941157778e+00 -2.579492986044345848e+00 1.128310594895498564e-01 2.867610428028882108e+00 3.384059998963974358e+00
-2.695562917976841000e+00 -2.902171349112300902e+00 -6.000138713861136175e-01 2.260240186200915602e+00 3.329846603634573299e+00
-1.954900156060161986e+00 -3.020483754023260303e+00 -1.228399063681775871e+00 1.580082988470974392e+00 3.046830036242429429e+00
-1.126799171787529419e+00 -2.927748150670970606e+00 -1.746463445267335102e+00 8.703316596915844361e-01 2.590822389638868906e+00
-2.867029872482584896e-01 -2.635801586129569163e+00 -2.129709842169182465e+00 1.697742254781164917e-01 2.019982112448583944e+00
4.965003516367749725e-01 -2.175418793104754833e+00 -2.358264689420581206e+00 -4.859290424129852903e-01 1.387627443881075395e+00
1.167821228836695147e+00 -1.592521264726750596e+00 -2.420657387303134733e+00 -1.064457727895942174e+00 7.394477125267272521e-01
1.689309903593121165e+00 -9.416597492774242406e-01 -2.316911619968837321e+00 -1.537831403837523148e+00 1.131185379788135492e-01
2.040215944234569090e+00 -2.789617075930439505e-01 -2.060146948049115245e+00 -1.883593449020360966e+00 -4.611465503804734745e-01
2.215786813452753634e+00 3.437400494008091556e-01 -1.676120291782063898e+00 -2.086238690474871760e+00 -9.595217195949233835e-01
2.225146444554371161e+00 8.832545401136759899e-01 -1.200806729583108856e+00 -2.138852595984281013e+00 -1.363330694991207181e+00
2.088136926118822956e+00 1.308077794461388610e+00 -6.765808967115499728e-01 -2.044546341315209848e+00 -1.658219085067752951e+00
1.831547443246749340e+00 1.599941675728867807e+00 -1.475572159608862233e-01 -1.817148234637962601e+00 -1.834131017111814144e+00
1.485572326925687969e+00 1.753561650611282774e+00 3.452440385449240257e-01 -1.480649694073079115e+00 -1.886108259400079978e+00
1.081077247177022471e+00 1.774827306347429356e+00 7.679789420737526129e-01 -1.067087311468385868e+00 -1.815601638474140245e+00
6.477873123004662670e-01 1.678139726935993226e+00 1.096542823635976438e+00 -6.130521626153810910e-01 -1.631696022186015060e+00
2.132361596071863374e-01 1.483580745261283695e+00 1.317440478267954962e+00 -1.556125584094925351e-01 -1.351523466450089028e+00
-1.978001521334527280e-01 1.214363176467179173e+00 1.427277293287827487e+00 2.714059876218277712e-01 -9.993881230087718892e-01
-5.636878007236117982e-01 8.948006154052633443e-01 1.431313571424368547e+00 6.401833771867615486e-01 -6.046484944989805044e-01
-8.663646641932498671e-01 5.488534333425187928e-01 1.341490752068894565e+00 9.305439421722216942e-01 -1.988199730908047080e-01
-1.091898409267168635e+00 1.991547209843891608e-01 1.174300389134074196e+00 1.130547520098987846e+00 1.875290162314668940e-01
-1.231135742634049235e+00 -1.336512553074242771e-01 9.488011978364807586e-01 1.236204910961512526e+00 5.276019088072114727e-01
-1.280329665734258437e+00 -4.314177836045923198e-01 6.849731314226581436e-01 1.250546370662128925e+00 8.005653356908559726e-01
-1.241574500230209654e+00 -6.789737078854712893e-01 4.024740422217920610e-01 1.182296863900451633e+00 9.928877474988062612e-01
-1.122846571279974226e+00 -8.646419089539708613e-01 1.197684707723567499e-01 1.044392069064359330e+00 1.098752799580211548e+00
-9.374858737737929992e-01 -9.807930042054469055e-01 -1.464673306832786903e-01 8.525194811317270416e-01 1.119615306292734092e+00
-7.030735891791495273e-01 -1.024340346805507451e+00 -3.817887603447516764e-01 6.238061431895769449e-01 1.063081209327841892e+00
-4.398155419073195849e-01 -9.970234236958247509e-01 -5.743810000236587721e-01 3.757076894161071046e-01 9.413672215347000938e-01
-1.686650506209952383e-01 -9.053302003258907327e-01 -7.154614850645102386e-01 1.250962593902182896e-01 7.696180834976950047e-01
9.053280598226409737e-02 -7.599735614632030511e-01 -7.996675327963674862e-01 -1.124883802082937839e-01 5.643228411658485211e-01
3.206239098246821406e-01 -5.749353494292132050e-01 -8.253553952228698254e-01 -3.234668231655463133e-01 3.419903815497660204e-01
5.082868938879769871e-01 -3.661871779750441869e-01 -7.947125593765991258e-01 -4.967567506716136227e-01 1.181489961686665868e-01
6.446657572169878225e-01 -1.502595929793859586e-01 -7.135964314752678561e-01 -6.242243025868604578e-01 -9.334628934100697162e-02
7.255104742584073119e-01 5.715324471266325368e-02 -5.910555249506571629e-01 -7.010286825375261488e-01 -2.807648185074418379e-01
7.509016147476188507e-01 2.423911721953320164e-01 -4.385499933285819663e-01 -7.258163420327458093e-01 -4.347908378252718919e-01
7.246676507945770673e-01 3.947146922423605542e-01 -2.689479923885962354e-01 -7.007129440323500713e-01 -5.487197355679074295e-01
6.536140741399187881e-01 5.068247664512126605e-01 -9.541681000496848863e-02 -6.310726356332752029e-01 -6.185937444977746003e-01
5.466751795079327625e-01 5.750150367856965428e-01 6.965601946959942836e-02 -5.249739915999933615e-01 -6.432743004792512709e-01
4.140768835301467110e-01 5.990016087216232243e-01 2.155876407497703262e-01 -3.924929523245501706e-01 -6.244198981057219600e-01
2.665689983114716277e-01 5.815062773571366694e-01 3.340802504538720186e-01 -2.448233184206194402e-01 -5.663268237953479334e-01
1.147557675923960296e-01 5.276818003444572192e-01 4.196116498105473269e-01 -9.334252296646472491e-02 -4.755990362113043379e-01
-3.146924698849418167e-02 4.444635777957117728e-01 4.695364189366946772e-01 5.127327250394997371e-02 -3.606396594549992618e-01
-1.633900951645245181e-01 3.399156132508707184e-01 4.839349881981214185e-01 1.797952583977879826e-01 -2.309911266867753499e-01
-2.738451502441336394e-01 2.226165896303489433e-01 4.652708501731683821e-01 2.849885453070544195e-01 -9.658262566805020377e-02
-3.575159324489391444e-01 1.011107889862572495e-01 4.179244831837903296e-01 3.619323880212677036e-01 3.303698715705350591e-02
-4.111218567917918065e-01 -1.656704483258886196e-02 3.476685840883775303e-01 4.081182001479444210e-01 1.493992406286537289e-01
-4.335079083656295240e-01 -1.232921021809646467e-01 2.611370511157873886e-01 4.233527854476282215e-01 2.456790789319230062e-01
-4.256106181206681383e-01 -2.131758842865966175e-01 1.653244382822216529e-01 4.095081634518094593e-01 3.170729747584045133e-01
-3.902929542089383919e-01 -2.818161930967610918e-01 6.713741994019639669e-02 3.701645404892995317e-01 3.609712846471313519e-01
-3.320503876208875105e-01 -3.264636629304074056e-01 -2.699192643490555543e-02 3.101912049075694622e-01 3.769307661380782992e-01
-2.566058745712868072e-01 -3.460945158828688251e-01 -1.114280714364557223e-01 2.353037938460700307e-01 3.664754473189646422e-01
-1.704268787857393663e-01 -3.413798188529049149e-01 -1.815883665970097205e-01 1.516279432002876071e-01 3.327689818797996413e-01
-8.020876812509680764e-02 -3.145469703298475750e-01 -2.341316265715565059e-01 6.529094299545179503e-02 2.802079904085319484e-01
7.626870586725509327e-03 -2.691387355671731596e-01 -2.670743358566258219e-01 -1.794379958311775880e-02 2.139841523378605004e-01
8.737400948673146317e-02 -2.096866865838253879e-01 -2.798283903077342094e-01 -9.298923827843585954e-02 1.396549594232776581e-01
1.543890824140270734e-01 -1.413265049365370063e-01 -2.731554758339072020e-01 -1.556862667493691399e-01 6.275197003136945284e-02
2.053218993416661420e-01 -6.938968807459644506e-02 -2.490375919919368686e-01 -2.029876028608756933e-01 -1.155591250465659754e-02
2.382241780505334194e-01 9.917462611341854029e-04 -2.104702314473771985e-01 -2.330679647853223235e-01 -7.873589181088437583e-02
2.525423866788623073e-01 6.523410175393817845e-02 -1.611928156516556632e-01 -2.453561151199790402e-01 -1.350993027048541517e-01
2.490114399528875477e-01 1.195782858715288693e-01 -1.053782759531346480e-01 -2.404874544262719516e-01 -1.779449656012788150e-01
2.294717400170609434e-01 1.612773307376502707e-01 -4.730846843891023390e-02 -2.201805880881807509e-01 -2.056392798975975600e-01
1.966342318518721211e-01 1.886895648391717639e-01 8.936634206256899304e-03 -1.870471570350878965e-01 -2.176341909816276177e-01
1.538172548977589926e-01 2.012815323215133845e-01 5.975052992101881344e-02 -1.443502034433236103e-01 -2.144242673027180190e-01
1.046760387807377235e-01 1.995523214551264690e-01 1.022127663307825923e-01 -9.573122370758690991e-02 -1.974454824265192698e-01
5.294179813334132234e-02 1.848957968147224573e-01 1.342303685218471099e-01 -4.492879059540211273e-02 -1.689211551603758688e-01
2.183449328311271032e-03 1.594193004485744414e-01 1.546042008591741457e-01 4.488379292173494406e-03 -1.316644504924657788e-01
-4.439840709377917971e-02 1.257371393346118360e-01 1.630238639030223702e-01 4.935375051306367666e-02 -8.885100769700338130e-02
-8.413821398480791913e-02 8.675533607613973575e-02 1.600005906661050858e-01 8.708536583529102870e-02 -4.377860183526205429e-02
-1.150278612526339783e-01 4.546147617639717531e-02 1.467513521879837413e-01 1.158090434367087251e-01 3.676111713635243916e-04
-1.357914312567554127e-01 4.730700502600937440e-03 1.250490065110287929e-01 1.344193605808796654e-01 4.072623939015751482e-02
-1.459107422708394441e-01 -3.284361568027249767e-02 9.705317433371218883e-02 1.425810303804797563e-01 7.493183925869062456e-02
-1.456023043025783670e-01 -6.508803985919410506e-02 6.513513970565211475e-02 1.406776935915221571e-01 1.012371724852434568e-01
-1.357488964090763917e-01 -9.035140107266526055e-02 3.170803165940538904e-02 1.297181054088725471e-01 1.185799332050718885e-01
-1.177918404476186037e-01 -1.075681507763570632e-01 -9.286724482215902299e-04 1.112112213081317691e-01 1.265938662960552907e-01
-9.359282695383164263e-02 -1.162813848682464624e-01 -3.072335345687960198e-02 8.702199282939804270e-02 1.255691288551330498e-01
-6.527639871613089007e-02 -1.166261177918886949e-01 -5.598000217145904234e-02 5.921909085469523326e-02 1.163705299627526557e-01
-3.506550779650674521e-02 -1.092756276605399979e-01 -7.543592169609703024e-02 2.992461127863110804e-02 1.003246267118973606e-01
-5.122673514064701727e-03 -9.535601969653639820e-02 -8.830725176174003543e-02 1.174364015462669997e-03 7.908753672862367523e-02
2.259186164461857160e-02 -7.633630981368100255e-02 -9.430169403300214803e-02 -2.520421142419959626e-02 5.450495423105272685e-02
4.643578083475929930e-02 -5.390299546159715849e-02 -9.359945559004656523e-02 -4.769103183075551478e-02 2.847457494306704362e-02
6.516787919636057858e-02 -2.982898667113376145e-02 -8.680518564125551395e-02 -6.514535888984096523e-02 2.819335211740048308e-03
7.799576518629169897e-02 -5.846762519349790743e-03 -7.487544375478383252e-02 -7.684849417664285642e-02 -2.082210100332881897e-02
8.458819980496357083e-02 1.646531037743370618e-02 -5.902780953135455810e-02 -8.251654821804677020e-02 -4.108307426804347351e-02
8.505491515368168720e-02 3.577626844641246251e-02 -4.063891030107735780e-02 -8.228436438191433222e-02 -5.693205397376333021e-02
7.989883042021084236e-02 5.107046438916795772e-02 -2.113921805816432187e-02 -7.666338090445701248e-02 -6.770982613681808537e-02
6.994692970744842420e-02 6.168759480420393793e-02 -1.912347921377843818e-03 -6.647778945056137534e-02 -7.314075208537051953e-02
5.626670872721063060e-02 6.733475313545068952e-02 1.579421907702327488e-02 -5.278464685956719277e-02 -7.331934731453604304e-02
4.007513508997195828e-02 6.807253764384735284e-02 3.094145887754362612e-02 -3.678447393987871461e-02 -6.867461503432592540e-02
2.264664484778244891e-02 6.427889592096724947e-02 4.275043090455233480e-02 -1.972921716193898334e-02 -5.991568586485473968e-02
5.225957162243721754e-03 5.659550311963301716e-02 5.073142219167103839e-02 -2.834218596844406690e-03 -4.796329784353070558e-02
-1.104944590545720202e-02 4.586205486746486315e-02 5.469072518920925496e-02 1.279993248097355263e-02 -3.387240053681239704e-02
-2.521336418864594808e-02 3.304396859949765286e-02 5.471682276702805048e-02 2.625100700286320601e-02 -1.875157667870053224e-02
-3.651872935392708880e-02 1.915873122606770451e-02 5.114904950140553019e-02 3.682104563592525359e-02 -3.684969857728481735e-03
-4.446766100974108848e-02 5.205614643624123516e-03 4.453264553519686864e-02 4.406298217780157955e-02 1.033808066929542413e-02
-4.882321302856929002e-02 -7.897250012738887825e-03 3.556460980976505759e-02 4.778804040673768211e-02 2.248128100936996887e-02
-4.960342957496421956e-02 -1.936523234010112393e-02 2.503478416965854506e-02 4.805524635850267484e-02 3.210439019903477131e-02
-4.705934172559156359e-02 -2.858667977331585952e-02 1.376639398055323760e-02 4.514551224017226971e-02 3.878921562866843864e-02
-4.163944038137857434e-02 -3.514812815397228007e-02 2.559832598851841112e-03 3.952354150174697961e-02 4.234822338781030204e-02
-3.394394610750028907e-02 -3.884476057870289711e-02 -7.857128823612891111e-03 3.179122214940210966e-02 4.281679228123613790e-02
-2.467260081265798544e-02 -3.967658627801406990e-02 -1.687020189472754339e-02 2.263636255352641236e-02 4.043111131729726360e-02
-1.457001256522538757e-02 -3.783159912543410108e-02 -2.400875892013154544e-02 1.278045988189036031e-02 3.559468714657620936e-02
-4.372440916168840452e-03 -3.365796226812045600e-02 -2.896432822828365686e-02 2.928923085995238651e-03 2.883681508328073476e-02
5.240391703126290324e-03 -2.762781889646237499e-02 -3.159717755659818827e-02 -6.273383839335844314e-03 2.076665975076497431e-02
1.368560670375496002e-02 -2.029579321758068211e-02 -3.193146286416315149e-02 -1.427891465985986486e-02 1.202633546225961858e-02
2.050751216619350892e-02 -1.225538486634814191e-02 -3.014010182905479951e-02 -2.066484699033754868e-02 3.246116383023300855e-03
2.539677886988389588e-02 -4.096364716842382236e-03 -2.652112289470209827e-02 -2.515015542762066847e-02 -4.995545882153229478e-03
2.819814516959562312e-02 3.634017833263891717e-03 -2.146767917319603383e-02 -2.760209215016407036e-02 -1.220510543446018392e-02
2.890718253607538202e-02 1.046368676657860597e-02 -1.543418874711932620e-02 -2.803249167774191086e-02 -1.799865279374646132e-02
2.765736103732097106e-02 1.602054620209458768e-02 -8.901161560526116290e-03 -2.658492848647719953e-02 -2.211748213563402912e-02
2.469918890408151838e-02 2.004844324520638210e-02 -2.341188853233200362e-03 -2.351427222547053386e-02 -2.443430126373435929e-02
2.037354641215349815e-02 2.241400257714465383e-02 3.811691322345156507e-03 -1.916057836985562979e-02 -2.495046302256886950e-02
1.508149716448525801e-02 2.310470870581671221e-02 9.187451075850505688e-03 -1.391949550978766048e-02 -2.378510921570542447e-02
9.252857130153113729e-03 2.221917234068060409e-02 1.349906576831649829e-02 -8.211446666838151387e-03 -2.115755260868212861e-02
3.315651561298649241e-03 1.995095176926420244e-02 1.655432187028016422e-02 -2.451757522133890532e-03 -1.736455259401359710e-02
-2.331626057008318043e-03 1.656757754258997295e-02 1.826028381487931895e-02 2.976370556367902154e-03 -1.275438378622262281e-02
-7.343507905031576577e-03 1.238662418243774432e-02 1.862078062922933874e-02 7.744397114635148682e-03 -7.699591077284795304e-03
-1.144556581662958990e-02 7.750608698822158971e-03 1.772772419718404713e-02 1.159543716628519405e-02 -2.570400726205068764e-03
-1.444630171902827782e-02 3.002461201562223181e-03 1.574739605619268623e-02 1.435502452641901350e-02 2.289515386827423171e-03
-1.624265694425808260e-02 -1.536897772642098481e-03 1.290306723169321046e-02 1.593547721095323055e-02 6.583497217932388068e-03
-1.681930166195388932e-02 -5.587625183120503713e-03 9.455425553348550949e-03 1.633414874223082514e-02 1.007750566154430594e-02
-1.624225266561252212e-02 -8.925734604365853642e-03 5.682284398271786330e-03 1.562623113682493070e-02 1.261023645894310263e-02
-1.464769089955020309e-02 -1.139299667600401911e-02 1.858948672854854323e-03 1.395307655528199575e-02 1.409752747178028010e-02
-1.222709702268065697e-02 -1.290172687212487630e-02 -1.759555912018151425e-03 1.150720731756815773e-02 1.453126052857078854e-02
-9.209980776080929979e-03 -1.343457040509643541e-02 -4.953408064578002090e-03 8.515289338061338142e-03 1.397331584896299717e-02
-5.845551751558764053e-03 -1.303970105419938186e-02 -7.549356797423301124e-03 5.220348216006254205e-03 1.254544558676573551e-02
-2.384621643842232963e-03 -1.182212928783455026e-02 -9.428092729564241381e-03 1.864465582384067233e-03 1.041606104099535024e-02
9.370675673414652351e-04 -9.931999753851616930e-03 -1.052747962584366093e-02 -1.326979148563722788e-03 7.785127214368081638e-03
3.913096705555618726e-03 -7.550893081203491342e-03 -1.084178940660096742e-02 -4.158632330013012357e-03 4.868316888697599154e-03
6.377461612895318765e-03 -4.877204119458911080e-03 -1.041731084947705895e-02 -6.475394686266122690e-03 1.881520223433463812e-03
8.212039611671384520e-03 -2.111645589431554448e-03 -9.344913417670963618e-03 -8.169155444394116117e-03 -9.733106663384338830e-04
9.350248516168946367e-03 5.561718686797334499e-04 -7.750304881196101725e-03 -9.181887379337005939e-03 -3.520178612284041719e-03
9.776987429974681731e-03 2.959283384940114559e-03 -5.782814238154410091e-03 -9.505202990840455612e-03 -5.618328930699911794e-03
9.525190462797983315e-03 4.962429010003654994e-03 -3.603561304145186384e-03 -9.176694684937538107e-03 -7.168443452861827936e-03
8.669520691879650798e-03 6.468239081337534557e-03 -1.373846173374770885e-03 -8.273565606845001419e-03 -8.115605186116425784e-03
7.317872266194846986e-03 7.420384618381792308e-03 7.554893848815691371e-04 -6.904193672029879103e-03 -8.449115471889645512e-03
5.601431242161503121e-03 7.803749641258628245e-03 2.653103459546723997e-03 -5.198355738017523819e-03 -8.199439673513553295e-03
3.664071896891663016e-03 7.641875513566542821e-03 4.214133780733320123e-03 -3.296869274093117141e-03 -7.432718684884931371e-03
1.651838662792837198e-03 6.992085567396610912e-03 5.364829731957510006e-03 -1.341385659452964951e-03 -6.243405525209744233e-03
-2.968085521010133121e-04 5.938814482376875148e-03 6.064732771702274761e-03 5.350021890904166355e-04 -4.745663794336607566e-03
-2.059416687338333496e-03 4.585737444873227986e-03 6.306474372139714291e-03 2.215785463290931290e-03 -3.064194982469459205e-03
-3.536195620813531448e-03 3.047319029084727404e-03 6.113413150939939200e-03 3.607284183829717605e-03 -1.325145577803499286e-03
-4.654625150538049816e-03 1.440384242858971930e-03 5.535456339300637296e-03 4.642851171101636254e-03 3.523129670701674598e-04
-5.371886284734617156e-03 -1.237403923926017058e-04 4.643499560533781434e-03 5.284933932890867325e-03 1.863231278045329731e-03
-5.675141660510529817e-03 -1.546052620481908058e-03 3.522970728242480476e-03 5.525044302757686765e-03 3.122575290137596937e-03
-5.579827427639183490e-03 -2.745310827297897660e-03 2.266979049401207646e-03 5.381819792995568008e-03 4.069120379905921681e-03
-5.126235076129970203e-03 -3.661845027727594903e-03 9.695512955487650686e-04 4.897470283965477122e-03 4.667442074255401252e-03
-4.374750645401714877e-03 -4.259631600380120453e-03 -2.806107104230681770e-04 4.132983878065710215e-03 4.908035050157355528e-03
-3.400176704478341527e-03 -4.526642800860014582e-03 -1.405489121561465105e-03 3.162514040534469828e-03 4.805714191871146568e-03
-2.285587854378157147e-03 -4.473593404409337282e-03 -2.341951831618671598e-03 2.067386493698197825e-03 4.396552310105272809e-03
-1.116163983284068628e-03 -4.131301317135127604e-03 -3.044621553441873019e-03 9.301507436376699189e-04 3.733683750832827997e-03
2.659007406258240280e-05 -3.546951831120970233e-03 -3.487338055520039504e-03 -1.709387329085210183e-04 2.882348943302748268e-03
1.069889799074630332e-03 -2.779603252677231850e-03 -3.663237008758035707e-03 -1.166687815596922917e-03 1.914571673790055328e-03
1.953710829886157185e-03 -1.895293585973956141e-03 -3.583556994681269536e-03 -2.000727531508150747e-03 9.038502590974495376e-04
2.633642840250693951e-03 -9.621043194329992332e-04 -3.275359966757873664e-03 -2.632117400276356989e-03 -7.979080403397453836e-05
3.082471088667881887e-03 -4.551035658328927980e-05 -2.778406204906325172e-03 -3.036715682868673660e-03 -9.740961514653756481e-04
3.290491013123730824e-03 7.957015743897954962e-04 -2.141460299137643020e-03 -3.207331340245866969e-03 -1.727997372411582688e-03
3.264644053810883406e-03 1.512725523984403964e-03 -1.418319110402799232e-03 -3.152750935450088221e-03 -2.304004852799468317e-03
3.026636026633999776e-03 2.069089252672018375e-03 -6.638468651587459135e-04 -2.895798999766330262e-03 -2.679508387495865840e-03
2.610244748236789647e-03 2.441995845716693481e-03 6.972224890433587063e-05 -2.470642227193620144e-03 -2.846987937324407802e-03
2.058067725860812658e-03 2.622649784145281160e-03 7.359926803507388371e-04 -1.919577188842502835e-03 -2.813219774943087614e-03
1.417970628924125620e-03 2.615634675761091543e-03 1.296957895290384855e-03 -1.289557802626739580e-03 -2.597612664462789489e-03
7.394970389740240790e-04 2.437464400527611375e-03 1.724781027980792913e-03 -6.287107330199548372e-04 -2.229859736098127598e-03
7.047224451994793526e-05 2.114477830378325152e-03 2.002752743436309046e-03 1.692573941003416849e-05 -1.747108907790839716e-03
-5.459880392050253661e-04 1.680268125197059703e-03 2.125435825889310237e-03 6.062485142399598459e-04 -1.190887950203167733e-03
-1.073903837791045923e-03 1.172855946872664035e-03 2.098057065170744195e-03 1.105368821044949712e-03 -6.040040027183168903e-04
-1.486181987595536214e-03 6.318149233697223366e-04 1.935250409713651365e-03 1.489221587557265636e-03 -2.762214989737721282e-05
-1.765635145224986324e-03 9.554195614658311797e-05 1.659289757264259535e-03 1.742456665424496620e-03 5.012994623609934308e-04
-1.905264726926869656e-03 -4.011614552146269830e-04 1.297972337120922859e-03 1.859615789606694491e-03 9.520792607997652368e-04
-1.907850704164215649e-03 -8.290658554926944035e-04 8.823208617325661862e-04 1.844643579305138559e-03 1.301792070020901804e-03
-1.784934364102985782e-03 -1.165956107602728054e-03 4.442715137076280740e-04 1.709823258617682029e-03 1.536112143125656360e-03
-1.555312685606602408e-03 -1.397490473962204049e-03 1.449988590196404914e-05 1.474256486498903840e-03 1.649518665828297870e-03
-1.243184489147508565e-03 -1.517469729273024370e-03 -3.794844468263391946e-04 1.162025802051713796e-03 1.644904836819449656e-03
-8.760997348239429883e-04 -1.527548982380166898e-03 -7.148727180816827342e-04 8.001874259100372200e-04 1.532667513584051733e-03
-4.828635576531459250e-04 -1.436458513597305142e-03 -9.746522480891250950e-04 4.167407747590612388e-04 1.329381853149014248e-03
-9.153672278661151296e-05 -1.258826460655559920e-03 -1.148227989923866765e-03 3.870992445587084774e-05 1.056183693254331146e-03
2.723442269103593105e-04 -1.013714528169673557e-03 -1.231569966893553136e-03 -3.095468095298814504e-04 7.369911486188041039e-04
5.872288096786526523e-04 -7.229873472702763593e-04 -1.226917279548156436e-03 -6.077079077659863771e-04 3.966960775969585740e-04
8.366274315829702601e-04 -4.096368124606453165e-04 -1.142095832172285164e-03 -8.404776888759624143e-04 5.944667669122161158e-05
1.009761628052441296e-03 -9.617540587925077489e-05 -9.895274173904455850e-04 -9.981610768977633441e-04 -2.528740042712085412e-04
1.101783368070430313e-03 1.968017017750511855e-04 -7.850214762739060603e-04 -1.076821708566044755e-03 -5.218906742116002917e-04
1.113585821824747413e-03 4.518056773306078355e-04 -5.464473898125765672e-04 -1.078048522501484641e-03 -7.336417813352813511e-04
1.051253710752098058e-03 6.553369928119501253e-04 -2.923848230129699743e-04 -1.008379473781406688e-03 -8.791190234780366097e-04
9.252196707776327855e-04 7.984309200592676348e-04 -4.084252726022086222e-05 -8.784493438213081262e-04 -9.544355469109921941e-04
7.492065934244784842e-04 8.768587304752717415e-04 1.918757427343820154e-04 -7.019415526182681830e-04 -9.606427148056706500e-04
5.390451893649839121e-04 8.910000542272644708e-04 3.920964484493971725e-04 -4.944289208902441501e-04 -9.032395552199812272e-04
3.114545947047187013e-04 8.454234315813380363e-04 5.494496282554273137e-04 -2.721893203827541186e-04 -7.914321485819053592e-04
8.286887433262002389e-05 7.482278926540519848e-04 6.572674397742339636e-04 -5.107623556099838424e-05 -6.372125111264725916e-04
-1.316175321980361801e-04 6.102092434046024749e-04 7.127053065114630215e-04 1.544862427083071310e-04 -4.543330437717374437e-04
-3.191263517943188077e-04 4.439206583728427802e-04 7.166015863901975536e-04 3.323284313638819043e-04 -2.572528360933468150e-04
-4.696513478669173125e-04 2.626980491737818113e-04 6.731076390564805223e-04 4.731419056747121488e-04 -6.012806436250794917e-05
-5.764700139493372788e-04 7.971768705150594769e-05 5.891316521822176355e-04 5.708457787467757782e-04 1.240923407830329950e-04
-6.363042050611111833e-04 -9.285522053259498421e-05 4.736491651691210336e-04 6.227099928901580483e-04 2.844138279090024923e-04
-6.492411017749999402e-04 -2.445787755073203229e-04 3.369370008399208416e-04 6.292482129954812820e-04 4.123512534326412293e-04
-6.184399581143917857e-04 -3.672726415993032845e-04 1.897871906730852487e-04 5.939066171456452992e-04 5.022717181968339162e-04
-5.496621276385171839e-04 -4.553618225788813589e-04 4.275435731448951060e-05 5.225866958569191922e-04 5.515206622896950961e-04
-4.506703854201266068e-04 -5.060200539436232603e-04 -9.451693016249151924e-05 4.230477393696308042e-04 5.603414932653372205e-04
-3.305481178023095268e-04 -5.191204878363109287e-04 -2.138475494334324267e-04 3.042385040097350668e-04 5.316117186759949931e-04
-1.989900121029952729e-04 -4.970133103926466234e-04 -3.089355725738318625e-04 1.756078519299375529e-04 4.704287918011473835e-04
-6.561286558071088848e-05 -4.441599025772902110e-04 -3.756095000978509901e-04 4.644182951207831422e-05 3.835850902411674923e-04
6.066923920244882140e-05 -3.666593548029561944e-04 -4.119201187696708288e-04 -7.473220363540811206e-05 2.789771499911442021e-04
1.721702209800390904e-04 -2.717079120645449208e-04 -4.180785985558044260e-04 -1.806406190180132043e-04 1.649927912894533222e-04
2.628316681596576387e-04 -1.670325755359636233e-04 -3.962580479394128830e-04 -2.656340900292208929e-04 4.991850260149810481e-05
3.284827363814191159e-04 -6.033885430301033637e-05 -3.502851271341977935e-04 -3.259218094658900000e-04 -5.859560927967688571e-05
3.669529474181754125e-04 4.119530083057654224e-05 -2.852421157023554699e-04 -3.596570002067922545e-04 -1.539887465989986381e-04
3.780368370343012430e-04 1.313443897343891109e-04 -2.070277939481002250e-04 -3.668909026388611494e-04 -2.311170201368950572e-04
3.633459296836782926e-04 2.051610612097132247e-04 -1.219050502593299612e-04 -3.494130560788288875e-04 -2.864751035541734936e-04
3.260495383683448267e-04 2.591939813678667548e-04 -3.605474597878632892e-05 -3.104852314200767793e-04 -3.182893740022452178e-04
2.705303471839393126e-04 2.915857666319077168e-04 4.482300881458733954e-05 -2.544981749541541660e-04 -3.264838322791785430e-04
2.019923916929400320e-04 3.020595145308835328e-04 1.158418741931122042e-04 -1.865864745659306934e-04 -3.125399000653006354e-04
1.260493605492740699e-04 2.918016977448978366e-04 1.731809365412839696e-04 -1.122287570526347977e-04 -2.792659135542052695e-04
4.832090971351732378e-05 2.632586533468650458e-04 2.142445394193170927e-04 -3.685910573758555131e-05 -2.304988911688843345e-04
-2.593647416837541186e-05 2.198679972287287399e-04 2.377278211185274159e-04 3.448649319115482115e-05 -1.707654519039758512e-04
-9.214354981523786847e-05 1.657483159922534810e-04 2.435918393495217771e-04 9.746698268475739724e-05 -1.049256267071640991e-04
-1.466409583211758516e-04 1.053706617260008471e-04 2.329593190453227436e-04 1.486634549963117280e-04 -3.782661533002773524e-05
