0.000000000000000000e+00 0.000000000000000000e+00 0.000000000000000000e+00 0.000000000000000000e+00 0.000000000000000000e+00
0.000000000000000000e+00 0.000000000000000000e+00 0.000000000000000000e+00 0.000000000000000000e+00 0.000000000000000000e+00
0.000000000000000000e+00 0.000000000000000000e+00 0.000000000000000000e+00 0.000000000000000000e+00 0.000000000000000000e+00
0.000000000000000000e+00 0.000000000000000000e+00 0.000000000000000000e+00 0.000000000000000000e+00 0.000000000000000000e+00
0.000000000000000000e+00 0.000000000000000000e+00 0.000000000000000000e+00 0.000000000000000000e+00 0.000000000000000000e+00
0.000000000000000000e+00 0.000000000000000000e+00 0.000000000000000000e+00 0.000000000000000000e+00 0.000000000000000000e+00
0.000000000000000000e+00 0.000000000000000000e+00 0.000000000000000000e+00 0.000000000000000000e+00 0.000000000000000000e+00
0.000000000000000000e+00 0.000000000000000000e+00 0.000000000000000000e+00 0.000000000000000000e+00 0.000000000000000000e+00
0.000000000000000000e+00 0.000000000000000000e+00 0.000000000000000000e+00 0.000000000000000000e+00 0.000000000000000000e+00
0.000000000000000000e+00 0.000000000000000000e+00 0.000000000000000000e+00 0.000000000000000000e+00 0.000000000000000000e+00
0.000000000000000000e+00 0.000000000000000000e+00 0.000000000000000000e+00 0.000000000000000000e+00 0.000000000000000000e+00
0.000000000000000000e+00 0.000000000000000000e+00 0.000000000000000000e+00 0.000000000000000000e+00 0.000000000000000000e+00
0.000000000000000000e+00 0.000000000000000000e+00 0.000000000000000000e+00 0.000000000000000000e+00 0.000000000000000000e+00
0.000000000000000000e+00 0.000000000000000000e+00 0.000000000000000000e+00 0.000000000000000000e+00 0.000000000000000000e+00
0.000000000000000000e+00 0.000000000000000000e+00 0.000000000000000000e+00 0.000000000000000000e+00 0.000000000000000000e+00
0.000000000000000000e+00 0.000000000000000000e+00 0.000000000000000000e+00 0.000000000000000000e+00 0.000000000000000000e+00
0.000000000000000000e+00 0.000000000000000000e+00 0.000000000000000000e+00 0.000000000000000000e+00 0.000000000000000000e+00
0.000000000000000000e+00 0.000000000000000000e+00 0.000000000000000000e+00 0.000000000000000000e+00 0.000000000000000000e+00
0.000000000000000000e+00 0.000000000000000000e+00 0.000000000000000000e+00 0.000000000000000000e+00 0.000000000000000000e+00
0.000000000000000000e+00 0.000000000000000000e+00 0.000000000000000000e+00 0.000000000000000000e+00 0.000000000000000000e+00
0.000000000000000000e+00 0.000000000000000000e+00 0.000000000000000000e+00 0.000000000000000000e+00 0.000000000000000000e+00
0.000000000000000000e+00 0.000000000000000000e+00 0.000000000000000000e+00 0.000000000000000000e+00 0.000000000000000000e+00
0.000000000000000000e+00 0.000000000000000000e+00 0.000000000000000000e+00 0.000000000000000000e+00 0.000000000000000000e+00
0.000000000000000000e+00 0.000000000000000000e+00 0.000000000000000000e+00 0.000000000000000000e+00 0.000000000000000000e+00
0.000000000000000000e+00 0.000000000000000000e+00 0.000000000000000000e+00 0.000000000000000000e+00 0.000000000000000000e+00
0.000000000000000000e+00 0.000000000000000000e+00 0.000000000000000000e+00 0.000000000000000000e+00 0.000000000000000000e+00
0.000000000000000000e+00 0.000000000000000000e+00 0.000000000000000000e+00 0.000000000000000000e+00 0.000000000000000000e+00
0.000000000000000000e+00 0.000000000000000000e+00 0.000000000000000000e+00 0.000000000000000000e+00 0.000000000000000000e+00
0.000000000000000000e+00 0.000000000000000000e+00 0.000000000000000000e+00 0.000000000000000000e+00 0.000000000000000000e+00
0.000000000000000000e+00 0.000000000000000000e+00 0.000000000000000000e+00 0.000000000000000000e+00 0.000000000000000000e+00
0.000000000000000000e+00 0.000000000000000000e+00 0.000000000000000000e+00 0.000000000000000000e+00 0.000000000000000000e+00
0.000000000000000000e+00 0.000000000000000000e+00 0.000000000000000000e+00 0.000000000000000000e+00 0.000000000000000000e+00
0.000000000000000000e+00 0.000000000000000000e+00 0.000000000000000000e+00 0.000000000000000000e+00 0.000000000000000000e+00
0.000000000000000000e+00 0.000000000000000000e+00 0.000000000000000000e+00 0.000000000000000000e+00 0.000000000000000000e+00
0.000000000000000000e+00 0.000000000000000000e+00 0.000000000000000000e+00 0.000000000000000000e+00 0.000000000000000000e+00
0.000000000000000000e+00 0.000000000000000000e+00 0.000000000000000000e+00 0.000000000000000000e+00 0.000000000000000000e+00
0.000000000000000000e+00 0.000000000000000000e+00 0.000000000000000000e+00 0.000000000000000000e+00 0.000000000000000000e+00
0.000000000000000000e+00 0.000000000000000000e+00 0.000000000000000000e+00 0.000000000000000000e+00 0.000000000000000000e+00
0.000000000000000000e+00 0.000000000000000000e+00 0.000000000000000000e+00 0.000000000000000000e+00 0.000000000000000000e+00
0.000000000000000000e+00 0.000000000000000000e+00 0.000000000000000000e+00 0.000000000000000000e+00 0.000000000000000000e+00
0.000000000000000000e+00 0.000000000000000000e+00 0.000000000000000000e+00 0.000000000000000000e+00 0.000000000000000000e+00
0.000000000000000000e+00 0.000000000000000000e+00 0.000000000000000000e+00 0.000000000000000000e+00 0.000000000000000000e+00
0.000000000000000000e+00 0.000000000000000000e+00 0.000000000000000000e+00 0.000000000000000000e+00 0.000000000000000000e+00
0.000000000000000000e+00 0.000000000000000000e+00 0.000000000000000000e+00 0.000000000000000000e+00 0.000000000000000000e+00
0.000000000000000000e+00 0.000000000000000000e+00 0.000000000000000000e+00 0.000000000000000000e+00 0.000000000000000000e+00
0.000000000000000000e+00 0.000000000000000000e+00 0.000000000000000000e+00 0.000000000000000000e+00 0.000000000000000000e+00
0.000000000000000000e+00 0.000000000000000000e+00 0.000000000000000000e+00 0.000000000000000000e+00 0.000000000000000000e+00
0.000000000000000000e+00 0.000000000000000000e+00 0.000000000000000000e+00 0.000000000000000000e+00 0.000000000000000000e+00
0.000000000000000000e+00 0.000000000000000000e+00 0.000000000000000000e+00 0.000000000000000000e+00 0.000000000000000000e+00
0.000000000000000000e+00 0.000000000000000000e+00 0.000000000000000000e+00 0.000000000000000000e+00 0.000000000000000000e+00
0.000000000000000000e+00 0.000000000000000000e+00 0.000000000000000000e+00 0.000000000000000000e+00 0.000000000000000000e+00
0.000000000000000000e+00 0.000000000000000000e+00 0.000000000000000000e+00 0.000000000000000000e+00 0.000000000000000000e+00
0.000000000000000000e+00 0.000000000000000000e+00 0.000000000000000000e+00 0.000000000000000000e+00 0.000000000000000000e+00
0.000000000000000000e+00 0.000000000000000000e+00 0.000000000000000000e+00 0.000000000000000000e+00 0.000000000000000000e+00
0.000000000000000000e+00 0.000000000000000000e+00 0.000000000000000000e+00 0.000000000000000000e+00 0.000000000000000000e+00
0.000000000000000000e+00 0.000000000000000000e+00 0.000000000000000000e+00 0.000000000000000000e+00 0.000000000000000000e+00
0.000000000000000000e+00 0.000000000000000000e+00 0.000000000000000000e+00 0.000000000000000000e+00 0.000000000000000000e+00
0.000000000000000000e+00 0.000000000000000000e+00 0.000000000000000000e+00 0.000000000000000000e+00 0.000000000000000000e+00
0.000000000000000000e+00 0.000000000000000000e+00 0.000000000000000000e+00 0.000000000000000000e+00 0.000000000000000000e+00
0.000000000000000000e+00 0.000000000000000000e+00 0.000000000000000000e+00 0.000000000000000000e+00 0.000000000000000000e+00
0.000000000000000000e+00 0.000000000000000000e+00 0.000000000000000000e+00 0.000000000000000000e+00 0.000000000000000000e+00
0.000000000000000000e+00 0.000000000000000000e+00 0.000000000000000000e+00 0.000000000000000000e+00 0.000000000000000000e+00
0.000000000000000000e+00 0.000000000000000000e+00 0.000000000000000000e+00 0.000000000000000000e+00 0.000000000000000000e+00
0.000000000000000000e+00 0.000000000000000000e+00 0.000000000000000000e+00 0.000000000000000000e+00 0.000000000000000000e+00
0.000000000000000000e+00 0.000000000000000000e+00 0.000000000000000000e+00 0.000000000000000000e+00 0.000000000000000000e+00
0.000000000000000000e+00 0.000000000000000000e+00 0.000000000000000000e+00 0.000000000000000000e+00 0.000000000000000000e+00
0.000000000000000000e+00 0.000000000000000000e+00 0.000000000000000000e+00 0.000000000000000000e+00 0.000000000000000000e+00
0.000000000000000000e+00 0.000000000000000000e+00 0.000000000000000000e+00 0.000000000000000000e+00 0.000000000000000000e+00
0.000000000000000000e+00 0.000000000000000000e+00 0.000000000000000000e+00 0.000000000000000000e+00 0.000000000000000000e+00
0.000000000000000000e+00 0.000000000000000000e+00 0.000000000000000000e+00 0.000000000000000000e+00 0.000000000000000000e+00
0.000000000000000000e+00 0.000000000000000000e+00 0.000000000000000000e+00 0.000000000000000000e+00 0.000000000000000000e+00
0.000000000000000000e+00 0.000000000000000000e+00 0.000000000000000000e+00 0.000000000000000000e+00 0.000000000000000000e+00
0.000000000000000000e+00 0.000000000000000000e+00 0.000000000000000000e+00 0.000000000000000000e+00 0.000000000000000000e+00
0.000000000000000000e+00 0.000000000000000000e+00 0.000000000000000000e+00 0.000000000000000000e+00 0.000000000000000000e+00
0.000000000000000000e+00 0.000000000000000000e+00 0.000000000000000000e+00 0.000000000000000000e+00 0.000000000000000000e+00
0.000000000000000000e+00 0.000000000000000000e+00 0.000000000000000000e+00 0.000000000000000000e+00 0.000000000000000000e+00
0.000000000000000000e+00 0.000000000000000000e+00 0.000000000000000000e+00 0.000000000000000000e+00 0.000000000000000000e+00
0.000000000000000000e+00 0.000000000000000000e+00 0.000000000000000000e+00 0.000000000000000000e+00 0.000000000000000000e+00
0.000000000000000000e+00 0.000000000000000000e+00 0.000000000000000000e+00 0.000000000000000000e+00 0.000000000000000000e+00
0.000000000000000000e+00 0.000000000000000000e+00 0.000000000000000000e+00 0.000000000000000000e+00 0.000000000000000000e+00
0.000000000000000000e+00 0.000000000000000000e+00 0.000000000000000000e+00 0.000000000000000000e+00 0.000000000000000000e+00
0.000000000000000000e+00 0.000000000000000000e+00 0.000000000000000000e+00 0.000000000000000000e+00 0.000000000000000000e+00
0.000000000000000000e+00 0.000000000000000000e+00 0.000000000000000000e+00 0.000000000000000000e+00 0.000000000000000000e+00
0.000000000000000000e+00 0.000000000000000000e+00 0.000000000000000000e+00 0.000000000000000000e+00 0.000000000000000000e+00
0.000000000000000000e+00 0.000000000000000000e+00 0.000000000000000000e+00 0.000000000000000000e+00 0.000000000000000000e+00
0.000000000000000000e+00 0.000000000000000000e+00 0.000000000000000000e+00 0.000000000000000000e+00 0.000000000000000000e+00
0.000000000000000000e+00 0.000000000000000000e+00 0.000000000000000000e+00 0.000000000000000000e+00 0.000000000000000000e+00
0.000000000000000000e+00 0.000000000000000000e+00 0.000000000000000000e+00 0.000000000000000000e+00 0.000000000000000000e+00
0.000000000000000000e+00 0.000000000000000000e+00 0.000000000000000000e+00 0.000000000000000000e+00 0.000000000000000000e+00
0.000000000000000000e+00 0.000000000000000000e+00 0.000000000000000000e+00 0.000000000000000000e+00 0.000000000000000000e+00
0.000000000000000000e+00 0.000000000000000000e+00 0.000000000000000000e+00 0.000000000000000000e+00 0.000000000000000000e+00
0.000000000000000000e+00 0.000000000000000000e+00 0.000000000000000000e+00 0.000000000000000000e+00 0.000000000000000000e+00
0.000000000000000000e+00 0.000000000000000000e+00 0.000000000000000000e+00 0.000000000000000000e+00 0.000000000000000000e+00
0.000000000000000000e+00 0.000000000000000000e+00 0.000000000000000000e+00 0.000000000000000000e+00 0.000000000000000000e+00
0.000000000000000000e+00 0.000000000000000000e+00 0.000000000000000000e+00 0.000000000000000000e+00 0.000000000000000000e+00
0.000000000000000000e+00 0.000000000000000000e+00 0.000000000000000000e+00 0.000000000000000000e+00 0.000000000000000000e+00
0.000000000000000000e+00 0.000000000000000000e+00 0.000000000000000000e+00 0.000000000000000000e+00 0.000000000000000000e+00
0.000000000000000000e+00 0.000000000000000000e+00 0.000000000000000000e+00 0.000000000000000000e+00 0.000000000000000000e+00
0.000000000000000000e+00 0.000000000000000000e+00 0.000000000000000000e+00 0.000000000000000000e+00 0.000000000000000000e+00
0.000000000000000000e+00 0.000000000000000000e+00 0.000000000000000000e+00 0.000000000000000000e+00 0.000000000000000000e+00
0.000000000000000000e+00 0.000000000000000000e+00 0.000000000000000000e+00 0.000000000000000000e+00 0.000000000000000000e+00
0.000000000000000000e+00 0.000000000000000000e+00 0.000000000000000000e+00 0.000000000000000000e+00 0.000000000000000000e+00
0.000000000000000000e+00 0.000000000000000000e+00 0.000000000000000000e+00 0.000000000000000000e+00 0.000000000000000000e+00
0.000000000000000000e+00 0.000000000000000000e+00 0.000000000000000000e+00 0.000000000000000000e+00 0.000000000000000000e+00
0.000000000000000000e+00 0.000000000000000000e+00 0.000000000000000000e+00 0.000000000000000000e+00 0.000000000000000000e+00
0.000000000000000000e+00 0.000000000000000000e+00 0.000000000000000000e+00 0.000000000000000000e+00 0.000000000000000000e+00
0.000000000000000000e+00 0.000000000000000000e+00 0.000000000000000000e+00 0.000000000000000000e+00 0.000000000000000000e+00
0.000000000000000000e+00 0.000000000000000000e+00 0.000000000000000000e+00 0.000000000000000000e+00 0.000000000000000000e+00
0.000000000000000000e+00 0.000000000000000000e+00 0.000000000000000000e+00 0.000000000000000000e+00 0.000000000000000000e+00
0.000000000000000000e+00 0.000000000000000000e+00 0.000000000000000000e+00 0.000000000000000000e+00 0.000000000000000000e+00
0.000000000000000000e+00 0.000000000000000000e+00 0.000000000000000000e+00 0.000000000000000000e+00 0.000000000000000000e+00
0.000000000000000000e+00 0.000000000000000000e+00 0.000000000000000000e+00 0.000000000000000000e+00 0.000000000000000000e+00
0.000000000000000000e+00 0.000000000000000000e+00 0.000000000000000000e+00 0.000000000000000000e+00 0.000000000000000000e+00
0.000000000000000000e+00 0.000000000000000000e+00 0.000000000000000000e+00 0.000000000000000000e+00 0.000000000000000000e+00
0.000000000000000000e+00 0.000000000000000000e+00 0.000000000000000000e+00 0.000000000000000000e+00 0.000000000000000000e+00
0.000000000000000000e+00 0.000000000000000000e+00 0.000000000000000000e+00 0.000000000000000000e+00 0.000000000000000000e+00
0.000000000000000000e+00 0.000000000000000000e+00 0.000000000000000000e+00 0.000000000000000000e+00 0.000000000000000000e+00
0.000000000000000000e+00 0.000000000000000000e+00 0.000000000000000000e+00 0.000000000000000000e+00 0.000000000000000000e+00
0.000000000000000000e+00 0.000000000000000000e+00 0.000000000000000000e+00 0.000000000000000000e+00 0.000000000000000000e+00
0.000000000000000000e+00 0.000000000000000000e+00 0.000000000000000000e+00 0.000000000000000000e+00 0.000000000000000000e+00
0.000000000000000000e+00 0.000000000000000000e+00 0.000000000000000000e+00 0.000000000000000000e+00 0.000000000000000000e+00
0.000000000000000000e+00 0.000000000000000000e+00 0.000000000000000000e+00 0.000000000000000000e+00 0.000000000000000000e+00
0.000000000000000000e+00 0.000000000000000000e+00 0.000000000000000000e+00 0.000000000000000000e+00 0.000000000000000000e+00
0.000000000000000000e+00 0.000000000000000000e+00 0.000000000000000000e+00 0.000000000000000000e+00 0.000000000000000000e+00
0.000000000000000000e+00 0.000000000000000000e+00 0.000000000000000000e+00 0.000000000000000000e+00 0.000000000000000000e+00
0.000000000000000000e+00 0.000000000000000000e+00 0.000000000000000000e+00 0.000000000000000000e+00 0.000000000000000000e+00
0.000000000000000000e+00 0.000000000000000000e+00 0.000000000000000000e+00 0.000000000000000000e+00 0.000000000000000000e+00
0.000000000000000000e+00 0.000000000000000000e+00 0.000000000000000000e+00 0.000000000000000000e+00 0.000000000000000000e+00
0.000000000000000000e+00 0.000000000000000000e+00 0.000000000000000000e+00 0.000000000000000000e+00 0.000000000000000000e+00
0.000000000000000000e+00 0.000000000000000000e+00 0.000000000000000000e+00 0.000000000000000000e+00 0.000000000000000000e+00
0.000000000000000000e+00 0.000000000000000000e+00 0.000000000000000000e+00 0.000000000000000000e+00 0.000000000000000000e+00
0.000000000000000000e+00 0.000000000000000000e+00 0.000000000000000000e+00 0.000000000000000000e+00 0.000000000000000000e+00
0.000000000000000000e+00 0.000000000000000000e+00 0.000000000000000000e+00 0.000000000000000000e+00 0.000000000000000000e+00
0.000000000000000000e+00 0.000000000000000000e+00 0.000000000000000000e+00 0.000000000000000000e+00 0.000000000000000000e+00
0.000000000000000000e+00 0.000000000000000000e+00 0.000000000000000000e+00 0.000000000000000000e+00 0.000000000000000000e+00
0.000000000000000000e+00 0.000000000000000000e+00 0.000000000000000000e+00 0.000000000000000000e+00 0.000000000000000000e+00
0.000000000000000000e+00 0.000000000000000000e+00 0.000000000000000000e+00 0.000000000000000000e+00 0.000000000000000000e+00
0.000000000000000000e+00 0.000000000000000000e+00 0.000000000000000000e+00 0.000000000000000000e+00 0.000000000000000000e+00
0.000000000000000000e+00 0.000000000000000000e+00 0.000000000000000000e+00 0.000000000000000000e+00 0.000000000000000000e+00
0.000000000000000000e+00 0.000000000000000000e+00 0.000000000000000000e+00 0.000000000000000000e+00 0.000000000000000000e+00
0.000000000000000000e+00 0.000000000000000000e+00 0.000000000000000000e+00 0.000000000000000000e+00 0.000000000000000000e+00
0.000000000000000000e+00 0.000000000000000000e+00 0.000000000000000000e+00 0.000000000000000000e+00 0.000000000000000000e+00
0.000000000000000000e+00 0.000000000000000000e+00 0.000000000000000000e+00 0.000000000000000000e+00 0.000000000000000000e+00
0.000000000000000000e+00 0.000000000000000000e+00 0.000000000000000000e+00 0.000000000000000000e+00 0.000000000000000000e+00
0.000000000000000000e+00 0.000000000000000000e+00 0.000000000000000000e+00 0.000000000000000000e+00 0.000000000000000000e+00
0.000000000000000000e+00 0.000000000000000000e+00 0.000000000000000000e+00 0.000000000000000000e+00 0.000000000000000000e+00
0.000000000000000000e+00 0.000000000000000000e+00 0.000000000000000000e+00 0.000000000000000000e+00 0.000000000000000000e+00
0.000000000000000000e+00 0.000000000000000000e+00 0.000000000000000000e+00 0.000000000000000000e+00 0.000000000000000000e+00
0.000000000000000000e+00 0.000000000000000000e+00 0.000000000000000000e+00 0.000000000000000000e+00 0.000000000000000000e+00
0.000000000000000000e+00 0.000000000000000000e+00 0.000000000000000000e+00 0.000000000000000000e+00 0.000000000000000000e+00
0.000000000000000000e+00 0.000000000000000000e+00 0.000000000000000000e+00 0.000000000000000000e+00 0.000000000000000000e+00
0.000000000000000000e+00 0.000000000000000000e+00 0.000000000000000000e+00 0.000000000000000000e+00 0.000000000000000000e+00
0.000000000000000000e+00 0.000000000000000000e+00 0.000000000000000000e+00 0.000000000000000000e+00 0.000000000000000000e+00
0.000000000000000000e+00 0.000000000000000000e+00 0.000000000000000000e+00 0.000000000000000000e+00 0.000000000000000000e+00
0.000000000000000000e+00 0.000000000000000000e+00 0.000000000000000000e+00 0.000000000000000000e+00 0.000000000000000000e+00
0.000000000000000000e+00 0.000000000000000000e+00 0.000000000000000000e+00 0.000000000000000000e+00 0.000000000000000000e+00
0.000000000000000000e+00 0.000000000000000000e+00 0.000000000000000000e+00 0.000000000000000000e+00 0.000000000000000000e+00
0.000000000000000000e+00 0.000000000000000000e+00 0.000000000000000000e+00 0.000000000000000000e+00 0.000000000000000000e+00
0.000000000000000000e+00 0.000000000000000000e+00 0.000000000000000000e+00 0.000000000000000000e+00 0.000000000000000000e+00
0.000000000000000000e+00 0.000000000000000000e+00 0.000000000000000000e+00 0.000000000000000000e+00 0.000000000000000000e+00
0.000000000000000000e+00 0.000000000000000000e+00 0.000000000000000000e+00 0.000000000000000000e+00 0.000000000000000000e+00
0.000000000000000000e+00 0.000000000000000000e+00 0.000000000000000000e+00 0.000000000000000000e+00 0.000000000000000000e+00
0.000000000000000000e+00 0.000000000000000000e+00 0.000000000000000000e+00 0.000000000000000000e+00 0.000000000000000000e+00
0.000000000000000000e+00 0.000000000000000000e+00 0.000000000000000000e+00 0.000000000000000000e+00 0.000000000000000000e+00
0.000000000000000000e+00 0.000000000000000000e+00 0.000000000000000000e+00 0.000000000000000000e+00 0.000000000000000000e+00
0.000000000000000000e+00 0.000000000000000000e+00 0.000000000000000000e+00 0.000000000000000000e+00 0.000000000000000000e+00
0.000000000000000000e+00 0.000000000000000000e+00 0.000000000000000000e+00 0.000000000000000000e+00 0.000000000000000000e+00
0.000000000000000000e+00 0.000000000000000000e+00 0.000000000000000000e+00 0.000000000000000000e+00 0.000000000000000000e+00
0.000000000000000000e+00 0.000000000000000000e+00 0.000000000000000000e+00 0.000000000000000000e+00 0.000000000000000000e+00
0.000000000000000000e+00 0.000000000000000000e+00 0.000000000000000000e+00 0.000000000000000000e+00 0.000000000000000000e+00
0.000000000000000000e+00 0.000000000000000000e+00 0.000000000000000000e+00 0.000000000000000000e+00 0.000000000000000000e+00
0.000000000000000000e+00 0.000000000000000000e+00 0.000000000000000000e+00 0.000000000000000000e+00 0.000000000000000000e+00
0.000000000000000000e+00 0.000000000000000000e+00 0.000000000000000000e+00 0.000000000000000000e+00 0.000000000000000000e+00
0.000000000000000000e+00 0.000000000000000000e+00 0.000000000000000000e+00 0.000000000000000000e+00 0.000000000000000000e+00
0.000000000000000000e+00 0.000000000000000000e+00 0.000000000000000000e+00 0.000000000000000000e+00 0.000000000000000000e+00
0.000000000000000000e+00 0.000000000000000000e+00 0.000000000000000000e+00 0.000000000000000000e+00 0.000000000000000000e+00
0.000000000000000000e+00 0.000000000000000000e+00 0.000000000000000000e+00 0.000000000000000000e+00 0.000000000000000000e+00
0.000000000000000000e+00 0.000000000000000000e+00 0.000000000000000000e+00 0.000000000000000000e+00 0.000000000000000000e+00
0.000000000000000000e+00 0.000000000000000000e+00 0.000000000000000000e+00 0.000000000000000000e+00 0.000000000000000000e+00
0.000000000000000000e+00 0.000000000000000000e+00 0.000000000000000000e+00 0.000000000000000000e+00 0.000000000000000000e+00
0.000000000000000000e+00 0.000000000000000000e+00 0.000000000000000000e+00 0.000000000000000000e+00 0.000000000000000000e+00
0.000000000000000000e+00 0.000000000000000000e+00 0.000000000000000000e+00 0.000000000000000000e+00 0.000000000000000000e+00
0.000000000000000000e+00 0.000000000000000000e+00 0.000000000000000000e+00 0.000000000000000000e+00 0.000000000000000000e+00
0.000000000000000000e+00 0.000000000000000000e+00 0.000000000000000000e+00 0.000000000000000000e+00 0.000000000000000000e+00
0.000000000000000000e+00 0.000000000000000000e+00 0.000000000000000000e+00 0.000000000000000000e+00 0.000000000000000000e+00
0.000000000000000000e+00 0.000000000000000000e+00 0.000000000000000000e+00 0.000000000000000000e+00 0.000000000000000000e+00
0.000000000000000000e+00 0.000000000000000000e+00 0.000000000000000000e+00 0.000000000000000000e+00 0.000000000000000000e+00
0.000000000000000000e+00 0.000000000000000000e+00 0.000000000000000000e+00 0.000000000000000000e+00 0.000000000000000000e+00
0.000000000000000000e+00 0.000000000000000000e+00 0.000000000000000000e+00 0.000000000000000000e+00 0.000000000000000000e+00
0.000000000000000000e+00 0.000000000000000000e+00 0.000000000000000000e+00 0.000000000000000000e+00 0.000000000000000000e+00
0.000000000000000000e+00 0.000000000000000000e+00 0.000000000000000000e+00 0.000000000000000000e+00 0.000000000000000000e+00
0.000000000000000000e+00 0.000000000000000000e+00 0.000000000000000000e+00 0.000000000000000000e+00 0.000000000000000000e+00
0.000000000000000000e+00 0.000000000000000000e+00 0.000000000000000000e+00 0.000000000000000000e+00 0.000000000000000000e+00
0.000000000000000000e+00 0.000000000000000000e+00 0.000000000000000000e+00 0.000000000000000000e+00 0.000000000000000000e+00
0.000000000000000000e+00 0.000000000000000000e+00 0.000000000000000000e+00 0.000000000000000000e+00 0.000000000000000000e+00
0.000000000000000000e+00 0.000000000000000000e+00 0.000000000000000000e+00 0.000000000000000000e+00 0.000000000000000000e+00
0.000000000000000000e+00 0.000000000000000000e+00 0.000000000000000000e+00 0.000000000000000000e+00 0.000000000000000000e+00
0.000000000000000000e+00 0.000000000000000000e+00 0.000000000000000000e+00 0.000000000000000000e+00 0.000000000000000000e+00
0.000000000000000000e+00 0.000000000000000000e+00 0.000000000000000000e+00 0.000000000000000000e+00 0.000000000000000000e+00
0.000000000000000000e+00 0.000000000000000000e+00 0.000000000000000000e+00 0.000000000000000000e+00 0.000000000000000000e+00
0.000000000000000000e+00 0.000000000000000000e+00 0.000000000000000000e+00 0.000000000000000000e+00 0.000000000000000000e+00
0.000000000000000000e+00 0.000000000000000000e+00 0.000000000000000000e+00 0.000000000000000000e+00 0.000000000000000000e+00
0.000000000000000000e+00 0.000000000000000000e+00 0.000000000000000000e+00 0.000000000000000000e+00 0.000000000000000000e+00
0.000000000000000000e+00 0.000000000000000000e+00 0.000000000000000000e+00 0.000000000000000000e+00 0.000000000000000000e+00
0.000000000000000000e+00 0.000000000000000000e+00 0.000000000000000000e+00 0.000000000000000000e+00 0.000000000000000000e+00
0.000000000000000000e+00 0.000000000000000000e+00 0.000000000000000000e+00 0.000000000000000000e+00 0.000000000000000000e+00
0.000000000000000000e+00 0.000000000000000000e+00 0.000000000000000000e+00 0.000000000000000000e+00 0.000000000000000000e+00
0.000000000000000000e+00 0.000000000000000000e+00 0.000000000000000000e+00 0.000000000000000000e+00 0.000000000000000000e+00
0.000000000000000000e+00 0.000000000000000000e+00 0.000000000000000000e+00 0.000000000000000000e+00 0.000000000000000000e+00
0.000000000000000000e+00 0.000000000000000000e+00 0.000000000000000000e+00 0.000000000000000000e+00 0.000000000000000000e+00
0.000000000000000000e+00 0.000000000000000000e+00 0.000000000000000000e+00 0.000000000000000000e+00 0.000000000000000000e+00
0.000000000000000000e+00 0.000000000000000000e+00 0.000000000000000000e+00 0.000000000000000000e+00 0.000000000000000000e+00
0.000000000000000000e+00 0.000000000000000000e+00 0.000000000000000000e+00 0.000000000000000000e+00 0.000000000000000000e+00
0.000000000000000000e+00 0.000000000000000000e+00 0.000000000000000000e+00 0.000000000000000000e+00 0.000000000000000000e+00
0.000000000000000000e+00 0.000000000000000000e+00 0.000000000000000000e+00 0.000000000000000000e+00 0.000000000000000000e+00
0.000000000000000000e+00 0.000000000000000000e+00 0.000000000000000000e+00 0.000000000000000000e+00 0.000000000000000000e+00
0.000000000000000000e+00 0.000000000000000000e+00 0.000000000000000000e+00 0.000000000000000000e+00 0.000000000000000000e+00
0.000000000000000000e+00 0.000000000000000000e+00 0.000000000000000000e+00 0.000000000000000000e+00 0.000000000000000000e+00
0.000000000000000000e+00 0.000000000000000000e+00 0.000000000000000000e+00 0.000000000000000000e+00 0.000000000000000000e+00
0.000000000000000000e+00 0.000000000000000000e+00 0.000000000000000000e+00 0.000000000000000000e+00 0.000000000000000000e+00
0.000000000000000000e+00 0.000000000000000000e+00 0.000000000000000000e+00 0.000000000000000000e+00 0.000000000000000000e+00
0.000000000000000000e+00 0.000000000000000000e+00 0.000000000000000000e+00 0.000000000000000000e+00 0.000000000000000000e+00
0.000000000000000000e+00 0.000000000000000000e+00 0.000000000000000000e+00 0.000000000000000000e+00 0.000000000000000000e+00
0.000000000000000000e+00 0.000000000000000000e+00 0.000000000000000000e+00 0.000000000000000000e+00 0.000000000000000000e+00
0.000000000000000000e+00 0.000000000000000000e+00 0.000000000000000000e+00 0.000000000000000000e+00 0.000000000000000000e+00
0.000000000000000000e+00 0.000000000000000000e+00 0.000000000000000000e+00 0.000000000000000000e+00 0.000000000000000000e+00
0.000000000000000000e+00 0.000000000000000000e+00 0.000000000000000000e+00 0.000000000000000000e+00 0.000000000000000000e+00
0.000000000000000000e+00 0.000000000000000000e+00 0.000000000000000000e+00 0.000000000000000000e+00 0.000000000000000000e+00
0.000000000000000000e+00 0.000000000000000000e+00 0.000000000000000000e+00 0.000000000000000000e+00 0.000000000000000000e+00
0.000000000000000000e+00 0.000000000000000000e+00 0.000000000000000000e+00 0.000000000000000000e+00 0.000000000000000000e+00
0.000000000000000000e+00 0.000000000000000000e+00 0.000000000000000000e+00 0.000000000000000000e+00 0.000000000000000000e+00
0.000000000000000000e+00 0.000000000000000000e+00 0.000000000000000000e+00 0.000000000000000000e+00 0.000000000000000000e+00
0.000000000000000000e+00 0.000000000000000000e+00 0.000000000000000000e+00 0.000000000000000000e+00 0.000000000000000000e+00
0.000000000000000000e+00 0.000000000000000000e+00 0.000000000000000000e+00 0.000000000000000000e+00 0.000000000000000000e+00
0.000000000000000000e+00 0.000000000000000000e+00 0.000000000000000000e+00 0.000000000000000000e+00 0.000000000000000000e+00
0.000000000000000000e+00 0.000000000000000000e+00 0.000000000000000000e+00 0.000000000000000000e+00 0.000000000000000000e+00
0.000000000000000000e+00 0.000000000000000000e+00 0.000000000000000000e+00 0.000000000000000000e+00 0.000000000000000000e+00
0.000000000000000000e+00 0.000000000000000000e+00 0.000000000000000000e+00 0.000000000000000000e+00 0.000000000000000000e+00
0.000000000000000000e+00 0.000000000000000000e+00 0.000000000000000000e+00 0.000000000000000000e+00 0.000000000000000000e+00
0.000000000000000000e+00 0.000000000000000000e+00 0.000000000000000000e+00 0.000000000000000000e+00 0.000000000000000000e+00
0.000000000000000000e+00 0.000000000000000000e+00 0.000000000000000000e+00 0.000000000000000000e+00 0.000000000000000000e+00
0.000000000000000000e+00 0.000000000000000000e+00 0.000000000000000000e+00 0.000000000000000000e+00 0.000000000000000000e+00
0.000000000000000000e+00 0.000000000000000000e+00 0.000000000000000000e+00 0.000000000000000000e+00 0.000000000000000000e+00
0.000000000000000000e+00 0.000000000000000000e+00 0.000000000000000000e+00 0.000000000000000000e+00 0.000000000000000000e+00
0.000000000000000000e+00 0.000000000000000000e+00 0.000000000000000000e+00 0.000000000000000000e+00 0.000000000000000000e+00
0.000000000000000000e+00 0.000000000000000000e+00 0.000000000000000000e+00 0.000000000000000000e+00 0.000000000000000000e+00
0.000000000000000000e+00 0.000000000000000000e+00 0.000000000000000000e+00 0.000000000000000000e+00 0.000000000000000000e+00
0.000000000000000000e+00 0.000000000000000000e+00 0.000000000000000000e+00 0.000000000000000000e+00 0.000000000000000000e+00
0.000000000000000000e+00 0.000000000000000000e+00 0.000000000000000000e+00 0.000000000000000000e+00 0.000000000000000000e+00
0.000000000000000000e+00 0.000000000000000000e+00 0.000000000000000000e+00 0.000000000000000000e+00 0.000000000000000000e+00
0.000000000000000000e+00 0.000000000000000000e+00 0.000000000000000000e+00 0.000000000000000000e+00 0.000000000000000000e+00
0.000000000000000000e+00 0.000000000000000000e+00 0.000000000000000000e+00 0.000000000000000000e+00 0.000000000000000000e+00
0.000000000000000000e+00 0.000000000000000000e+00 0.000000000000000000e+00 0.000000000000000000e+00 0.000000000000000000e+00
0.000000000000000000e+00 0.000000000000000000e+00 0.000000000000000000e+00 0.000000000000000000e+00 0.000000000000000000e+00
0.000000000000000000e+00 0.000000000000000000e+00 0.000000000000000000e+00 0.000000000000000000e+00 0.000000000000000000e+00
0.000000000000000000e+00 0.000000000000000000e+00 0.000000000000000000e+00 0.000000000000000000e+00 0.000000000000000000e+00
0.000000000000000000e+00 0.000000000000000000e+00 0.000000000000000000e+00 0.000000000000000000e+00 0.000000000000000000e+00
0.000000000000000000e+00 0.000000000000000000e+00 0.000000000000000000e+00 0.000000000000000000e+00 0.000000000000000000e+00
0.000000000000000000e+00 0.000000000000000000e+00 0.000000000000000000e+00 0.000000000000000000e+00 0.000000000000000000e+00
0.000000000000000000e+00 0.000000000000000000e+00 0.000000000000000000e+00 0.000000000000000000e+00 0.000000000000000000e+00
0.000000000000000000e+00 0.000000000000000000e+00 0.000000000000000000e+00 0.000000000000000000e+00 0.000000000000000000e+00
0.000000000000000000e+00 0.000000000000000000e+00 0.000000000000000000e+00 0.000000000000000000e+00 0.000000000000000000e+00
0.000000000000000000e+00 0.000000000000000000e+00 0.000000000000000000e+00 0.000000000000000000e+00 0.000000000000000000e+00
0.000000000000000000e+00 0.000000000000000000e+00 0.000000000000000000e+00 0.000000000000000000e+00 0.000000000000000000e+00
0.000000000000000000e+00 0.000000000000000000e+00 0.000000000000000000e+00 0.000000000000000000e+00 0.000000000000000000e+00
0.000000000000000000e+00 0.000000000000000000e+00 0.000000000000000000e+00 0.000000000000000000e+00 0.000000000000000000e+00
0.000000000000000000e+00 0.000000000000000000e+00 0.000000000000000000e+00 0.000000000000000000e+00 0.000000000000000000e+00
0.000000000000000000e+00 0.000000000000000000e+00 0.000000000000000000e+00 0.000000000000000000e+00 0.000000000000000000e+00
0.000000000000000000e+00 0.000000000000000000e+00 0.000000000000000000e+00 0.000000000000000000e+00 0.000000000000000000e+00
0.000000000000000000e+00 0.000000000000000000e+00 0.000000000000000000e+00 0.000000000000000000e+00 0.000000000000000000e+00
0.000000000000000000e+00 0.000000000000000000e+00 0.000000000000000000e+00 0.000000000000000000e+00 0.000000000000000000e+00
0.000000000000000000e+00 0.000000000000000000e+00 0.000000000000000000e+00 0.000000000000000000e+00 0.000000000000000000e+00
0.000000000000000000e+00 0.000000000000000000e+00 0.000000000000000000e+00 0.000000000000000000e+00 0.000000000000000000e+00
0.000000000000000000e+00 0.000000000000000000e+00 0.000000000000000000e+00 0.000000000000000000e+00 0.000000000000000000e+00
0.000000000000000000e+00 0.000000000000000000e+00 0.000000000000000000e+00 0.000000000000000000e+00 0.000000000000000000e+00
-9.478087672775087569e+00 -6.804388756423444207e+00 -1.956870426201118951e+00 9.040802584850162305e+00 1.240295560363307814e+01
-7.954528253313009500e+00 -6.909550673237196960e+00 -2.973571459094435543e+00 4.723371336285684841e+00 1.108192402216140238e+01
-6.193738234315627977e+00 -7.637181112867446053e+00 -3.674055427008163122e+00 2.611143576162822555e+00 8.939976847590971332e+00
-3.373484977070649204e+00 -8.159681918579863691e+00 -4.482504451196464679e+00 1.086517237125069979e+00 6.170439243107849414e+00
2.475710490803195718e-02 -7.873225532468615562e+00 -5.342900649403211411e+00 -3.599285323593691133e-01 3.817207253948129875e+00
2.791649935412922723e+00 -6.597764928958826935e+00 -6.184237581070750167e+00 -1.683311117495745801e+00 2.111384356193902967e+00
4.589952704971309139e+00 -4.529421143416965556e+00 -6.762211177700053533e+00 -2.939581310318121865e+00 6.907246570739992153e-01
5.735833462596895416e+00 -2.262600835038786506e+00 -6.742397153447311275e+00 -4.140062925935056981e+00 -6.233513390210860816e-01
6.465890898517888452e+00 -2.062185562073115819e-01 -6.032940774698110076e+00 -5.163301589288944449e+00 -1.835752717863403216e+00
6.732643005813717885e+00 1.624639746861711531e+00 -4.843502633240505340e+00 -5.835870553889614065e+00 -2.930254977859551246e+00
6.470828682650997976e+00 3.235744351396576235e+00 -3.395027484239844462e+00 -6.065181814063931753e+00 -3.867610078703720422e+00
5.774542647526652139e+00 4.472685412348297085e+00 -1.767317219619118474e+00 -5.871460464468080787e+00 -4.589438793162357477e+00
4.805318686864413991e+00 5.197024483458487332e+00 -5.225771399715117838e-02 -5.290925347431010728e+00 -5.064280589704450719e+00
3.687192971214314330e+00 5.416245133021256208e+00 1.553365176806667414e+00 -4.325845819818052718e+00 -5.289491650013179225e+00
2.507960870730190805e+00 5.223889591088656914e+00 2.859004829163585004e+00 -3.026414627667370016e+00 -5.241765087981658411e+00
1.336818369425538444e+00 4.719225364113051491e+00 3.777738495794181972e+00 -1.546305263992902690e+00 -4.864596806903122683e+00
2.171423819206828032e-01 3.993810498187685631e+00 4.303076874085471459e+00 -7.375755553219043303e-02 -4.128556852562679680e+00
-8.292075764913878766e-01 3.132517274034670063e+00 4.460811102184371713e+00 1.250827718060083749e+00 -3.085462206413225772e+00
-1.779025037877025150e+00 2.201505956722668245e+00 4.297943413440601823e+00 2.343120696717590601e+00 -1.850203468050612088e+00
-2.595237384079040588e+00 1.246140182020114562e+00 3.879852776760370325e+00 3.152445530865390477e+00 -5.504451612422779361e-01
-3.234816085574887090e+00 3.035689573160349486e-01 3.276125483846483277e+00 3.655613724899214656e+00 6.977559324794562201e-01
-3.660681979943930742e+00 -5.887690955153509487e-01 2.549821118387181951e+00 3.857652577290984652e+00 1.793483385605253666e+00
-3.845572515681092263e+00 -1.395012036221826346e+00 1.756761407227903860e+00 3.785684340655105729e+00 2.656879104592571039e+00
-3.773018015130541247e+00 -2.083510703345498705e+00 9.458695530213209191e-01 3.481101904012188886e+00 3.237030299606480366e+00
-3.442981517924194712e+00 -2.624878030466413659e+00 1.570240612087563381e-01 2.994104860031204129e+00 3.515296228314777505e+00
-2.879493738842711092e+00 -2.990140356195388094e+00 -5.789120197892421160e-01 2.377936023437785984e+00 3.504448735913557211e+00
-2.132791736556229889e+00 -3.153962375282174602e+00 -1.236160980231574502e+00 1.682896676417121151e+00 3.243921232657648979e+00
-1.273385035018293365e+00 -3.101857212788187379e+00 -1.789847222759054279e+00 9.532953668204027231e-01 2.790314864688890228e+00
-3.809169623471524435e-01 -2.836997771885898523e+00 -2.214906543613849088e+00 2.278709611839526694e-01 2.205708745989094943e+00
4.679447999612176834e-01 -2.383285937237749064e+00 -2.488250625235103985e+00 -4.586207535222824316e-01 1.548335026456316044e+00
1.209043063496379578e+00 -1.783534948037959644e+00 -2.592738721791354894e+00 -1.074475609163678236e+00 8.677957128032842693e-01
1.795922436510351661e+00 -1.093543530852958856e+00 -2.521497092746011859e+00 -1.591025988687632786e+00 2.039832792262641359e-01
2.201244867745172584e+00 -3.743116014082168430e-01 -2.281226947497360324e+00 -1.983364063665451926e+00 -4.119464836425435483e-01
2.415996786456807044e+00 3.152681319347954148e-01 -1.893349656738000375e+00 -2.231823317633677028e+00 -9.557068982646884647e-01
2.447335540572065593e+00 9.241875927858851369e-01 -1.392579865443501541e+00 -2.324120234809563534e+00 -1.407911611806011987e+00
2.315204744698578398e+00 1.413515498873915144e+00 -8.233028056728693977e-01 -2.257686269227153986e+00 -1.752674587601745326e+00
2.048091990760232406e+00 1.758888434508924181e+00 -2.344592341451705864e-01 -2.041484165657712069e+00 -1.977227588668720282e+00
1.678782490205367184e+00 1.950966207000816466e+00 3.262007375733093628e-01 -1.696547478139237786e+00 -2.072682377684684329e+00
1.240917365919082860e+00 1.993881352140266738e+00 8.174107828642471762e-01 -1.254631432105782096e+00 -2.035727924994374050e+00
7.667190305004489836e-01 1.902299063431285520e+00 1.208201239475021227e+00 -7.548936945375501750e-01 -1.870674768384635422e+00
2.858136663679913259e-01 1.697955054333333935e+00 1.479727420587512166e+00 -2.392939448421224080e-01 -1.590952481087827275e+00
-1.751811790417061865e-01 1.406411587034090971e+00 1.625230550460551093e+00 2.521377817588159598e-01 -1.219224527209905373e+00
-5.927363157628160462e-01 1.054485249458329221e+00 1.648598283912283025e+00 6.851736092063553940e-01 -7.857934973546272239e-01
-9.465390362909903432e-01 6.684954703023079370e-01 1.562077841969638614e+00 1.033922365945153965e+00 -3.256101639115628332e-01
-1.219889958930790996e+00 2.732326878195310282e-01 1.383669515089609670e+00 1.281988017507958322e+00 1.254200241721703524e-01
-1.400407306185396106e+00 -1.085914538928550721e-01 1.134643141277500877e+00 1.422441807265846681e+00 5.341120968846921890e-01
-1.480932882533594119e+00 -4.566692019750791531e-01 8.374745627030284467e-01 1.456892123250624893e+00 8.731025954136442113e-01
-1.460425309569714392e+00 -7.534098850812617210e-01 5.143296097217213703e-01 1.393971867650702912e+00 1.123019825106832847e+00
-1.344550419213703663e+00 -9.843855991976218078e-01 1.860775579444715611e-01 1.247556181832900624e+00 1.273546370198460842e+00
-1.145672664581533384e+00 -1.138961251865228341e+00 -1.282866368869869378e-01 1.034976786430691575e+00 1.323360482871371424e+00
-8.820542855514694747e-01 -1.211041859451512215e+00 -4.119880466125023788e-01 7.754232906955983440e-01 1.279097869136633037e+00
-5.762654669013598241e-01 -1.199754928503644846e+00 -6.507648951268912851e-01 4.886306709138485971e-01 1.153611506791463404e+00
-2.530230436227797197e-01 -1.109825511676855614e+00 -8.332364391396634984e-01 1.938639717964538989e-01 9.638927251919293671e-01
6.318160298939745623e-02 -9.514314280974170979e-01 -9.513815906496490005e-01 -9.085428700558328963e-02 7.290188379414863640e-01
3.502817511406417506e-01 -7.394408043943924147e-01 -1.001064032796180614e+00 -3.493595546505849914e-01 4.684075805835850037e-01
5.903623189016531381e-01 -4.920879418234996305e-01 -9.824640719421146029e-01 -5.678849578577925827e-01 2.005208666435598364e-01
7.707526960690136431e-01 -2.292753243124178164e-01 -9.002519738027153773e-01 -7.355747160526450168e-01 -5.797848278934403937e-02
8.844565425791769409e-01 2.924364303971005441e-02 -7.633701429715609166e-01 -8.449722839862685575e-01 -2.927121754941115483e-01
9.299887204801549068e-01 2.655504363272029877e-01 -5.843693336797803894e-01 -8.924341925016158195e-01 -4.918512188712275135e-01
9.107503087331864089e-01 4.649174411298358511e-01 -3.783403489055849889e-01 -8.783839610251433783e-01 -6.462874090401760085e-01
8.341020877783008602e-01 6.167103721476356881e-01 -1.615685214330509212e-01 -8.073102730204521071e-01 -7.497941831240925170e-01
7.102988653455982737e-01 7.147925880648209329e-01 4.990761796236942160e-02 -6.874363994428631663e-01 -7.991990865467258898e-01
5.514239642358265137e-01 7.574608816015200308e-01 2.416398701837911833e-01 -5.300407394438921838e-01 -7.945318269562894331e-01
3.704213078203297815e-01 7.470015904714066846e-01 4.018511036299234895e-01 -3.484773673081962841e-01 -7.390714236704541973e-01
1.802733284869848518e-01 6.889908728380716996e-01 5.221465886701381898e-01 -1.570088514602938634e-01 -6.392053776211488181e-01
-6.670386328077704263e-03 5.914691098814126580e-01 5.978199355221975875e-01 3.039962193156187098e-02 -5.040373029918010506e-01
-1.792363707752980817e-01 4.641000187575470837e-01 6.277826102295669397e-01 2.011756279160459293e-01 -3.447295984370957189e-01
-3.278734399241238773e-01 3.173902893803548508e-01 6.141927225835441817e-01 3.450070528894861877e-01 -1.736271164036467252e-01
-4.450243946297996467e-01 1.620077250827800519e-01 5.618820311565559944e-01 4.544139607674497761e-01 -3.256823606383685288e-03
-5.254277514608584054e-01 8.205030873797758417e-03 4.776811981217907732e-01 5.250082684519807863e-01 1.546761323385910103e-01
-5.663339423086862778e-01 -1.346620292411702113e-01 3.697277731752502405e-01 5.554668951707302238e-01 2.901768824475206010e-01
-5.676058289591549011e-01 -2.585385768349839353e-01 2.468165859788382932e-01 5.472720397183592489e-01 3.956379481214667426e-01
-5.316695134578022230e-01 -3.570075538774548640e-01 1.178255477963545683e-01 5.042855460982884619e-01 4.662456943474857507e-01
-4.632906067658962845e-01 -4.255585222217886932e-01 -8.772743896569235034e-03 4.322249829412654343e-01 5.000982565627623000e-01
-3.691719905589676554e-01 -4.617740511963531191e-01 -1.253179144689917646e-01 3.381004564436351778e-01 4.980561037594724572e-01
-2.573965310871951795e-01 -4.654104184957300605e-01 -2.252970230357905779e-01 2.296572464143560310e-01 4.633772110659837296e-01
-1.367646606827928046e-01 -4.383485998339740064e-01 -3.036151314681911906e-01 1.148540833229996366e-01 4.012072439767397913e-01
-1.609485949925093876e-02 -3.844005533457844348e-01 -3.568003739718784706e-01 1.393654130307675487e-03 3.179994976026678799e-01
9.643972930996613790e-02 -3.089728579574700928e-01 -3.831337590698843387e-01 -1.036870397762960083e-01 2.209309182162246810e-01
1.938734429357340527e-01 -2.186103160215981112e-01 -3.826881905512246052e-01 -1.943627967217836927e-01 1.173634432635515396e-01
2.708620755977564354e-01 -1.204605756863704746e-01 -3.572615146209208725e-01 -2.658987637856708997e-01 1.437967251518412759e-02
3.239248480191828095e-01 -2.171251532222429059e-02 -3.101955697257241518e-01 -3.150545502350677873e-01 -8.159621636539260425e-02
3.515134193818638675e-01 7.093626578638145830e-02 -2.460857577220698644e-01 -3.402041269950573099e-01 -1.650938308736938920e-01
3.539258907057036829e-01 1.517337517224224275e-01 -1.704004374827434998e-01 -3.413610345636010068e-01 -2.318153053043628120e-01
3.330965460522115063e-01 2.162134596179707824e-01 -8.904274234306797098e-02 -3.201014511227125992e-01 -2.787841881916700570e-01
2.922981931275188128e-01 2.614004575994421931e-01 -7.896035951470148362e-03 -2.793847348534768127e-01 -3.044273715339161912e-01
2.357940381423682119e-01 2.858808716308769426e-01 6.760372813214932108e-02 -2.232810993917840880e-01 -3.085884534805524160e-01
1.684715869370245755e-01 2.897469831914070149e-01 1.328301882369012088e-01 -1.566269686605359368e-01 -2.924683876164818619e-01
9.548412088563563993e-02 2.744404887179356933e-01 1.842348776386475429e-01 -8.463770160434858081e-02 -2.584903280668608971e-01
2.191789080734585227e-02 2.425219299804777240e-01 2.195064327412541427e-01 -1.251256788622145955e-02 -2.100905076537281646e-01
-4.750308657031732107e-02 1.973949916824695450e-01 2.376190938745090797e-01 5.493306337132430883e-02 -1.514447158412907113e-01
-1.086669886213768033e-01 1.430114479638253666e-01 2.387805708230992252e-01 1.135782179822582005e-01 -8.714846885440385993e-02
-1.582734417445599284e-01 8.357762268159096841e-02 2.242975956436805973e-01 1.602278981918561218e-01 -2.187603193446951977e-02
-1.939773442444311657e-01 2.327788834735766699e-02 1.963817499321716120e-01 1.927544313593800851e-01 3.995274208480181777e-02
-2.144728170625725960e-01 -3.397384732154995479e-02 1.579187573021423319e-01 2.101474101256712856e-01 9.446915331469152299e-02
-2.195136755677848939e-01 -8.474693636059227320e-02 1.122222780279929083e-01 2.124796020441293010e-01 1.385917709693482713e-01
-2.098689273822347268e-01 -1.262651879959276746e-01 6.278953662190644991e-02 2.008022941639260317e-01 1.701852222889177479e-01
-1.872153966388238333e-01 -1.565315338559942759e-01 1.307198767972717057e-02 1.769869406175916815e-01 1.881341076631999343e-01
-1.539743156408660552e-01 -1.744019585041621800e-01 -3.372944544824474367e-02 1.435309563491928841e-01 1.923337429664846443e-01
-1.131038141508251549e-01 -1.796056991591714613e-01 -7.483777532722157844e-02 1.033446286815755677e-01 1.836073875641373032e-01
-6.786365239982705688e-02 -1.727108589352560619e-01 -1.080370024016814590e-01 5.953411298217825554e-02 1.635653055184631555e-01
-2.157133793743770678e-02 -1.550377395692793536e-01 -1.317689402833482903e-01 1.519301367163716776e-02 1.344239812509868681e-01
2.263067114615968656e-02 -1.285260671142557376e-01 -1.451868803633490634e-01 -2.678736371777656888e-02 9.880416656100443618e-02
6.197876750135256768e-02 -9.556623581487178054e-02 -1.481644046046136642e-01 -6.388109438218092517e-02 5.952471345041998596e-02
9.424888359227923118e-02 -5.880798953798738182e-02 -1.412595194310352076e-01 -9.405778471568515542e-02 1.940614167968490733e-02
1.178650451770433261e-01 -2.096194750983870758e-02 -1.256368221948243047e-01 -1.158750422645918876e-01 -1.890556806976151361e-02
1.319523081307645285e-01 1.539032999979972338e-02 -1.029533826380484296e-01 -1.285300658839834131e-01 -5.308770881787905349e-02
1.363357991677272008e-01 4.796349921791098758e-02 -7.521698318420810825e-02 -1.318689620827754316e-01 -8.125750052261215828e-02
1.314918355514596016e-01 7.490151452863225146e-02 -4.462777537880024958e-02 -1.263545747549045251e-01 -1.020540026703949943e-01
1.184600632974084355e-01 9.486925069939333710e-02 -1.341580543414244708e-02 -1.129961233880418803e-01 -1.146840433687993377e-01
9.872715659316755321e-02 1.070995688973588322e-01 1.631304871409899881e-02 -9.324655861634102705e-02 -1.189320967340880136e-01
7.409300647920780136e-02 1.113968028030691837e-01 4.271144525560145039e-02 -6.887592393120113565e-02 -1.151352617212602070e-01
4.652978314543454452e-02 1.081010398571871090e-01 6.429636672321081825e-02 -4.183078499052572674e-02 -1.041259448064433268e-01
1.804311351529475083e-02 9.802001902860446592e-02 8.002061305665653101e-02 -1.409065929860320310e-02 -8.714654644907426917e-02
-9.456801710600259980e-03 8.233687445212756195e-02 8.930772106940577937e-02 1.246782725455686247e-02 -6.574224120661721626e-02
-3.426779335314655839e-02 6.250242876003042625e-02 9.205129624550933976e-02 3.618956632685588204e-02 -4.163954736364672282e-02
-5.498714064690890524e-02 4.012045973733635584e-02 8.858247322883805452e-02 5.573497004568017665e-02 -1.661951253405469231e-02
-7.057825628065939050e-02 1.683359509455684133e-02 7.961118219030427490e-02 7.014455733336345811e-02 7.605271679804292972e-03
-8.041043897588051603e-02 -5.783548367416901925e-03 6.614803997489526743e-02 7.887212048474401271e-02 2.950109452799409837e-02
-8.427088405596261378e-02 -2.631850858148632177e-02 4.941406791158953205e-02 8.178710370445108069e-02 4.780358997022116085e-02
-8.234962076237561934e-02 -4.359808696282164303e-02 3.074522199341389594e-02 7.914904538591205352e-02 6.158285804134067121e-02
-7.519958231564638496e-02 -5.674525613930393036e-02 1.149809045955718645e-02 7.155859983450985062e-02 7.028029698513837964e-02
-6.367552358864625450e-02 -6.521386971801923504e-02 -7.037756822250162969e-03 5.989070936852458615e-02 7.371673888800800434e-02
-4.885683797887319102e-02 -6.880039841322782568e-02 -2.371625863021764591e-02 4.521598472756971354e-02 7.207382037515853990e-02
-3.196033087578575849e-02 -6.763319726708494350e-02 -3.759669038157509302e-02 2.871635991382714970e-02 6.585242310488514939e-02
-1.424954134243527903e-02 -6.214111489619222883e-02 -4.798833781983758567e-02 1.160073168258834997e-02 5.581333823797951510e-02
3.052819532670669744e-03 -5.300451016008167482e-02 -5.447654592406403484e-02 -4.974313095981619526e-03 4.290600309449565941e-02
1.884332890505269545e-02 -4.109282900641975100e-02 -5.692971574443961291e-02 -1.997435380550915962e-02 2.819127242498553620e-02
3.220230290821080033e-02 -2.739369757752951884e-02 -5.548788966124407196e-02 -3.254412506816184436e-02 1.276383409833514726e-02
4.244076040023014862e-02 -1.293890372507022768e-02 -5.053462827838429289e-02 -4.204914293509953715e-02 -2.320801486756840504e-03
4.912802883068457388e-02 1.267390783935340437e-03 -4.265485757278264511e-02 -4.810044674362368156e-02 -1.611069041925439205e-02
5.209972357013104016e-02 1.431333271872636814e-02 -3.258223324506470675e-02 -5.056203620764798679e-02 -2.781009391473010517e-02
5.144731595126295076e-02 2.543293203520891055e-02 -2.114013551245297329e-02 -4.954156634615713983e-02 -3.681825359296675426e-02
4.749166043606245502e-02 3.404560223334418545e-02 -9.180696785379471869e-03 -4.536588434726418484e-02 -4.275308411664768826e-02
4.074375281063935539e-02 3.978006739825845628e-02 2.473802525516211048e-03 -3.854389219886233953e-02 -4.545951142688875457e-02
3.185641012215700840e-02 4.248234204223755306e-02 1.308325977568292053e-02 -2.971997865316600151e-02 -4.500291639993114767e-02
2.157082435253299124e-02 4.220861718611779168e-02 2.203260088988812440e-02 -1.962171727653616582e-02 -4.164906136041179874e-02
1.066184552524029883e-02 3.920487211355205837e-02 2.886290835632121521e-02 -9.005737342211550533e-03 -3.583258210099748986e-02
-1.145029723306212333e-04 3.387577687371789992e-02 3.328959816212995193e-02 1.394386982690676291e-03 -2.811665376031524666e-02
-1.006817701229512085e-02 2.674585847550559406e-02 3.520749434750803514e-02 1.091485038560446874e-02 -1.914702968596049271e-02
-1.861447336648136552e-02 1.841613102630246246e-02 3.468357838693325590e-02 1.900011313240202240e-02 -9.603758259932426711e-03
-2.530377275815443028e-02 9.519340449472890597e-03 3.193898074160927969e-02 2.523118239586130684e-02 -1.539401280555852125e-04
-2.984051747681959466e-02 6.767417556186039462e-04 2.732236861408865458e-02 2.934258381283361139e-02 8.591329988320239863e-03
-3.209098176293345706e-02 -7.541031144106202788e-03 2.127723602616060986e-02 3.122781690369125229e-02 1.611317180475690947e-02
-3.208009440616266250e-02 -1.464689568601929004e-02 1.430573873962970310e-02 3.093390041781085564e-02 2.201227901231339601e-02
-2.997823477631234024e-02 -2.026247005404302470e-02 6.931672217657558477e-03 2.864629746437042171e-02 2.602620668137478957e-02
-2.607950591767660767e-02 -2.413443577196761058e-02 -3.350012097539378786e-04 2.466602888652680292e-02 2.803617770535793766e-02
-2.077345559174970102e-02 -2.614170185498010737e-02 -7.029979492587656864e-03 1.938112373576306169e-02 2.806377984763020264e-02
-1.451253855250156377e-02 -2.629354385410043182e-02 -1.276110273574093852e-02 1.323472008816395373e-02 2.625860776233924013e-02
-7.777767934812662709e-03 -2.471943959883904710e-02 -1.722824405550249516e-02 6.692130381963146135e-03 2.287844246452653066e-02
-1.044979156171521595e-03 -2.165180977992597899e-02 -2.023584478746431881e-02 2.090473503222334273e-04 1.826391929817617124e-02
5.246072235570276021e-03 -1.740325045893232128e-02 -2.169784437497956908e-02 -5.797199940501762683e-03 1.280986560397257001e-02
1.071788738531309626e-02 -1.234014396215254994e-02 -2.163518010377118994e-02 -1.097174927887800862e-02 6.935379972249799962e-03
1.507530378241517255e-02 -6.854640595876815290e-03 -2.016655084743423920e-02 -1.504048278523606626e-02 1.054769952848477743e-03
1.811856536586375910e-02 -1.336984766375559630e-03 -1.749349219099083710e-02 -1.782177361214309919e-02 -4.448893129112452272e-03
1.974907053551855710e-02 3.849979360660338301e-03 -1.388110706154755021e-02 -1.923140002646661628e-02 -9.246147952196359654e-03
1.996801367494516199e-02 8.392564661136026061e-03 -9.636013023414768952e-03 -1.928079324421416718e-02 -1.307835812563140805e-02
1.886858850040540325e-02 1.204308740615100959e-02 -5.083160161674649125e-03 -1.806920036785975014e-02 -1.576907883588429815e-02
1.662279167675451141e-02 1.463105974785339214e-02 -5.431442222976201606e-04 -1.577069325960955837e-02 -1.722929845887410938e-02
1.346413254059397602e-02 1.606842703805133610e-02 3.688506268192615067e-03 -1.261723201904962899e-02 -1.745667378005655648e-02
9.667707474765752096e-03 1.634897691865933381e-02 7.358830976554431302e-03 -8.879175321097276807e-03 -1.652923748365786594e-02
5.529139248597436662e-03 1.554243012824918502e-02 1.027079821503673607e-02 -4.844706352240546465e-03 -1.459436885593790208e-02
1.343824853421660137e-03 1.378403433788255583e-02 1.229194966700308811e-02 -7.996151453794064778e-04 -1.185406652645815129e-02
-2.612204640447535198e-03 1.126070690170388744e-02 1.335812253562407292e-02 2.991246149584014802e-03 -8.547732332588766149e-03
-6.098715165315571340e-03 8.194905813122321803e-03 1.347239395010269014e-02 6.299726948351569433e-03 -4.933761015027182673e-03
-8.924149638451783773e-03 4.827453052642427522e-03 1.269970149989818609e-02 8.946525039377872801e-03 -1.271227787628892436e-03
-1.095439995373692632e-02 1.400498137162031753e-03 1.115784260688190699e-02 1.080919047493500429e-02 2.197123991407590182e-03
-1.211721181719605141e-02 -1.858296910258516732e-03 9.005733564099838162e-03 1.182578108321474808e-02 5.259560746217584182e-03
-1.240225685061535632e-02 -4.749433137068659327e-03 6.429912137230209268e-03 1.199427148969500756e-02 7.746897572473265825e-03
-1.185717948009690388e-02 -7.112398050241219849e-03 3.630297298818252472e-03 1.136809116622883309e-02 9.540364093587827554e-03
-1.058016331362321427e-02 -8.833156773603967338e-03 8.061824076230905689e-04 1.004839102791121874e-02 1.057555218156980281e-02
-8.709749960138735148e-03 -9.848076049897014350e-03 -1.856656545942358960e-03 8.173802201849156290e-03 1.084248472861126800e-02
-6.412772835676205929e-03 -1.014428893247099062e-02 -4.196996824766152656e-03 5.908550170996340611e-03 1.038210343188650242e-02
-3.871333551757838443e-03 -9.756734496543796945e-03 -6.086782700337134422e-03 3.429822778930891047e-03 9.279689881297903398e-03
-1.269747513013341766e-03 -8.762304502579976173e-03 -7.436946277444400621e-03 9.152657766982041920e-04 7.655896387335880959e-03
1.217678234312069563e-03 -7.271686843935643019e-03 -8.200268333609650462e-03 -1.468597967201112908e-03 5.656164803040208966e-03
3.437289965216638876e-03 -5.419605493966139775e-03 -8.371312022038002176e-03 -3.576350272358697069e-03 3.439352256866090585e-03
5.264570806606139186e-03 -3.354213545507245264e-03 -7.983646938708122143e-03 -5.291538357902303424e-03 1.166365965199256394e-03
6.610067372759376170e-03 -1.226398671655304362e-03 -7.104740172662937781e-03 -6.532066446707340823e-03 -1.010457674686882079e-03
7.422565266968383924e-03 8.202882488104190628e-04 -5.829015973741302759e-03 -7.252953451725718814e-03 -2.956602257343621254e-03
7.689517546376700707e-03 2.658464007363692261e-03 -4.269670297633032519e-03 -7.446472673319326496e-03 -4.562759211886757704e-03
7.434911972685309678e-03 4.184014800809210399e-03 -2.549867217231382988e-03 -7.139856861732685189e-03 -5.750021579375541592e-03
6.714916863593156648e-03 5.321132513875337366e-03 -7.939406108150581787e-04 -6.390896499748888182e-03 -6.472715915315507829e-03
5.611763687318305216e-03 6.025112610677396674e-03 8.808205879162755991e-04 -5.281872897027639624e-03 -6.718867200136813267e-03
4.226402663884520905e-03 6.282902733708128906e-03 2.371306300167796977e-03 -3.912345059954525084e-03 -6.508442758891397339e-03
2.670504235078308142e-03 6.111540652869118517e-03 3.594249959478545975e-03 -2.391347316430536551e-03 -5.889652597369954279e-03
1.058375870837346966e-03 5.554748085631500132e-03 4.490162615150561365e-03 -8.295531458061278229e-04 -4.933688571213901142e-03
-5.006758254736398683e-04 4.678046418250536576e-03 5.025410225569792999e-03 6.680778236423101646e-04 -3.728358498157113843e-03
-1.909077699370764769e-03 3.562827475271923561e-03 5.192440781765172986e-03 2.008723035589632389e-03 -2.371110822596445011e-03
-3.086450785577121714e-03 2.299845807630873651e-03 5.008289600183735146e-03 3.116838958607814902e-03 -9.619501088953263945e-04
-3.973542079934055948e-03 9.825994535408444364e-04 4.511594254153816763e-03 3.937781792227701416e-03 4.032848660475707447e-04
-4.534487642755546943e-03 -2.989633152178372555e-04 3.758429856274947412e-03 4.439785891545700025e-03 1.638866485682344276e-03
-4.757385014723003458e-03 -1.464028676709028254e-03 2.817327643053646469e-03 4.614296512120974469e-03 2.674014643297084604e-03
-4.653263580097544150e-03 -2.445485676544234543e-03 1.763864078294874460e-03 4.474761914798452977e-03 3.456389518673885775e-03
-4.253638689864169820e-03 -3.193259327154973626e-03 6.752049377232172134e-04 4.054082590709384704e-03 3.954112767935891171e-03
-3.606913783015475161e-03 -3.676285219852526431e-03 -3.750383605217733063e-04 3.400987554492029830e-03 4.156296249352875449e-03
-2.773950588766282976e-03 -3.883099160997272037e-03 -1.321330737826031942e-03 2.575656346950783160e-03 4.072157702747380981e-03
-1.823157888941384641e-03 -3.821107052202732390e-03 -2.109867861238234887e-03 1.644930085948903553e-03 3.728888901525229116e-03
-8.254595681043142008e-04 -3.514678827448380893e-03 -2.701192878490132898e-03 6.774508154363534373e-04 3.168517640206314212e-03
1.505271830108956266e-04 -3.002282344724438445e-03 -3.071681602593745453e-03 -2.609427799462604725e-04 2.444033936591871736e-03
1.042796623900610342e-03 -2.332911150561778335e-03 -3.213886610901828256e-03 -1.111290479976823065e-03 1.615102498105258633e-03
1.799500750044202846e-03 -1.562093029063404970e-03 -3.135803043901597142e-03 -1.824830487307083082e-03 7.436687925777007990e-04
2.381563042373802119e-03 -7.477727702613901073e-04 -2.859183233885898012e-03 -2.365404634469991940e-03 -1.102491161739660441e-04
2.764259690542170134e-03 5.365195660167465519e-05 -2.417080814336336481e-03 -2.710861709793399577e-03 -8.923232868598418577e-04
2.937743409470394695e-03 7.908941662035928744e-04 -1.850842368398941673e-03 -2.853443059058990983e-03 -1.557022300372801205e-03
2.906556147324934614e-03 1.420737775153613214e-03 -1.206784388482318171e-03 -2.799201662789574385e-03 -2.069909647143486353e-03
2.688239890885624206e-03 1.910246285093508689e-03 -5.327960095173889243e-04 -2.566564971567597553e-03 -2.409046391496971751e-03
2.311205510632463600e-03 2.238132288278738002e-03 1.249049337519458902e-04 -2.184199227238226015e-03 -2.565474946639056952e-03
1.812055581513982716e-03 2.395262127039332611e-03 7.246617490970219677e-04 -1.688366724468037816e-03 -2.542821861223010238e-03
1.232577385089417277e-03 2.384328882756303614e-03 1.231752080029346885e-03 -1.119986470749401164e-03 -2.356111517011538758e-03
6.166269765754961441e-04 2.218778760502582159e-03 1.620128215349625478e-03 -5.216126075363591852e-04 -2.029926838577278403e-03
7.114971193766805868e-06 1.921118228663365457e-03 1.873458637680958105e-03 6.546525631656585631e-05 -1.596085029862082116e-03
-5.567162204263009784e-04 1.520758787827869440e-03 1.985456700465793034e-03 6.038214382693141147e-04 -1.091018730450477037e-03
-1.041572150004999031e-03 1.051577073605924895e-03 1.959527828872431598e-03 1.062041943604041805e-03 -5.530495057941564596e-04
-1.421825323417391651e-03 5.493688477469227394e-04 1.807811771295853021e-03 1.416318192633436723e-03 -1.974582852848350001e-05
-1.680604875320179659e-03 4.937095289125892350e-05 1.549728427941099440e-03 1.651423827778719655e-03 4.744702486345619974e-04
-1.810233787917669979e-03 -4.159921594202309336e-04 1.210159548558964460e-03 1.761057031461454869e-03 9.003308657626885037e-04
-1.812034439264476049e-03 -8.190078401348888093e-04 8.174126308642115646e-04 1.747574477267255233e-03 1.235242109154377488e-03
-1.695562547088580452e-03 -1.138124163503451136e-03 4.011164435824277064e-04 1.621180808420330521e-03 1.464252895814421862e-03
-1.477362174078122870e-03 -1.358888302331107134e-03 -9.809606020261263382e-06 1.398668071012076908e-03 1.580451287583661824e-03
-1.179358866501889480e-03 -1.474351753449232305e-03 -3.889858973967763589e-04 1.101821631966481974e-03 1.584805861037041907e-03
-8.270229959951302945e-04 -1.484956055613606551e-03 -7.140990608390795913e-04 7.556218277620097012e-04 1.485504814913385374e-03
-4.474405223026112211e-04 -1.397945471784400873e-03 -9.680481987305311620e-04 3.863739143110667129e-04 1.296874317040508373e-03
-6.742412261706576260e-05 -1.226380509330216029e-03 -1.139664970136733402e-03 1.989345873809611476e-05 1.037978775881409632e-03
2.882150145295803156e-04 -9.878466509081196278e-04 -1.223992809363472212e-03 -3.201389031413093278e-04 7.310185548847769610e-04
5.981340069616258859e-04 -7.029654623549319581e-04 -1.222140342710176242e-03 -6.135590630054199579e-04 3.996450070822277212e-04
8.455876914488236196e-04 -3.938201076364444830e-04 -1.140750626511088939e-03 -8.447674120254378138e-04 6.730893204420773657e-05
1.019172380314126158e-03 -8.240448168217451297e-05 -9.911496451068257940e-04 -1.003400102409957029e-03 -2.442524917966037989e-04
1.113164811445965796e-03 2.108045093058841246e-04 -7.882539514756370380e-04 -1.084608777188411644e-03 -5.163023081768969291e-04
1.127465067173316626e-03 4.680675966841629787e-04 -5.493264283155108174e-04 -1.088959379451526210e-03 -7.340978672223386070e-04
1.067176483675380538e-03 6.753329516853145975e-04 -2.926729625598589735e-04 -1.021985690349613840e-03 -8.875487631744283235e-04
9.418784377468458757e-04 8.228732256656545729e-04 -3.636972044274155991e-05 -8.934528872747149464e-04 -9.715223131565586812e-04
7.646626786614874050e-04 9.055921313949610862e-04 2.028984206785544586e-04 -7.164008597128068700e-04 -9.858030984933874308e-04
5.510137940838433224e-04 9.230057429636673305e-04 4.108207376354311435e-04 -5.060461827552931169e-04 -9.347351163653261352e-04
3.176185876776482786e-04 8.789244975042631580e-04 5.762141596259429122e-04 -2.786250976906101684e-04 -8.265938166838182610e-04
8.118736575135621081e-05 7.808793231072197472e-04 6.915156482811823935e-04 -5.025752325060750536e-05 -6.727493181546417844e-04
-1.426369733910082260e-04 6.393487205784698091e-04 7.530011384799806251e-04 1.640953552008994620e-04 -4.866910879052221972e-04
-3.402176576922100182e-04 4.668523278337222138e-04 7.607374786813281275e-04 3.515190037628457276e-04 -2.829881313639592832e-04
