0.000000000000000000e+00 0.000000000000000000e+00 0.000000000000000000e+00 0.000000000000000000e+00 0.000000000000000000e+00
0.000000000000000000e+00 0.000000000000000000e+00 0.000000000000000000e+00 0.000000000000000000e+00 0.000000000000000000e+00
0.000000000000000000e+00 0.000000000000000000e+00 0.000000000000000000e+00 0.000000000000000000e+00 0.000000000000000000e+00
0.000000000000000000e+00 0.000000000000000000e+00 0.000000000000000000e+00 0.000000000000000000e+00 0.000000000000000000e+00
0.000000000000000000e+00 0.000000000000000000e+00 0.000000000000000000e+00 0.000000000000000000e+00 0.000000000000000000e+00
0.000000000000000000e+00 0.000000000000000000e+00 0.000000000000000000e+00 0.000000000000000000e+00 0.000000000000000000e+00
0.000000000000000000e+00 0.000000000000000000e+00 0.000000000000000000e+00 0.000000000000000000e+00 0.000000000000000000e+00
0.000000000000000000e+00 0.000000000000000000e+00 0.000000000000000000e+00 0.000000000000000000e+00 0.000000000000000000e+00
0.000000000000000000e+00 0.000000000000000000e+00 0.000000000000000000e+00 0.000000000000000000e+00 0.000000000000000000e+00
0.000000000000000000e+00 0.000000000000000000e+00 0.000000000000000000e+00 0.000000000000000000e+00 0.000000000000000000e+00
0.000000000000000000e+00 0.000000000000000000e+00 0.000000000000000000e+00 0.000000000000000000e+00 0.000000000000000000e+00
0.000000000000000000e+00 0.000000000000000000e+00 0.000000000000000000e+00 0.000000000000000000e+00 0.000000000000000000e+00
0.000000000000000000e+00 0.000000000000000000e+00 0.000000000000000000e+00 0.000000000000000000e+00 0.000000000000000000e+00
0.000000000000000000e+00 0.000000000000000000e+00 0.000000000000000000e+00 0.000000000000000000e+00 0.000000000000000000e+00
0.000000000000000000e+00 0.000000000000000000e+00 0.000000000000000000e+00 0.000000000000000000e+00 0.000000000000000000e+00
0.000000000000000000e+00 0.000000000000000000e+00 0.000000000000000000e+00 0.000000000000000000e+00 0.000000000000000000e+00
0.000000000000000000e+00 0.000000000000000000e+00 0.000000000000000000e+00 0.000000000000000000e+00 0.000000000000000000e+00
0.000000000000000000e+00 0.000000000000000000e+00 0.000000000000000000e+00 0.000000000000000000e+00 0.000000000000000000e+00
0.000000000000000000e+00 0.000000000000000000e+00 0.000000000000000000e+00 0.000000000000000000e+00 0.000000000000000000e+00
0.000000000000000000e+00 0.000000000000000000e+00 0.000000000000000000e+00 0.000000000000000000e+00 0.000000000000000000e+00
0.000000000000000000e+00 0.000000000000000000e+00 0.000000000000000000e+00 0.000000000000000000e+00 0.000000000000000000e+00
0.000000000000000000e+00 0.000000000000000000e+00 0.000000000000000000e+00 0.000000000000000000e+00 0.000000000000000000e+00
0.000000000000000000e+00 0.000000000000000000e+00 0.000000000000000000e+00 0.000000000000000000e+00 0.000000000000000000e+00
0.000000000000000000e+00 0.000000000000000000e+00 0.000000000000000000e+00 0.000000000000000000e+00 0.000000000000000000e+00
0.000000000000000000e+00 0.000000000000000000e+00 0.000000000000000000e+00 0.000000000000000000e+00 0.000000000000000000e+00
0.000000000000000000e+00 0.000000000000000000e+00 0.000000000000000000e+00 0.000000000000000000e+00 0.000000000000000000e+00
0.000000000000000000e+00 0.000000000000000000e+00 0.000000000000000000e+00 0.000000000000000000e+00 0.000000000000000000e+00
0.000000000000000000e+00 0.000000000000000000e+00 0.000000000000000000e+00 0.000000000000000000e+00 0.000000000000000000e+00
0.000000000000000000e+00 0.000000000000000000e+00 0.000000000000000000e+00 0.000000000000000000e+00 0.000000000000000000e+00
0.000000000000000000e+00 0.000000000000000000e+00 0.000000000000000000e+00 0.000000000000000000e+00 0.000000000000000000e+00
0.000000000000000000e+00 0.000000000000000000e+00 0.000000000000000000e+00 0.000000000000000000e+00 0.000000000000000000e+00
0.000000000000000000e+00 0.000000000000000000e+00 0.000000000000000000e+00 0.000000000000000000e+00 0.000000000000000000e+00
0.000000000000000000e+00 0.000000000000000000e+00 0.000000000000000000e+00 0.000000000000000000e+00 0.000000000000000000e+00
0.000000000000000000e+00 0.000000000000000000e+00 0.000000000000000000e+00 0.000000000000000000e+00 0.000000000000000000e+00
0.000000000000000000e+00 0.000000000000000000e+00 0.000000000000000000e+00 0.000000000000000000e+00 0.000000000000000000e+00
0.000000000000000000e+00 0.000000000000000000e+00 0.000000000000000000e+00 0.000000000000000000e+00 0.000000000000000000e+00
0.000000000000000000e+00 0.000000000000000000e+00 0.000000000000000000e+00 0.000000000000000000e+00 0.000000000000000000e+00
0.000000000000000000e+00 0.000000000000000000e+00 0.000000000000000000e+00 0.000000000000000000e+00 0.000000000000000000e+00
0.000000000000000000e+00 0.000000000000000000e+00 0.000000000000000000e+00 0.000000000000000000e+00 0.000000000000000000e+00
0.000000000000000000e+00 0.000000000000000000e+00 0.000000000000000000e+00 0.000000000000000000e+00 0.000000000000000000e+00
0.000000000000000000e+00 0.000000000000000000e+00 0.000000000000000000e+00 0.000000000000000000e+00 0.000000000000000000e+00
0.000000000000000000e+00 0.000000000000000000e+00 0.000000000000000000e+00 0.000000000000000000e+00 0.000000000000000000e+00
0.000000000000000000e+00 0.000000000000000000e+00 0.000000000000000000e+00 0.000000000000000000e+00 0.000000000000000000e+00
0.000000000000000000e+00 0.000000000000000000e+00 0.000000000000000000e+00 0.000000000000000000e+00 0.000000000000000000e+00
0.000000000000000000e+00 0.000000000000000000e+00 0.000000000000000000e+00 0.000000000000000000e+00 0.000000000000000000e+00
0.000000000000000000e+00 0.000000000000000000e+00 0.000000000000000000e+00 0.000000000000000000e+00 0.000000000000000000e+00
0.000000000000000000e+00 0.000000000000000000e+00 0.000000000000000000e+00 0.000000000000000000e+00 0.000000000000000000e+00
0.000000000000000000e+00 0.000000000000000000e+00 0.000000000000000000e+00 0.000000000000000000e+00 0.000000000000000000e+00
0.000000000000000000e+00 0.000000000000000000e+00 0.000000000000000000e+00 0.000000000000000000e+00 0.000000000000000000e+00
0.000000000000000000e+00 0.000000000000000000e+00 0.000000000000000000e+00 0.000000000000000000e+00 0.000000000000000000e+00
0.000000000000000000e+00 0.000000000000000000e+00 0.000000000000000000e+00 0.000000000000000000e+00 0.000000000000000000e+00
0.000000000000000000e+00 0.000000000000000000e+00 0.000000000000000000e+00 0.000000000000000000e+00 0.000000000000000000e+00
0.000000000000000000e+00 0.000000000000000000e+00 0.000000000000000000e+00 0.000000000000000000e+00 0.000000000000000000e+00
0.000000000000000000e+00 0.000000000000000000e+00 0.000000000000000000e+00 0.000000000000000000e+00 0.000000000000000000e+00
0.000000000000000000e+00 0.000000000000000000e+00 0.000000000000000000e+00 0.000000000000000000e+00 0.000000000000000000e+00
0.000000000000000000e+00 0.000000000000000000e+00 0.000000000000000000e+00 0.000000000000000000e+00 0.000000000000000000e+00
0.000000000000000000e+00 0.000000000000000000e+00 0.000000000000000000e+00 0.000000000000000000e+00 0.000000000000000000e+00
0.000000000000000000e+00 0.000000000000000000e+00 0.000000000000000000e+00 0.000000000000000000e+00 0.000000000000000000e+00
0.000000000000000000e+00 0.000000000000000000e+00 0.000000000000000000e+00 0.000000000000000000e+00 0.000000000000000000e+00
0.000000000000000000e+00 0.000000000000000000e+00 0.000000000000000000e+00 0.000000000000000000e+00 0.000000000000000000e+00
0.000000000000000000e+00 0.000000000000000000e+00 0.000000000000000000e+00 0.000000000000000000e+00 0.000000000000000000e+00
0.000000000000000000e+00 0.000000000000000000e+00 0.000000000000000000e+00 0.000000000000000000e+00 0.000000000000000000e+00
0.000000000000000000e+00 0.000000000000000000e+00 0.000000000000000000e+00 0.000000000000000000e+00 0.000000000000000000e+00
0.000000000000000000e+00 0.000000000000000000e+00 0.000000000000000000e+00 0.000000000000000000e+00 0.000000000000000000e+00
0.000000000000000000e+00 0.000000000000000000e+00 0.000000000000000000e+00 0.000000000000000000e+00 0.000000000000000000e+00
0.000000000000000000e+00 0.000000000000000000e+00 0.000000000000000000e+00 0.000000000000000000e+00 0.000000000000000000e+00
0.000000000000000000e+00 0.000000000000000000e+00 0.000000000000000000e+00 0.000000000000000000e+00 0.000000000000000000e+00
0.000000000000000000e+00 0.000000000000000000e+00 0.000000000000000000e+00 0.000000000000000000e+00 0.000000000000000000e+00
0.000000000000000000e+00 0.000000000000000000e+00 0.000000000000000000e+00 0.000000000000000000e+00 0.000000000000000000e+00
0.000000000000000000e+00 0.000000000000000000e+00 0.000000000000000000e+00 0.000000000000000000e+00 0.000000000000000000e+00
0.000000000000000000e+00 0.000000000000000000e+00 0.000000000000000000e+00 0.000000000000000000e+00 0.000000000000000000e+00
0.000000000000000000e+00 0.000000000000000000e+00 0.000000000000000000e+00 0.000000000000000000e+00 0.000000000000000000e+00
0.000000000000000000e+00 0.000000000000000000e+00 0.000000000000000000e+00 0.000000000000000000e+00 0.000000000000000000e+00
0.000000000000000000e+00 0.000000000000000000e+00 0.000000000000000000e+00 0.000000000000000000e+00 0.000000000000000000e+00
0.000000000000000000e+00 0.000000000000000000e+00 0.000000000000000000e+00 0.000000000000000000e+00 0.000000000000000000e+00
0.000000000000000000e+00 0.000000000000000000e+00 0.000000000000000000e+00 0.000000000000000000e+00 0.000000000000000000e+00
0.000000000000000000e+00 0.000000000000000000e+00 0.000000000000000000e+00 0.000000000000000000e+00 0.000000000000000000e+00
0.000000000000000000e+00 0.000000000000000000e+00 0.000000000000000000e+00 0.000000000000000000e+00 0.000000000000000000e+00
0.000000000000000000e+00 0.000000000000000000e+00 0.000000000000000000e+00 0.000000000000000000e+00 0.000000000000000000e+00
0.000000000000000000e+00 0.000000000000000000e+00 0.000000000000000000e+00 0.000000000000000000e+00 0.000000000000000000e+00
0.000000000000000000e+00 0.000000000000000000e+00 0.000000000000000000e+00 0.000000000000000000e+00 0.000000000000000000e+00
0.000000000000000000e+00 0.000000000000000000e+00 0.000000000000000000e+00 0.000000000000000000e+00 0.000000000000000000e+00
0.000000000000000000e+00 0.000000000000000000e+00 0.000000000000000000e+00 0.000000000000000000e+00 0.000000000000000000e+00
0.000000000000000000e+00 0.000000000000000000e+00 0.000000000000000000e+00 0.000000000000000000e+00 0.000000000000000000e+00
0.000000000000000000e+00 0.000000000000000000e+00 0.000000000000000000e+00 0.000000000000000000e+00 0.000000000000000000e+00
0.000000000000000000e+00 0.000000000000000000e+00 0.000000000000000000e+00 0.000000000000000000e+00 0.000000000000000000e+00
0.000000000000000000e+00 0.000000000000000000e+00 0.000000000000000000e+00 0.000000000000000000e+00 0.000000000000000000e+00
0.000000000000000000e+00 0.000000000000000000e+00 0.000000000000000000e+00 0.000000000000000000e+00 0.000000000000000000e+00
0.000000000000000000e+00 0.000000000000000000e+00 0.000000000000000000e+00 0.000000000000000000e+00 0.000000000000000000e+00
0.000000000000000000e+00 0.000000000000000000e+00 0.000000000000000000e+00 0.000000000000000000e+00 0.000000000000000000e+00
0.000000000000000000e+00 0.000000000000000000e+00 0.000000000000000000e+00 0.000000000000000000e+00 0.000000000000000000e+00
0.000000000000000000e+00 0.000000000000000000e+00 0.000000000000000000e+00 0.000000000000000000e+00 0.000000000000000000e+00
0.000000000000000000e+00 0.000000000000000000e+00 0.000000000000000000e+00 0.000000000000000000e+00 0.000000000000000000e+00
0.000000000000000000e+00 0.000000000000000000e+00 0.000000000000000000e+00 0.000000000000000000e+00 0.000000000000000000e+00
0.000000000000000000e+00 0.000000000000000000e+00 0.000000000000000000e+00 0.000000000000000000e+00 0.000000000000000000e+00
0.000000000000000000e+00 0.000000000000000000e+00 0.000000000000000000e+00 0.000000000000000000e+00 0.000000000000000000e+00
0.000000000000000000e+00 0.000000000000000000e+00 0.000000000000000000e+00 0.000000000000000000e+00 0.000000000000000000e+00
0.000000000000000000e+00 0.000000000000000000e+00 0.000000000000000000e+00 0.000000000000000000e+00 0.000000000000000000e+00
0.000000000000000000e+00 0.000000000000000000e+00 0.000000000000000000e+00 0.000000000000000000e+00 0.000000000000000000e+00
0.000000000000000000e+00 0.000000000000000000e+00 0.000000000000000000e+00 0.000000000000000000e+00 0.000000000000000000e+00
0.000000000000000000e+00 0.000000000000000000e+00 0.000000000000000000e+00 0.000000000000000000e+00 0.000000000000000000e+00
0.000000000000000000e+00 0.000000000000000000e+00 0.000000000000000000e+00 0.000000000000000000e+00 0.000000000000000000e+00
0.000000000000000000e+00 0.000000000000000000e+00 0.000000000000000000e+00 0.000000000000000000e+00 0.000000000000000000e+00
0.000000000000000000e+00 0.000000000000000000e+00 0.000000000000000000e+00 0.000000000000000000e+00 0.000000000000000000e+00
0.000000000000000000e+00 0.000000000000000000e+00 0.000000000000000000e+00 0.000000000000000000e+00 0.000000000000000000e+00
0.000000000000000000e+00 0.000000000000000000e+00 0.000000000000000000e+00 0.000000000000000000e+00 0.000000000000000000e+00
0.000000000000000000e+00 0.000000000000000000e+00 0.000000000000000000e+00 0.000000000000000000e+00 0.000000000000000000e+00
0.000000000000000000e+00 0.000000000000000000e+00 0.000000000000000000e+00 0.000000000000000000e+00 0.000000000000000000e+00
0.000000000000000000e+00 0.000000000000000000e+00 0.000000000000000000e+00 0.000000000000000000e+00 0.000000000000000000e+00
0.000000000000000000e+00 0.000000000000000000e+00 0.000000000000000000e+00 0.000000000000000000e+00 0.000000000000000000e+00
0.000000000000000000e+00 0.000000000000000000e+00 0.000000000000000000e+00 0.000000000000000000e+00 0.000000000000000000e+00
0.000000000000000000e+00 0.000000000000000000e+00 0.000000000000000000e+00 0.000000000000000000e+00 0.000000000000000000e+00
0.000000000000000000e+00 0.000000000000000000e+00 0.000000000000000000e+00 0.000000000000000000e+00 0.000000000000000000e+00
0.000000000000000000e+00 0.000000000000000000e+00 0.000000000000000000e+00 0.000000000000000000e+00 0.000000000000000000e+00
0.000000000000000000e+00 0.000000000000000000e+00 0.000000000000000000e+00 0.000000000000000000e+00 0.000000000000000000e+00
0.000000000000000000e+00 0.000000000000000000e+00 0.000000000000000000e+00 0.000000000000000000e+00 0.000000000000000000e+00
0.000000000000000000e+00 0.000000000000000000e+00 0.000000000000000000e+00 0.000000000000000000e+00 0.000000000000000000e+00
0.000000000000000000e+00 0.000000000000000000e+00 0.000000000000000000e+00 0.000000000000000000e+00 0.000000000000000000e+00
0.000000000000000000e+00 0.000000000000000000e+00 0.000000000000000000e+00 0.000000000000000000e+00 0.000000000000000000e+00
0.000000000000000000e+00 0.000000000000000000e+00 0.000000000000000000e+00 0.000000000000000000e+00 0.000000000000000000e+00
0.000000000000000000e+00 0.000000000000000000e+00 0.000000000000000000e+00 0.000000000000000000e+00 0.000000000000000000e+00
0.000000000000000000e+00 0.000000000000000000e+00 0.000000000000000000e+00 0.000000000000000000e+00 0.000000000000000000e+00
0.000000000000000000e+00 0.000000000000000000e+00 0.000000000000000000e+00 0.000000000000000000e+00 0.000000000000000000e+00
0.000000000000000000e+00 0.000000000000000000e+00 0.000000000000000000e+00 0.000000000000000000e+00 0.000000000000000000e+00
0.000000000000000000e+00 0.000000000000000000e+00 0.000000000000000000e+00 0.000000000000000000e+00 0.000000000000000000e+00
0.000000000000000000e+00 0.000000000000000000e+00 0.000000000000000000e+00 0.000000000000000000e+00 0.000000000000000000e+00
0.000000000000000000e+00 0.000000000000000000e+00 0.000000000000000000e+00 0.000000000000000000e+00 0.000000000000000000e+00
0.000000000000000000e+00 0.000000000000000000e+00 0.000000000000000000e+00 0.000000000000000000e+00 0.000000000000000000e+00
0.000000000000000000e+00 0.000000000000000000e+00 0.000000000000000000e+00 0.000000000000000000e+00 0.000000000000000000e+00
0.000000000000000000e+00 0.000000000000000000e+00 0.000000000000000000e+00 0.000000000000000000e+00 0.000000000000000000e+00
0.000000000000000000e+00 0.000000000000000000e+00 0.000000000000000000e+00 0.000000000000000000e+00 0.000000000000000000e+00
0.000000000000000000e+00 0.000000000000000000e+00 0.000000000000000000e+00 0.000000000000000000e+00 0.000000000000000000e+00
0.000000000000000000e+00 0.000000000000000000e+00 0.000000000000000000e+00 0.000000000000000000e+00 0.000000000000000000e+00
0.000000000000000000e+00 0.000000000000000000e+00 0.000000000000000000e+00 0.000000000000000000e+00 0.000000000000000000e+00
0.000000000000000000e+00 0.000000000000000000e+00 0.000000000000000000e+00 0.000000000000000000e+00 0.000000000000000000e+00
0.000000000000000000e+00 0.000000000000000000e+00 0.000000000000000000e+00 0.000000000000000000e+00 0.000000000000000000e+00
0.000000000000000000e+00 0.000000000000000000e+00 0.000000000000000000e+00 0.000000000000000000e+00 0.000000000000000000e+00
0.000000000000000000e+00 0.000000000000000000e+00 0.000000000000000000e+00 0.000000000000000000e+00 0.000000000000000000e+00
0.000000000000000000e+00 0.000000000000000000e+00 0.000000000000000000e+00 0.000000000000000000e+00 0.000000000000000000e+00
0.000000000000000000e+00 0.000000000000000000e+00 0.000000000000000000e+00 0.000000000000000000e+00 0.000000000000000000e+00
0.000000000000000000e+00 0.000000000000000000e+00 0.000000000000000000e+00 0.000000000000000000e+00 0.000000000000000000e+00
0.000000000000000000e+00 0.000000000000000000e+00 0.000000000000000000e+00 0.000000000000000000e+00 0.000000000000000000e+00
0.000000000000000000e+00 0.000000000000000000e+00 0.000000000000000000e+00 0.000000000000000000e+00 0.000000000000000000e+00
0.000000000000000000e+00 0.000000000000000000e+00 0.000000000000000000e+00 0.000000000000000000e+00 0.000000000000000000e+00
0.000000000000000000e+00 0.000000000000000000e+00 0.000000000000000000e+00 0.000000000000000000e+00 0.000000000000000000e+00
0.000000000000000000e+00 0.000000000000000000e+00 0.000000000000000000e+00 0.000000000000000000e+00 0.000000000000000000e+00
0.000000000000000000e+00 0.000000000000000000e+00 0.000000000000000000e+00 0.000000000000000000e+00 0.000000000000000000e+00
0.000000000000000000e+00 0.000000000000000000e+00 0.000000000000000000e+00 0.000000000000000000e+00 0.000000000000000000e+00
0.000000000000000000e+00 0.000000000000000000e+00 0.000000000000000000e+00 0.000000000000000000e+00 0.000000000000000000e+00
0.000000000000000000e+00 0.000000000000000000e+00 0.000000000000000000e+00 0.000000000000000000e+00 0.000000000000000000e+00
0.000000000000000000e+00 0.000000000000000000e+00 0.000000000000000000e+00 0.000000000000000000e+00 0.000000000000000000e+00
0.000000000000000000e+00 0.000000000000000000e+00 0.000000000000000000e+00 0.000000000000000000e+00 0.000000000000000000e+00
0.000000000000000000e+00 0.000000000000000000e+00 0.000000000000000000e+00 0.000000000000000000e+00 0.000000000000000000e+00
0.000000000000000000e+00 0.000000000000000000e+00 0.000000000000000000e+00 0.000000000000000000e+00 0.000000000000000000e+00
0.000000000000000000e+00 0.000000000000000000e+00 0.000000000000000000e+00 0.000000000000000000e+00 0.000000000000000000e+00
0.000000000000000000e+00 0.000000000000000000e+00 0.000000000000000000e+00 0.000000000000000000e+00 0.000000000000000000e+00
0.000000000000000000e+00 0.000000000000000000e+00 0.000000000000000000e+00 0.000000000000000000e+00 0.000000000000000000e+00
0.000000000000000000e+00 0.000000000000000000e+00 0.000000000000000000e+00 0.000000000000000000e+00 0.000000000000000000e+00
0.000000000000000000e+00 0.000000000000000000e+00 0.000000000000000000e+00 0.000000000000000000e+00 0.000000000000000000e+00
0.000000000000000000e+00 0.000000000000000000e+00 0.000000000000000000e+00 0.000000000000000000e+00 0.000000000000000000e+00
0.000000000000000000e+00 0.000000000000000000e+00 0.000000000000000000e+00 0.000000000000000000e+00 0.000000000000000000e+00
0.000000000000000000e+00 0.000000000000000000e+00 0.000000000000000000e+00 0.000000000000000000e+00 0.000000000000000000e+00
0.000000000000000000e+00 0.000000000000000000e+00 0.000000000000000000e+00 0.000000000000000000e+00 0.000000000000000000e+00
0.000000000000000000e+00 0.000000000000000000e+00 0.000000000000000000e+00 0.000000000000000000e+00 0.000000000000000000e+00
0.000000000000000000e+00 0.000000000000000000e+00 0.000000000000000000e+00 0.000000000000000000e+00 0.000000000000000000e+00
0.000000000000000000e+00 0.000000000000000000e+00 0.000000000000000000e+00 0.000000000000000000e+00 0.000000000000000000e+00
0.000000000000000000e+00 0.000000000000000000e+00 0.000000000000000000e+00 0.000000000000000000e+00 0.000000000000000000e+00
0.000000000000000000e+00 0.000000000000000000e+00 0.000000000000000000e+00 0.000000000000000000e+00 0.000000000000000000e+00
0.000000000000000000e+00 0.000000000000000000e+00 0.000000000000000000e+00 0.000000000000000000e+00 0.000000000000000000e+00
0.000000000000000000e+00 0.000000000000000000e+00 0.000000000000000000e+00 0.000000000000000000e+00 0.000000000000000000e+00
0.000000000000000000e+00 0.000000000000000000e+00 0.000000000000000000e+00 0.000000000000000000e+00 0.000000000000000000e+00
0.000000000000000000e+00 0.000000000000000000e+00 0.000000000000000000e+00 0.000000000000000000e+00 0.000000000000000000e+00
0.000000000000000000e+00 0.000000000000000000e+00 0.000000000000000000e+00 0.000000000000000000e+00 0.000000000000000000e+00
0.000000000000000000e+00 0.000000000000000000e+00 0.000000000000000000e+00 0.000000000000000000e+00 0.000000000000000000e+00
0.000000000000000000e+00 0.000000000000000000e+00 0.000000000000000000e+00 0.000000000000000000e+00 0.000000000000000000e+00
0.000000000000000000e+00 0.000000000000000000e+00 0.000000000000000000e+00 0.000000000000000000e+00 0.000000000000000000e+00
0.000000000000000000e+00 0.000000000000000000e+00 0.000000000000000000e+00 0.000000000000000000e+00 0.000000000000000000e+00
0.000000000000000000e+00 0.000000000000000000e+00 0.000000000000000000e+00 0.000000000000000000e+00 0.000000000000000000e+00
0.000000000000000000e+00 0.000000000000000000e+00 0.000000000000000000e+00 0.000000000000000000e+00 0.000000000000000000e+00
0.000000000000000000e+00 0.000000000000000000e+00 0.000000000000000000e+00 0.000000000000000000e+00 0.000000000000000000e+00
0.000000000000000000e+00 0.000000000000000000e+00 0.000000000000000000e+00 0.000000000000000000e+00 0.000000000000000000e+00
0.000000000000000000e+00 0.000000000000000000e+00 0.000000000000000000e+00 0.000000000000000000e+00 0.000000000000000000e+00
0.000000000000000000e+00 0.000000000000000000e+00 0.000000000000000000e+00 0.000000000000000000e+00 0.000000000000000000e+00
0.000000000000000000e+00 0.000000000000000000e+00 0.000000000000000000e+00 0.000000000000000000e+00 0.000000000000000000e+00
0.000000000000000000e+00 0.000000000000000000e+00 0.000000000000000000e+00 0.000000000000000000e+00 0.000000000000000000e+00
0.000000000000000000e+00 0.000000000000000000e+00 0.000000000000000000e+00 0.000000000000000000e+00 0.000000000000000000e+00
0.000000000000000000e+00 0.000000000000000000e+00 0.000000000000000000e+00 0.000000000000000000e+00 0.000000000000000000e+00
0.000000000000000000e+00 0.000000000000000000e+00 0.000000000000000000e+00 0.000000000000000000e+00 0.000000000000000000e+00
0.000000000000000000e+00 0.000000000000000000e+00 0.000000000000000000e+00 0.000000000000000000e+00 0.000000000000000000e+00
0.000000000000000000e+00 0.000000000000000000e+00 0.000000000000000000e+00 0.000000000000000000e+00 0.000000000000000000e+00
0.000000000000000000e+00 0.000000000000000000e+00 0.000000000000000000e+00 0.000000000000000000e+00 0.000000000000000000e+00
0.000000000000000000e+00 0.000000000000000000e+00 0.000000000000000000e+00 0.000000000000000000e+00 0.000000000000000000e+00
0.000000000000000000e+00 0.000000000000000000e+00 0.000000000000000000e+00 0.000000000000000000e+00 0.000000000000000000e+00
0.000000000000000000e+00 0.000000000000000000e+00 0.000000000000000000e+00 0.000000000000000000e+00 0.000000000000000000e+00
0.000000000000000000e+00 0.000000000000000000e+00 0.000000000000000000e+00 0.000000000000000000e+00 0.000000000000000000e+00
0.000000000000000000e+00 0.000000000000000000e+00 0.000000000000000000e+00 0.000000000000000000e+00 0.000000000000000000e+00
0.000000000000000000e+00 0.000000000000000000e+00 0.000000000000000000e+00 0.000000000000000000e+00 0.000000000000000000e+00
0.000000000000000000e+00 0.000000000000000000e+00 0.000000000000000000e+00 0.000000000000000000e+00 0.000000000000000000e+00
0.000000000000000000e+00 0.000000000000000000e+00 0.000000000000000000e+00 0.000000000000000000e+00 0.000000000000000000e+00
0.000000000000000000e+00 0.000000000000000000e+00 0.000000000000000000e+00 0.000000000000000000e+00 0.000000000000000000e+00
0.000000000000000000e+00 0.000000000000000000e+00 0.000000000000000000e+00 0.000000000000000000e+00 0.000000000000000000e+00
0.000000000000000000e+00 0.000000000000000000e+00 0.000000000000000000e+00 0.000000000000000000e+00 0.000000000000000000e+00
0.000000000000000000e+00 0.000000000000000000e+00 0.000000000000000000e+00 0.000000000000000000e+00 0.000000000000000000e+00
0.000000000000000000e+00 0.000000000000000000e+00 0.000000000000000000e+00 0.000000000000000000e+00 0.000000000000000000e+00
0.000000000000000000e+00 0.000000000000000000e+00 0.000000000000000000e+00 0.000000000000000000e+00 0.000000000000000000e+00
0.000000000000000000e+00 0.000000000000000000e+00 0.000000000000000000e+00 0.000000000000000000e+00 0.000000000000000000e+00
0.000000000000000000e+00 0.000000000000000000e+00 0.000000000000000000e+00 0.000000000000000000e+00 0.000000000000000000e+00
0.000000000000000000e+00 0.000000000000000000e+00 0.000000000000000000e+00 0.000000000000000000e+00 0.000000000000000000e+00
0.000000000000000000e+00 0.000000000000000000e+00 0.000000000000000000e+00 0.000000000000000000e+00 0.000000000000000000e+00
0.000000000000000000e+00 0.000000000000000000e+00 0.000000000000000000e+00 0.000000000000000000e+00 0.000000000000000000e+00
0.000000000000000000e+00 0.000000000000000000e+00 0.000000000000000000e+00 0.000000000000000000e+00 0.000000000000000000e+00
0.000000000000000000e+00 0.000000000000000000e+00 0.000000000000000000e+00 0.000000000000000000e+00 0.000000000000000000e+00
0.000000000000000000e+00 0.000000000000000000e+00 0.000000000000000000e+00 0.000000000000000000e+00 0.000000000000000000e+00
0.000000000000000000e+00 0.000000000000000000e+00 0.000000000000000000e+00 0.000000000000000000e+00 0.000000000000000000e+00
0.000000000000000000e+00 0.000000000000000000e+00 0.000000000000000000e+00 0.000000000000000000e+00 0.000000000000000000e+00
0.000000000000000000e+00 0.000000000000000000e+00 0.000000000000000000e+00 0.000000000000000000e+00 0.000000000000000000e+00
0.000000000000000000e+00 0.000000000000000000e+00 0.000000000000000000e+00 0.000000000000000000e+00 0.000000000000000000e+00
0.000000000000000000e+00 0.000000000000000000e+00 0.000000000000000000e+00 0.000000000000000000e+00 0.000000000000000000e+00
0.000000000000000000e+00 0.000000000000000000e+00 0.000000000000000000e+00 0.000000000000000000e+00 0.000000000000000000e+00
0.000000000000000000e+00 0.000000000000000000e+00 0.000000000000000000e+00 0.000000000000000000e+00 0.000000000000000000e+00
0.000000000000000000e+00 0.000000000000000000e+00 0.000000000000000000e+00 0.000000000000000000e+00 0.000000000000000000e+00
0.000000000000000000e+00 0.000000000000000000e+00 0.000000000000000000e+00 0.000000000000000000e+00 0.000000000000000000e+00
0.000000000000000000e+00 0.000000000000000000e+00 0.000000000000000000e+00 0.000000000000000000e+00 0.000000000000000000e+00
0.000000000000000000e+00 0.000000000000000000e+00 0.000000000000000000e+00 0.000000000000000000e+00 0.000000000000000000e+00
0.000000000000000000e+00 0.000000000000000000e+00 0.000000000000000000e+00 0.000000000000000000e+00 0.000000000000000000e+00
0.000000000000000000e+00 0.000000000000000000e+00 0.000000000000000000e+00 0.000000000000000000e+00 0.000000000000000000e+00
0.000000000000000000e+00 0.000000000000000000e+00 0.000000000000000000e+00 0.000000000000000000e+00 0.000000000000000000e+00
0.000000000000000000e+00 0.000000000000000000e+00 0.000000000000000000e+00 0.000000000000000000e+00 0.000000000000000000e+00
0.000000000000000000e+00 0.000000000000000000e+00 0.000000000000000000e+00 0.000000000000000000e+00 0.000000000000000000e+00
0.000000000000000000e+00 0.000000000000000000e+00 0.000000000000000000e+00 0.000000000000000000e+00 0.000000000000000000e+00
0.000000000000000000e+00 0.000000000000000000e+00 0.000000000000000000e+00 0.000000000000000000e+00 0.000000000000000000e+00
0.000000000000000000e+00 0.000000000000000000e+00 0.000000000000000000e+00 0.000000000000000000e+00 0.000000000000000000e+00
0.000000000000000000e+00 0.000000000000000000e+00 0.000000000000000000e+00 0.000000000000000000e+00 0.000000000000000000e+00
0.000000000000000000e+00 0.000000000000000000e+00 0.000000000000000000e+00 0.000000000000000000e+00 0.000000000000000000e+00
0.000000000000000000e+00 0.000000000000000000e+00 0.000000000000000000e+00 0.000000000000000000e+00 0.000000000000000000e+00
0.000000000000000000e+00 0.000000000000000000e+00 0.000000000000000000e+00 0.000000000000000000e+00 0.000000000000000000e+00
0.000000000000000000e+00 0.000000000000000000e+00 0.000000000000000000e+00 0.000000000000000000e+00 0.000000000000000000e+00
0.000000000000000000e+00 0.000000000000000000e+00 0.000000000000000000e+00 0.000000000000000000e+00 0.000000000000000000e+00
0.000000000000000000e+00 0.000000000000000000e+00 0.000000000000000000e+00 0.000000000000000000e+00 0.000000000000000000e+00
0.000000000000000000e+00 0.000000000000000000e+00 0.000000000000000000e+00 0.000000000000000000e+00 0.000000000000000000e+00
0.000000000000000000e+00 0.000000000000000000e+00 0.000000000000000000e+00 0.000000000000000000e+00 0.000000000000000000e+00
0.000000000000000000e+00 0.000000000000000000e+00 0.000000000000000000e+00 0.000000000000000000e+00 0.000000000000000000e+00
0.000000000000000000e+00 0.000000000000000000e+00 0.000000000000000000e+00 0.000000000000000000e+00 0.000000000000000000e+00
0.000000000000000000e+00 0.000000000000000000e+00 0.000000000000000000e+00 0.000000000000000000e+00 0.000000000000000000e+00
0.000000000000000000e+00 0.000000000000000000e+00 0.000000000000000000e+00 0.000000000000000000e+00 0.000000000000000000e+00
0.000000000000000000e+00 0.000000000000000000e+00 0.000000000000000000e+00 0.000000000000000000e+00 0.000000000000000000e+00
0.000000000000000000e+00 0.000000000000000000e+00 0.000000000000000000e+00 0.000000000000000000e+00 0.000000000000000000e+00
0.000000000000000000e+00 0.000000000000000000e+00 0.000000000000000000e+00 0.000000000000000000e+00 0.000000000000000000e+00
0.000000000000000000e+00 0.000000000000000000e+00 0.000000000000000000e+00 0.000000000000000000e+00 0.000000000000000000e+00
0.000000000000000000e+00 0.000000000000000000e+00 0.000000000000000000e+00 0.000000000000000000e+00 0.000000000000000000e+00
0.000000000000000000e+00 0.000000000000000000e+00 0.000000000000000000e+00 0.000000000000000000e+00 0.000000000000000000e+00
0.000000000000000000e+00 0.000000000000000000e+00 0.000000000000000000e+00 0.000000000000000000e+00 0.000000000000000000e+00
0.000000000000000000e+00 0.000000000000000000e+00 0.000000000000000000e+00 0.000000000000000000e+00 0.000000000000000000e+00
0.000000000000000000e+00 0.000000000000000000e+00 0.000000000000000000e+00 0.000000000000000000e+00 0.000000000000000000e+00
0.000000000000000000e+00 0.000000000000000000e+00 0.000000000000000000e+00 0.000000000000000000e+00 0.000000000000000000e+00
0.000000000000000000e+00 0.000000000000000000e+00 0.000000000000000000e+00 0.000000000000000000e+00 0.000000000000000000e+00
0.000000000000000000e+00 0.000000000000000000e+00 0.000000000000000000e+00 0.000000000000000000e+00 0.000000000000000000e+00
0.000000000000000000e+00 0.000000000000000000e+00 0.000000000000000000e+00 0.000000000000000000e+00 0.000000000000000000e+00
0.000000000000000000e+00 0.000000000000000000e+00 0.000000000000000000e+00 0.000000000000000000e+00 0.000000000000000000e+00
0.000000000000000000e+00 0.000000000000000000e+00 0.000000000000000000e+00 0.000000000000000000e+00 0.000000000000000000e+00
0.000000000000000000e+00 0.000000000000000000e+00 0.000000000000000000e+00 0.000000000000000000e+00 0.000000000000000000e+00
0.000000000000000000e+00 0.000000000000000000e+00 0.000000000000000000e+00 0.000000000000000000e+00 0.000000000000000000e+00
0.000000000000000000e+00 0.000000000000000000e+00 0.000000000000000000e+00 0.000000000000000000e+00 0.000000000000000000e+00
0.000000000000000000e+00 0.000000000000000000e+00 0.000000000000000000e+00 0.000000000000000000e+00 0.000000000000000000e+00
0.000000000000000000e+00 0.000000000000000000e+00 0.000000000000000000e+00 0.000000000000000000e+00 0.000000000000000000e+00
0.000000000000000000e+00 0.000000000000000000e+00 0.000000000000000000e+00 0.000000000000000000e+00 0.000000000000000000e+00
0.000000000000000000e+00 0.000000000000000000e+00 0.000000000000000000e+00 0.000000000000000000e+00 0.000000000000000000e+00
0.000000000000000000e+00 0.000000000000000000e+00 0.000000000000000000e+00 0.000000000000000000e+00 0.000000000000000000e+00
0.000000000000000000e+00 0.000000000000000000e+00 0.000000000000000000e+00 0.000000000000000000e+00 0.000000000000000000e+00
0.000000000000000000e+00 0.000000000000000000e+00 0.000000000000000000e+00 0.000000000000000000e+00 0.000000000000000000e+00
0.000000000000000000e+00 0.000000000000000000e+00 0.000000000000000000e+00 0.000000000000000000e+00 0.000000000000000000e+00
0.000000000000000000e+00 0.000000000000000000e+00 0.000000000000000000e+00 0.000000000000000000e+00 0.000000000000000000e+00
0.000000000000000000e+00 0.000000000000000000e+00 0.000000000000000000e+00 0.000000000000000000e+00 0.000000000000000000e+00
0.000000000000000000e+00 0.000000000000000000e+00 0.000000000000000000e+00 0.000000000000000000e+00 0.000000000000000000e+00
0.000000000000000000e+00 0.000000000000000000e+00 0.000000000000000000e+00 0.000000000000000000e+00 0.000000000000000000e+00
-9.015741932639716794e+00 -6.472467353671080836e+00 -1.861413332240088758e+00 8.599787824613567722e+00 1.179793337906561135e+01
-7.637446368620322446e+00 -6.609844395227813862e+00 -2.860128405047336564e+00 4.549333475233913404e+00 1.068778072375498134e+01
-5.997881258141926075e+00 -7.306734354135029363e+00 -3.548973318868519744e+00 2.494142723391483241e+00 8.708838426970565649e+00
-3.340457188110315112e+00 -7.822298227599671527e+00 -4.324190204564671625e+00 1.011907081276629539e+00 6.073697460334238407e+00
-8.423682199741856780e-02 -7.597651323020014225e+00 -5.146648840293598148e+00 -3.726028468665543714e-01 3.784276718264264705e+00
2.642392572431325970e+00 -6.439826464996464495e+00 -5.956450646575378371e+00 -1.635115860496587858e+00 2.096270197565467175e+00
4.465950608536416233e+00 -4.492965245877867275e+00 -6.534668936243035020e+00 -2.832028599890912268e+00 6.962215411930718911e-01
5.633942962431794932e+00 -2.293908438563653007e+00 -6.566552537553879354e+00 -3.979501137494204865e+00 -5.833961346350962085e-01
6.364992893776951988e+00 -2.531009831563750812e-01 -5.938168589055720759e+00 -4.973461811538471444e+00 -1.754444159664247938e+00
6.631544951370771379e+00 1.575291895828509814e+00 -4.815932592987813621e+00 -5.653852566589993245e+00 -2.809661617980889314e+00
6.379429802216713519e+00 3.181433421356167024e+00 -3.406538568571965353e+00 -5.920853141185087765e+00 -3.721760292345801080e+00
5.696789010296662958e+00 4.420787197705134730e+00 -1.803250050583554254e+00 -5.774265119325605156e+00 -4.441148592999684119e+00
4.740812781047902824e+00 5.157890408907644719e+00 -1.034912414536480751e-01 -5.238867147752043429e+00 -4.934285027421903003e+00
3.637229147976123844e+00 5.390946746710629789e+00 1.503132127652350825e+00 -4.316918446414629962e+00 -5.190319669377423395e+00
2.474155700829091309e+00 5.207387573350339416e+00 2.826405479228637940e+00 -3.054258908561898078e+00 -5.181991148314289752e+00
1.318952664697809585e+00 4.707642314195179090e+00 3.769187819460330324e+00 -1.593960905173224418e+00 -4.852524884770202718e+00
2.144495436037299196e-01 3.985412043587275299e+00 4.315753399318528416e+00 -1.202808365317434985e-01 -4.166588642982474333e+00
-8.177382359525460220e-01 3.126617788071583526e+00 4.488662250907668572e+00 1.220080562678992120e+00 -3.163528071019734877e+00
-1.757197120282493863e+00 2.198966507104609835e+00 4.334487429264469505e+00 2.334122600537720693e+00 -1.948573422944180455e+00
-2.571217408515052316e+00 1.248923342342333376e+00 3.919153627715438404e+00 3.165417103815443944e+00 -6.479537206142846895e-01
-3.219184502819535165e+00 3.122941722926069197e-01 3.314165230189101141e+00 3.687348862182585396e+00 6.185195430560099794e-01
-3.662931779167836854e+00 -5.766202651819153369e-01 2.584863790785383308e+00 3.902965635485176499e+00 1.744728119540439160e+00
-3.871759697880743367e+00 -1.384642347100446091e+00 1.788090844629416587e+00 3.839051163299716851e+00 2.645033670497807243e+00
-3.824771407164878845e+00 -2.081328362516767339e+00 9.725124096506712057e-01 3.537752113504288420e+00 3.262515413080029347e+00
-3.516907514208436503e+00 -2.637366383290629557e+00 1.774137182917610023e-01 3.050148803187508140e+00 3.573218338423430840e+00
-2.967104517799347807e+00 -3.022890293211883961e+00 -5.669561960296012337e-01 2.430245849325553209e+00 3.586068186248002387e+00
-2.221760546202673492e+00 -3.210235008721944894e+00 -1.235671198515163161e+00 1.729097435656918869e+00 3.338588925225675741e+00
-1.350084896872408624e+00 -3.180952861593576042e+00 -1.804758464930430240e+00 9.915094896492198107e-01 2.887625647795140971e+00
-4.332919944983180116e-01 -2.933384926941753346e+00 -2.249368440062646801e+00 2.560928133197541978e-01 2.297252093443763687e+00
4.481485625511383852e-01 -2.487132161465046565e+00 -2.545249713229510657e+00 -4.430919685970391986e-01 1.628373394785002093e+00
1.225200662221336723e+00 -1.882512256928555505e+00 -2.672579939933616533e+00 -1.075093057131770058e+00 9.328279733407655039e-01
1.846620683172465416e+00 -1.175224985088660024e+00 -2.620760848499146700e+00 -1.611455316230993917e+00 2.517683408619371122e-01
2.281188600116237808e+00 -4.283743491661994307e-01 -2.392618959825300706e+00 -2.026535420401303078e+00 -3.832731669439206623e-01
2.517293515346952670e+00 2.955351513316255563e-01 -2.006541516714344553e+00 -2.298845276890716605e+00 -9.481001452892877657e-01
2.560857693846542382e+00 9.411877286631002981e-01 -1.495800470876865740e+00 -2.413342118696605976e+00 -1.423412722503237360e+00
2.431841486080473125e+00 1.465377057726514165e+00 -9.052428430773966639e-01 -2.364192752732754865e+00 -1.792995934827419591e+00
2.159710642982004991e+00 1.840122682846833557e+00 -2.860506838548618758e-01 -2.157239279804794574e+00 -2.043035779861769541e+00
1.778754223238071530e+00 2.053605452525042452e+00 3.104734889656199925e-01 -1.811258014478738021e+00 -2.162754797153060071e+00
1.324195141940353482e+00 2.108829992843228140e+00 8.388955401092141884e-01 -1.357196306564097954e+00 -2.146232549817463919e+00
8.296045454380878148e-01 2.020564963531062741e+00 1.264222705600336782e+00 -8.351020819844711118e-01 -1.994862383122422589e+00
3.256198507723453428e-01 1.811513081604196884e+00 1.564359772321398889e+00 -2.893358557817784504e-01 -1.719486524819407558e+00
-1.603836950246264603e-01 1.508623650014501827e+00 1.730427438758061154e+00 2.366983768375900965e-01 -1.341178225985836248e+00
-6.041704638591346432e-01 1.140151935415708362e+00 1.765388157567077565e+00 7.050927218127892582e-01 -8.900988146047965621e-01
-9.845432384283858696e-01 7.336922399471448308e-01 1.681598253699195578e+00 1.086557558514841926e+00 -4.025963484943887449e-01
-1.283571577002390773e+00 3.150930089594314865e-01 1.497910885900245459e+00 1.361982909665142571e+00 8.273880578571435329e-02
-1.487250452943535528e+00 -9.202035494946414484e-02 1.236867933835377187e+00 1.522614049742788023e+00 5.292124727589533340e-01
-1.586508957749363846e+00 -4.664303142858730600e-01 9.223559839743347144e-01 1.569150504110909727e+00 9.056698524783316495e-01
-1.578345721844329086e+00 -7.894914429007121592e-01 5.779022447154684716e-01 1.510128083470089644e+00 1.189190998936560106e+00
-1.466758914434462380e+00 -1.045470319289207195e+00 2.256073348071547802e-01 1.359947596386644086e+00 1.366592487543114576e+00
-1.263097841649111430e+00 -1.222157326604572214e+00 -1.144168515920688245e-01 1.136872320193096808e+00 1.434664027884783311e+00
-9.855427929225462069e-01 -1.311713824868964151e+00 -4.243103516258486807e-01 8.612342934912344816e-01 1.399240770039323678e+00
-6.576271745725996709e-01 -1.311572718972543017e+00 -6.886528004806041769e-01 5.539832467123644300e-01 1.273383299451777972e+00
-3.059808930372206470e-01 -1.225106782651141035e+00 -8.947549420835984035e-01 2.356040102970125005e-01 1.075069077990667088e+00
4.231569524068112820e-02 -1.061772822025545349e+00 -1.033136362546549059e+00 -7.465830601577860826e-02 8.248380546606770558e-01
3.623051495850657666e-01 -8.365477804596924694e-01 -1.098148632427206950e+00 -3.593754625082146714e-01 5.437594651720238925e-01
6.332632359901557706e-01 -5.686552679827113765e-01 -1.088593415266196462e+00 -6.034324955331494822e-01 2.519275220608132582e-01
8.401118766692474704e-01 -2.797606240355621221e-01 -1.008127189122410172e+00 -7.945288129519957332e-01 -3.248451681849318096e-02
9.740651302515411780e-01 8.077855140626866159e-03 -8.652585723129244677e-01 -9.237112179927107203e-01 -2.937194959751245893e-01
1.032565802913676833e+00 2.743951142857346537e-01 -6.728242627995230096e-01 -9.858983155642607743e-01 -5.186548059824435120e-01
1.018652143247777975e+00 5.019858812911679458e-01 -4.469459427747000113e-01 -9.802978422841016615e-01 -6.969165226812243930e-01
9.399387768316753711e-01 6.780767212958636048e-01 -2.055859883967996460e-01 -9.105884885078547875e-01 -8.210120288513614861e-01
8.074085269095307993e-01 7.949218962932449450e-01 3.309624188246318433e-02 -7.847482400333906094e-01 -8.865299317516205369e-01
6.341920270451423258e-01 8.498332825437733273e-01 2.523512838952040038e-01 -6.144647113366682456e-01 -8.923784946226046566e-01
4.344643705165152081e-01 8.447347989055333795e-01 4.381922741272468169e-01 -4.141473798140834495e-01 -8.409714685185032401e-01
2.225256021590076294e-01 7.853859099886737472e-01 5.803386676305182235e-01 -1.996507374814206204e-01 -7.382406385190896092e-01
1.207256533089218209e-02 6.804364820176403983e-01 6.726818236353144798e-01 1.311957630554583254e-02 -5.933685966909720833e-01
-1.843714793758733095e-01 5.404570432949420411e-01 7.132884866869436680e-01 2.095285377872369015e-01 -4.181901214721790994e-01
-3.559189145166989920e-01 3.770458526434652402e-01 7.040239335887591432e-01 3.773011178376228791e-01 -2.262871041322227494e-01
-4.937132340282381904e-01 2.020637546787293903e-01 6.499133045071270320e-01 5.072770788055862567e-01 -3.187350448129677716e-02
-5.912760181582310537e-01 2.700435454713856487e-02 5.583668972367366035e-01 5.937947049037490821e-01 1.513882503039878369e-01
-6.447941619368872113e-01 -1.375207234696222136e-01 4.383789316930886137e-01 6.347237734368756934e-01 3.114879608832761271e-01
-6.533108352716262557e-01 -2.822116026424097424e-01 2.997786169582876692e-01 6.312077808259326517e-01 4.389545659349161078e-01
-6.187704658829341620e-01 -3.994493928255851700e-01 1.525771355805281004e-01 5.871962420106382474e-01 5.274392439466641935e-01
-5.458718267583192452e-01 -4.836131550926588973e-01 6.422720291927808134e-03 5.088517352592318854e-01 5.739549217414621207e-01
-4.417045744862931334e-01 -5.313325386626603919e-01 -1.298459104612740278e-01 4.039070698418660843e-01 5.787828313579608253e-01
-3.151785752904461280e-01 -5.416466780188208263e-01 -2.485671719813924430e-01 2.810303620280194536e-01 5.450996958344072052e-01
-1.762928014742710658e-01 -5.160319983946787259e-01 -3.435624924954029380e-01 1.492351633826445589e-01 4.784081971400520050e-01
-3.532067537791117040e-02 -4.582669981447745067e-01 -4.103866687862938178e-01 1.735392281087988833e-02 3.858646124030007951e-01
9.799678656455146353e-02 -3.741205199761160616e-01 -4.465143090209509058e-01 -1.064204506437873704e-01 2.755907885840203075e-01
2.151626175254370832e-01 -2.708766442658161466e-01 -4.514416718485434465e-01 -2.149265797617309348e-01 1.560371556729232001e-01
3.094723375722754355e-01 -1.567365433682904596e-01 -4.266782040749111382e-01 -3.023614123336234583e-01 3.543646150100854264e-02
3.763595630089948685e-01 -4.015803781489324376e-02 -3.756068839378903235e-01 -3.645378505670777702e-01 -7.863791010323695208e-02
4.135293231062143193e-01 7.079744747339278277e-02 -3.032063950415275766e-01 -3.990624310397182795e-01 -1.796139327276567998e-01
4.208958558078315093e-01 1.690442631577164789e-01 -2.156476455312009710e-01 -4.054173437278995040e-01 -2.621771646172946779e-01
4.003604966269711518e-01 2.489257066175039335e-01 -1.197971075663282203e-01 -3.849309169239068518e-01 -3.224549876953775041e-01
3.554753349285408870e-01 3.065086323612606911e-01 -2.267484587674651123e-02 -3.406267163223025141e-01 -3.581362137013884284e-01
2.910399070003708566e-01 3.397095057578114474e-01 6.907765382205299787e-02 -2.769530853280062210e-01 -3.685247489369195550e-01
2.126730023151082172e-01 3.482624256398196838e-01 1.496669843188038751e-01 -1.994098581440314766e-01 -3.545191254067852071e-01
1.263922939131887357e-01 3.335552258248910551e-01 2.145124695857842934e-01 -1.141034569636567575e-01 -3.185076201419669850e-01
3.822391818924764095e-02 2.983686643002048111e-01 2.604801177958655511e-01 -2.727194268620003470e-02 -2.641726791374802152e-01
-4.614509391769050506e-02 2.465557627313859079e-01 2.859782651971369827e-01 5.517469899285521590e-02 -1.962076894654624093e-01
-1.216648542528320220e-01 1.826948495189142374e-01 2.909239187588129050e-01 1.280573036037087054e-01 -1.199613337054589168e-01
-1.841672466584051149e-01 1.117429981907842595e-01 2.766012181091517252e-01 1.872411031257577019e-01 -4.103648847372032976e-02
-2.305533116436685459e-01 3.870872258649349362e-02 2.454403987656343933e-01 2.298409754151322926e-01 3.512116566897227621e-02
-2.589182655864009086e-01 -3.164401461786725545e-02 2.007472695433034915e-01 2.543129548282621055e-01 1.036069366017082771e-01
-2.686080412448810240e-01 -9.505306989209905133e-02 1.464106183202849021e-01 2.604387025019498925e-01 1.603786317152240404e-01
-2.602019420455084497e-01 -1.479715147572005229e-01 8.660980689308805935e-02 2.492186005350094380e-01 2.024893209357501445e-01
-2.354191216434993184e-01 -1.877323699987550887e-01 2.553882148226938043e-02 2.226943748092242714e-01 2.282163769394400799e-01
-1.969521343011730874e-01 -2.126594953228019280e-01 -3.284233063273245268e-02 1.837238525345865625e-01 2.370842947372262532e-01
-1.482377443821121243e-01 -2.221192996583530033e-01 -8.502186876930839521e-02 1.357293940021653267e-01 2.297902966194622643e-01
-9.318218582824901175e-02 -2.165091845571879281e-01 -1.281113236345505779e-01 8.243869263957193105e-02 2.080505443845555025e-01
-3.586351611753124669e-02 -1.971816204011057616e-01 -1.599774290624657314e-01 2.763308843820300523e-02 1.743899323316997485e-01
1.976362472731718611e-02 -1.663074036405506329e-01 -1.793269255495588688e-01 -2.508487465849695841e-02 1.318997972841899902e-01
7.013623581684602648e-02 -1.266871922418353336e-01 -1.857407192916287197e-01 -7.249566001504159640e-02 8.398600845339876386e-02
1.123034015060191404e-01 -8.152576507473774381e-02 -1.796550949481778847e-01 -1.119316545455480982e-01 3.412587946642076098e-02
1.440843947220062926e-01 -3.418747714030234697e-02 -1.622901959390143922e-01 -1.414050266426958302e-01 -1.435254630942439831e-02
1.641572103117558967e-01 1.204675096322271877e-02 -1.355296394404360560e-01 -1.596898565439676121e-01 -5.845992006532674257e-02
1.720775728536003690e-01 5.420122207374555856e-02 -1.017593806077670138e-01 -1.663552334277481892e-01 -9.569844489028078716e-02
1.682346628276389922e-01 8.978934772889357596e-02 -6.367798059951768064e-02 -1.617480150399908112e-01 -1.241752883893182391e-01
1.537542949188726027e-01 1.169477143570838429e-01 -2.409343501575944568e-02 -1.469267139447101300e-01 -1.426750233995597306e-01
1.303628306412107918e-01 1.345141022278499854e-01 1.427695375738746719e-02 -1.235513399483463282e-01 -1.506903513633184311e-01
1.002258444511761049e-01 1.420489427312794373e-01 4.898781469222912577e-02 -9.373755497377611601e-02 -1.484111378086963029e-01
6.577488487814386886e-02 1.398046705930402478e-01 7.801469509386116385e-02 -5.988659095786541542e-02 -1.366730040519303080e-01
2.953408468398133549e-02 1.286511318833305495e-01 9.986134280330460911e-02 -2.450448618711609239e-02 -1.168685797758046846e-01
-6.043579619554040328e-03 1.099674274276691843e-01 1.136204250566321683e-01 9.975140388111869427e-03 -9.082690821371587619e-02
-3.872253633395905670e-02 8.551137828515265049e-02 1.189874771395682540e-01 4.135141728304003728e-02 -6.066906813721550940e-02
-6.660726712797704341e-02 5.727746958050228265e-02 1.162318970895481751e-01 6.778855203609102098e-02 -2.865031512538662728e-02
-8.823671615917427768e-02 2.735306030475492811e-02 1.061318086387725845e-01 8.791233156409018756e-02 2.999534849916551948e-03
-1.026471458434406042e-01 -2.218780212332016610e-03 8.988143283230209946e-02 1.008667000744924991e-01 3.222550844437588324e-02
-1.094014757548755767e-01 -2.956293358221462331e-02 6.898029187257703754e-02 1.063300228931618463e-01 5.727574418151193392e-02
-1.085846701868667941e-01 -5.307689751515831666e-02 4.511333772237557938e-02 1.044938710783489683e-01 7.679993141118024447e-02
-1.007665128168527824e-01 -7.151220999734131389e-02 2.003024704097167499e-02 9.600963751944258107e-02 8.991229607277406721e-02
-8.693506794447769526e-02 -8.402957551815692927e-02 -4.569045880434940976e-03 8.190990537543885175e-02 9.621698221172492183e-02
-6.840610117272183377e-02 -9.022587482433554185e-02 -2.713676620361693548e-02 6.351226912002094771e-02 9.579707672642090444e-02
-4.671546534760639968e-02 -9.013262260351895261e-02 -4.636306664404532540e-02 4.231339144818369730e-02 8.917143484272860299e-02
-2.350268528616250574e-02 -8.418699249033802234e-02 -6.124167654679790740e-02 1.988065034370056772e-02 7.722559916331062091e-02
-3.944846568504356554e-04 -7.317819526950841702e-02 -7.111304811441576668e-02 -2.252021821294469817e-03 6.112434079389972297e-02
2.110330544413074882e-02 -5.817362481602472712e-02 -7.568372525525379757e-02 -2.267843923285417507e-02 4.221371266055506943e-02
3.969811154139413212e-02 -4.043058716986814433e-02 -7.502186090478579761e-02 -4.019994804514082087e-02 2.192014663891006521e-02
5.438163807907092639e-02 -2.130039827217988790e-02 -6.953010736962206284e-02 -5.388710221772785580e-02 1.653260969207481779e-03
6.447604821042318690e-02 -2.132027583616635802e-03 -5.989845256404036089e-02 -6.312074378982357459e-02 -1.728209819526616009e-02
6.965405780412803338e-02 1.581779094418678255e-02 -4.704086116449180538e-02 -6.761117517556780587e-02 -3.376029056335105860e-02
6.993381102714568698e-02 3.146193285041132270e-02 -3.202065759243977877e-02 -6.739535397917617576e-02 -4.689270193226835470e-02
6.565118749894227612e-02 4.394306856948659856e-02 -1.597030873598415113e-02 -6.281332813066986542e-02 -5.606698101263818401e-02
5.741351475416345274e-02 5.267367997581007266e-02 -1.151703386359503867e-05 -5.446639541962461362e-02 -6.096676267180190650e-02
4.603948610197639707e-02 5.735472956656240129e-02 1.481872965393415953e-02 -4.316061327535514192e-02 -6.157194096263829408e-02
3.249043619831248897e-02 5.797351799961304036e-02 2.763125954415346711e-02 -2.984019081928834805e-02 -5.814052833179750301e-02
1.779808097211343920e-02 5.478273131152078257e-02 3.773322801353518052e-02 -1.551585775266395295e-02 -5.117409366626147343e-02
2.993479916296726273e-03 4.826379462673924259e-02 4.465969438918349077e-02 -1.193452293079877435e-03 -4.136967402341951150e-02
-1.095858044662667737e-02 3.907837348091014462e-02 4.818740518324848843e-02 1.219231595024283799e-02 -2.956183758140685028e-02
-2.321627270125559139e-02 2.801221081573812555e-02 4.833132770937132588e-02 2.383466493126351962e-02 -1.665915128333128603e-02
-3.310576439555656947e-02 1.591552263814843826e-02 4.532566065651999487e-02 3.309879491858969125e-02 -3.579546981233638903e-03
-4.015266955947238703e-02 3.643910138753980732e-03 3.959200350503211396e-02 3.955116796635027576e-02 8.810877874929845532e-03
-4.409888624647639865e-02 -7.996641023090833578e-03 3.169791395673637879e-02 4.297315372287657809e-02 1.975163625433351555e-02
-4.490465516460750983e-02 -1.829765698341589975e-02 2.230937664586996050e-02 4.335939271050226473e-02 2.863091129890605116e-02
-4.273654320676922858e-02 -2.668659667151862536e-02 1.214072527327303419e-02 4.090227591115037226e-02 3.501558275608430276e-02
-3.794287950110131202e-02 -3.275411537953354379e-02 1.905347281372149482e-03 3.596474787950798557e-02 3.866703101166568679e-02
-3.101892427862773527e-02 -3.626922234117779809e-02 -7.729836404481549295e-03 2.904418494014149310e-02 3.954271584027391206e-02
-2.256462341632770041e-02 -3.718209955613838158e-02 -1.618372671574974664e-02 2.073042747144682521e-02 3.778451099662993862e-02
-1.323818090766271105e-02 -3.561513665952853458e-02 -2.299215772889795506e-02 1.166106662673938033e-02 3.369570216341033486e-02
-3.708799505432902599e-03 -3.184344185055432153e-02 -2.782953342039518052e-02 2.477052447324989970e-03 2.770911578839108103e-02
5.388091634209946079e-03 -2.626662986745154083e-02 -3.052025952536197365e-02 -6.218683280538983560e-03 2.034932491389973563e-02
1.349026337637515560e-02 -1.937427271456348965e-02 -3.103987068165081978e-02 -1.389724781468382360e-02 1.219186573541275465e-02
2.014046226982380006e-02 -1.170769765653789651e-02 -2.950639155511292078e-02 -2.013259010063628285e-02 3.822331335385786844e-03
2.500891880469935727e-02 -3.820907815939467156e-03 -2.616306058080631117e-02 -2.462178161614470354e-02 -4.202049344215530446e-03
2.790574742174878678e-02 3.756688791886952927e-03 -2.135403696468185508e-02 -2.719606752289905130e-02 -1.138613676158184602e-02
2.878318086016862232e-02 1.055333473234409958e-02 -1.549508696156087773e-02 -2.782258014024585613e-02 -1.732418304671623499e-02
2.772829288494182975e-02 1.618180937955893128e-02 -9.041485852448684704e-03 -2.659718415805545702e-02 -2.171951115440673430e-02
2.494745341255732995e-02 2.035876867847341912e-02 -2.455451814805331701e-03 -2.372945361410572218e-02 -2.439590768468169468e-02
2.074419395947035838e-02 2.291580050927244372e-02 3.824664804680910635e-03 -1.952124074721028890e-02 -2.530058414914060361e-02
1.549248697755678528e-02 2.380206868258327724e-02 9.411484642979583981e-03 -1.434061800558439348e-02 -2.449911161053131003e-02
9.607439374559989531e-03 2.307907815317445169e-02 1.399038597508694970e-02 -8.593253689567093012e-03 -2.216306164523796154e-02
3.515540464740007920e-03 2.090847550611329986e-02 1.733493390862128961e-02 -2.693253522063399075e-03 -1.855167307136607047e-02
-2.373637034808862012e-03 1.753425026895638617e-02 1.931535225935765432e-02 2.964542512056578261e-03 -1.398905636606539993e-02
-7.692619401758582498e-03 1.326094772621377871e-02 1.990000106632416887e-02 8.029050356370914798e-03 -8.838671068665317557e-03
-1.213674094398187187e-02 8.429601013685283917e-03 1.915030722346555692e-02 1.221280262538715355e-02 -3.476915876305386455e-03
-1.547938810384808135e-02 3.393088500215801773e-03 1.720999668324063592e-02 1.530618937751881958e-02 1.732364956362753006e-03
-1.758118942918907024e-02 -1.507477686146785345e-03 1.428977975394229993e-02 1.718554899503277680e-02 6.460819277783969028e-03
-1.839297293049369300e-02 -5.963915182673140691e-03 1.064883843493369397e-02 1.781503590036082052e-02 1.043460453987710146e-02
-1.795271023240752051e-02 -9.718527047041125577e-03 6.574556093857264472e-03 1.724261400169946681e-02 1.344847925250292064e-02
-1.637703253387057245e-02 -1.257719382569288946e-02 2.361920985749943469e-03 1.559088665973051846e-02 1.537436926599045073e-02
-1.384821568670435710e-02 -1.441747897674972023e-02 -1.706061433703109920e-03 1.304375564884541205e-02 1.616423179030679336e-02
-1.059777231971525957e-02 -1.519156702824775440e-02 -5.375780480152081431e-03 9.830091236250337872e-03 1.584744485728117880e-02
-6.887943512633443177e-03 -1.492418817137320004e-02 -8.437310889112703549e-03 6.205692211235680489e-03 1.452330287177128199e-02
-2.992449766625493446e-03 -1.370598656294252926e-02 -1.073490307421831602e-02 2.434812773703498578e-03 1.234950752562635756e-02
8.221832761459157979e-04 -1.168306232202187545e-02 -1.217326108696859151e-02 -1.227520220321798305e-03 9.527674630551485890e-03
4.313527450434673227e-03 -9.043615695596529669e-03 -1.271949496282298586e-02 -4.551337862584214911e-03 6.287073013366173413e-03
7.277378426039815551e-03 -6.002752325333982064e-03 -1.240091846499868922e-02 -7.344834211645778765e-03 2.867774422711688587e-03
9.558368244364734423e-03 -2.786573162918859481e-03 -1.129909999647504826e-02 -9.464094503090937985e-03 -4.956627156252890742e-04
1.105661758163645203e-02 3.833498088121611858e-04 -9.540795347258268500e-03 -1.081905916012826374e-02 -3.588969455647017526e-03
1.173027769910195417e-02 3.304114312600248127e-03 -7.286558632954465153e-03 -1.137559795331377632e-02 -6.230570714417571487e-03
1.159409684891010706e-02 5.803408277581523222e-03 -4.717930446172635683e-03 -1.115382187759150767e-02 -8.281000803776805697e-03
1.071440056547623421e-02 7.748578991999544030e-03 -2.024138033519751190e-03 -1.022299406446569581e-02 -9.648945342703774131e-03
9.201082000686033879e-03 9.052456090740124139e-03 6.107853297652177105e-04 -8.693597903276619257e-03 -1.029376182571972720e-02
7.197346709906238260e-03 9.675780893858343390e-03 3.019640891844588282e-03 -6.707269040826857598e-03 -1.022456137522920194e-02
4.868043013544376407e-03 9.626332479826249511e-03 5.061781937486742322e-03 -4.425392479296075265e-03 -9.496144418382312935e-03
2.387435340897914315e-03 8.955052547824804421e-03 6.630402293268833347e-03 -2.017202759540981383e-03 -8.202262411728057992e-03
-7.275220859082054403e-05 7.749644746921857674e-03 7.657089378762194087e-03 3.517968553181649582e-04 -6.466818240255078898e-03
-2.354274380709453496e-03 6.126251875776533851e-03 8.113540690069642736e-03 2.530356837849856433e-03 -4.433712558168934059e-03
-4.321657126205913357e-03 4.219892024259985774e-03 8.010538771727748752e-03 4.390327943299299207e-03 -2.256087162514464062e-03
-5.869364681395761174e-03 2.174362125581641436e-03 7.394453827716418459e-03 5.833369465090498807e-03 -8.570841163491049741e-05
-6.926530314225076701e-03 1.322977067190755918e-04 6.341684926792323651e-03 6.795232164975795186e-03 1.936823278245736191e-03
-7.459115646146097234e-03 -1.773983614208773929e-03 4.951553589683355128e-03 7.247510588376027130e-03 3.690451401479721838e-03
-7.469536328781223311e-03 -3.430322970928156856e-03 3.338224326211225446e-03 7.196934338943528076e-03 5.080175467918168764e-03
-6.993951408186815932e-03 -4.746835103399682509e-03 1.622245481871065209e-03 6.682424337890235932e-03 6.041399325650953500e-03
-6.097550985240007826e-03 -5.662025239491885742e-03 -7.771676110623904066e-05 5.770269130922045520e-03 6.541982947154023620e-03
-4.868283182623667216e-03 -6.144782227396006213e-03 -1.652433130156505392e-03 4.547872552079335051e-03 6.582025698098403765e-03
-3.409541588712428073e-03 -6.194262976228936957e-03 -3.008521339144976103e-03 3.116577451816260336e-03 6.191568570836469831e-03
-1.832348653192927834e-03 -5.837826950217173128e-03 -4.073377868798688795e-03 1.584105401567059701e-03 5.426497437817978664e-03
-2.475920134717979337e-04 -5.127280960592672798e-03 -4.798420379493406607e-03 5.711940418917649254e-05 4.363066127565096153e-03
1.241184062321654125e-03 -4.133795380266480635e-03 -5.160549824310245448e-03 -1.365617372458771683e-03 3.091491364366927286e-03
2.544000278247970925e-03 -2.941915439165554425e-03 -5.161859508656552187e-03 -2.599086955588636449e-03 1.709100571447574879e-03
3.589339404147517953e-03 -1.643120683121002124e-03 -4.827730552711240186e-03 -3.576559876028118090e-03 3.135099546716091368e-04
4.327491946175099358e-03 -3.293838056439568618e-04 -4.203548681219082539e-03 -4.252634823653123064e-03 -1.003727275998733681e-03
4.732241899636280280e-03 9.128503418964761806e-04 -3.350350344280883519e-03 -4.604683258201403007e-03 -2.162626421035485080e-03
4.800901611306418459e-03 2.007900822065034063e-03 -2.339754648605807397e-03 -4.632716532989911151e-03 -3.099136553669890048e-03
4.552812829894170576e-03 2.895014112906491022e-03 -1.248560372066331858e-03 -4.357793387214425884e-03 -3.768165820637325858e-03
4.026522707806234891e-03 3.531258752479393692e-03 -1.533840486183102314e-04 -3.819171816955901910e-03 -4.145166860607840675e-03
3.275914298314530626e-03 3.893052704132982100e-03 8.743130994446346449e-04 -3.070477105092228598e-03 -4.226281201113568642e-03
2.365618265569580103e-03 3.976321985132091896e-03 1.772511350266015029e-03 -2.175203653429380601e-03 -4.027133632984680744e-03
1.366054966800867021e-03 3.795378813690630793e-03 2.491999964221225383e-03 -1.201890175439035424e-03 -3.580448042284078980e-03
3.484543449996380104e-04 3.380684675171385933e-03 2.998671022455656754e-03 -2.193057924959607163e-04 -2.932720572004554604e-03
-6.198227414752066622e-04 2.775724173031735020e-03 3.274666341648524437e-03 7.080395560901120433e-04 -2.140231000136050277e-03
-1.479380828055987251e-03 2.033256677592243378e-03 3.318384761911152836e-03 1.523790119728030135e-03 -1.264697133282588482e-03
-2.182080385918827581e-03 1.211233516169141211e-03 3.143431233723070761e-03 2.182832512944488101e-03 -3.688796170220332016e-04
-2.693366816583497858e-03 3.686690673176951094e-04 2.776652326986761565e-03 2.653432811587697060e-03 4.875730414644063870e-04
-2.993554885931226650e-03 -4.382638256842374958e-04 2.255451720223344836e-03 2.918350979668860035e-03 1.251784925651477920e-03
-3.078058602478117578e-03 -1.159677618462806592e-03 1.624611819225130205e-03 2.974933126954404372e-03 1.880614253497725485e-03
-2.956625252328093367e-03 -1.754763022821292928e-03 9.328630993170605734e-04 2.834248830106966821e-03 2.342771722338321538e-03
-2.651692642610448125e-03 -2.193796467841457876e-03 2.294414591959004213e-04 2.519398107871717585e-03 2.620016875940489598e-03
-2.196037251688265357e-03 -2.459287386098241157e-03 -4.391427516479140536e-04 2.063157579761165650e-03 2.707419828791746141e-03
-1.629915534477111017e-03 -2.546251295395651759e-03 -1.031930080127807514e-03 1.505165909248207257e-03 2.612737887384586344e-03
-9.979197219730506774e-04 -2.461652071000797193e-03 -1.515777688210095953e-03 8.888639877195902983e-04 2.355011004761875526e-03
-3.457728042391972068e-04 -2.223107568119053745e-03 -1.866958377142013958e-03 2.584056432477499499e-04 1.962523538241223164e-03
2.827242183927047847e-04 -1.856994032448322507e-03 -2.072036333792826035e-03 -3.442589248526806145e-04 1.470310397533980407e-03
8.484045468799550349e-04 -1.396114468757758686e-03 -2.128013619886903740e-03 -8.819503697664599073e-04 9.174023574463063824e-04
1.318954473948252826e-03 -8.771131217446548334e-04 -2.041788948471734422e-03 -1.324336547434135092e-03 3.440080715295668057e-04
1.670529228898320895e-03 -3.378221655271351764e-04 -1.829011917530820597e-03 -1.649418137138591867e-03 -2.111799208833753383e-04
1.888703121640356031e-03 1.852818556140611861e-04 -1.512449240676505546e-03 -1.844368724691736183e-03 -7.133893542978775315e-04
1.968740221767850684e-03 6.593535630157187910e-04 -1.120003647183565043e-03 -1.905720801383070651e-03 -1.133748097745912453e-03
1.915215049831164862e-03 1.057057564016083973e-03 -6.825377666269671906e-04 -1.838930437943808727e-03 -1.450740559091223680e-03
1.741055223173582078e-03 1.357955483081818571e-03 -2.316590934934303903e-04 -1.657393195636513994e-03 -1.651084276296899134e-03
1.466109648603275417e-03 1.549346045401689409e-03 2.023873930825370593e-04 -1.381013667395736277e-03 -1.730010777980184322e-03
1.115368862981469533e-03 1.626542411186759907e-03 5.925891991369613976e-04 -1.034452667137752968e-03 -1.690974205114659235e-03
7.169778118636394026e-04 1.592608860821798089e-03 9.166937590650015011e-04 -6.451886667597772629e-04 -1.544846817013501017e-03
3.001848308519239339e-04 1.457612448106049285e-03 1.158318137747471610e-03 -2.415327565722380498e-04 -1.308689556958841926e-03
-1.066357601869905025e-04 1.237472864594524324e-03 1.307598287529687653e-03 1.492701257439499329e-04 -1.004206943373886496e-03
-4.777634948247566626e-04 9.525134188985706629e-04 1.361368711812804833e-03 5.027375141939405268e-04 -6.560103337309719507e-04
