0.000000000000000000e+00 0.000000000000000000e+00 0.000000000000000000e+00 0.000000000000000000e+00 0.000000000000000000e+00
0.000000000000000000e+00 0.000000000000000000e+00 0.000000000000000000e+00 0.000000000000000000e+00 0.000000000000000000e+00
0.000000000000000000e+00 0.000000000000000000e+00 0.000000000000000000e+00 0.000000000000000000e+00 0.000000000000000000e+00
0.000000000000000000e+00 0.000000000000000000e+00 0.000000000000000000e+00 0.000000000000000000e+00 0.000000000000000000e+00
0.000000000000000000e+00 0.000000000000000000e+00 0.000000000000000000e+00 0.000000000000000000e+00 0.000000000000000000e+00
0.000000000000000000e+00 0.000000000000000000e+00 0.000000000000000000e+00 0.000000000000000000e+00 0.000000000000000000e+00
0.000000000000000000e+00 0.000000000000000000e+00 0.000000000000000000e+00 0.000000000000000000e+00 0.000000000000000000e+00
0.000000000000000000e+00 0.000000000000000000e+00 0.000000000000000000e+00 0.000000000000000000e+00 0.000000000000000000e+00
0.000000000000000000e+00 0.000000000000000000e+00 0.000000000000000000e+00 0.000000000000000000e+00 0.000000000000000000e+00
0.000000000000000000e+00 0.000000000000000000e+00 0.000000000000000000e+00 0.000000000000000000e+00 0.000000000000000000e+00
0.000000000000000000e+00 0.000000000000000000e+00 0.000000000000000000e+00 0.000000000000000000e+00 0.000000000000000000e+00
0.000000000000000000e+00 0.000000000000000000e+00 0.000000000000000000e+00 0.000000000000000000e+00 0.000000000000000000e+00
0.000000000000000000e+00 0.000000000000000000e+00 0.000000000000000000e+00 0.000000000000000000e+00 0.000000000000000000e+00
0.000000000000000000e+00 0.000000000000000000e+00 0.000000000000000000e+00 0.000000000000000000e+00 0.000000000000000000e+00
0.000000000000000000e+00 0.000000000000000000e+00 0.000000000000000000e+00 0.000000000000000000e+00 0.000000000000000000e+00
0.000000000000000000e+00 0.000000000000000000e+00 0.000000000000000000e+00 0.000000000000000000e+00 0.000000000000000000e+00
0.000000000000000000e+00 0.000000000000000000e+00 0.000000000000000000e+00 0.000000000000000000e+00 0.000000000000000000e+00
0.000000000000000000e+00 0.000000000000000000e+00 0.000000000000000000e+00 0.000000000000000000e+00 0.000000000000000000e+00
0.000000000000000000e+00 0.000000000000000000e+00 0.000000000000000000e+00 0.000000000000000000e+00 0.000000000000000000e+00
0.000000000000000000e+00 0.000000000000000000e+00 0.000000000000000000e+00 0.000000000000000000e+00 0.000000000000000000e+00
0.000000000000000000e+00 0.000000000000000000e+00 0.000000000000000000e+00 0.000000000000000000e+00 0.000000000000000000e+00
0.000000000000000000e+00 0.000000000000000000e+00 0.000000000000000000e+00 0.000000000000000000e+00 0.000000000000000000e+00
0.000000000000000000e+00 0.000000000000000000e+00 0.000000000000000000e+00 0.000000000000000000e+00 0.000000000000000000e+00
0.000000000000000000e+00 0.000000000000000000e+00 0.000000000000000000e+00 0.000000000000000000e+00 0.000000000000000000e+00
0.000000000000000000e+00 0.000000000000000000e+00 0.000000000000000000e+00 0.000000000000000000e+00 0.000000000000000000e+00
0.000000000000000000e+00 0.000000000000000000e+00 0.000000000000000000e+00 0.000000000000000000e+00 0.000000000000000000e+00
0.000000000000000000e+00 0.000000000000000000e+00 0.000000000000000000e+00 0.000000000000000000e+00 0.000000000000000000e+00
0.000000000000000000e+00 0.000000000000000000e+00 0.000000000000000000e+00 0.000000000000000000e+00 0.000000000000000000e+00
0.000000000000000000e+00 0.000000000000000000e+00 0.000000000000000000e+00 0.000000000000000000e+00 0.000000000000000000e+00
0.000000000000000000e+00 0.000000000000000000e+00 0.000000000000000000e+00 0.000000000000000000e+00 0.000000000000000000e+00
0.000000000000000000e+00 0.000000000000000000e+00 0.000000000000000000e+00 0.000000000000000000e+00 0.000000000000000000e+00
0.000000000000000000e+00 0.000000000000000000e+00 0.000000000000000000e+00 0.000000000000000000e+00 0.000000000000000000e+00
0.000000000000000000e+00 0.000000000000000000e+00 0.000000000000000000e+00 0.000000000000000000e+00 0.000000000000000000e+00
0.000000000000000000e+00 0.000000000000000000e+00 0.000000000000000000e+00 0.000000000000000000e+00 0.000000000000000000e+00
0.000000000000000000e+00 0.000000000000000000e+00 0.000000000000000000e+00 0.000000000000000000e+00 0.000000000000000000e+00
0.000000000000000000e+00 0.000000000000000000e+00 0.000000000000000000e+00 0.000000000000000000e+00 0.000000000000000000e+00
0.000000000000000000e+00 0.000000000000000000e+00 0.000000000000000000e+00 0.000000000000000000e+00 0.000000000000000000e+00
0.000000000000000000e+00 0.000000000000000000e+00 0.000000000000000000e+00 0.000000000000000000e+00 0.000000000000000000e+00
0.000000000000000000e+00 0.000000000000000000e+00 0.000000000000000000e+00 0.000000000000000000e+00 0.000000000000000000e+00
0.000000000000000000e+00 0.000000000000000000e+00 0.000000000000000000e+00 0.000000000000000000e+00 0.000000000000000000e+00
0.000000000000000000e+00 0.000000000000000000e+00 0.000000000000000000e+00 0.000000000000000000e+00 0.000000000000000000e+00
0.000000000000000000e+00 0.000000000000000000e+00 0.000000000000000000e+00 0.000000000000000000e+00 0.000000000000000000e+00
0.000000000000000000e+00 0.000000000000000000e+00 0.000000000000000000e+00 0.000000000000000000e+00 0.000000000000000000e+00
0.000000000000000000e+00 0.000000000000000000e+00 0.000000000000000000e+00 0.000000000000000000e+00 0.000000000000000000e+00
0.000000000000000000e+00 0.000000000000000000e+00 0.000000000000000000e+00 0.000000000000000000e+00 0.000000000000000000e+00
0.000000000000000000e+00 0.000000000000000000e+00 0.000000000000000000e+00 0.000000000000000000e+00 0.000000000000000000e+00
0.000000000000000000e+00 0.000000000000000000e+00 0.000000000000000000e+00 0.000000000000000000e+00 0.000000000000000000e+00
0.000000000000000000e+00 0.000000000000000000e+00 0.000000000000000000e+00 0.000000000000000000e+00 0.000000000000000000e+00
0.000000000000000000e+00 0.000000000000000000e+00 0.000000000000000000e+00 0.000000000000000000e+00 0.000000000000000000e+00
0.000000000000000000e+00 0.000000000000000000e+00 0.000000000000000000e+00 0.000000000000000000e+00 0.000000000000000000e+00
0.000000000000000000e+00 0.000000000000000000e+00 0.000000000000000000e+00 0.000000000000000000e+00 0.000000000000000000e+00
0.000000000000000000e+00 0.000000000000000000e+00 0.000000000000000000e+00 0.000000000000000000e+00 0.000000000000000000e+00
0.000000000000000000e+00 0.000000000000000000e+00 0.000000000000000000e+00 0.000000000000000000e+00 0.000000000000000000e+00
0.000000000000000000e+00 0.000000000000000000e+00 0.000000000000000000e+00 0.000000000000000000e+00 0.000000000000000000e+00
0.000000000000000000e+00 0.000000000000000000e+00 0.000000000000000000e+00 0.000000000000000000e+00 0.000000000000000000e+00
0.000000000000000000e+00 0.000000000000000000e+00 0.000000000000000000e+00 0.000000000000000000e+00 0.000000000000000000e+00
0.000000000000000000e+00 0.000000000000000000e+00 0.000000000000000000e+00 0.000000000000000000e+00 0.000000000000000000e+00
0.000000000000000000e+00 0.000000000000000000e+00 0.000000000000000000e+00 0.000000000000000000e+00 0.000000000000000000e+00
0.000000000000000000e+00 0.000000000000000000e+00 0.000000000000000000e+00 0.000000000000000000e+00 0.000000000000000000e+00
0.000000000000000000e+00 0.000000000000000000e+00 0.000000000000000000e+00 0.000000000000000000e+00 0.000000000000000000e+00
0.000000000000000000e+00 0.000000000000000000e+00 0.000000000000000000e+00 0.000000000000000000e+00 0.000000000000000000e+00
0.000000000000000000e+00 0.000000000000000000e+00 0.000000000000000000e+00 0.000000000000000000e+00 0.000000000000000000e+00
0.000000000000000000e+00 0.000000000000000000e+00 0.000000000000000000e+00 0.000000000000000000e+00 0.000000000000000000e+00
0.000000000000000000e+00 0.000000000000000000e+00 0.000000000000000000e+00 0.000000000000000000e+00 0.000000000000000000e+00
0.000000000000000000e+00 0.000000000000000000e+00 0.000000000000000000e+00 0.000000000000000000e+00 0.000000000000000000e+00
0.000000000000000000e+00 0.000000000000000000e+00 0.000000000000000000e+00 0.000000000000000000e+00 0.000000000000000000e+00
0.000000000000000000e+00 0.000000000000000000e+00 0.000000000000000000e+00 0.000000000000000000e+00 0.000000000000000000e+00
0.000000000000000000e+00 0.000000000000000000e+00 0.000000000000000000e+00 0.000000000000000000e+00 0.000000000000000000e+00
0.000000000000000000e+00 0.000000000000000000e+00 0.000000000000000000e+00 0.000000000000000000e+00 0.000000000000000000e+00
0.000000000000000000e+00 0.000000000000000000e+00 0.000000000000000000e+00 0.000000000000000000e+00 0.000000000000000000e+00
0.000000000000000000e+00 0.000000000000000000e+00 0.000000000000000000e+00 0.000000000000000000e+00 0.000000000000000000e+00
0.000000000000000000e+00 0.000000000000000000e+00 0.000000000000000000e+00 0.000000000000000000e+00 0.000000000000000000e+00
0.000000000000000000e+00 0.000000000000000000e+00 0.000000000000000000e+00 0.000000000000000000e+00 0.000000000000000000e+00
0.000000000000000000e+00 0.000000000000000000e+00 0.000000000000000000e+00 0.000000000000000000e+00 0.000000000000000000e+00
0.000000000000000000e+00 0.000000000000000000e+00 0.000000000000000000e+00 0.000000000000000000e+00 0.000000000000000000e+00
0.000000000000000000e+00 0.000000000000000000e+00 0.000000000000000000e+00 0.000000000000000000e+00 0.000000000000000000e+00
0.000000000000000000e+00 0.000000000000000000e+00 0.000000000000000000e+00 0.000000000000000000e+00 0.000000000000000000e+00
0.000000000000000000e+00 0.000000000000000000e+00 0.000000000000000000e+00 0.000000000000000000e+00 0.000000000000000000e+00
0.000000000000000000e+00 0.000000000000000000e+00 0.000000000000000000e+00 0.000000000000000000e+00 0.000000000000000000e+00
0.000000000000000000e+00 0.000000000000000000e+00 0.000000000000000000e+00 0.000000000000000000e+00 0.000000000000000000e+00
0.000000000000000000e+00 0.000000000000000000e+00 0.000000000000000000e+00 0.000000000000000000e+00 0.000000000000000000e+00
0.000000000000000000e+00 0.000000000000000000e+00 0.000000000000000000e+00 0.000000000000000000e+00 0.000000000000000000e+00
0.000000000000000000e+00 0.000000000000000000e+00 0.000000000000000000e+00 0.000000000000000000e+00 0.000000000000000000e+00
0.000000000000000000e+00 0.000000000000000000e+00 0.000000000000000000e+00 0.000000000000000000e+00 0.000000000000000000e+00
0.000000000000000000e+00 0.000000000000000000e+00 0.000000000000000000e+00 0.000000000000000000e+00 0.000000000000000000e+00
0.000000000000000000e+00 0.000000000000000000e+00 0.000000000000000000e+00 0.000000000000000000e+00 0.000000000000000000e+00
0.000000000000000000e+00 0.000000000000000000e+00 0.000000000000000000e+00 0.000000000000000000e+00 0.000000000000000000e+00
0.000000000000000000e+00 0.000000000000000000e+00 0.000000000000000000e+00 0.000000000000000000e+00 0.000000000000000000e+00
0.000000000000000000e+00 0.000000000000000000e+00 0.000000000000000000e+00 0.000000000000000000e+00 0.000000000000000000e+00
0.000000000000000000e+00 0.000000000000000000e+00 0.000000000000000000e+00 0.000000000000000000e+00 0.000000000000000000e+00
0.000000000000000000e+00 0.000000000000000000e+00 0.000000000000000000e+00 0.000000000000000000e+00 0.000000000000000000e+00
0.000000000000000000e+00 0.000000000000000000e+00 0.000000000000000000e+00 0.000000000000000000e+00 0.000000000000000000e+00
0.000000000000000000e+00 0.000000000000000000e+00 0.000000000000000000e+00 0.000000000000000000e+00 0.000000000000000000e+00
0.000000000000000000e+00 0.000000000000000000e+00 0.000000000000000000e+00 0.000000000000000000e+00 0.000000000000000000e+00
0.000000000000000000e+00 0.000000000000000000e+00 0.000000000000000000e+00 0.000000000000000000e+00 0.000000000000000000e+00
0.000000000000000000e+00 0.000000000000000000e+00 0.000000000000000000e+00 0.000000000000000000e+00 0.000000000000000000e+00
0.000000000000000000e+00 0.000000000000000000e+00 0.000000000000000000e+00 0.000000000000000000e+00 0.000000000000000000e+00
0.000000000000000000e+00 0.000000000000000000e+00 0.000000000000000000e+00 0.000000000000000000e+00 0.000000000000000000e+00
0.000000000000000000e+00 0.000000000000000000e+00 0.000000000000000000e+00 0.000000000000000000e+00 0.000000000000000000e+00
0.000000000000000000e+00 0.000000000000000000e+00 0.000000000000000000e+00 0.000000000000000000e+00 0.000000000000000000e+00
0.000000000000000000e+00 0.000000000000000000e+00 0.000000000000000000e+00 0.000000000000000000e+00 0.000000000000000000e+00
0.000000000000000000e+00 0.000000000000000000e+00 0.000000000000000000e+00 0.000000000000000000e+00 0.000000000000000000e+00
0.000000000000000000e+00 0.000000000000000000e+00 0.000000000000000000e+00 0.000000000000000000e+00 0.000000000000000000e+00
0.000000000000000000e+00 0.000000000000000000e+00 0.000000000000000000e+00 0.000000000000000000e+00 0.000000000000000000e+00
0.000000000000000000e+00 0.000000000000000000e+00 0.000000000000000000e+00 0.000000000000000000e+00 0.000000000000000000e+00
0.000000000000000000e+00 0.000000000000000000e+00 0.000000000000000000e+00 0.000000000000000000e+00 0.000000000000000000e+00
0.000000000000000000e+00 0.000000000000000000e+00 0.000000000000000000e+00 0.000000000000000000e+00 0.000000000000000000e+00
0.000000000000000000e+00 0.000000000000000000e+00 0.000000000000000000e+00 0.000000000000000000e+00 0.000000000000000000e+00
0.000000000000000000e+00 0.000000000000000000e+00 0.000000000000000000e+00 0.000000000000000000e+00 0.000000000000000000e+00
0.000000000000000000e+00 0.000000000000000000e+00 0.000000000000000000e+00 0.000000000000000000e+00 0.000000000000000000e+00
0.000000000000000000e+00 0.000000000000000000e+00 0.000000000000000000e+00 0.000000000000000000e+00 0.000000000000000000e+00
0.000000000000000000e+00 0.000000000000000000e+00 0.000000000000000000e+00 0.000000000000000000e+00 0.000000000000000000e+00
0.000000000000000000e+00 0.000000000000000000e+00 0.000000000000000000e+00 0.000000000000000000e+00 0.000000000000000000e+00
0.000000000000000000e+00 0.000000000000000000e+00 0.000000000000000000e+00 0.000000000000000000e+00 0.000000000000000000e+00
0.000000000000000000e+00 0.000000000000000000e+00 0.000000000000000000e+00 0.000000000000000000e+00 0.000000000000000000e+00
0.000000000000000000e+00 0.000000000000000000e+00 0.000000000000000000e+00 0.000000000000000000e+00 0.000000000000000000e+00
0.000000000000000000e+00 0.000000000000000000e+00 0.000000000000000000e+00 0.000000000000000000e+00 0.000000000000000000e+00
0.000000000000000000e+00 0.000000000000000000e+00 0.000000000000000000e+00 0.000000000000000000e+00 0.000000000000000000e+00
0.000000000000000000e+00 0.000000000000000000e+00 0.000000000000000000e+00 0.000000000000000000e+00 0.000000000000000000e+00
0.000000000000000000e+00 0.000000000000000000e+00 0.000000000000000000e+00 0.000000000000000000e+00 0.000000000000000000e+00
0.000000000000000000e+00 0.000000000000000000e+00 0.000000000000000000e+00 0.000000000000000000e+00 0.000000000000000000e+00
0.000000000000000000e+00 0.000000000000000000e+00 0.000000000000000000e+00 0.000000000000000000e+00 0.000000000000000000e+00
0.000000000000000000e+00 0.000000000000000000e+00 0.000000000000000000e+00 0.000000000000000000e+00 0.000000000000000000e+00
0.000000000000000000e+00 0.000000000000000000e+00 0.000000000000000000e+00 0.000000000000000000e+00 0.000000000000000000e+00
0.000000000000000000e+00 0.000000000000000000e+00 0.000000000000000000e+00 0.000000000000000000e+00 0.000000000000000000e+00
0.000000000000000000e+00 0.000000000000000000e+00 0.000000000000000000e+00 0.000000000000000000e+00 0.000000000000000000e+00
0.000000000000000000e+00 0.000000000000000000e+00 0.000000000000000000e+00 0.000000000000000000e+00 0.000000000000000000e+00
0.000000000000000000e+00 0.000000000000000000e+00 0.000000000000000000e+00 0.000000000000000000e+00 0.000000000000000000e+00
0.000000000000000000e+00 0.000000000000000000e+00 0.000000000000000000e+00 0.000000000000000000e+00 0.000000000000000000e+00
0.000000000000000000e+00 0.000000000000000000e+00 0.000000000000000000e+00 0.000000000000000000e+00 0.000000000000000000e+00
0.000000000000000000e+00 0.000000000000000000e+00 0.000000000000000000e+00 0.000000000000000000e+00 0.000000000000000000e+00
0.000000000000000000e+00 0.000000000000000000e+00 0.000000000000000000e+00 0.000000000000000000e+00 0.000000000000000000e+00
0.000000000000000000e+00 0.000000000000000000e+00 0.000000000000000000e+00 0.000000000000000000e+00 0.000000000000000000e+00
0.000000000000000000e+00 0.000000000000000000e+00 0.000000000000000000e+00 0.000000000000000000e+00 0.000000000000000000e+00
0.000000000000000000e+00 0.000000000000000000e+00 0.000000000000000000e+00 0.000000000000000000e+00 0.000000000000000000e+00
0.000000000000000000e+00 0.000000000000000000e+00 0.000000000000000000e+00 0.000000000000000000e+00 0.000000000000000000e+00
0.000000000000000000e+00 0.000000000000000000e+00 0.000000000000000000e+00 0.000000000000000000e+00 0.000000000000000000e+00
0.000000000000000000e+00 0.000000000000000000e+00 0.000000000000000000e+00 0.000000000000000000e+00 0.000000000000000000e+00
0.000000000000000000e+00 0.000000000000000000e+00 0.000000000000000000e+00 0.000000000000000000e+00 0.000000000000000000e+00
0.000000000000000000e+00 0.000000000000000000e+00 0.000000000000000000e+00 0.000000000000000000e+00 0.000000000000000000e+00
0.000000000000000000e+00 0.000000000000000000e+00 0.000000000000000000e+00 0.000000000000000000e+00 0.000000000000000000e+00
0.000000000000000000e+00 0.000000000000000000e+00 0.000000000000000000e+00 0.000000000000000000e+00 0.000000000000000000e+00
0.000000000000000000e+00 0.000000000000000000e+00 0.000000000000000000e+00 0.000000000000000000e+00 0.000000000000000000e+00
0.000000000000000000e+00 0.000000000000000000e+00 0.000000000000000000e+00 0.000000000000000000e+00 0.000000000000000000e+00
0.000000000000000000e+00 0.000000000000000000e+00 0.000000000000000000e+00 0.000000000000000000e+00 0.000000000000000000e+00
0.000000000000000000e+00 0.000000000000000000e+00 0.000000000000000000e+00 0.000000000000000000e+00 0.000000000000000000e+00
0.000000000000000000e+00 0.000000000000000000e+00 0.000000000000000000e+00 0.000000000000000000e+00 0.000000000000000000e+00
0.000000000000000000e+00 0.000000000000000000e+00 0.000000000000000000e+00 0.000000000000000000e+00 0.000000000000000000e+00
0.000000000000000000e+00 0.000000000000000000e+00 0.000000000000000000e+00 0.000000000000000000e+00 0.000000000000000000e+00
0.000000000000000000e+00 0.000000000000000000e+00 0.000000000000000000e+00 0.000000000000000000e+00 0.000000000000000000e+00
0.000000000000000000e+00 0.000000000000000000e+00 0.000000000000000000e+00 0.000000000000000000e+00 0.000000000000000000e+00
0.000000000000000000e+00 0.000000000000000000e+00 0.000000000000000000e+00 0.000000000000000000e+00 0.000000000000000000e+00
0.000000000000000000e+00 0.000000000000000000e+00 0.000000000000000000e+00 0.000000000000000000e+00 0.000000000000000000e+00
0.000000000000000000e+00 0.000000000000000000e+00 0.000000000000000000e+00 0.000000000000000000e+00 0.000000000000000000e+00
0.000000000000000000e+00 0.000000000000000000e+00 0.000000000000000000e+00 0.000000000000000000e+00 0.000000000000000000e+00
0.000000000000000000e+00 0.000000000000000000e+00 0.000000000000000000e+00 0.000000000000000000e+00 0.000000000000000000e+00
0.000000000000000000e+00 0.000000000000000000e+00 0.000000000000000000e+00 0.000000000000000000e+00 0.000000000000000000e+00
0.000000000000000000e+00 0.000000000000000000e+00 0.000000000000000000e+00 0.000000000000000000e+00 0.000000000000000000e+00
0.000000000000000000e+00 0.000000000000000000e+00 0.000000000000000000e+00 0.000000000000000000e+00 0.000000000000000000e+00
0.000000000000000000e+00 0.000000000000000000e+00 0.000000000000000000e+00 0.000000000000000000e+00 0.000000000000000000e+00
0.000000000000000000e+00 0.000000000000000000e+00 0.000000000000000000e+00 0.000000000000000000e+00 0.000000000000000000e+00
0.000000000000000000e+00 0.000000000000000000e+00 0.000000000000000000e+00 0.000000000000000000e+00 0.000000000000000000e+00
0.000000000000000000e+00 0.000000000000000000e+00 0.000000000000000000e+00 0.000000000000000000e+00 0.000000000000000000e+00
0.000000000000000000e+00 0.000000000000000000e+00 0.000000000000000000e+00 0.000000000000000000e+00 0.000000000000000000e+00
0.000000000000000000e+00 0.000000000000000000e+00 0.000000000000000000e+00 0.000000000000000000e+00 0.000000000000000000e+00
0.000000000000000000e+00 0.000000000000000000e+00 0.000000000000000000e+00 0.000000000000000000e+00 0.000000000000000000e+00
0.000000000000000000e+00 0.000000000000000000e+00 0.000000000000000000e+00 0.000000000000000000e+00 0.000000000000000000e+00
0.000000000000000000e+00 0.000000000000000000e+00 0.000000000000000000e+00 0.000000000000000000e+00 0.000000000000000000e+00
0.000000000000000000e+00 0.000000000000000000e+00 0.000000000000000000e+00 0.000000000000000000e+00 0.000000000000000000e+00
0.000000000000000000e+00 0.000000000000000000e+00 0.000000000000000000e+00 0.000000000000000000e+00 0.000000000000000000e+00
0.000000000000000000e+00 0.000000000000000000e+00 0.000000000000000000e+00 0.000000000000000000e+00 0.000000000000000000e+00
0.000000000000000000e+00 0.000000000000000000e+00 0.000000000000000000e+00 0.000000000000000000e+00 0.000000000000000000e+00
0.000000000000000000e+00 0.000000000000000000e+00 0.000000000000000000e+00 0.000000000000000000e+00 0.000000000000000000e+00
0.000000000000000000e+00 0.000000000000000000e+00 0.000000000000000000e+00 0.000000000000000000e+00 0.000000000000000000e+00
0.000000000000000000e+00 0.000000000000000000e+00 0.000000000000000000e+00 0.000000000000000000e+00 0.000000000000000000e+00
0.000000000000000000e+00 0.000000000000000000e+00 0.000000000000000000e+00 0.000000000000000000e+00 0.000000000000000000e+00
0.000000000000000000e+00 0.000000000000000000e+00 0.000000000000000000e+00 0.000000000000000000e+00 0.000000000000000000e+00
0.000000000000000000e+00 0.000000000000000000e+00 0.000000000000000000e+00 0.000000000000000000e+00 0.000000000000000000e+00
0.000000000000000000e+00 0.000000000000000000e+00 0.000000000000000000e+00 0.000000000000000000e+00 0.000000000000000000e+00
0.000000000000000000e+00 0.000000000000000000e+00 0.000000000000000000e+00 0.000000000000000000e+00 0.000000000000000000e+00
0.000000000000000000e+00 0.000000000000000000e+00 0.000000000000000000e+00 0.000000000000000000e+00 0.000000000000000000e+00
0.000000000000000000e+00 0.000000000000000000e+00 0.000000000000000000e+00 0.000000000000000000e+00 0.000000000000000000e+00
0.000000000000000000e+00 0.000000000000000000e+00 0.000000000000000000e+00 0.000000000000000000e+00 0.000000000000000000e+00
0.000000000000000000e+00 0.000000000000000000e+00 0.000000000000000000e+00 0.000000000000000000e+00 0.000000000000000000e+00
0.000000000000000000e+00 0.000000000000000000e+00 0.000000000000000000e+00 0.000000000000000000e+00 0.000000000000000000e+00
0.000000000000000000e+00 0.000000000000000000e+00 0.000000000000000000e+00 0.000000000000000000e+00 0.000000000000000000e+00
0.000000000000000000e+00 0.000000000000000000e+00 0.000000000000000000e+00 0.000000000000000000e+00 0.000000000000000000e+00
0.000000000000000000e+00 0.000000000000000000e+00 0.000000000000000000e+00 0.000000000000000000e+00 0.000000000000000000e+00
0.000000000000000000e+00 0.000000000000000000e+00 0.000000000000000000e+00 0.000000000000000000e+00 0.000000000000000000e+00
0.000000000000000000e+00 0.000000000000000000e+00 0.000000000000000000e+00 0.000000000000000000e+00 0.000000000000000000e+00
0.000000000000000000e+00 0.000000000000000000e+00 0.000000000000000000e+00 0.000000000000000000e+00 0.000000000000000000e+00
0.000000000000000000e+00 0.000000000000000000e+00 0.000000000000000000e+00 0.000000000000000000e+00 0.000000000000000000e+00
0.000000000000000000e+00 0.000000000000000000e+00 0.000000000000000000e+00 0.000000000000000000e+00 0.000000000000000000e+00
0.000000000000000000e+00 0.000000000000000000e+00 0.000000000000000000e+00 0.000000000000000000e+00 0.000000000000000000e+00
0.000000000000000000e+00 0.000000000000000000e+00 0.000000000000000000e+00 0.000000000000000000e+00 0.000000000000000000e+00
0.000000000000000000e+00 0.000000000000000000e+00 0.000000000000000000e+00 0.000000000000000000e+00 0.000000000000000000e+00
0.000000000000000000e+00 0.000000000000000000e+00 0.000000000000000000e+00 0.000000000000000000e+00 0.000000000000000000e+00
0.000000000000000000e+00 0.000000000000000000e+00 0.000000000000000000e+00 0.000000000000000000e+00 0.000000000000000000e+00
0.000000000000000000e+00 0.000000000000000000e+00 0.000000000000000000e+00 0.000000000000000000e+00 0.000000000000000000e+00
0.000000000000000000e+00 0.000000000000000000e+00 0.000000000000000000e+00 0.000000000000000000e+00 0.000000000000000000e+00
0.000000000000000000e+00 0.000000000000000000e+00 0.000000000000000000e+00 0.000000000000000000e+00 0.000000000000000000e+00
0.000000000000000000e+00 0.000000000000000000e+00 0.000000000000000000e+00 0.000000000000000000e+00 0.000000000000000000e+00
0.000000000000000000e+00 0.000000000000000000e+00 0.000000000000000000e+00 0.000000000000000000e+00 0.000000000000000000e+00
0.000000000000000000e+00 0.000000000000000000e+00 0.000000000000000000e+00 0.000000000000000000e+00 0.000000000000000000e+00
0.000000000000000000e+00 0.000000000000000000e+00 0.000000000000000000e+00 0.000000000000000000e+00 0.000000000000000000e+00
0.000000000000000000e+00 0.000000000000000000e+00 0.000000000000000000e+00 0.000000000000000000e+00 0.000000000000000000e+00
0.000000000000000000e+00 0.000000000000000000e+00 0.000000000000000000e+00 0.000000000000000000e+00 0.000000000000000000e+00
0.000000000000000000e+00 0.000000000000000000e+00 0.000000000000000000e+00 0.000000000000000000e+00 0.000000000000000000e+00
0.000000000000000000e+00 0.000000000000000000e+00 0.000000000000000000e+00 0.000000000000000000e+00 0.000000000000000000e+00
0.000000000000000000e+00 0.000000000000000000e+00 0.000000000000000000e+00 0.000000000000000000e+00 0.000000000000000000e+00
0.000000000000000000e+00 0.000000000000000000e+00 0.000000000000000000e+00 0.000000000000000000e+00 0.000000000000000000e+00
0.000000000000000000e+00 0.000000000000000000e+00 0.000000000000000000e+00 0.000000000000000000e+00 0.000000000000000000e+00
0.000000000000000000e+00 0.000000000000000000e+00 0.000000000000000000e+00 0.000000000000000000e+00 0.000000000000000000e+00
0.000000000000000000e+00 0.000000000000000000e+00 0.000000000000000000e+00 0.000000000000000000e+00 0.000000000000000000e+00
0.000000000000000000e+00 0.000000000000000000e+00 0.000000000000000000e+00 0.000000000000000000e+00 0.000000000000000000e+00
0.000000000000000000e+00 0.000000000000000000e+00 0.000000000000000000e+00 0.000000000000000000e+00 0.000000000000000000e+00
0.000000000000000000e+00 0.000000000000000000e+00 0.000000000000000000e+00 0.000000000000000000e+00 0.000000000000000000e+00
0.000000000000000000e+00 0.000000000000000000e+00 0.000000000000000000e+00 0.000000000000000000e+00 0.000000000000000000e+00
0.000000000000000000e+00 0.000000000000000000e+00 0.000000000000000000e+00 0.000000000000000000e+00 0.000000000000000000e+00
0.000000000000000000e+00 0.000000000000000000e+00 0.000000000000000000e+00 0.000000000000000000e+00 0.000000000000000000e+00
0.000000000000000000e+00 0.000000000000000000e+00 0.000000000000000000e+00 0.000000000000000000e+00 0.000000000000000000e+00
0.000000000000000000e+00 0.000000000000000000e+00 0.000000000000000000e+00 0.000000000000000000e+00 0.000000000000000000e+00
0.000000000000000000e+00 0.000000000000000000e+00 0.000000000000000000e+00 0.000000000000000000e+00 0.000000000000000000e+00
0.000000000000000000e+00 0.000000000000000000e+00 0.000000000000000000e+00 0.000000000000000000e+00 0.000000000000000000e+00
0.000000000000000000e+00 0.000000000000000000e+00 0.000000000000000000e+00 0.000000000000000000e+00 0.000000000000000000e+00
0.000000000000000000e+00 0.000000000000000000e+00 0.000000000000000000e+00 0.000000000000000000e+00 0.000000000000000000e+00
0.000000000000000000e+00 0.000000000000000000e+00 0.000000000000000000e+00 0.000000000000000000e+00 0.000000000000000000e+00
0.000000000000000000e+00 0.000000000000000000e+00 0.000000000000000000e+00 0.000000000000000000e+00 0.000000000000000000e+00
0.000000000000000000e+00 0.000000000000000000e+00 0.000000000000000000e+00 0.000000000000000000e+00 0.000000000000000000e+00
0.000000000000000000e+00 0.000000000000000000e+00 0.000000000000000000e+00 0.000000000000000000e+00 0.000000000000000000e+00
0.000000000000000000e+00 0.000000000000000000e+00 0.000000000000000000e+00 0.000000000000000000e+00 0.000000000000000000e+00
0.000000000000000000e+00 0.000000000000000000e+00 0.000000000000000000e+00 0.000000000000000000e+00 0.000000000000000000e+00
0.000000000000000000e+00 0.000000000000000000e+00 0.000000000000000000e+00 0.000000000000000000e+00 0.000000000000000000e+00
0.000000000000000000e+00 0.000000000000000000e+00 0.000000000000000000e+00 0.000000000000000000e+00 0.000000000000000000e+00
0.000000000000000000e+00 0.000000000000000000e+00 0.000000000000000000e+00 0.000000000000000000e+00 0.000000000000000000e+00
0.000000000000000000e+00 0.000000000000000000e+00 0.000000000000000000e+00 0.000000000000000000e+00 0.000000000000000000e+00
0.000000000000000000e+00 0.000000000000000000e+00 0.000000000000000000e+00 0.000000000000000000e+00 0.000000000000000000e+00
0.000000000000000000e+00 0.000000000000000000e+00 0.000000000000000000e+00 0.000000000000000000e+00 0.000000000000000000e+00
0.000000000000000000e+00 0.000000000000000000e+00 0.000000000000000000e+00 0.000000000000000000e+00 0.000000000000000000e+00
0.000000000000000000e+00 0.000000000000000000e+00 0.000000000000000000e+00 0.000000000000000000e+00 0.000000000000000000e+00
0.000000000000000000e+00 0.000000000000000000e+00 0.000000000000000000e+00 0.000000000000000000e+00 0.000000000000000000e+00
0.000000000000000000e+00 0.000000000000000000e+00 0.000000000000000000e+00 0.000000000000000000e+00 0.000000000000000000e+00
0.000000000000000000e+00 0.000000000000000000e+00 0.000000000000000000e+00 0.000000000000000000e+00 0.000000000000000000e+00
0.000000000000000000e+00 0.000000000000000000e+00 0.000000000000000000e+00 0.000000000000000000e+00 0.000000000000000000e+00
0.000000000000000000e+00 0.000000000000000000e+00 0.000000000000000000e+00 0.000000000000000000e+00 0.000000000000000000e+00
0.000000000000000000e+00 0.000000000000000000e+00 0.000000000000000000e+00 0.000000000000000000e+00 0.000000000000000000e+00
0.000000000000000000e+00 0.000000000000000000e+00 0.000000000000000000e+00 0.000000000000000000e+00 0.000000000000000000e+00
0.000000000000000000e+00 0.000000000000000000e+00 0.000000000000000000e+00 0.000000000000000000e+00 0.000000000000000000e+00
0.000000000000000000e+00 0.000000000000000000e+00 0.000000000000000000e+00 0.000000000000000000e+00 0.000000000000000000e+00
0.000000000000000000e+00 0.000000000000000000e+00 0.000000000000000000e+00 0.000000000000000000e+00 0.000000000000000000e+00
0.000000000000000000e+00 0.000000000000000000e+00 0.000000000000000000e+00 0.000000000000000000e+00 0.000000000000000000e+00
0.000000000000000000e+00 0.000000000000000000e+00 0.000000000000000000e+00 0.000000000000000000e+00 0.000000000000000000e+00
0.000000000000000000e+00 0.000000000000000000e+00 0.000000000000000000e+00 0.000000000000000000e+00 0.000000000000000000e+00
0.000000000000000000e+00 0.000000000000000000e+00 0.000000000000000000e+00 0.000000000000000000e+00 0.000000000000000000e+00
0.000000000000000000e+00 0.000000000000000000e+00 0.000000000000000000e+00 0.000000000000000000e+00 0.000000000000000000e+00
0.000000000000000000e+00 0.000000000000000000e+00 0.000000000000000000e+00 0.000000000000000000e+00 0.000000000000000000e+00
0.000000000000000000e+00 0.000000000000000000e+00 0.000000000000000000e+00 0.000000000000000000e+00 0.000000000000000000e+00
0.000000000000000000e+00 0.000000000000000000e+00 0.000000000000000000e+00 0.000000000000000000e+00 0.000000000000000000e+00
0.000000000000000000e+00 0.000000000000000000e+00 0.000000000000000000e+00 0.000000000000000000e+00 0.000000000000000000e+00
0.000000000000000000e+00 0.000000000000000000e+00 0.000000000000000000e+00 0.000000000000000000e+00 0.000000000000000000e+00
0.000000000000000000e+00 0.000000000000000000e+00 0.000000000000000000e+00 0.000000000000000000e+00 0.000000000000000000e+00
0.000000000000000000e+00 0.000000000000000000e+00 0.000000000000000000e+00 0.000000000000000000e+00 0.000000000000000000e+00
0.000000000000000000e+00 0.000000000000000000e+00 0.000000000000000000e+00 0.000000000000000000e+00 0.000000000000000000e+00
0.000000000000000000e+00 0.000000000000000000e+00 0.000000000000000000e+00 0.000000000000000000e+00 0.000000000000000000e+00
0.000000000000000000e+00 0.000000000000000000e+00 0.000000000000000000e+00 0.000000000000000000e+00 0.000000000000000000e+00
0.000000000000000000e+00 0.000000000000000000e+00 0.000000000000000000e+00 0.000000000000000000e+00 0.000000000000000000e+00
0.000000000000000000e+00 0.000000000000000000e+00 0.000000000000000000e+00 0.000000000000000000e+00 0.000000000000000000e+00
0.000000000000000000e+00 0.000000000000000000e+00 0.000000000000000000e+00 0.000000000000000000e+00 0.000000000000000000e+00
0.000000000000000000e+00 0.000000000000000000e+00 0.000000000000000000e+00 0.000000000000000000e+00 0.000000000000000000e+00
0.000000000000000000e+00 0.000000000000000000e+00 0.000000000000000000e+00 0.000000000000000000e+00 0.000000000000000000e+00
0.000000000000000000e+00 0.000000000000000000e+00 0.000000000000000000e+00 0.000000000000000000e+00 0.000000000000000000e+00
0.000000000000000000e+00 0.000000000000000000e+00 0.000000000000000000e+00 0.000000000000000000e+00 0.000000000000000000e+00
0.000000000000000000e+00 0.000000000000000000e+00 0.000000000000000000e+00 0.000000000000000000e+00 0.000000000000000000e+00
0.000000000000000000e+00 0.000000000000000000e+00 0.000000000000000000e+00 0.000000000000000000e+00 0.000000000000000000e+00
0.000000000000000000e+00 0.000000000000000000e+00 0.000000000000000000e+00 0.000000000000000000e+00 0.000000000000000000e+00
-2.080555830609165380e+00 -1.493646312385634056e+00 -4.295569228246358673e-01 1.984566421064669628e+00 2.722600010553602345e+00
-2.006220456139298225e+00 -1.654460390742060971e+00 -7.673184622804252175e-01 1.242952849171678142e+00 2.980769353406384603e+00
-1.783087093604254436e+00 -1.837959636928446772e+00 -1.022994218585516091e+00 6.071393192628879998e-01 2.855442013616341423e+00
-1.323184711746034692e+00 -2.005750611027726116e+00 -1.241466549195461511e+00 8.487642900243286270e-02 2.380629808708629280e+00
-6.072966086214087733e-01 -2.103465906078384240e+00 -1.445577276732213479e+00 -3.367489303996865635e-01 1.724560698924781033e+00
2.788970930580394469e-01 -2.067184100035772243e+00 -1.648422581009783450e+00 -6.739778694175495577e-01 1.044672757084675885e+00
1.205215765051536048e+00 -1.826704641864525192e+00 -1.847426447466911759e+00 -9.522379643499996327e-01 4.265090578169288271e-01
2.037211900790202090e+00 -1.345816605857049986e+00 -2.016985732310078827e+00 -1.196956282901697755e+00 -9.403244309617586616e-02
2.650232812451490005e+00 -6.431426050357178514e-01 -2.109937987326353959e+00 -1.426882282351162434e+00 -5.102738839026500495e-01
2.946923191654683638e+00 2.176568905730232040e-01 -2.066227758565130301e+00 -1.649978324527501261e+00 -8.355587913280567713e-01
2.890760813957110820e+00 1.136259746551925298e+00 -1.827150156496862188e+00 -1.860018651365459297e+00 -1.094557784552214086e+00
2.528817293547475753e+00 1.980307427728494218e+00 -1.355460522521660049e+00 -2.033876882525538665e+00 -1.314129366295710977e+00
1.971186540335750914e+00 2.607192882441013548e+00 -6.575814327700939543e-01 -2.129359023709341603e+00 -1.516103186979932183e+00
1.339976062725920736e+00 2.907656462372972594e+00 2.053596334557994396e-01 -2.087188229130036987e+00 -1.712069765400496157e+00
7.284143636982405301e-01 2.850154291722774236e+00 1.124746560220313274e+00 -1.845219910233115046e+00 -1.898714755654791642e+00
1.887220272756926498e-01 2.492479589043780752e+00 1.963709635344417226e+00 -1.366210523221390805e+00 -2.053193041086990966e+00
-2.613184980122741363e-01 1.948344771176665935e+00 2.584776015500538371e+00 -6.628781010018323094e-01 -2.130795150541840322e+00
-6.273770523695386681e-01 1.335797821668267105e+00 2.886774259260325604e+00 1.979657743289489069e-01 -2.070019462337878036e+00
-9.285827492473349709e-01 7.424759472352702172e-01 2.840549584091530022e+00 1.108506464658702173e+00 -1.809957291565885029e+00
-1.188658270075745538e+00 2.172994526235185742e-01 2.498871050332065025e+00 1.937769211777014000e+00 -1.316998083267702846e+00
-1.428134057646852861e+00 -2.228121679597815374e-01 1.968159174350157636e+00 2.554872476506816259e+00 -6.056918871633126811e-01
-1.658158802522849085e+00 -5.829653791171638400e-01 1.362128409187904676e+00 2.862501904507221973e+00 2.592977877330164826e-01
-1.876017127656426142e+00 -8.810795111113570721e-01 7.681583099703321871e-01 2.830830240197686365e+00 1.174959530610911962e+00
-2.061957132881409471e+00 -1.139593318085418083e+00 2.374548499600943607e-01 2.507820561596875386e+00 2.014645545482677935e+00
-2.177601519444566147e+00 -1.378247545090490522e+00 -2.098386656147115115e-01 1.993832230804779337e+00 2.646730503220792396e+00
-2.168317186371562233e+00 -1.608385393506480909e+00 -5.756580034510910826e-01 1.398632502787688914e+00 2.963999648450341695e+00
-1.973926652451578390e+00 -1.828653133863423097e+00 -8.755666941442453721e-01 8.090033382714094667e-01 2.920459761547398614e+00
-1.550193215654717349e+00 -2.021395187313030029e+00 -1.131133512513805117e+00 2.778260485124843804e-01 2.553772664496227751e+00
-8.937306666556134038e-01 -2.149866216361310478e+00 -1.363002987928999543e+00 -1.725685175159749341e-01 1.970361698506649883e+00
-5.383799085956997299e-02 -2.159483502426402524e+00 -1.584795371040563783e+00 -5.426668697489755999e-01 1.299686663799105579e+00
8.753751331254240320e-01 -1.988984572108713156e+00 -1.797877376862079046e+00 -8.476136295459800740e-01 6.493328561689146738e-01
1.771031998590520740e+00 -1.592547634135243584e+00 -1.987073976085373062e+00 -1.109021677187930877e+00 8.362385219106438505e-02
2.497738735262927001e+00 -9.620911837393434363e-01 -2.117950495484517859e+00 -1.347339998022536456e+00 -3.749307906322268957e-01
2.933038617308954876e+00 -1.374822934649982953e-01 -2.137536373123785527e+00 -1.575726434681179011e+00 -7.332001914660221109e-01
3.007895379877466802e+00 7.941422490262599609e-01 -1.982565544685615411e+00 -1.795439972673060769e+00 -1.013791287449557821e+00
2.739962154252616688e+00 1.705378488910963108e+00 -1.599829801554184527e+00 -1.991697581351568047e+00 -1.244384861814322729e+00
2.225954634201475102e+00 2.447619832151414432e+00 -9.743382364121143668e-01 -2.129647911172128261e+00 -1.450231843885524841e+00
1.594055588639366805e+00 2.889010532030439116e+00 -1.476126310120499940e-01 -2.153638163118037685e+00 -1.648393502966366553e+00
9.541390490006503855e-01 2.962859693190937893e+00 7.850925321543055224e-01 -1.997026109382514347e+00 -1.842452135648118272e+00
3.749695474596232980e-01 2.696400071581473323e+00 1.691314768415063785e+00 -1.607081271565544478e+00 -2.017401761376397928e+00
-1.139696983802900299e-01 2.192724409904821758e+00 2.425464994850783373e+00 -9.746961189401042169e-01 -2.135986488991836296e+00
-5.115774803788943892e-01 1.578677056569970816e+00 2.863536145623678753e+00 -1.478319807107166817e-01 -2.140208233632024282e+00
-8.341654060897970568e-01 9.586508820701542533e-01 2.944095957396025476e+00 7.767811609466617195e-01 -1.963731168354692969e+00
-1.105882313183230492e+00 3.967100180489093741e-01 2.692318013277759547e+00 1.670853637216382914e+00 -1.557007995236673326e+00
-1.350294627177006657e+00 -7.973460424869403818e-02 2.204202436142948862e+00 2.395686363839999888e+00 -9.139775103511413867e-01
-1.583454611226716269e+00 -4.695376920566350365e-01 1.600343379323571513e+00 2.833210359120175603e+00 -8.229868591464804817e-02
-1.808729129956934356e+00 -7.878766792174327627e-01 9.829909738589444057e-01 2.923901932504244794e+00 8.452822389125714819e-01
-2.013073980465685420e+00 -1.057472121308371316e+00 4.175827448023892163e-01 2.689658532400954538e+00 1.745826998161118748e+00
-2.164580213983364310e+00 -1.300763218265729382e+00 -6.544142224965111831e-02 2.220101848762507046e+00 2.482997749641846053e+00
-2.212789156026610637e+00 -1.533483920823574875e+00 -4.615962368606412736e-01 1.630326322475200485e+00 2.932735815306205307e+00
-2.095764901506752320e+00 -1.759839828372049331e+00 -7.832481829675267404e-01 1.020466244346448503e+00 3.020398415360761035e+00
-1.758220097165093643e+00 -1.968675468232703230e+00 -1.051548779953044965e+00 4.568607208301129208e-01 2.753274012867499732e+00
-1.177908142274687098e+00 -2.130092159033322829e+00 -1.289107438530938898e+00 -2.791359552122474330e-02 2.220450044403207368e+00
-3.849970111128064310e-01 -2.194378551104441577e+00 -1.513472015808941640e+00 -4.275745258025850370e-01 1.553343502829582778e+00
5.392677540796999569e-01 -2.098877305139460692e+00 -1.731505952970389117e+00 -7.537208595282393064e-01 8.746075206727768059e-01
1.477987089573818302e+00 -1.787219338802304103e+00 -1.934639642663306125e+00 -1.027457175086412544e+00 2.663842073907842223e-01
2.294862093145376924e+00 -1.234285229609801693e+00 -2.095324499515467842e+00 -1.271284670776192893e+00 -2.349599375719717553e-01
2.855135787592268937e+00 -4.621000961910988192e-01 -2.166000777222718554e+00 -1.502246330761665138e+00 -6.282277172102767038e-01
3.062873909687233276e+00 4.576043231422543545e-01 -2.083873957967397494e+00 -1.726803509889105026e+00 -9.328563502336042479e-01
2.902951907999859138e+00 1.407993741929901343e+00 -1.786914076265910589e+00 -1.936610795437409216e+00 -1.176719754289071496e+00
2.450880177475301736e+00 2.240988189027516952e+00 -1.241692316800956153e+00 -2.104174893002212166e+00 -1.387518580588434025e+00
1.834315861556524707e+00 2.809327289034525332e+00 -4.685637652363187633e-01 -2.180009635128337564e+00 -1.586542911933254585e+00
1.176958212117802605e+00 3.015562265540238762e+00 4.534111276134273893e-01 -2.097619405177901353e+00 -1.783259375792268342e+00
5.641282165205345756e-01 2.853668471465014900e+00 1.399845847680102118e+00 -1.793664548139527026e+00 -1.969983329027778396e+00
3.808701303297201690e-02 2.408252620797147081e+00 2.222953115681589153e+00 -1.239408692500767017e+00 -2.117249879888348119e+00
-3.920001864145659098e-01 1.808097518966186312e+00 2.783071551271488531e+00 -4.628280999866918322e-01 -2.172694430518672171e+00
-7.382990478091404629e-01 1.171675360272254052e+00 2.990583397072892780e+00 4.531169799074548088e-01 -2.068983302258727619e+00
-1.024093513015798651e+00 5.784736109149697381e-01 2.840524137081830602e+00 1.386554632222634309e+00 -1.745449163364969802e+00
-1.274821525436352632e+00 6.751724765199118572e-02 2.411386917736725088e+00 2.196476733290933847e+00 -1.177369445201964071e+00
-1.510455882349110102e+00 -3.526607720164410265e-01 1.824366505497320157e+00 2.750477630912625315e+00 -3.941214160677021239e-01
-1.739652165248251503e+00 -6.933380293517362736e-01 1.193893776614089131e+00 2.963072735812344316e+00 5.241815098549617025e-01
-1.955529135120308348e+00 -9.763252837199356549e-01 5.996264639328683366e-01 2.828026577202582548e+00 1.461192904227298861e+00
-2.132658983017040377e+00 -1.225667351600957744e+00 8.318092010464385455e-02 2.417983680840082528e+00 2.280322679981445777e+00
-2.225995262308119838e+00 -1.460581469847870739e+00 -3.435573836659591151e-01 1.847569909229142660e+00 2.846887431230936016e+00
-2.174979272878109438e+00 -1.690058389201208433e+00 -6.887400562475562982e-01 1.227535750624237254e+00 3.062899813778213964e+00
-1.917794637131857494e+00 -1.908762284963160250e+00 -9.720338161939868771e-01 6.374115288461947859e-01 2.905394908402185727e+00
-1.416689888931842667e+00 -2.093399596583954470e+00 -1.216957483443022126e+00 1.206790921898921454e-01 2.440362145894160673e+00
-6.826999306983906335e-01 -2.200260454603883531e+00 -1.443991904761129375e+00 -3.087432589055746357e-01 1.793858497913328298e+00
2.180376654700082462e-01 -2.168511680524495056e+00 -1.664596468852389544e+00 -6.578750023948266579e-01 1.099054884656663011e+00
1.177129452295521794e+00 -1.935445974152854909e+00 -1.876102238178586123e+00 -9.461659604209163854e-01 4.549077104919154735e-01
2.060871644354232757e+00 -1.461680232590430339e+00 -2.057601628931363447e+00 -1.197097960848443998e+00 -8.728668647667059410e-02
2.728247712363355504e+00 -7.520443495589846927e-01 -2.167714947443996287e+00 -1.430705999296280062e+00 -5.166073149074847937e-01
3.062953821744856864e+00 1.377246430075433903e-01 -2.146746567081922130e+00 -1.657855529008691597e+00 -8.478301447272290625e-01
3.018606218172616096e+00 1.103597170901404301e+00 -1.928379165478482538e+00 -1.875840200275038283e+00 -1.107848556363463244e+00
2.644066521614969467e+00 2.003080478319820834e+00 -1.464827351007608858e+00 -2.064025734659135303e+00 -1.325826931867448710e+00
2.058796675710890423e+00 2.680957567552149978e+00 -7.561640760442058795e-01 -2.179875199296097854e+00 -1.526331461342159690e+00
1.395732185293936833e+00 3.015207487532271191e+00 1.366326261844337253e-01 -2.160202481178813638e+00 -1.723751773605882054e+00
7.559693920367587250e-01 2.966522027278309270e+00 1.100480536809104404e+00 -1.935970775179324921e+00 -1.916896789478300445e+00
1.954937388814821375e-01 2.594702192319100043e+00 1.990143692556628707e+00 -1.462292226524449346e+00 -2.083848148728903116e+00
-2.672735749769138414e-01 2.023290268856570595e+00 2.656540001119781724e+00 -7.470626818130288171e-01 -2.179044184964427533e+00
-6.391959151122478255e-01 1.381122059360475385e+00 2.986949664882697864e+00 1.426969665619668426e-01 -2.137419861310738689e+00
-9.415299864882523684e-01 7.627306854894579935e-01 2.946259001590597837e+00 1.094339604725801607e+00 -1.891637438410600947e+00
-1.200491016025673430e+00 2.196786502430800869e-01 2.590097884015558183e+00 1.968634158076408625e+00 -1.401138196089903198e+00
-1.439055370774257492e+00 -2.310637851803800935e-01 2.033891848555391846e+00 2.624412226650700397e+00 -6.767273430987867933e-01
-1.670446692251867926e+00 -5.958451284717707352e-01 1.400678281851124307e+00 2.954885743788182584e+00 2.159834644083542254e-01
-1.893399606678227709e+00 -8.945150969730054635e-01 7.837486409692446809e-01 2.925811479795624948e+00 1.169439141477914168e+00
-2.088730558617870603e+00 -1.151739611126871843e+00 2.366213448575647249e-01 2.588145639555575528e+00 2.050001628238268925e+00
-2.217352079284368394e+00 -1.389398299046233687e+00 -2.205005092526756971e-01 2.050272195500595807e+00 2.717320933841170127e+00
-2.222107316972854907e+00 -1.620590477745912139e+00 -5.906536727738196380e-01 1.430132004845855898e+00 3.055464812864398194e+00
-2.038285857708100224e+00 -1.845185143347431778e+00 -8.910975161228544827e-01 8.196899996011293155e-01 3.013300532336433690e+00
-1.616241989872452711e+00 -2.046062250577862951e+00 -1.145342461878649409e+00 2.738412097805552059e-01 2.630150511336707631e+00
-9.489518476003195868e-01 -2.185907939299569502e+00 -1.375937349985117963e+00 -1.850826040944775208e-01 2.020092296711216040e+00
-8.589351129106503890e-02 -2.207812028889299505e+00 -1.598146434795324700e+00 -5.586415020979497159e-01 1.321668806452826361e+00
8.752005469823175288e-01 -2.046289346312303525e+00 -1.814530445232304778e+00 -8.636374500158695566e-01 6.488371008732074507e-01
1.805663075630632886e+00 -1.650724567969023893e+00 -2.010425167223623077e+00 -1.123563856293545937e+00 6.841509942904555608e-02
2.562624736350294086e+00 -1.009856791936236453e+00 -2.150868668853583632e+00 -1.360638422092619315e+00 -3.974716849494360216e-01
3.015536290652062412e+00 -1.632560886502043285e-01 -2.180834288952211875e+00 -1.589452133722530913e+00 -7.574911484153243890e-01
3.090204347883849678e+00 7.990953209619722220e-01 -2.033164172461287666e+00 -1.812258226835169905e+00 -1.036427711887896619e+00
2.805864970389156721e+00 1.743716677157881145e+00 -1.649782717135237720e+00 -2.014675385626455206e+00 -1.264026429135126861e+00
2.266858033695101859e+00 2.513450432387295486e+00 -1.012350915047304456e+00 -2.161229353208750759e+00 -1.467328063804300697e+00
1.609983521677861074e+00 2.968154362732795537e+00 -1.627473454214390935e-01 -2.193970578744664834e+00 -1.664832960717818500e+00
9.504946551326252102e-01 3.037466520114876722e+00 7.997036092607254787e-01 -2.042153740910397808e+00 -1.861067665093173229e+00
3.587501493008318221e-01 2.752177306188121175e+00 1.735913391259202854e+00 -1.648606601197156740e+00 -2.041192948855099942e+00
-1.364340708719230522e-01 2.223700979863495686e+00 2.492535723694502270e+00 -1.002102245241832668e+00 -2.166914974760493884e+00
-5.355460910195379842e-01 1.586669764344625699e+00 2.939052558359897649e+00 -1.521588449242325669e-01 -2.177620616962105959e+00
-8.567763474209922903e-01 9.495934325376520491e-01 3.012011996628073174e+00 8.000655996293197791e-01 -2.003077713664162651e+00
-1.126124721476723822e+00 3.772982508869953677e-01 2.740618259884639141e+00 1.720183017310851215e+00 -1.590160321431581147e+00
-1.368721620642349146e+00 -1.037871638527014806e-01 2.228504114640355471e+00 2.462837336728520565e+00 -9.316871983344540142e-01
-1.601693843632524539e+00 -4.941304885849263084e-01 1.603065315982886263e+00 2.904758943823854800e+00 -7.732860005406183568e-02
-1.828877941988519495e+00 -8.106782806100548688e-01 9.700235531994924054e-01 2.985415188658008923e+00 8.759839573595613604e-01
-2.037008558660593049e+00 -1.077817070847218339e+00 3.953234169259520758e-01 2.730954341270126928e+00 1.799927778655310950e+00
-2.193121937581818059e+00 -1.319327125721379002e+00 -9.162287570887572841e-02 2.238097011948753767e+00 2.552325989379466087e+00
-2.244716457716422031e+00 -1.551809397995519202e+00 -4.878906277344542408e-01 1.627997821143330803e+00 3.004285023680498767e+00
-2.126971961475911055e+00 -1.779803203355637908e+00 -8.075015500092712628e-01 1.003758845335610994e+00 3.079768986972914124e+00
-1.781825019393806109e+00 -1.991895243562145312e+00 -1.073136180284540053e+00 4.320083470435147621e-01 2.789808531294723615e+00
-1.186043661842924868e+00 -2.157161830172065198e+00 -1.308639571054020179e+00 -5.577229071300793262e-02 2.230861894494293729e+00
-3.716028854284285643e-01 -2.223890456157341600e+00 -1.532378056005030853e+00 -4.548883711679692077e-01 1.541367436982319816e+00
5.763573541934310374e-01 -2.126673060836301143e+00 -1.751525157577780378e+00 -7.786127724721947363e-01 8.477188840491702848e-01
1.536109523780425645e+00 -1.806724236519971605e+00 -1.957215250717528221e+00 -1.049558852692383359e+00 2.323447156685349846e-01
2.366069510824678979e+00 -1.238196659926196652e+00 -2.120865548959046443e+00 -1.291367664181902963e+00 -2.701291889173620397e-01
2.926709934809505587e+00 -4.445832617612369697e-01 -2.193006099496693118e+00 -1.521750993006595332e+00 -6.608368240344372202e-01
3.120515162225964367e+00 4.988719405669559959e-01 -2.108141989731512567e+00 -1.747350527614247806e+00 -9.613219488428949022e-01
2.936308597871158277e+00 1.469963560487776322e+00 -1.801623738882470960e+00 -1.959449006437476770e+00 -1.201071016456179086e+00
2.457506326120076690e+00 2.314287492791474499e+00 -1.239236280695211967e+00 -2.129405780317250141e+00 -1.408895565791952853e+00
1.818920696726945563e+00 2.879698766123517384e+00 -4.435307815022938582e-01 -2.205569709782316590e+00 -1.606712883349021626e+00
1.147471982705555060e+00 3.068513513077940846e+00 5.018419523084851619e-01 -2.118545231911067361e+00 -1.804069634887465190e+00
5.281440665303251958e-01 2.880364625370295695e+00 1.466754755710993674e+00 -1.802727975037894392e+00 -1.992660089681600910e+00
1.238753074537246590e-03 2.408337092203300500e+00 2.297784262143022005e+00 -1.229586448409276223e+00 -2.141510563152590141e+00
-4.263058814687429865e-01 1.787637402883089033e+00 2.851682801794808597e+00 -4.301918990655853037e-01 -2.195843158358188774e+00
-7.686473872907225724e-01 1.138913825693545157e+00 3.039693737577529475e+00 5.077321195489532535e-01 -2.085580889344176292e+00
-1.050649405753259602e+00 5.406975844464418923e-01 2.862750067842624979e+00 1.457043512765059834e+00 -1.748412847074420684e+00
-1.298791426568141949e+00 2.988284789495176952e-02 2.407316139151506551e+00 2.271878207632085367e+00 -1.160517356730723426e+00
-1.533472382876809981e+00 -3.871866663085646865e-01 1.800394853638609183e+00 2.817079313444295519e+00 -3.546478272407236898e-01
-1.763149109167676976e+00 -7.236793422325602521e-01 1.158259293370616838e+00 3.008624110786950467e+00 5.845273802481230074e-01
-1.980124529417992996e+00 -1.002860738501770932e+00 5.595207981991872082e-01 2.846256771605518043e+00 1.535858075115304366e+00
-2.157515368490354746e+00 -1.249684687159320129e+00 4.366777997569393222e-02 2.410212290161908744e+00 2.358301532418639823e+00
-2.248213006758955856e+00 -1.483684454294549759e+00 -3.795764503186637717e-01 1.820473809049657721e+00 2.914375012052257130e+00
-2.189357142474009255e+00 -1.713596042300037148e+00 -7.202165475817188245e-01 1.189391141143522068e+00 3.107016802069964445e+00
-1.917613583040064462e+00 -1.933268551365841637e+00 -9.993436569199459774e-01 5.953808855614098894e-01 2.918986661588804488e+00
-1.395908318967890693e+00 -2.117958617428580936e+00 -1.241386952945101818e+00 7.977379486653002338e-02 2.424642042792294117e+00
-6.385917570813532951e-01 -2.221848295465230105e+00 -1.467172104198854576e+00 -3.457220192457483021e-01 1.756742305258472303e+00
2.834960587212134175e-01 -2.181799991281287099e+00 -1.687915768507435299e+00 -6.900444299213519539e-01 1.050843507721864745e+00
1.257257472061170889e+00 -1.933794531716402920e+00 -1.900098502597258321e+00 -9.740914194703926832e-01 4.045159135116385141e-01
2.144661511067941895e+00 -1.439262202897973353e+00 -2.081333242993921306e+00 -1.222192551004356975e+00 -1.340397985818436444e-01
2.801496823531393510e+00 -7.059552261678508911e-01 -2.188164609086534096e+00 -1.454610075627613242e+00 -5.570153298087233695e-01
3.111801360343482425e+00 2.060174376103163230e-01 -2.158518895161207762e+00 -1.681879481856105363e+00 -8.815452881325556156e-01
3.035028358848448793e+00 1.187196486777349014e+00 -1.924387634547971793e+00 -1.900416039010513591e+00 -1.136014369151274073e+00
2.629250743940837243e+00 2.089512101305263769e+00 -1.438610676647341213e+00 -2.088024376356676814e+00 -1.350351705740009844e+00
2.021271777935782943e+00 2.754320873532690950e+00 -7.049348795592065287e-01 -2.199830764745206224e+00 -1.549281246717552962e+00
1.346313809701713105e+00 3.061247170063276180e+00 2.101299881888696319e-01 -2.170021233154197482e+00 -1.746745550930712376e+00
7.037097886514452894e-01 2.978508935705691751e+00 1.187723790348918174e+00 -1.928142185020013555e+00 -1.940412393635788657e+00
1.462497268132056938e-01 2.575667076877872663e+00 2.077751489056664624e+00 -1.430834284628585307e+00 -2.106441430225872491e+00
-3.106367244449594889e-01 1.982853476464504938e+00 2.728856457588384021e+00 -6.904550081146249019e-01 -2.196699687340637919e+00
-6.761373010420368423e-01 1.330188909615462656e+00 3.030757209156204723e+00 2.204120423120326244e-01 -2.143635837799818145e+00
-9.731035171274172724e-01 7.099434391377072995e-01 2.955835946892144683e+00 1.183882455920193255e+00 -1.879024298841031948e+00
-1.228583664369499839e+00 1.704441342804154935e-01 2.568906277318927511e+00 2.056541654973793598e+00 -1.364375758701279251e+00
-1.465630075130216481e+00 -2.742075885068926411e-01 1.991520336421627624e+00 2.695520167781390253e+00 -6.150896378356083272e-01
-1.696856115315468427e+00 -6.325582831261912231e-01 1.347909410683713727e+00 2.996772692611308297e+00 2.979312490562098237e-01
-1.919781796595813050e+00 -9.259488578430709049e-01 7.292002274628375247e-01 2.933441277502558897e+00 1.262295630389604684e+00
-2.113448491203498314e+00 -1.179795732874673098e+00 1.857670499181592050e-01 2.565262146979081503e+00 2.140408180692678464e+00
-2.236535272383199935e+00 -1.416006962573743477e+00 -2.650147687454310619e-01 2.006420183255245959e+00 2.789922232522948686e+00
-2.229639689728455831e+00 -1.647076787463068293e+00 -6.283723853701972395e-01 1.375999847645706486e+00 3.096844052097224242e+00
-2.026888713867013081e+00 -1.871708403831066736e+00 -9.230845256039366120e-01 7.638977098971171387e-01 3.017022083103773955e+00
-1.580024429464453650e+00 -2.071034411145205922e+00 -1.173486961836600173e+00 2.219268581360060999e-01 2.599508337796372803e+00
-8.863608698163553123e-01 -2.205433502355085729e+00 -1.402257224946362957e+00 -2.304405981186854468e-01 1.965951946030326525e+00
-1.038794912348151023e-03 -2.215648230982355305e+00 -1.624118194594679210e+00 -5.970474969947874300e-01 1.257143647176509171e+00
9.731185783854900961e-01 -2.035121964923037652e+00 -1.840448040861862200e+00 -8.962822590059856820e-01 5.846975684298603149e-01
1.903375164740530368e+00 -1.614727963417418310e+00 -2.034792708240665604e+00 -1.152436396036600197e+00 1.117793086043561424e-02
2.644212457868161614e+00 -9.471084203169023441e-01 -2.169897258130413231e+00 -1.387757421469731245e+00 -4.452912257510961425e-01
3.066030311338653114e+00 -7.701182283526364358e-02 -2.188302703121072224e+00 -1.616223073652131470e+00 -7.962120508581187472e-01
3.101390138055567292e+00 8.997980957403755031e-01 -2.021307729655101859e+00 -1.838910647288612310e+00 -1.067984130869313653e+00
2.780147709769282827e+00 1.844262237142604954e+00 -1.611899217538777629e+00 -2.039622132945540844e+00 -1.291012689933112689e+00
2.215242166536388169e+00 2.596017924433515756e+00 -9.462508468771844150e-01 -2.180356886008767425e+00 -1.492270040458303582e+00
1.546011168681312054e+00 3.017055864919419239e+00 -7.272440440791216876e-02 -2.200420070413748874e+00 -1.689529189166750767e+00
8.851926224297270718e-01 3.045571875061749978e+00 9.030563685965128373e-01 -2.027668378563448393e+00 -1.885882881920305065e+00
2.988952033118710827e-01 2.723675718971708015e+00 1.837137837678928909e+00 -1.606836111697431013e+00 -2.064299291159950922e+00
-1.878686609181783318e-01 2.170626688114321912e+00 2.574150440549376029e+00 -9.320302515729093074e-01 -2.183691755355236186e+00
-5.783756923179180776e-01 1.522511025960073372e+00 2.986442206498612251e+00 -5.925813921665512574e-02 -2.180806602298662522e+00
-8.926124548270010228e-01 8.848243159774626942e-01 3.018931293031095642e+00 9.046579379760936179e-01 -1.984509336711449468e+00
-1.157425801000374621e+00 3.181904057626276927e-01 2.711392116799375085e+00 1.821167364950061929e+00 -1.544086745947468309e+00
-1.397897983476495076e+00 -1.545525538605913018e-01 2.174797631464213232e+00 2.543367284745626566e+00 -8.577578265779824962e-01
-1.630336230174570300e+00 -5.364874618976022136e-01 1.538032155752704355e+00 2.950994733313499374e+00 1.867156681887905192e-02
-1.857128355540274667e+00 -8.462481659855221050e-01 9.040757725928432187e-01 2.991620592569503856e+00 9.830377289529408369e-01
-2.063023398783843110e+00 -1.109006530905999099e+00 3.348763802879795026e-01 2.701455402277854745e+00 1.903054983220297647e+00
-2.212653285694723415e+00 -1.348481171386825661e+00 -1.436614010313758127e-01 2.184222365636589558e+00 2.634630015885236709e+00
-2.251122664190070566e+00 -1.580497763144193879e+00 -5.312213117628302728e-01 1.562610297826408701e+00 3.050872031085496427e+00
-2.112310900731678487e+00 -1.808236464185068781e+00 -8.435643953387746974e-01 9.372191547765574837e-01 3.083108459612211139e+00
-1.739534727427557659e+00 -2.018366158076705830e+00 -1.104272812181369856e+00 3.708505323513704433e-01 2.753219206651788209e+00
-1.114316426972316254e+00 -2.177501088573873922e+00 -1.337284897896524161e+00 -1.085070937733700891e-01 2.166714868707784625e+00
-2.751245451982815560e-01 -2.231376267245341438e+00 -1.560311047872082968e+00 -4.988639100045418884e-01 1.465141790987774195e+00
6.871370160782973580e-01 -2.113270219380084747e+00 -1.779182785785859089e+00 -8.153352816287000593e-01 7.723634503175735855e-01
1.646510816198164084e+00 -1.765877256481120705e+00 -1.983069347817655759e+00 -1.081448196900842484e+00 1.657241299324805073e-01
2.458771443811946344e+00 -1.167713112606401760e+00 -2.140926201423748232e+00 -1.320855836998533483e+00 -3.250368163349735551e-01
2.985114699396497873e+00 -3.480846493574062395e-01 -2.200682881497828092e+00 -1.550540916676034220e+00 -7.045080179033611500e-01
3.134714167158924703e+00 6.115615769964031223e-01 -2.095073640492123968e+00 -1.775821860330820234e+00 -9.961544666320094610e-01
2.907946108531136442e+00 1.583132827562038214e+00 -1.760284891623471459e+00 -1.986043314436147789e+00 -1.230195722151898652e+00
2.398551907270379591e+00 2.408578981549549525e+00 -1.166776359476113578e+00 -2.149929030830772803e+00 -1.435319317780211934e+00
1.745108027957700259e+00 2.937380619169962070e+00 -3.442826723136476197e-01 -2.212876612470877191e+00 -1.632606471517470847e+00
1.072020889115919529e+00 3.080459152858917804e+00 6.165219632716874010e-01 -2.103704750999543904e+00 -1.830046605917831304e+00
4.592580014596598925e-01 2.850003556056568854e+00 1.580209917793770735e+00 -1.758386795455144203e+00 -2.017013188957093028e+00
-5.748404926590444664e-02 2.348780343778189561e+00 2.390969135063865547e+00 -1.153982232585338608e+00 -2.159577222326841017e+00
-4.746003194673532599e-01 1.714548501915492906e+00 2.908019064825980049e+00 -3.288556582411007456e-01 -2.200043408103659726e+00
-8.083642394349780380e-01 1.064830954789215189e+00 3.051025755589326760e+00 6.229296914647409755e-01 -2.067010402996304563e+00
-1.084651278231614890e+00 4.732111035604955607e-01 2.832573154608725829e+00 1.569724219212956795e+00 -1.700281347092815976e+00
-1.329933913430239478e+00 -2.772899049594745868e-02 2.348130207735859454e+00 2.363767791549531427e+00 -1.081717083783393152e+00
-1.563736702862861261e+00 -4.347448966154873751e-01 1.727279833634007611e+00 2.872459292040479895e+00 -2.509605377051288277e-01
-1.792962641729185957e+00 -7.629885445813409106e-01 1.083570703350977826e+00 3.019848507554765860e+00 7.014840111556509550e-01
-2.007817443645300237e+00 -1.036676778972488222e+00 4.909986879417111982e-01 2.816709759988464512e+00 1.650214065688843101e+00
-2.178896778079018492e+00 -1.280756073006022344e+00 -1.511356184237211409e-02 2.351844697787912164e+00 2.451972211567439608e+00
-2.256512305391244588e+00 -1.513949389997829353e+00 -4.281167822694988967e-01 1.747858893056904783e+00 2.970761149520718458e+00
-2.176154747639343690e+00 -1.743555882296061510e+00 -7.600524407015261108e-01 1.114715885248685145e+00 3.116502133751546388e+00
-1.875413574682928797e+00 -1.961435886408792406e+00 -1.033095003508280207e+00 5.265006712098037056e-01 2.883366399996301510e+00
-1.321820792996469596e+00 -2.140309376570217914e+00 -1.271855789914837498e+00 2.046254389535251406e-02 2.356366396901459659e+00
-5.367408279277394723e-01 -2.231605064720590281e+00 -1.496519974078607929e+00 -3.948424725844459360e-01 1.672935890231726841e+00
4.024412747406855839e-01 -2.170430473305558827e+00 -1.716929162641353646e+00 -7.305158794789392562e-01 9.666536887999412908e-01
1.377961802013574877e+00 -1.893776324846300207e+00 -1.927535294935695642e+00 -1.008591596101536592e+00 3.295880758496239071e-01
2.248893291289825402e+00 -1.367403010023362731e+00 -2.103396626959912474e+00 -1.253523363066026297e+00 -1.957401536165428446e-01
2.871103282941265267e+00 -6.052761071554777494e-01 -2.198296081576773364e+00 -1.484853128231688135e+00 -6.056792734361760022e-01
3.134496920519250551e+00 3.258978388969342999e-01 -2.148038565521840138e+00 -1.711752121242828384e+00 -9.197277853565964945e-01
3.010276801963211124e+00 1.310386817058501130e+00 -1.884860280657636222e+00 -1.928672011502523986e+00 -1.167211477664527486e+00
2.568522685781479797e+00 2.195762287198353313e+00 -1.365865711210261901e+00 -2.110765256006678303e+00 -1.378001959788113462e+00
1.941703509873740074e+00 2.823912344543152209e+00 -6.022892203149733392e-01 -2.210050101918294985e+00 -1.575995192468442108e+00
1.263283657897783074e+00 3.082250191710251830e+00 3.316028835719233570e-01 -2.158419471403947743e+00 -1.773570664072932956e+00
6.271950266423864662e-01 2.952125732751940568e+00 1.310993632761888961e+00 -1.886241264278476049e+00 -1.966061475155026494e+00
8.088468213422261854e-02 2.514726716071342683e+00 2.182716305427215175e+00 -1.355414846681157082e+00 -2.126602858013125985e+00
-3.641449588580956132e-01 1.904546527719422011e+00 2.796978365460396798e+00 -5.860974024186088593e-01 -2.203891902172511408e+00
-7.195943013175341019e-01 1.249139405392274860e+00 3.051258350226901506e+00 3.420164960136194421e-01 -2.128483001467785574e+00
-1.009591459969892302e+00 6.353837166793780966e-01 2.930102446529561977e+00 1.305980244941159940e+00 -1.833551334766007068e+00
