0.000000000000000000e+00 0.000000000000000000e+00 0.000000000000000000e+00 0.000000000000000000e+00 0.000000000000000000e+00
0.000000000000000000e+00 0.000000000000000000e+00 0.000000000000000000e+00 0.000000000000000000e+00 0.000000000000000000e+00
0.000000000000000000e+00 0.000000000000000000e+00 0.000000000000000000e+00 0.000000000000000000e+00 0.000000000000000000e+00
0.000000000000000000e+00 0.000000000000000000e+00 0.000000000000000000e+00 0.000000000000000000e+00 0.000000000000000000e+00
0.000000000000000000e+00 0.000000000000000000e+00 0.000000000000000000e+00 0.000000000000000000e+00 0.000000000000000000e+00
0.000000000000000000e+00 0.000000000000000000e+00 0.000000000000000000e+00 0.000000000000000000e+00 0.000000000000000000e+00
0.000000000000000000e+00 0.000000000000000000e+00 0.000000000000000000e+00 0.000000000000000000e+00 0.000000000000000000e+00
0.000000000000000000e+00 0.000000000000000000e+00 0.000000000000000000e+00 0.000000000000000000e+00 0.000000000000000000e+00
0.000000000000000000e+00 0.000000000000000000e+00 0.000000000000000000e+00 0.000000000000000000e+00 0.000000000000000000e+00
0.000000000000000000e+00 0.000000000000000000e+00 0.000000000000000000e+00 0.000000000000000000e+00 0.000000000000000000e+00
0.000000000000000000e+00 0.000000000000000000e+00 0.000000000000000000e+00 0.000000000000000000e+00 0.000000000000000000e+00
0.000000000000000000e+00 0.000000000000000000e+00 0.000000000000000000e+00 0.000000000000000000e+00 0.000000000000000000e+00
0.000000000000000000e+00 0.000000000000000000e+00 0.000000000000000000e+00 0.000000000000000000e+00 0.000000000000000000e+00
0.000000000000000000e+00 0.000000000000000000e+00 0.000000000000000000e+00 0.000000000000000000e+00 0.000000000000000000e+00
0.000000000000000000e+00 0.000000000000000000e+00 0.000000000000000000e+00 0.000000000000000000e+00 0.000000000000000000e+00
0.000000000000000000e+00 0.000000000000000000e+00 0.000000000000000000e+00 0.000000000000000000e+00 0.000000000000000000e+00
0.000000000000000000e+00 0.000000000000000000e+00 0.000000000000000000e+00 0.000000000000000000e+00 0.000000000000000000e+00
0.000000000000000000e+00 0.000000000000000000e+00 0.000000000000000000e+00 0.000000000000000000e+00 0.000000000000000000e+00
0.000000000000000000e+00 0.000000000000000000e+00 0.000000000000000000e+00 0.000000000000000000e+00 0.000000000000000000e+00
0.000000000000000000e+00 0.000000000000000000e+00 0.000000000000000000e+00 0.000000000000000000e+00 0.000000000000000000e+00
0.000000000000000000e+00 0.000000000000000000e+00 0.000000000000000000e+00 0.000000000000000000e+00 0.000000000000000000e+00
0.000000000000000000e+00 0.000000000000000000e+00 0.000000000000000000e+00 0.000000000000000000e+00 0.000000000000000000e+00
0.000000000000000000e+00 0.000000000000000000e+00 0.000000000000000000e+00 0.000000000000000000e+00 0.000000000000000000e+00
0.000000000000000000e+00 0.000000000000000000e+00 0.000000000000000000e+00 0.000000000000000000e+00 0.000000000000000000e+00
0.000000000000000000e+00 0.000000000000000000e+00 0.000000000000000000e+00 0.000000000000000000e+00 0.000000000000000000e+00
0.000000000000000000e+00 0.000000000000000000e+00 0.000000000000000000e+00 0.000000000000000000e+00 0.000000000000000000e+00
0.000000000000000000e+00 0.000000000000000000e+00 0.000000000000000000e+00 0.000000000000000000e+00 0.000000000000000000e+00
0.000000000000000000e+00 0.000000000000000000e+00 0.000000000000000000e+00 0.000000000000000000e+00 0.000000000000000000e+00
0.000000000000000000e+00 0.000000000000000000e+00 0.000000000000000000e+00 0.000000000000000000e+00 0.000000000000000000e+00
0.000000000000000000e+00 0.000000000000000000e+00 0.000000000000000000e+00 0.000000000000000000e+00 0.000000000000000000e+00
0.000000000000000000e+00 0.000000000000000000e+00 0.000000000000000000e+00 0.000000000000000000e+00 0.000000000000000000e+00
0.000000000000000000e+00 0.000000000000000000e+00 0.000000000000000000e+00 0.000000000000000000e+00 0.000000000000000000e+00
0.000000000000000000e+00 0.000000000000000000e+00 0.000000000000000000e+00 0.000000000000000000e+00 0.000000000000000000e+00
0.000000000000000000e+00 0.000000000000000000e+00 0.000000000000000000e+00 0.000000000000000000e+00 0.000000000000000000e+00
0.000000000000000000e+00 0.000000000000000000e+00 0.000000000000000000e+00 0.000000000000000000e+00 0.000000000000000000e+00
0.000000000000000000e+00 0.000000000000000000e+00 0.000000000000000000e+00 0.000000000000000000e+00 0.000000000000000000e+00
0.000000000000000000e+00 0.000000000000000000e+00 0.000000000000000000e+00 0.000000000000000000e+00 0.000000000000000000e+00
0.000000000000000000e+00 0.000000000000000000e+00 0.000000000000000000e+00 0.000000000000000000e+00 0.000000000000000000e+00
0.000000000000000000e+00 0.000000000000000000e+00 0.000000000000000000e+00 0.000000000000000000e+00 0.000000000000000000e+00
0.000000000000000000e+00 0.000000000000000000e+00 0.000000000000000000e+00 0.000000000000000000e+00 0.000000000000000000e+00
0.000000000000000000e+00 0.000000000000000000e+00 0.000000000000000000e+00 0.000000000000000000e+00 0.000000000000000000e+00
0.000000000000000000e+00 0.000000000000000000e+00 0.000000000000000000e+00 0.000000000000000000e+00 0.000000000000000000e+00
0.000000000000000000e+00 0.000000000000000000e+00 0.000000000000000000e+00 0.000000000000000000e+00 0.000000000000000000e+00
0.000000000000000000e+00 0.000000000000000000e+00 0.000000000000000000e+00 0.000000000000000000e+00 0.000000000000000000e+00
0.000000000000000000e+00 0.000000000000000000e+00 0.000000000000000000e+00 0.000000000000000000e+00 0.000000000000000000e+00
0.000000000000000000e+00 0.000000000000000000e+00 0.000000000000000000e+00 0.000000000000000000e+00 0.000000000000000000e+00
0.000000000000000000e+00 0.000000000000000000e+00 0.000000000000000000e+00 0.000000000000000000e+00 0.000000000000000000e+00
0.000000000000000000e+00 0.000000000000000000e+00 0.000000000000000000e+00 0.000000000000000000e+00 0.000000000000000000e+00
0.000000000000000000e+00 0.000000000000000000e+00 0.000000000000000000e+00 0.000000000000000000e+00 0.000000000000000000e+00
0.000000000000000000e+00 0.000000000000000000e+00 0.000000000000000000e+00 0.000000000000000000e+00 0.000000000000000000e+00
0.000000000000000000e+00 0.000000000000000000e+00 0.000000000000000000e+00 0.000000000000000000e+00 0.000000000000000000e+00
0.000000000000000000e+00 0.000000000000000000e+00 0.000000000000000000e+00 0.000000000000000000e+00 0.000000000000000000e+00
0.000000000000000000e+00 0.000000000000000000e+00 0.000000000000000000e+00 0.000000000000000000e+00 0.000000000000000000e+00
0.000000000000000000e+00 0.000000000000000000e+00 0.000000000000000000e+00 0.000000000000000000e+00 0.000000000000000000e+00
0.000000000000000000e+00 0.000000000000000000e+00 0.000000000000000000e+00 0.000000000000000000e+00 0.000000000000000000e+00
0.000000000000000000e+00 0.000000000000000000e+00 0.000000000000000000e+00 0.000000000000000000e+00 0.000000000000000000e+00
0.000000000000000000e+00 0.000000000000000000e+00 0.000000000000000000e+00 0.000000000000000000e+00 0.000000000000000000e+00
0.000000000000000000e+00 0.000000000000000000e+00 0.000000000000000000e+00 0.000000000000000000e+00 0.000000000000000000e+00
0.000000000000000000e+00 0.000000000000000000e+00 0.000000000000000000e+00 0.000000000000000000e+00 0.000000000000000000e+00
0.000000000000000000e+00 0.000000000000000000e+00 0.000000000000000000e+00 0.000000000000000000e+00 0.000000000000000000e+00
0.000000000000000000e+00 0.000000000000000000e+00 0.000000000000000000e+00 0.000000000000000000e+00 0.000000000000000000e+00
0.000000000000000000e+00 0.000000000000000000e+00 0.000000000000000000e+00 0.000000000000000000e+00 0.000000000000000000e+00
0.000000000000000000e+00 0.000000000000000000e+00 0.000000000000000000e+00 0.000000000000000000e+00 0.000000000000000000e+00
0.000000000000000000e+00 0.000000000000000000e+00 0.000000000000000000e+00 0.000000000000000000e+00 0.000000000000000000e+00
0.000000000000000000e+00 0.000000000000000000e+00 0.000000000000000000e+00 0.000000000000000000e+00 0.000000000000000000e+00
0.000000000000000000e+00 0.000000000000000000e+00 0.000000000000000000e+00 0.000000000000000000e+00 0.000000000000000000e+00
0.000000000000000000e+00 0.000000000000000000e+00 0.000000000000000000e+00 0.000000000000000000e+00 0.000000000000000000e+00
0.000000000000000000e+00 0.000000000000000000e+00 0.000000000000000000e+00 0.000000000000000000e+00 0.000000000000000000e+00
0.000000000000000000e+00 0.000000000000000000e+00 0.000000000000000000e+00 0.000000000000000000e+00 0.000000000000000000e+00
0.000000000000000000e+00 0.000000000000000000e+00 0.000000000000000000e+00 0.000000000000000000e+00 0.000000000000000000e+00
0.000000000000000000e+00 0.000000000000000000e+00 0.000000000000000000e+00 0.000000000000000000e+00 0.000000000000000000e+00
0.000000000000000000e+00 0.000000000000000000e+00 0.000000000000000000e+00 0.000000000000000000e+00 0.000000000000000000e+00
0.000000000000000000e+00 0.000000000000000000e+00 0.000000000000000000e+00 0.000000000000000000e+00 0.000000000000000000e+00
0.000000000000000000e+00 0.000000000000000000e+00 0.000000000000000000e+00 0.000000000000000000e+00 0.000000000000000000e+00
0.000000000000000000e+00 0.000000000000000000e+00 0.000000000000000000e+00 0.000000000000000000e+00 0.000000000000000000e+00
0.000000000000000000e+00 0.000000000000000000e+00 0.000000000000000000e+00 0.000000000000000000e+00 0.000000000000000000e+00
0.000000000000000000e+00 0.000000000000000000e+00 0.000000000000000000e+00 0.000000000000000000e+00 0.000000000000000000e+00
0.000000000000000000e+00 0.000000000000000000e+00 0.000000000000000000e+00 0.000000000000000000e+00 0.000000000000000000e+00
0.000000000000000000e+00 0.000000000000000000e+00 0.000000000000000000e+00 0.000000000000000000e+00 0.000000000000000000e+00
0.000000000000000000e+00 0.000000000000000000e+00 0.000000000000000000e+00 0.000000000000000000e+00 0.000000000000000000e+00
0.000000000000000000e+00 0.000000000000000000e+00 0.000000000000000000e+00 0.000000000000000000e+00 0.000000000000000000e+00
0.000000000000000000e+00 0.000000000000000000e+00 0.000000000000000000e+00 0.000000000000000000e+00 0.000000000000000000e+00
0.000000000000000000e+00 0.000000000000000000e+00 0.000000000000000000e+00 0.000000000000000000e+00 0.000000000000000000e+00
0.000000000000000000e+00 0.000000000000000000e+00 0.000000000000000000e+00 0.000000000000000000e+00 0.000000000000000000e+00
0.000000000000000000e+00 0.000000000000000000e+00 0.000000000000000000e+00 0.000000000000000000e+00 0.000000000000000000e+00
0.000000000000000000e+00 0.000000000000000000e+00 0.000000000000000000e+00 0.000000000000000000e+00 0.000000000000000000e+00
0.000000000000000000e+00 0.000000000000000000e+00 0.000000000000000000e+00 0.000000000000000000e+00 0.000000000000000000e+00
0.000000000000000000e+00 0.000000000000000000e+00 0.000000000000000000e+00 0.000000000000000000e+00 0.000000000000000000e+00
0.000000000000000000e+00 0.000000000000000000e+00 0.000000000000000000e+00 0.000000000000000000e+00 0.000000000000000000e+00
0.000000000000000000e+00 0.000000000000000000e+00 0.000000000000000000e+00 0.000000000000000000e+00 0.000000000000000000e+00
0.000000000000000000e+00 0.000000000000000000e+00 0.000000000000000000e+00 0.000000000000000000e+00 0.000000000000000000e+00
0.000000000000000000e+00 0.000000000000000000e+00 0.000000000000000000e+00 0.000000000000000000e+00 0.000000000000000000e+00
0.000000000000000000e+00 0.000000000000000000e+00 0.000000000000000000e+00 0.000000000000000000e+00 0.000000000000000000e+00
0.000000000000000000e+00 0.000000000000000000e+00 0.000000000000000000e+00 0.000000000000000000e+00 0.000000000000000000e+00
0.000000000000000000e+00 0.000000000000000000e+00 0.000000000000000000e+00 0.000000000000000000e+00 0.000000000000000000e+00
0.000000000000000000e+00 0.000000000000000000e+00 0.000000000000000000e+00 0.000000000000000000e+00 0.000000000000000000e+00
0.000000000000000000e+00 0.000000000000000000e+00 0.000000000000000000e+00 0.000000000000000000e+00 0.000000000000000000e+00
0.000000000000000000e+00 0.000000000000000000e+00 0.000000000000000000e+00 0.000000000000000000e+00 0.000000000000000000e+00
0.000000000000000000e+00 0.000000000000000000e+00 0.000000000000000000e+00 0.000000000000000000e+00 0.000000000000000000e+00
0.000000000000000000e+00 0.000000000000000000e+00 0.000000000000000000e+00 0.000000000000000000e+00 0.000000000000000000e+00
0.000000000000000000e+00 0.000000000000000000e+00 0.000000000000000000e+00 0.000000000000000000e+00 0.000000000000000000e+00
0.000000000000000000e+00 0.000000000000000000e+00 0.000000000000000000e+00 0.000000000000000000e+00 0.000000000000000000e+00
0.000000000000000000e+00 0.000000000000000000e+00 0.000000000000000000e+00 0.000000000000000000e+00 0.000000000000000000e+00
0.000000000000000000e+00 0.000000000000000000e+00 0.000000000000000000e+00 0.000000000000000000e+00 0.000000000000000000e+00
0.000000000000000000e+00 0.000000000000000000e+00 0.000000000000000000e+00 0.000000000000000000e+00 0.000000000000000000e+00
0.000000000000000000e+00 0.000000000000000000e+00 0.000000000000000000e+00 0.000000000000000000e+00 0.000000000000000000e+00
0.000000000000000000e+00 0.000000000000000000e+00 0.000000000000000000e+00 0.000000000000000000e+00 0.000000000000000000e+00
0.000000000000000000e+00 0.000000000000000000e+00 0.000000000000000000e+00 0.000000000000000000e+00 0.000000000000000000e+00
0.000000000000000000e+00 0.000000000000000000e+00 0.000000000000000000e+00 0.000000000000000000e+00 0.000000000000000000e+00
0.000000000000000000e+00 0.000000000000000000e+00 0.000000000000000000e+00 0.000000000000000000e+00 0.000000000000000000e+00
0.000000000000000000e+00 0.000000000000000000e+00 0.000000000000000000e+00 0.000000000000000000e+00 0.000000000000000000e+00
0.000000000000000000e+00 0.000000000000000000e+00 0.000000000000000000e+00 0.000000000000000000e+00 0.000000000000000000e+00
0.000000000000000000e+00 0.000000000000000000e+00 0.000000000000000000e+00 0.000000000000000000e+00 0.000000000000000000e+00
0.000000000000000000e+00 0.000000000000000000e+00 0.000000000000000000e+00 0.000000000000000000e+00 0.000000000000000000e+00
0.000000000000000000e+00 0.000000000000000000e+00 0.000000000000000000e+00 0.000000000000000000e+00 0.000000000000000000e+00
0.000000000000000000e+00 0.000000000000000000e+00 0.000000000000000000e+00 0.000000000000000000e+00 0.000000000000000000e+00
0.000000000000000000e+00 0.000000000000000000e+00 0.000000000000000000e+00 0.000000000000000000e+00 0.000000000000000000e+00
0.000000000000000000e+00 0.000000000000000000e+00 0.000000000000000000e+00 0.000000000000000000e+00 0.000000000000000000e+00
0.000000000000000000e+00 0.000000000000000000e+00 0.000000000000000000e+00 0.000000000000000000e+00 0.000000000000000000e+00
0.000000000000000000e+00 0.000000000000000000e+00 0.000000000000000000e+00 0.000000000000000000e+00 0.000000000000000000e+00
0.000000000000000000e+00 0.000000000000000000e+00 0.000000000000000000e+00 0.000000000000000000e+00 0.000000000000000000e+00
0.000000000000000000e+00 0.000000000000000000e+00 0.000000000000000000e+00 0.000000000000000000e+00 0.000000000000000000e+00
0.000000000000000000e+00 0.000000000000000000e+00 0.000000000000000000e+00 0.000000000000000000e+00 0.000000000000000000e+00
0.000000000000000000e+00 0.000000000000000000e+00 0.000000000000000000e+00 0.000000000000000000e+00 0.000000000000000000e+00
0.000000000000000000e+00 0.000000000000000000e+00 0.000000000000000000e+00 0.000000000000000000e+00 0.000000000000000000e+00
0.000000000000000000e+00 0.000000000000000000e+00 0.000000000000000000e+00 0.000000000000000000e+00 0.000000000000000000e+00
0.000000000000000000e+00 0.000000000000000000e+00 0.000000000000000000e+00 0.000000000000000000e+00 0.000000000000000000e+00
0.000000000000000000e+00 0.000000000000000000e+00 0.000000000000000000e+00 0.000000000000000000e+00 0.000000000000000000e+00
0.000000000000000000e+00 0.000000000000000000e+00 0.000000000000000000e+00 0.000000000000000000e+00 0.000000000000000000e+00
0.000000000000000000e+00 0.000000000000000000e+00 0.000000000000000000e+00 0.000000000000000000e+00 0.000000000000000000e+00
0.000000000000000000e+00 0.000000000000000000e+00 0.000000000000000000e+00 0.000000000000000000e+00 0.000000000000000000e+00
0.000000000000000000e+00 0.000000000000000000e+00 0.000000000000000000e+00 0.000000000000000000e+00 0.000000000000000000e+00
0.000000000000000000e+00 0.000000000000000000e+00 0.000000000000000000e+00 0.000000000000000000e+00 0.000000000000000000e+00
0.000000000000000000e+00 0.000000000000000000e+00 0.000000000000000000e+00 0.000000000000000000e+00 0.000000000000000000e+00
0.000000000000000000e+00 0.000000000000000000e+00 0.000000000000000000e+00 0.000000000000000000e+00 0.000000000000000000e+00
0.000000000000000000e+00 0.000000000000000000e+00 0.000000000000000000e+00 0.000000000000000000e+00 0.000000000000000000e+00
0.000000000000000000e+00 0.000000000000000000e+00 0.000000000000000000e+00 0.000000000000000000e+00 0.000000000000000000e+00
0.000000000000000000e+00 0.000000000000000000e+00 0.000000000000000000e+00 0.000000000000000000e+00 0.000000000000000000e+00
0.000000000000000000e+00 0.000000000000000000e+00 0.000000000000000000e+00 0.000000000000000000e+00 0.000000000000000000e+00
0.000000000000000000e+00 0.000000000000000000e+00 0.000000000000000000e+00 0.000000000000000000e+00 0.000000000000000000e+00
0.000000000000000000e+00 0.000000000000000000e+00 0.000000000000000000e+00 0.000000000000000000e+00 0.000000000000000000e+00
0.000000000000000000e+00 0.000000000000000000e+00 0.000000000000000000e+00 0.000000000000000000e+00 0.000000000000000000e+00
0.000000000000000000e+00 0.000000000000000000e+00 0.000000000000000000e+00 0.000000000000000000e+00 0.000000000000000000e+00
0.000000000000000000e+00 0.000000000000000000e+00 0.000000000000000000e+00 0.000000000000000000e+00 0.000000000000000000e+00
0.000000000000000000e+00 0.000000000000000000e+00 0.000000000000000000e+00 0.000000000000000000e+00 0.000000000000000000e+00
0.000000000000000000e+00 0.000000000000000000e+00 0.000000000000000000e+00 0.000000000000000000e+00 0.000000000000000000e+00
0.000000000000000000e+00 0.000000000000000000e+00 0.000000000000000000e+00 0.000000000000000000e+00 0.000000000000000000e+00
0.000000000000000000e+00 0.000000000000000000e+00 0.000000000000000000e+00 0.000000000000000000e+00 0.000000000000000000e+00
0.000000000000000000e+00 0.000000000000000000e+00 0.000000000000000000e+00 0.000000000000000000e+00 0.000000000000000000e+00
0.000000000000000000e+00 0.000000000000000000e+00 0.000000000000000000e+00 0.000000000000000000e+00 0.000000000000000000e+00
0.000000000000000000e+00 0.000000000000000000e+00 0.000000000000000000e+00 0.000000000000000000e+00 0.000000000000000000e+00
0.000000000000000000e+00 0.000000000000000000e+00 0.000000000000000000e+00 0.000000000000000000e+00 0.000000000000000000e+00
0.000000000000000000e+00 0.000000000000000000e+00 0.000000000000000000e+00 0.000000000000000000e+00 0.000000000000000000e+00
0.000000000000000000e+00 0.000000000000000000e+00 0.000000000000000000e+00 0.000000000000000000e+00 0.000000000000000000e+00
0.000000000000000000e+00 0.000000000000000000e+00 0.000000000000000000e+00 0.000000000000000000e+00 0.000000000000000000e+00
0.000000000000000000e+00 0.000000000000000000e+00 0.000000000000000000e+00 0.000000000000000000e+00 0.000000000000000000e+00
0.000000000000000000e+00 0.000000000000000000e+00 0.000000000000000000e+00 0.000000000000000000e+00 0.000000000000000000e+00
0.000000000000000000e+00 0.000000000000000000e+00 0.000000000000000000e+00 0.000000000000000000e+00 0.000000000000000000e+00
0.000000000000000000e+00 0.000000000000000000e+00 0.000000000000000000e+00 0.000000000000000000e+00 0.000000000000000000e+00
0.000000000000000000e+00 0.000000000000000000e+00 0.000000000000000000e+00 0.000000000000000000e+00 0.000000000000000000e+00
0.000000000000000000e+00 0.000000000000000000e+00 0.000000000000000000e+00 0.000000000000000000e+00 0.000000000000000000e+00
0.000000000000000000e+00 0.000000000000000000e+00 0.000000000000000000e+00 0.000000000000000000e+00 0.000000000000000000e+00
0.000000000000000000e+00 0.000000000000000000e+00 0.000000000000000000e+00 0.000000000000000000e+00 0.000000000000000000e+00
0.000000000000000000e+00 0.000000000000000000e+00 0.000000000000000000e+00 0.000000000000000000e+00 0.000000000000000000e+00
0.000000000000000000e+00 0.000000000000000000e+00 0.000000000000000000e+00 0.000000000000000000e+00 0.000000000000000000e+00
0.000000000000000000e+00 0.000000000000000000e+00 0.000000000000000000e+00 0.000000000000000000e+00 0.000000000000000000e+00
0.000000000000000000e+00 0.000000000000000000e+00 0.000000000000000000e+00 0.000000000000000000e+00 0.000000000000000000e+00
0.000000000000000000e+00 0.000000000000000000e+00 0.000000000000000000e+00 0.000000000000000000e+00 0.000000000000000000e+00
0.000000000000000000e+00 0.000000000000000000e+00 0.000000000000000000e+00 0.000000000000000000e+00 0.000000000000000000e+00
0.000000000000000000e+00 0.000000000000000000e+00 0.000000000000000000e+00 0.000000000000000000e+00 0.000000000000000000e+00
0.000000000000000000e+00 0.000000000000000000e+00 0.000000000000000000e+00 0.000000000000000000e+00 0.000000000000000000e+00
0.000000000000000000e+00 0.000000000000000000e+00 0.000000000000000000e+00 0.000000000000000000e+00 0.000000000000000000e+00
0.000000000000000000e+00 0.000000000000000000e+00 0.000000000000000000e+00 0.000000000000000000e+00 0.000000000000000000e+00
0.000000000000000000e+00 0.000000000000000000e+00 0.000000000000000000e+00 0.000000000000000000e+00 0.000000000000000000e+00
0.000000000000000000e+00 0.000000000000000000e+00 0.000000000000000000e+00 0.000000000000000000e+00 0.000000000000000000e+00
0.000000000000000000e+00 0.000000000000000000e+00 0.000000000000000000e+00 0.000000000000000000e+00 0.000000000000000000e+00
0.000000000000000000e+00 0.000000000000000000e+00 0.000000000000000000e+00 0.000000000000000000e+00 0.000000000000000000e+00
0.000000000000000000e+00 0.000000000000000000e+00 0.000000000000000000e+00 0.000000000000000000e+00 0.000000000000000000e+00
0.000000000000000000e+00 0.000000000000000000e+00 0.000000000000000000e+00 0.000000000000000000e+00 0.000000000000000000e+00
0.000000000000000000e+00 0.000000000000000000e+00 0.000000000000000000e+00 0.000000000000000000e+00 0.000000000000000000e+00
0.000000000000000000e+00 0.000000000000000000e+00 0.000000000000000000e+00 0.000000000000000000e+00 0.000000000000000000e+00
0.000000000000000000e+00 0.000000000000000000e+00 0.000000000000000000e+00 0.000000000000000000e+00 0.000000000000000000e+00
0.000000000000000000e+00 0.000000000000000000e+00 0.000000000000000000e+00 0.000000000000000000e+00 0.000000000000000000e+00
0.000000000000000000e+00 0.000000000000000000e+00 0.000000000000000000e+00 0.000000000000000000e+00 0.000000000000000000e+00
0.000000000000000000e+00 0.000000000000000000e+00 0.000000000000000000e+00 0.000000000000000000e+00 0.000000000000000000e+00
0.000000000000000000e+00 0.000000000000000000e+00 0.000000000000000000e+00 0.000000000000000000e+00 0.000000000000000000e+00
0.000000000000000000e+00 0.000000000000000000e+00 0.000000000000000000e+00 0.000000000000000000e+00 0.000000000000000000e+00
0.000000000000000000e+00 0.000000000000000000e+00 0.000000000000000000e+00 0.000000000000000000e+00 0.000000000000000000e+00
0.000000000000000000e+00 0.000000000000000000e+00 0.000000000000000000e+00 0.000000000000000000e+00 0.000000000000000000e+00
0.000000000000000000e+00 0.000000000000000000e+00 0.000000000000000000e+00 0.000000000000000000e+00 0.000000000000000000e+00
0.000000000000000000e+00 0.000000000000000000e+00 0.000000000000000000e+00 0.000000000000000000e+00 0.000000000000000000e+00
0.000000000000000000e+00 0.000000000000000000e+00 0.000000000000000000e+00 0.000000000000000000e+00 0.000000000000000000e+00
0.000000000000000000e+00 0.000000000000000000e+00 0.000000000000000000e+00 0.000000000000000000e+00 0.000000000000000000e+00
0.000000000000000000e+00 0.000000000000000000e+00 0.000000000000000000e+00 0.000000000000000000e+00 0.000000000000000000e+00
0.000000000000000000e+00 0.000000000000000000e+00 0.000000000000000000e+00 0.000000000000000000e+00 0.000000000000000000e+00
0.000000000000000000e+00 0.000000000000000000e+00 0.000000000000000000e+00 0.000000000000000000e+00 0.000000000000000000e+00
0.000000000000000000e+00 0.000000000000000000e+00 0.000000000000000000e+00 0.000000000000000000e+00 0.000000000000000000e+00
0.000000000000000000e+00 0.000000000000000000e+00 0.000000000000000000e+00 0.000000000000000000e+00 0.000000000000000000e+00
0.000000000000000000e+00 0.000000000000000000e+00 0.000000000000000000e+00 0.000000000000000000e+00 0.000000000000000000e+00
0.000000000000000000e+00 0.000000000000000000e+00 0.000000000000000000e+00 0.000000000000000000e+00 0.000000000000000000e+00
0.000000000000000000e+00 0.000000000000000000e+00 0.000000000000000000e+00 0.000000000000000000e+00 0.000000000000000000e+00
0.000000000000000000e+00 0.000000000000000000e+00 0.000000000000000000e+00 0.000000000000000000e+00 0.000000000000000000e+00
0.000000000000000000e+00 0.000000000000000000e+00 0.000000000000000000e+00 0.000000000000000000e+00 0.000000000000000000e+00
0.000000000000000000e+00 0.000000000000000000e+00 0.000000000000000000e+00 0.000000000000000000e+00 0.000000000000000000e+00
0.000000000000000000e+00 0.000000000000000000e+00 0.000000000000000000e+00 0.000000000000000000e+00 0.000000000000000000e+00
0.000000000000000000e+00 0.000000000000000000e+00 0.000000000000000000e+00 0.000000000000000000e+00 0.000000000000000000e+00
0.000000000000000000e+00 0.000000000000000000e+00 0.000000000000000000e+00 0.000000000000000000e+00 0.000000000000000000e+00
0.000000000000000000e+00 0.000000000000000000e+00 0.000000000000000000e+00 0.000000000000000000e+00 0.000000000000000000e+00
0.000000000000000000e+00 0.000000000000000000e+00 0.000000000000000000e+00 0.000000000000000000e+00 0.000000000000000000e+00
0.000000000000000000e+00 0.000000000000000000e+00 0.000000000000000000e+00 0.000000000000000000e+00 0.000000000000000000e+00
0.000000000000000000e+00 0.000000000000000000e+00 0.000000000000000000e+00 0.000000000000000000e+00 0.000000000000000000e+00
0.000000000000000000e+00 0.000000000000000000e+00 0.000000000000000000e+00 0.000000000000000000e+00 0.000000000000000000e+00
0.000000000000000000e+00 0.000000000000000000e+00 0.000000000000000000e+00 0.000000000000000000e+00 0.000000000000000000e+00
0.000000000000000000e+00 0.000000000000000000e+00 0.000000000000000000e+00 0.000000000000000000e+00 0.000000000000000000e+00
0.000000000000000000e+00 0.000000000000000000e+00 0.000000000000000000e+00 0.000000000000000000e+00 0.000000000000000000e+00
0.000000000000000000e+00 0.000000000000000000e+00 0.000000000000000000e+00 0.000000000000000000e+00 0.000000000000000000e+00
0.000000000000000000e+00 0.000000000000000000e+00 0.000000000000000000e+00 0.000000000000000000e+00 0.000000000000000000e+00
0.000000000000000000e+00 0.000000000000000000e+00 0.000000000000000000e+00 0.000000000000000000e+00 0.000000000000000000e+00
0.000000000000000000e+00 0.000000000000000000e+00 0.000000000000000000e+00 0.000000000000000000e+00 0.000000000000000000e+00
0.000000000000000000e+00 0.000000000000000000e+00 0.000000000000000000e+00 0.000000000000000000e+00 0.000000000000000000e+00
0.000000000000000000e+00 0.000000000000000000e+00 0.000000000000000000e+00 0.000000000000000000e+00 0.000000000000000000e+00
0.000000000000000000e+00 0.000000000000000000e+00 0.000000000000000000e+00 0.000000000000000000e+00 0.000000000000000000e+00
0.000000000000000000e+00 0.000000000000000000e+00 0.000000000000000000e+00 0.000000000000000000e+00 0.000000000000000000e+00
0.000000000000000000e+00 0.000000000000000000e+00 0.000000000000000000e+00 0.000000000000000000e+00 0.000000000000000000e+00
0.000000000000000000e+00 0.000000000000000000e+00 0.000000000000000000e+00 0.000000000000000000e+00 0.000000000000000000e+00
0.000000000000000000e+00 0.000000000000000000e+00 0.000000000000000000e+00 0.000000000000000000e+00 0.000000000000000000e+00
0.000000000000000000e+00 0.000000000000000000e+00 0.000000000000000000e+00 0.000000000000000000e+00 0.000000000000000000e+00
0.000000000000000000e+00 0.000000000000000000e+00 0.000000000000000000e+00 0.000000000000000000e+00 0.000000000000000000e+00
0.000000000000000000e+00 0.000000000000000000e+00 0.000000000000000000e+00 0.000000000000000000e+00 0.000000000000000000e+00
0.000000000000000000e+00 0.000000000000000000e+00 0.000000000000000000e+00 0.000000000000000000e+00 0.000000000000000000e+00
0.000000000000000000e+00 0.000000000000000000e+00 0.000000000000000000e+00 0.000000000000000000e+00 0.000000000000000000e+00
0.000000000000000000e+00 0.000000000000000000e+00 0.000000000000000000e+00 0.000000000000000000e+00 0.000000000000000000e+00
0.000000000000000000e+00 0.000000000000000000e+00 0.000000000000000000e+00 0.000000000000000000e+00 0.000000000000000000e+00
0.000000000000000000e+00 0.000000000000000000e+00 0.000000000000000000e+00 0.000000000000000000e+00 0.000000000000000000e+00
0.000000000000000000e+00 0.000000000000000000e+00 0.000000000000000000e+00 0.000000000000000000e+00 0.000000000000000000e+00
0.000000000000000000e+00 0.000000000000000000e+00 0.000000000000000000e+00 0.000000000000000000e+00 0.000000000000000000e+00
0.000000000000000000e+00 0.000000000000000000e+00 0.000000000000000000e+00 0.000000000000000000e+00 0.000000000000000000e+00
0.000000000000000000e+00 0.000000000000000000e+00 0.000000000000000000e+00 0.000000000000000000e+00 0.000000000000000000e+00
0.000000000000000000e+00 0.000000000000000000e+00 0.000000000000000000e+00 0.000000000000000000e+00 0.000000000000000000e+00
0.000000000000000000e+00 0.000000000000000000e+00 0.000000000000000000e+00 0.000000000000000000e+00 0.000000000000000000e+00
0.000000000000000000e+00 0.000000000000000000e+00 0.000000000000000000e+00 0.000000000000000000e+00 0.000000000000000000e+00
0.000000000000000000e+00 0.000000000000000000e+00 0.000000000000000000e+00 0.000000000000000000e+00 0.000000000000000000e+00
0.000000000000000000e+00 0.000000000000000000e+00 0.000000000000000000e+00 0.000000000000000000e+00 0.000000000000000000e+00
0.000000000000000000e+00 0.000000000000000000e+00 0.000000000000000000e+00 0.000000000000000000e+00 0.000000000000000000e+00
0.000000000000000000e+00 0.000000000000000000e+00 0.000000000000000000e+00 0.000000000000000000e+00 0.000000000000000000e+00
0.000000000000000000e+00 0.000000000000000000e+00 0.000000000000000000e+00 0.000000000000000000e+00 0.000000000000000000e+00
0.000000000000000000e+00 0.000000000000000000e+00 0.000000000000000000e+00 0.000000000000000000e+00 0.000000000000000000e+00
0.000000000000000000e+00 0.000000000000000000e+00 0.000000000000000000e+00 0.000000000000000000e+00 0.000000000000000000e+00
0.000000000000000000e+00 0.000000000000000000e+00 0.000000000000000000e+00 0.000000000000000000e+00 0.000000000000000000e+00
0.000000000000000000e+00 0.000000000000000000e+00 0.000000000000000000e+00 0.000000000000000000e+00 0.000000000000000000e+00
0.000000000000000000e+00 0.000000000000000000e+00 0.000000000000000000e+00 0.000000000000000000e+00 0.000000000000000000e+00
0.000000000000000000e+00 0.000000000000000000e+00 0.000000000000000000e+00 0.000000000000000000e+00 0.000000000000000000e+00
0.000000000000000000e+00 0.000000000000000000e+00 0.000000000000000000e+00 0.000000000000000000e+00 0.000000000000000000e+00
0.000000000000000000e+00 0.000000000000000000e+00 0.000000000000000000e+00 0.000000000000000000e+00 0.000000000000000000e+00
0.000000000000000000e+00 0.000000000000000000e+00 0.000000000000000000e+00 0.000000000000000000e+00 0.000000000000000000e+00
0.000000000000000000e+00 0.000000000000000000e+00 0.000000000000000000e+00 0.000000000000000000e+00 0.000000000000000000e+00
0.000000000000000000e+00 0.000000000000000000e+00 0.000000000000000000e+00 0.000000000000000000e+00 0.000000000000000000e+00
0.000000000000000000e+00 0.000000000000000000e+00 0.000000000000000000e+00 0.000000000000000000e+00 0.000000000000000000e+00
0.000000000000000000e+00 0.000000000000000000e+00 0.000000000000000000e+00 0.000000000000000000e+00 0.000000000000000000e+00
0.000000000000000000e+00 0.000000000000000000e+00 0.000000000000000000e+00 0.000000000000000000e+00 0.000000000000000000e+00
0.000000000000000000e+00 0.000000000000000000e+00 0.000000000000000000e+00 0.000000000000000000e+00 0.000000000000000000e+00
0.000000000000000000e+00 0.000000000000000000e+00 0.000000000000000000e+00 0.000000000000000000e+00 0.000000000000000000e+00
0.000000000000000000e+00 0.000000000000000000e+00 0.000000000000000000e+00 0.000000000000000000e+00 0.000000000000000000e+00
0.000000000000000000e+00 0.000000000000000000e+00 0.000000000000000000e+00 0.000000000000000000e+00 0.000000000000000000e+00
0.000000000000000000e+00 0.000000000000000000e+00 0.000000000000000000e+00 0.000000000000000000e+00 0.000000000000000000e+00
0.000000000000000000e+00 0.000000000000000000e+00 0.000000000000000000e+00 0.000000000000000000e+00 0.000000000000000000e+00
0.000000000000000000e+00 0.000000000000000000e+00 0.000000000000000000e+00 0.000000000000000000e+00 0.000000000000000000e+00
0.000000000000000000e+00 0.000000000000000000e+00 0.000000000000000000e+00 0.000000000000000000e+00 0.000000000000000000e+00
0.000000000000000000e+00 0.000000000000000000e+00 0.000000000000000000e+00 0.000000000000000000e+00 0.000000000000000000e+00
0.000000000000000000e+00 0.000000000000000000e+00 0.000000000000000000e+00 0.000000000000000000e+00 0.000000000000000000e+00
0.000000000000000000e+00 0.000000000000000000e+00 0.000000000000000000e+00 0.000000000000000000e+00 0.000000000000000000e+00
0.000000000000000000e+00 0.000000000000000000e+00 0.000000000000000000e+00 0.000000000000000000e+00 0.000000000000000000e+00
0.000000000000000000e+00 0.000000000000000000e+00 0.000000000000000000e+00 0.000000000000000000e+00 0.000000000000000000e+00
0.000000000000000000e+00 0.000000000000000000e+00 0.000000000000000000e+00 0.000000000000000000e+00 0.000000000000000000e+00
0.000000000000000000e+00 0.000000000000000000e+00 0.000000000000000000e+00 0.000000000000000000e+00 0.000000000000000000e+00
-1.178981637345193612e+01 -8.463995770185260170e+00 -2.434155896006269693e+00 1.124587638603312811e+01 1.542806672647041388e+01
-9.429537501240705666e+00 -8.350497309360976672e+00 -3.490745765006909807e+00 5.505563813959973629e+00 1.283266381762316044e+01
-7.033253891229255039e+00 -9.228808023672575800e+00 -4.229358480339491244e+00 3.180123510254497354e+00 9.868755963212427318e+00
-3.402435739231882028e+00 -9.747392355845724055e+00 -5.206227317022122492e+00 1.454162843603928446e+00 6.489225273330248456e+00
6.138086393199772006e-01 -9.076474255359018528e+00 -6.249428332913558926e+00 -3.165356687207484532e-01 3.896233909316938249e+00
3.441340598036850995e+00 -7.170966487830082059e+00 -7.224082906543153548e+00 -1.940551179522512992e+00 2.152909306226319597e+00
5.047225446170036101e+00 -4.551035060532817589e+00 -7.744496046326599270e+00 -3.477757168552169542e+00 6.421181203364911827e-01
6.102987580358862907e+00 -2.068237327346042154e+00 -7.405262817260855890e+00 -4.909415764905174839e+00 -8.444509180495596290e-01
6.855786242625430127e+00 -2.164590641500230284e-02 -6.295004548380905618e+00 -6.015619517291625584e+00 -2.257877104473147156e+00
7.117392052713043427e+00 1.804035450542716967e+00 -4.847875714035467354e+00 -6.576630472077646061e+00 -3.522672639368598979e+00
6.790624732491485460e+00 3.440819631365235942e+00 -3.285383220900833567e+00 -6.583793780481250302e+00 -4.530979684359841997e+00
6.021915947397718405e+00 4.648058872795392205e+00 -1.578980169903627662e+00 -6.175794968809279695e+00 -5.196292609391132800e+00
4.990451626901745819e+00 5.287754742827648791e+00 1.830936713141537719e-01 -5.412103989330214304e+00 -5.530805656160690198e+00
3.809122116695562887e+00 5.429576533117628223e+00 1.747674268903790962e+00 -4.268049454344977178e+00 -5.587860303503164872e+00
2.571111673440265921e+00 5.190518620665024230e+00 2.936867531424216970e+00 -2.824973144098774203e+00 -5.350608588275655109e+00
1.354300279657901562e+00 4.658856955080755924e+00 3.726944378087884591e+00 -1.296768135616807038e+00 -4.753563901108933010e+00
1.957453520699126426e-01 3.921018693373253150e+00 4.148570699623837399e+00 1.254363046278934579e-01 -3.805384035711050661e+00
-8.848242127014662728e-01 3.058667937292282701e+00 4.233548075842058722e+00 1.347910759000198855e+00 -2.623808710032696556e+00
-1.846560522243744007e+00 2.126464677174879636e+00 4.030664051730708408e+00 2.325670845582630708e+00 -1.355299100262301604e+00
-2.631768313654018421e+00 1.164582130694428397e+00 3.603359225026746326e+00 3.026338770096913766e+00 -1.148488885190004360e-01
-3.195412506581552403e+00 2.213436724300266445e-01 3.010464711550694172e+00 3.438268592072942109e+00 1.007787608633182286e+00
-3.516073813720930641e+00 -6.503649625548960644e-01 2.305632490489171182e+00 3.573683215027937177e+00 1.936757610064345991e+00
-3.586555309499795730e+00 -1.408510450466217367e+00 1.544128484592349304e+00 3.460143024308614645e+00 2.617966187392029465e+00
-3.409419627184432589e+00 -2.023764898010271374e+00 7.775573644781720306e-01 3.137398734390455246e+00 3.025546795675991607e+00
-3.004391233112111426e+00 -2.471494734423905992e+00 4.580054109523490347e-02 2.655176966885244294e+00 3.161283083327814492e+00
-2.413956254524198375e+00 -2.729921417906780334e+00 -6.211771871173688009e-01 2.064993466457825999e+00 3.052288650856340713e+00
-1.699074235837140234e+00 -2.786833745569534226e+00 -1.196569570528960513e+00 1.413175358758102629e+00 2.744613057694456959e+00
-9.291883336637856150e-01 -2.646351443329452824e+00 -1.654568048226261023e+00 7.408421585570090784e-01 2.292119587922678559e+00
-1.718656289374872748e-01 -2.330541078206310956e+00 -1.973461174543057250e+00 8.648308657720948922e-02 1.747046166816134782e+00
5.154432027325366317e-01 -1.876589272021641497e+00 -2.139571382570701896e+00 -5.139977280838078366e-01 1.156255558699315067e+00
1.089818805893717268e+00 -1.331393191028659384e+00 -2.149740662783850897e+00 -1.029348538507766975e+00 5.607634315331175845e-01
1.523572674598511867e+00 -7.452124820416511364e-01 -2.012368116094557902e+00 -1.434778942903838894e+00 -4.614945191336317087e-03
1.803374387139311086e+00 -1.662073776792385438e-01 -1.746977236329207539e+00 -1.712979600437266381e+00 -5.117337843221467786e-01
1.929110090708011871e+00 3.634002410443251119e-01 -1.382290260589079889e+00 -1.854941885853531591e+00 -9.388943446829093320e-01
1.911990773832092927e+00 8.101310527411664797e-01 -9.533214672887938557e-01 -1.860679324348391672e+00 -1.270118642808335085e+00
1.771578554692181839e+00 1.151262375943162830e+00 -4.979252056043868002e-01 -1.739510915162184812e+00 -1.494661126789589956e+00
1.532496069179882792e+00 1.375467741882540063e+00 -5.295662180130212421e-02 -1.509604243767989740e+00 -1.607103679257748441e+00
1.221687064176756099e+00 1.481853556199391964e+00 3.494224784532030115e-01 -1.196499043154782838e+00 -1.607912007153671885e+00
8.664392326049725757e-01 1.478006094502747558e+00 6.844067397263723374e-01 -8.305030539084512498e-01 -1.504080275105267761e+00
4.929974965766243944e-01 1.377788834920382399e+00 9.357424034866240747e-01 -4.434000845205896546e-01 -1.309321015889727935e+00
1.255881056528416195e-01 1.199245317402830802e+00 1.095707137749104332e+00 -6.529197475630821312e-02 -1.043339742914355828e+00
-2.143063322559057016e-01 9.627332670002176629e-01 1.164312219328786702e+00 2.778370488986270370e-01 -7.301624490893648955e-01
-5.085678173829839555e-01 6.893776424256314872e-01 1.148008203403411587e+00 5.657103026888030683e-01 -3.958896038564753139e-01
-7.430189088453712509e-01 3.998636450954051735e-01 1.058104874006830620e+00 7.845809825659326719e-01 -6.631401287965499325e-02
-9.079241412546663614e-01 1.135093224454437610e-01 9.091391524622673970e-01 9.273591741319707760e-01 2.352915813658669475e-01
-9.983664609439700799e-01 -1.524579904794806096e-01 7.173842234689568054e-01 9.931461121886200338e-01 4.899885131616914524e-01
-1.014439793482013741e+00 -3.834818659034819888e-01 4.995999716181107608e-01 9.863509366866259898e-01 6.843916974077008941e-01
-9.611626114388749365e-01 -5.681668923027309859e-01 2.720507829641571895e-01 9.155822925312211424e-01 8.111897270664567561e-01
-8.480100019179044324e-01 -6.987025441431793382e-01 4.976459725702198078e-02 7.924702195003643368e-01 8.689930206272111768e-01
-6.880316374878180374e-01 -7.711816516889191675e-01 -1.540315601211705021e-01 6.305279059134158981e-01 8.616384723762237074e-01
-4.966319991436797254e-01 -7.857258478324031792e-01 -3.283677560645525406e-01 4.441182334595432657e-01 7.971295103816045113e-01
-2.901697960731244308e-01 -7.463364403043177830e-01 -4.649113940906171027e-01 2.475482768685195456e-01 6.864026410901968855e-01
-8.455999225652455209e-02 -6.604375738180687794e-01 -5.582600486124211780e-01 5.429043729608662439e-02 5.420902356905752395e-01
1.059555483683067845e-01 -5.381366062829029406e-01 -6.061103703993567793e-01 -1.236745066139888216e-01 3.774024263063042728e-01
2.697485703174336003e-01 -3.912759863187684206e-01 -6.092616704798839988e-01 -2.763921371241291336e-01 2.051969958633939051e-01
3.983951226401468149e-01 -2.323844509204364694e-01 -5.714215202920320813e-01 -3.963421780088685620e-01 3.725947974050614064e-02
4.869120338745545062e-01 -7.364690872402168687e-02 -4.988019087933846518e-01 -4.787092924542499794e-01 -1.162189512344122960e-01
5.336777900573375089e-01 7.399950051843640075e-02 -3.995258827292454962e-01 -5.215005613373571158e-01 -2.469982605169298573e-01
5.401034744978951974e-01 2.015643353621061618e-01 -2.828971220762305228e-01 -5.254919134435558359e-01 -3.490163227459963657e-01
5.101314349286605321e-01 3.024549490323695800e-01 -1.586081837996151933e-01 -4.939944884580496631e-01 -4.185098939587431621e-01
4.496378565822454210e-01 3.726728104360559346e-01 -3.597150421095463013e-02 -4.324497826767312869e-01 -4.540375580633360109e-01
3.658039400691213139e-01 4.107781963549412829e-01 7.674989782104124636e-02 -3.478841798129992946e-01 -4.563997893656270843e-01
2.665042509410251448e-01 4.176667476519056454e-01 1.728546586862160783e-01 -2.482729424741807467e-01 -4.284472925845548841e-01
1.597446889581131124e-01 3.962109630477699818e-01 2.475271911818988091e-01 -1.418756844759431479e-01 -3.747742506871923895e-01
5.316918655067603972e-02 3.508200926946001275e-01 2.979692102010687016e-01 -3.660672440371615100e-02 -3.013058778298127183e-01
-4.635501744850389905e-02 2.869658009706459456e-01 3.233562350292129572e-01 6.050509303890261315e-02 -2.148054830132964110e-01
-1.330685478969823032e-01 2.107111089068545162e-01 3.246517496543359638e-01 1.437284305682544616e-01 -1.223401206619275788e-01
-2.025638906282426766e-01 1.282693053669645700e-01 3.043192363833453484e-01 2.088935525272872518e-01 -3.075188409895313058e-02
-2.519383171103715124e-01 4.561014318000956164e-02 2.659729164572741666e-01 2.535068334000305512e-01 5.381786408074806793e-02
-2.798519406793987252e-01 -3.187593986506442878e-02 2.140035019107398018e-01 2.767287542180467685e-01 1.263112569032809329e-01
-2.864891182103047607e-01 -9.964853730066436377e-02 1.532079504564090033e-01 2.792383484820224471e-01 1.830163863827785065e-01
-2.734259608644223905e-01 -1.542175549564615000e-01 8.844433192029500790e-02 2.630120254296117732e-01 2.216976345974424056e-01
-2.434134191127834690e-01 -1.932685760081740423e-01 2.432602838650677057e-02 2.310455909215771708e-01 2.415972662089072021e-01
-2.000929748588371471e-01 -2.157102023677951452e-01 -3.503560823648521616e-02 1.870463329102851902e-01 2.433243386293744148e-01
-1.476686680979698574e-01 -2.216429751445921914e-01 -8.623426457886640417e-02 1.351184559704623478e-01 2.286556793994738712e-01
-9.056340404628326901e-02 -2.122537261421834076e-01 -1.267133668250648437e-01 7.946096684132998578e-02 2.002779050353786783e-01
-3.308824356543715872e-02 -1.896445191596795032e-01 -1.548498678771319526e-01 2.409306523658983137e-02 1.614995178612346205e-01
2.084947143638982148e-02 -1.566107434395580811e-01 -1.699761290964157956e-01 -2.738143943529580682e-02 1.159589546652721737e-01
6.797911766859576765e-02 -1.163873048252200837e-01 -1.723412739018386486e-01 -7.196213889042124556e-02 6.734936401654567639e-02
1.058284645840161797e-01 -7.238428733594515219e-02 -1.630166038743734724e-01 -1.073865240454459080e-01 1.917516513789974120e-02
1.328095911640416737e-01 -2.793343458165886695e-02 -1.437533962786258224e-01 -1.322075653447004617e-01 -2.544987511449925410e-02
1.482318880405311123e-01 1.393562628395073055e-02 -1.168050182592252906e-01 -1.458136978007072981e-01 -6.395762378066838227e-02
1.522507206741152697e-01 5.067481586486310974e-02 -8.472808464129155670e-02 -1.483935650698848807e-01 -9.443137171784776740e-02
1.457641524928305898e-01 8.034351815897422533e-02 -5.017877408007309636e-02 -1.408511134764611761e-01 -1.156624319084825769e-01
1.302720445433886987e-01 1.016775076579559123e-01 -1.572010679780733167e-02 -1.246797788492650660e-01 -1.271592652863764439e-01
1.077121426276734795e-01 1.141026337954012121e-01 1.634598261080855153e-02 -1.018071607843585857e-01 -1.291124299620587390e-01
8.028684491138604606e-02 1.176992236429377225e-01 4.411123335718825783e-02 -7.442333550861457425e-02 -1.223203179298774090e-01
5.029267222343225541e-02 1.131260926778412390e-01 6.615183876677788177e-02 -4.480652042904709198e-02 -1.080824375230220596e-01
1.996242664027892202e-02 1.015146638350910013e-01 8.157521158483915791e-02 -1.515907709850450487e-02 -8.806875197967900526e-02
-8.672090603393245445e-03 8.434413077342428622e-02 9.002442970023949442e-02 1.253506753046007560e-02 -6.417500128836417517e-02
-3.389098392166134399e-02 6.330814013851759903e-02 9.164520829491019926e-02 3.662327610496740604e-02 -3.837470507643270246e-02
-5.436691693388474161e-02 4.018239767149478503e-02 8.702243260889686027e-02 5.586227619908079589e-02 -1.257844170008337592e-02
-6.921350685582849938e-02 1.670119643436773771e-02 7.709448263491669451e-02 6.945970006817203668e-02 1.149005303113681542e-02
-7.800127440275606006e-02 -5.550687272262488925e-03 6.305389202478584032e-02 7.708033474369946347e-02 3.239332992037446957e-02
-8.074275939344410791e-02 -2.522586511754166053e-02 4.624250725494349901e-02 7.882077319916014346e-02 4.905009905782754115e-02
-7.785013038676646957e-02 -4.127867852364131007e-02 2.804846189778764654e-02 7.515792483217720310e-02 6.077323498758424591e-02
-7.007015598082366736e-02 -5.300426403666624875e-02 9.811152291554492422e-03 6.687791275262822133e-02 6.727638701052418568e-02
-5.840263407725621025e-02 -6.005212298877915522e-02 -7.260858615618870360e-03 5.499231606686350027e-02 6.865209307959441176e-02
-4.400915917981040870e-02 -6.241546103639661336e-02 -2.215537742507178720e-02 4.064861329102554405e-02 6.532616118149126017e-02
-2.811934557692230552e-02 -6.039895492703784008e-02 -3.410321190529930213e-02 2.504117921679704928e-02 5.799428058365774241e-02
-1.194129044498981607e-02 -5.456881150404913061e-02 -4.260481085899681802e-02 9.328388194935088862e-03 4.754735057423964406e-02
3.417808716397852109e-03 -4.568991547027102113e-02 -4.743704162404949187e-02 -5.439611006613831456e-03 3.499194272644445824e-02
1.701625341354784382e-02 -3.465542374577235130e-02 -4.864138869068035387e-02 -1.837900028514793949e-02 2.137178039661158380e-02
2.812461961692536150e-02 -2.241432473306759210e-02 -4.649588151548079279e-02 -2.881394603936282550e-02 7.695203480361012538e-03
3.625322619032922411e-02 -9.902138181420494512e-03 -4.147397114447682470e-02 -3.630077292214962253e-02 -5.127322115761612231e-03
4.116048642516534350e-02 2.020684804800110257e-03 -3.419417966228910366e-02 -4.063467051391300711e-02 -1.633287008573148028e-02
4.284364946967134102e-02 1.261910888969119959e-02 -2.536470910953592464e-02 -4.184005856012140701e-02 -2.534115234726608268e-02
4.151449910967297541e-02 2.132024715342017984e-02 -1.572724395144142751e-02 -4.014671093202992758e-02 -3.177433864467815727e-02
3.756330958954934296e-02 2.773534725868298523e-02 -6.003891690444573825e-03 -3.595449726378707744e-02 -3.546186096812042887e-02
3.151475527965930112e-02 3.166707404265123316e-02 3.149365954899563391e-03 -2.979012735047747995e-02 -3.643133326568204211e-02
2.397956154959590691e-02 3.310316693355175310e-02 1.118011898838378038e-02 -2.225954704497712724e-02 -3.488744746985883438e-02
1.560551235312090945e-02 3.219837804992486952e-02 1.766618729304103574e-02 -1.399962184032255141e-02 -3.118128461348901315e-02
7.031052359293132881e-03 2.924717859521330787e-02 2.233075408167417564e-02 -5.632470957823598745e-03 -2.577288444413883273e-02
-1.155802640965597483e-03 2.465004972719264664e-02 2.504614026820806486e-02 2.274683087283513316e-03 -1.919012871853698413e-02
-8.451152001757389343e-03 1.887626759746874328e-02 2.582716956055919333e-02 9.241951222038524705e-03 -1.198699910113387723e-02
-1.446006869655491744e-02 1.242598515787807223e-02 2.481569015805074399e-02 1.490006757696971107e-02 -4.704069297913116010e-03
-1.891189116204294862e-02 5.794145410038531452e-03 2.225824341556470812e-02 1.900388802299612934e-02 2.166299451687780930e-03
-2.166587642733242003e-02 -5.616286059890729376e-04 1.847910116360984914e-02 2.143620040242666391e-02 8.208131937342599826e-03
-2.270775818979808847e-02 -6.247495240261358163e-03 1.385094552666177314e-02 2.220260279998376163e-02 1.310209372675386064e-02
-2.213828789679628262e-02 -1.095305785032874013e-02 8.765362164788959021e-03 2.141872976022774280e-02 1.663721804184259412e-02
-2.015526310315907121e-02 -1.446362085513253071e-02 3.605089773986547286e-03 1.929147959365473675e-02 1.871415552840804963e-02
-1.703084454772574308e-02 -1.666495492826391978e-02 -1.280352682978214141e-03 1.609611310610814527e-02 1.934058729265797361e-02
-1.308611884240717949e-02 -1.754097412111244036e-02 -5.594423113218338628e-03 1.215116199399202124e-02 1.861992126688672214e-02
-8.664874355757801183e-03 -1.716514897792087435e-02 -9.107876955985805267e-03 7.793019701268777411e-03 1.673473661429847326e-02
-4.108431522195310492e-03 -1.568681519952519476e-02 -1.166725513806077252e-02 3.351910416098613510e-03 1.392664078739591638e-02
2.668760388320201571e-04 -1.331377092268970670e-02 -1.319755188772631094e-02 -8.693322610652254312e-04 1.047426332316114816e-02
4.188308930740181069e-03 -1.029267761235697250e-02 -1.369944689162805318e-02 -4.612570987865827199e-03 6.671044672508230633e-03
7.440550466570439170e-03 -6.888788501283826804e-03 -1.324180270167207851e-02 -7.677010230719871764e-03 2.804309545719974039e-03
9.874304259734012490e-03 -3.366431701968042312e-03 -1.195037388908770822e-02 -9.926810276169040215e-03 -8.631319465877140829e-04
1.140961323542377670e-02 2.851229428024737445e-05 -9.993838283715363383e-03 -1.129365986948849439e-02 -4.107909444615809313e-03
1.203421680381566716e-02 3.083155715502439165e-03 -7.568337321341545021e-03 -1.177462702507292569e-02 -6.756921488224154615e-03
1.179756551643529328e-02 5.628488986665791671e-03 -4.881702738046556078e-03 -1.142588702573776871e-02 -8.693773739543499482e-03
1.080133899824842203e-02 7.546242786669044023e-03 -2.138457510919899995e-03 -1.035314237979956253e-02 -9.860842942592040750e-03
9.187456798213755604e-03 8.771673704125459992e-03 4.734774006711628402e-04 -8.699692417935223077e-03 -1.025726278371896782e-02
7.124633491156107112e-03 9.292502002478109091e-03 2.793645403911693137e-03 -6.633176451512290406e-03 -9.933362204245121951e-03
4.794514935797300481e-03 9.144465412510349722e-03 4.696997640130762264e-03 -4.332005619293699539e-03 -8.982266211744140486e-03
2.378352164139174718e-03 8.404131057592412191e-03 6.098676744061837240e-03 -1.972421566145188265e-03 -7.529487470471551980e-03
4.503578471881652945e-05 7.179723070648291738e-03 6.955639196879026542e-03 2.830137371363505849e-04 -5.721391294119082538e-03
-2.058858602304813878e-03 5.600775839259553024e-03 7.265328419737704380e-03 2.294868747105827111e-03 -3.713408453366207063e-03
-3.816559790943752084e-03 3.807416111317962759e-03 7.061787353194404204e-03 3.953807082860860689e-03 -1.658804739796737593e-03
-5.145876670253457519e-03 1.940018758229022922e-03 6.409730406397917690e-03 5.184850195199430800e-03 3.012976625167418376e-04
-6.001213286602524732e-03 1.298804426654864841e-04 5.397176587697449790e-03 5.948925591173770400e-03 2.046102544999373052e-03
-6.372961590967562984e-03 -1.508576257914673313e-03 4.127278549622692694e-03 6.241871564580225851e-03 3.481155064939844834e-03
-6.284569071207224411e-03 -2.883707050419515028e-03 2.709969717383353682e-03 6.091221922016831769e-03 4.542002037552839155e-03
-5.787701965254132830e-03 -3.930457270689080573e-03 1.253999770544300674e-03 5.551209460151751429e-03 5.195485165800262095e-03
-4.956017613699459368e-03 -4.612032353007444740e-03 -1.401556636009271273e-04 4.696496700357766230e-03 5.438826269296370697e-03
-3.878083947599697545e-03 -4.919535508252859124e-03 -1.386129615284059646e-03 3.615184413947147846e-03 5.296769240809906520e-03
-2.650011645712435637e-03 -4.869788289840859541e-03 -2.415984198805620764e-03 2.401626502125386864e-03 4.817183841608452255e-03
-1.368316572327721303e-03 -4.501659237160171578e-03 -3.182882827179489560e-03 1.149548185028104186e-03 4.065574403968374995e-03
-1.234640156984045944e-04 -3.871292493744737939e-03 -3.662099245512084877e-03 -5.410707264930092464e-05 3.118966619186203104e-03
1.005542557686700533e-03 -3.046661932825989183e-03 -3.850460824158408180e-03 -1.134268306936303539e-03 2.059642423964058722e-03
1.955270768327910247e-03 -2.101878776670340621e-03 -3.764418055746898695e-03 -2.031534601685036634e-03 9.691548184076470562e-04
2.680522021319742265e-03 -1.111655705606562350e-03 -3.437003614167766230e-03 -2.704556612946662497e-03 -7.700908116725635466e-05
3.155514869869424643e-03 -1.462811495747118329e-04 -2.913991619612588124e-03 -3.130985002815167562e-03 -1.013828910645830916e-03
3.373658868690121437e-03 7.326115021899504143e-04 -2.249590785963428985e-03 -3.307064735231790564e-03 -1.790018983247709805e-03
3.346075751941457455e-03 1.475276883813547713e-03 -1.502004048034022432e-03 -3.246035685447012931e-03 -2.370060807820983939e-03
3.099092218393773024e-03 2.045977201142079593e-03 -7.291636740432982933e-04 -2.975563534076242078e-03 -2.734988962499684817e-03
2.670974200808862165e-03 2.423958715932927888e-03 1.509145617206719692e-05 -2.534467574747401031e-03 -2.882002036580733062e-03
2.108195468965234909e-03 2.603334744285090707e-03 6.841857464092715446e-04 -1.969032604863252267e-03 -2.823040762778061818e-03
1.461534665604835581e-03 2.591992615389671073e-03 1.241177811400540065e-03 -1.329191340748492323e-03 -2.582529752204631990e-03
7.822766238219092116e-04 2.409695145413559558e-03 1.660254225280377582e-03 -6.648441070608024361e-04 -2.194515208597369593e-03
1.187592050979624503e-04 2.085583514245925585e-03 1.927334302484595696e-03 -2.254703855719686345e-05 -1.699448093872679699e-03
-4.865401581478634441e-04 1.655307311343223731e-03 2.039834648183802557e-03 5.572474753474665476e-04 -1.140861239724677567e-03
-9.992391240906117744e-04 1.158009472837173703e-03 2.005693339846015277e-03 1.042269509198057165e-03 -5.621716029864387565e-04
-1.394525889921616191e-03 6.333805121523372605e-04 1.841792733058733589e-03 1.409758901924407226e-03 -3.807760942553528594e-06
-1.657853029347622353e-03 1.189701535653231446e-04 1.571946583281524923e-03 1.647029222375584467e-03 4.991778545062608430e-04
-1.784881767912249728e-03 -3.520909394378879398e-04 1.224627452579785114e-03 1.751304782106499758e-03 9.189028874159177462e-04
-1.780753955183955739e-03 -7.528494908012328679e-04 8.306124337185138984e-04 1.728916352854659166e-03 1.235792837538385314e-03
-1.658807271242124237e-03 -1.063703339517996227e-03 4.207109687259791286e-04 1.593972905006735274e-03 1.439053248134536389e-03
-1.438874011379431828e-03 -1.272970591547073482e-03 2.371705636683429930e-05 1.366649409537901150e-03 1.526511408771469291e-03
-1.145317404813273043e-03 -1.376876766449597334e-03 -3.353006770830946337e-04 1.071243021182999300e-03 1.503900533108337711e-03
-8.049637163901612880e-04 -1.379017635031676292e-03 -6.362917916608035185e-04 7.341484977514411980e-04 1.383692241967882097e-03
-4.450743096573450686e-04 -1.289387764195404351e-03 -8.650546650241786040e-04 3.818981847045765932e-04 1.183594329142723112e-03
-9.149165688859817180e-05 -1.123079903769697019e-03 -1.013596678532291406e-03 3.938725168817214239e-05 9.248529961682905309e-04
2.329355498167373639e-04 -8.987749634576935875e-04 -1.080046779291854442e-03 -2.716156003196301683e-04 6.304898068412168044e-04
5.095708959603761912e-04 -6.371437083929620826e-04 -1.068170620792230352e-03 -5.336024235159664286e-04 3.235974139201847066e-04
7.248087100129030347e-04 -3.592764093985900686e-04 -9.865589965293297681e-04 -7.340630417101978722e-04 2.579834434346395255e-05
8.704761902142976737e-04 -8.524054110825574071e-05 -8.475770454016151589e-04 -8.658177418405799131e-04 -2.440435092303516740e-04
9.438343345800070949e-04 1.671503094016202340e-04 -6.661675943082645546e-04 -9.269632755398715673e-04 -4.707995436387113486e-04
9.472181561869241762e-04 3.832948621615983598e-04 -4.586023781167902769e-04 -9.204739423647190222e-04 -6.437084752184407677e-04
8.873759739400632895e-04 5.524535779450889805e-04 -2.412689778713561495e-04 -8.535183267628365655e-04 -7.566558387970268029e-04
7.745809832244709980e-04 6.680771148233066725e-04 -2.957094457900488749e-05 -7.365657419935445205e-04 -8.081164454226685834e-04
6.215979368202617650e-04 7.278233946175216573e-04 1.629970896548371684e-04 -5.823622583087662008e-04 -8.007988256362175150e-04
4.425874570341825631e-04 7.332936745025886438e-04 3.255553558454415963e-04 -4.048576708478579533e-04 -7.410438353966375402e-04
2.520273712851572867e-04 6.895328928788746481e-04 4.503009311449535090e-04 -2.181589312133525027e-04 -6.380426255709892303e-04
6.371993538412112912e-05 6.043516814244753732e-04 5.327191653583529529e-04 -3.557777050333665869e-05 -5.029423041232883307e-04
-1.100576773729322611e-04 4.875326165256765876e-04 5.715554783578546960e-04 1.311733813056381592e-04 -3.479101429642028620e-04
-2.592160366051698972e-04 3.499838469154248344e-04 5.685739873997341931e-04 2.726002433850460704e-04 -1.852249981939557699e-04
-3.763051760430347059e-04 2.029026384775534098e-04 5.281395980103464893e-04 3.818362192351543172e-04 -2.645094794395674853e-05
-4.567462920646025992e-04 5.700341893843940966e-05 4.566687220048937235e-04 4.548361447735960184e-04 1.182597564488574449e-04
-4.988497694328186682e-04 -7.814527395677561827e-05 3.619988764753667709e-04 4.903638887583383621e-04 2.407001162811894801e-04
-5.036395142066218966e-04 -1.946419283592737415e-04 2.527267131349208995e-04 4.897944262398645776e-04 3.349594361352625782e-04
-4.745149227607381448e-04 -2.866103840166722705e-04 1.375617621206526309e-04 4.567622032369822449e-04 3.975873281536479453e-04
-4.167883173189501633e-04 -3.503883961595288810e-04 2.473701416638718342e-05 3.966948396532110621e-04 4.275772143487177601e-04
-3.371418997357711334e-04 -3.845500730458306649e-04 -7.849016766836580672e-05 3.162739743227671596e-04 4.261899761843768175e-04
-2.430476978083628836e-04 -3.897777753958386882e-04 -1.662226753120776834e-04 2.228666716188598684e-04 3.966443354710413871e-04
-1.421924641298311087e-04 -3.686070261561535943e-04 -2.341795297834403655e-04 1.239682674027964282e-04 3.437075610204232134e-04
-4.194589737149811981e-05 -3.250735249765712709e-04 -2.798190905134445572e-04 2.669198513416404239e-05 2.732247303172119501e-04
5.109509711131998699e-05 -2.642950473704663850e-04 -3.023368641718038319e-04 -6.266817878297636923e-05 1.916283555096764957e-04
1.314746147851320046e-04 -1.920258191266954739e-04 -3.025389340453044085e-04 -1.389656472577938118e-04 1.054348013662664840e-04
1.951168691429749913e-04 -1.142099374270566514e-04 -2.826355070301156402e-04 -1.984359240682076475e-04 2.082695337124462753e-05
2.394656522781701824e-04 -3.656452376810115368e-05 -2.459517674964217804e-04 -2.388088935577625804e-04 -5.673657475069315836e-05
2.634964512469029074e-04 3.577359436546245774e-05 -1.965933643414130572e-04 -2.593048562448130312e-04 -1.228070580897577813e-04
2.676358418345348156e-04 9.852951176148039281e-05 -1.391002511897942995e-04 -2.605427424946515913e-04 -1.741410324047620861e-04
2.535915824197765289e-04 1.484907058459938867e-04 -7.810017058174079096e-05 -2.443602417125934068e-04 -2.087988805364870970e-04
2.241087361014582058e-04 1.836140585829149074e-04 -1.799281413794595608e-05 -2.135674915748619895e-04 -2.261416624317336144e-04
1.826834012177425137e-04 2.030458420752001558e-04 3.731952216390332921e-05 -1.716640061776297799e-04 -2.267434422507097480e-04
1.332558892690460794e-04 2.070597161443199496e-04 8.464194149104820042e-05 -1.225386988499277408e-04 -2.122320929228704856e-04
7.990672377444774099e-05 1.969250356315122019e-04 1.216298455606334983e-04 -7.017144070242675724e-05 -1.850800959267706602e-04
2.656560106295557944e-05 1.747257320747763742e-04 1.468562629176606293e-04 -1.836385156872566427e-05 -1.483434129111449451e-04
-2.322738434357152215e-05 1.431378619751733083e-04 1.598170573540169670e-04 2.949902029314444007e-05 -1.054157820598033979e-04
-6.651915590449863913e-05 1.051926475459374899e-04 1.608749444192980604e-04 7.063360303849464117e-05 -5.976676551500137435e-05
-1.010819078323121900e-04 6.404192365483396543e-05 1.511472155615312118e-04 1.029810112431750468e-04 -1.470064261088754876e-05
-1.254908879354532658e-04 2.273724446921754350e-05 1.323525029885974647e-04 1.252683355572603574e-04 2.685125605461635701e-05
-1.391368704520834498e-04 -1.596228311828706836e-05 1.066411304349035305e-04 1.370167736702843087e-04 6.248056768698440067e-05
-1.421867719547664777e-04 -4.974690511461155040e-05 7.640979947765025315e-05 1.384964825110746034e-04 9.041158211497979380e-05
-1.354938295747842858e-04 -7.686372002913000046e-05 4.411667879344882692e-05 1.306326138654778646e-04 1.095563628343843021e-04
-1.204740489791911173e-04 -9.617654869542580087e-05 1.211113809174158007e-05 1.148781694157996469e-04 1.195209142024200588e-04
-9.895261765313634328e-05 -1.071816518891655079e-04 -1.751089281076811943e-05 9.306593338975766017e-05 1.205555869685515091e-04
-7.300662129905433062e-05 -1.099752528004316332e-04 -4.302030473057882887e-05 6.724684054004725908e-05 1.134831955713622165e-04
-4.479944313917627596e-05 -1.051899061654815171e-04 -6.313386200595960673e-05 3.953380746368750920e-05 9.958114823471753141e-05
-1.642875311791414106e-05 -9.389850736585270141e-05 -7.705328620455365041e-05 1.195579267454505157e-05 8.045170433179649194e-05
1.020589080313882846e-05 -7.749896368614006548e-05 -8.447114690923740454e-05 -1.366953999226705463e-05 5.788517271709814338e-05
3.350915199518134102e-05 -5.758876239347898718e-05 -8.554274593308708319e-05 -3.583542537044515086e-05 3.372245355626191099e-05
5.226551715353799921e-05 -3.583921249672439302e-05 -8.082930209052374693e-05 -5.341491568955358815e-05 9.727108027046682537e-06
6.568243435611798020e-05 -1.387744221270637013e-05 -7.121998417647379398e-05 -6.569786563404012014e-05 -1.252432123477476011e-05
7.340097552499535993e-05 6.817213652920983691e-06 -5.784030250888250180e-05 -7.239644886747331753e-05 -3.172831857478630724e-05
7.547638733540473766e-05 2.499689962687234868e-05 -4.195404990947615431e-05 -7.362212280981328405e-05 -4.691359440489595301e-05
7.233303284337466721e-05 3.970513045881141068e-05 -2.486566688619795684e-05 -6.983855166209362864e-05 -5.747231959174481375e-05
6.469873339676190938e-05 5.031140252742538621e-05 -7.829585190521903826e-06 -6.179599245381695027e-05 -6.316318349786076425e-05
5.352845763106905963e-05 5.651954329621844408e-05 8.028280288563394151e-06 -5.045241326984140073e-05 -6.409463138801196891e-05
3.991585556617494035e-05 5.835575974177942271e-05 2.177250386781182101e-05 -3.689015129837436291e-05 -6.067808221343895525e-05
2.500861828091949235e-05 5.613343763810618725e-05 3.270102800612129101e-05 -2.223039399096293778e-05 -5.357456461996257246e-05
9.924897664381759910e-06 5.040479082119020404e-05 4.036861295042548647e-05 -7.556033085553970352e-06 -4.362187487494395555e-05
-4.315910003716005860e-06 4.189943422283626262e-05 4.459118845634435502e-05 6.157324183853063460e-06 -3.176550007599754366e-05
-1.685250645233615785e-05 3.145859736441991572e-05 4.543185049565856559e-05 1.809514328643402337e-05 -1.898205949057985009e-05
-2.702250915065373960e-05 1.996837917150884323e-05 4.317124042985120980e-05 2.764117683806688319e-05 -6.211907522701842765e-06
-3.438630286378696610e-05 8.296273929842001849e-06 3.826862809774844720e-05 3.440008418920115218e-05 5.697839931206871711e-06
