0.000000000000000000e+00 0.000000000000000000e+00 0.000000000000000000e+00 0.000000000000000000e+00 0.000000000000000000e+00
0.000000000000000000e+00 0.000000000000000000e+00 0.000000000000000000e+00 0.000000000000000000e+00 0.000000000000000000e+00
0.000000000000000000e+00 0.000000000000000000e+00 0.000000000000000000e+00 0.000000000000000000e+00 0.000000000000000000e+00
0.000000000000000000e+00 0.000000000000000000e+00 0.000000000000000000e+00 0.000000000000000000e+00 0.000000000000000000e+00
0.000000000000000000e+00 0.000000000000000000e+00 0.000000000000000000e+00 0.000000000000000000e+00 0.000000000000000000e+00
0.000000000000000000e+00 0.000000000000000000e+00 0.000000000000000000e+00 0.000000000000000000e+00 0.000000000000000000e+00
0.000000000000000000e+00 0.000000000000000000e+00 0.000000000000000000e+00 0.000000000000000000e+00 0.000000000000000000e+00
0.000000000000000000e+00 0.000000000000000000e+00 0.000000000000000000e+00 0.000000000000000000e+00 0.000000000000000000e+00
0.000000000000000000e+00 0.000000000000000000e+00 0.000000000000000000e+00 0.000000000000000000e+00 0.000000000000000000e+00
0.000000000000000000e+00 0.000000000000000000e+00 0.000000000000000000e+00 0.000000000000000000e+00 0.000000000000000000e+00
0.000000000000000000e+00 0.000000000000000000e+00 0.000000000000000000e+00 0.000000000000000000e+00 0.000000000000000000e+00
0.000000000000000000e+00 0.000000000000000000e+00 0.000000000000000000e+00 0.000000000000000000e+00 0.000000000000000000e+00
0.000000000000000000e+00 0.000000000000000000e+00 0.000000000000000000e+00 0.000000000000000000e+00 0.000000000000000000e+00
0.000000000000000000e+00 0.000000000000000000e+00 0.000000000000000000e+00 0.000000000000000000e+00 0.000000000000000000e+00
0.000000000000000000e+00 0.000000000000000000e+00 0.000000000000000000e+00 0.000000000000000000e+00 0.000000000000000000e+00
0.000000000000000000e+00 0.000000000000000000e+00 0.000000000000000000e+00 0.000000000000000000e+00 0.000000000000000000e+00
0.000000000000000000e+00 0.000000000000000000e+00 0.000000000000000000e+00 0.000000000000000000e+00 0.000000000000000000e+00
0.000000000000000000e+00 0.000000000000000000e+00 0.000000000000000000e+00 0.000000000000000000e+00 0.000000000000000000e+00
0.000000000000000000e+00 0.000000000000000000e+00 0.000000000000000000e+00 0.000000000000000000e+00 0.000000000000000000e+00
0.000000000000000000e+00 0.000000000000000000e+00 0.000000000000000000e+00 0.000000000000000000e+00 0.000000000000000000e+00
0.000000000000000000e+00 0.000000000000000000e+00 0.000000000000000000e+00 0.000000000000000000e+00 0.000000000000000000e+00
0.000000000000000000e+00 0.000000000000000000e+00 0.000000000000000000e+00 0.000000000000000000e+00 0.000000000000000000e+00
0.000000000000000000e+00 0.000000000000000000e+00 0.000000000000000000e+00 0.000000000000000000e+00 0.000000000000000000e+00
0.000000000000000000e+00 0.000000000000000000e+00 0.000000000000000000e+00 0.000000000000000000e+00 0.000000000000000000e+00
0.000000000000000000e+00 0.000000000000000000e+00 0.000000000000000000e+00 0.000000000000000000e+00 0.000000000000000000e+00
0.000000000000000000e+00 0.000000000000000000e+00 0.000000000000000000e+00 0.000000000000000000e+00 0.000000000000000000e+00
0.000000000000000000e+00 0.000000000000000000e+00 0.000000000000000000e+00 0.000000000000000000e+00 0.000000000000000000e+00
0.000000000000000000e+00 0.000000000000000000e+00 0.000000000000000000e+00 0.000000000000000000e+00 0.000000000000000000e+00
0.000000000000000000e+00 0.000000000000000000e+00 0.000000000000000000e+00 0.000000000000000000e+00 0.000000000000000000e+00
0.000000000000000000e+00 0.000000000000000000e+00 0.000000000000000000e+00 0.000000000000000000e+00 0.000000000000000000e+00
0.000000000000000000e+00 0.000000000000000000e+00 0.000000000000000000e+00 0.000000000000000000e+00 0.000000000000000000e+00
0.000000000000000000e+00 0.000000000000000000e+00 0.000000000000000000e+00 0.000000000000000000e+00 0.000000000000000000e+00
0.000000000000000000e+00 0.000000000000000000e+00 0.000000000000000000e+00 0.000000000000000000e+00 0.000000000000000000e+00
0.000000000000000000e+00 0.000000000000000000e+00 0.000000000000000000e+00 0.000000000000000000e+00 0.000000000000000000e+00
0.000000000000000000e+00 0.000000000000000000e+00 0.000000000000000000e+00 0.000000000000000000e+00 0.000000000000000000e+00
0.000000000000000000e+00 0.000000000000000000e+00 0.000000000000000000e+00 0.000000000000000000e+00 0.000000000000000000e+00
0.000000000000000000e+00 0.000000000000000000e+00 0.000000000000000000e+00 0.000000000000000000e+00 0.000000000000000000e+00
0.000000000000000000e+00 0.000000000000000000e+00 0.000000000000000000e+00 0.000000000000000000e+00 0.000000000000000000e+00
0.000000000000000000e+00 0.000000000000000000e+00 0.000000000000000000e+00 0.000000000000000000e+00 0.000000000000000000e+00
0.000000000000000000e+00 0.000000000000000000e+00 0.000000000000000000e+00 0.000000000000000000e+00 0.000000000000000000e+00
0.000000000000000000e+00 0.000000000000000000e+00 0.000000000000000000e+00 0.000000000000000000e+00 0.000000000000000000e+00
0.000000000000000000e+00 0.000000000000000000e+00 0.000000000000000000e+00 0.000000000000000000e+00 0.000000000000000000e+00
0.000000000000000000e+00 0.000000000000000000e+00 0.000000000000000000e+00 0.000000000000000000e+00 0.000000000000000000e+00
0.000000000000000000e+00 0.000000000000000000e+00 0.000000000000000000e+00 0.000000000000000000e+00 0.000000000000000000e+00
0.000000000000000000e+00 0.000000000000000000e+00 0.000000000000000000e+00 0.000000000000000000e+00 0.000000000000000000e+00
0.000000000000000000e+00 0.000000000000000000e+00 0.000000000000000000e+00 0.000000000000000000e+00 0.000000000000000000e+00
0.000000000000000000e+00 0.000000000000000000e+00 0.000000000000000000e+00 0.000000000000000000e+00 0.000000000000000000e+00
0.000000000000000000e+00 0.000000000000000000e+00 0.000000000000000000e+00 0.000000000000000000e+00 0.000000000000000000e+00
0.000000000000000000e+00 0.000000000000000000e+00 0.000000000000000000e+00 0.000000000000000000e+00 0.000000000000000000e+00
0.000000000000000000e+00 0.000000000000000000e+00 0.000000000000000000e+00 0.000000000000000000e+00 0.000000000000000000e+00
0.000000000000000000e+00 0.000000000000000000e+00 0.000000000000000000e+00 0.000000000000000000e+00 0.000000000000000000e+00
0.000000000000000000e+00 0.000000000000000000e+00 0.000000000000000000e+00 0.000000000000000000e+00 0.000000000000000000e+00
0.000000000000000000e+00 0.000000000000000000e+00 0.000000000000000000e+00 0.000000000000000000e+00 0.000000000000000000e+00
0.000000000000000000e+00 0.000000000000000000e+00 0.000000000000000000e+00 0.000000000000000000e+00 0.000000000000000000e+00
0.000000000000000000e+00 0.000000000000000000e+00 0.000000000000000000e+00 0.000000000000000000e+00 0.000000000000000000e+00
0.000000000000000000e+00 0.000000000000000000e+00 0.000000000000000000e+00 0.000000000000000000e+00 0.000000000000000000e+00
0.000000000000000000e+00 0.000000000000000000e+00 0.000000000000000000e+00 0.000000000000000000e+00 0.000000000000000000e+00
0.000000000000000000e+00 0.000000000000000000e+00 0.000000000000000000e+00 0.000000000000000000e+00 0.000000000000000000e+00
0.000000000000000000e+00 0.000000000000000000e+00 0.000000000000000000e+00 0.000000000000000000e+00 0.000000000000000000e+00
0.000000000000000000e+00 0.000000000000000000e+00 0.000000000000000000e+00 0.000000000000000000e+00 0.000000000000000000e+00
0.000000000000000000e+00 0.000000000000000000e+00 0.000000000000000000e+00 0.000000000000000000e+00 0.000000000000000000e+00
0.000000000000000000e+00 0.000000000000000000e+00 0.000000000000000000e+00 0.000000000000000000e+00 0.000000000000000000e+00
0.000000000000000000e+00 0.000000000000000000e+00 0.000000000000000000e+00 0.000000000000000000e+00 0.000000000000000000e+00
0.000000000000000000e+00 0.000000000000000000e+00 0.000000000000000000e+00 0.000000000000000000e+00 0.000000000000000000e+00
0.000000000000000000e+00 0.000000000000000000e+00 0.000000000000000000e+00 0.000000000000000000e+00 0.000000000000000000e+00
0.000000000000000000e+00 0.000000000000000000e+00 0.000000000000000000e+00 0.000000000000000000e+00 0.000000000000000000e+00
0.000000000000000000e+00 0.000000000000000000e+00 0.000000000000000000e+00 0.000000000000000000e+00 0.000000000000000000e+00
0.000000000000000000e+00 0.000000000000000000e+00 0.000000000000000000e+00 0.000000000000000000e+00 0.000000000000000000e+00
0.000000000000000000e+00 0.000000000000000000e+00 0.000000000000000000e+00 0.000000000000000000e+00 0.000000000000000000e+00
0.000000000000000000e+00 0.000000000000000000e+00 0.000000000000000000e+00 0.000000000000000000e+00 0.000000000000000000e+00
0.000000000000000000e+00 0.000000000000000000e+00 0.000000000000000000e+00 0.000000000000000000e+00 0.000000000000000000e+00
0.000000000000000000e+00 0.000000000000000000e+00 0.000000000000000000e+00 0.000000000000000000e+00 0.000000000000000000e+00
0.000000000000000000e+00 0.000000000000000000e+00 0.000000000000000000e+00 0.000000000000000000e+00 0.000000000000000000e+00
0.000000000000000000e+00 0.000000000000000000e+00 0.000000000000000000e+00 0.000000000000000000e+00 0.000000000000000000e+00
0.000000000000000000e+00 0.000000000000000000e+00 0.000000000000000000e+00 0.000000000000000000e+00 0.000000000000000000e+00
0.000000000000000000e+00 0.000000000000000000e+00 0.000000000000000000e+00 0.000000000000000000e+00 0.000000000000000000e+00
0.000000000000000000e+00 0.000000000000000000e+00 0.000000000000000000e+00 0.000000000000000000e+00 0.000000000000000000e+00
0.000000000000000000e+00 0.000000000000000000e+00 0.000000000000000000e+00 0.000000000000000000e+00 0.000000000000000000e+00
0.000000000000000000e+00 0.000000000000000000e+00 0.000000000000000000e+00 0.000000000000000000e+00 0.000000000000000000e+00
0.000000000000000000e+00 0.000000000000000000e+00 0.000000000000000000e+00 0.000000000000000000e+00 0.000000000000000000e+00
0.000000000000000000e+00 0.000000000000000000e+00 0.000000000000000000e+00 0.000000000000000000e+00 0.000000000000000000e+00
0.000000000000000000e+00 0.000000000000000000e+00 0.000000000000000000e+00 0.000000000000000000e+00 0.000000000000000000e+00
0.000000000000000000e+00 0.000000000000000000e+00 0.000000000000000000e+00 0.000000000000000000e+00 0.000000000000000000e+00
0.000000000000000000e+00 0.000000000000000000e+00 0.000000000000000000e+00 0.000000000000000000e+00 0.000000000000000000e+00
0.000000000000000000e+00 0.000000000000000000e+00 0.000000000000000000e+00 0.000000000000000000e+00 0.000000000000000000e+00
0.000000000000000000e+00 0.000000000000000000e+00 0.000000000000000000e+00 0.000000000000000000e+00 0.000000000000000000e+00
0.000000000000000000e+00 0.000000000000000000e+00 0.000000000000000000e+00 0.000000000000000000e+00 0.000000000000000000e+00
0.000000000000000000e+00 0.000000000000000000e+00 0.000000000000000000e+00 0.000000000000000000e+00 0.000000000000000000e+00
0.000000000000000000e+00 0.000000000000000000e+00 0.000000000000000000e+00 0.000000000000000000e+00 0.000000000000000000e+00
0.000000000000000000e+00 0.000000000000000000e+00 0.000000000000000000e+00 0.000000000000000000e+00 0.000000000000000000e+00
0.000000000000000000e+00 0.000000000000000000e+00 0.000000000000000000e+00 0.000000000000000000e+00 0.000000000000000000e+00
0.000000000000000000e+00 0.000000000000000000e+00 0.000000000000000000e+00 0.000000000000000000e+00 0.000000000000000000e+00
0.000000000000000000e+00 0.000000000000000000e+00 0.000000000000000000e+00 0.000000000000000000e+00 0.000000000000000000e+00
0.000000000000000000e+00 0.000000000000000000e+00 0.000000000000000000e+00 0.000000000000000000e+00 0.000000000000000000e+00
0.000000000000000000e+00 0.000000000000000000e+00 0.000000000000000000e+00 0.000000000000000000e+00 0.000000000000000000e+00
0.000000000000000000e+00 0.000000000000000000e+00 0.000000000000000000e+00 0.000000000000000000e+00 0.000000000000000000e+00
0.000000000000000000e+00 0.000000000000000000e+00 0.000000000000000000e+00 0.000000000000000000e+00 0.000000000000000000e+00
0.000000000000000000e+00 0.000000000000000000e+00 0.000000000000000000e+00 0.000000000000000000e+00 0.000000000000000000e+00
0.000000000000000000e+00 0.000000000000000000e+00 0.000000000000000000e+00 0.000000000000000000e+00 0.000000000000000000e+00
0.000000000000000000e+00 0.000000000000000000e+00 0.000000000000000000e+00 0.000000000000000000e+00 0.000000000000000000e+00
0.000000000000000000e+00 0.000000000000000000e+00 0.000000000000000000e+00 0.000000000000000000e+00 0.000000000000000000e+00
0.000000000000000000e+00 0.000000000000000000e+00 0.000000000000000000e+00 0.000000000000000000e+00 0.000000000000000000e+00
0.000000000000000000e+00 0.000000000000000000e+00 0.000000000000000000e+00 0.000000000000000000e+00 0.000000000000000000e+00
0.000000000000000000e+00 0.000000000000000000e+00 0.000000000000000000e+00 0.000000000000000000e+00 0.000000000000000000e+00
0.000000000000000000e+00 0.000000000000000000e+00 0.000000000000000000e+00 0.000000000000000000e+00 0.000000000000000000e+00
0.000000000000000000e+00 0.000000000000000000e+00 0.000000000000000000e+00 0.000000000000000000e+00 0.000000000000000000e+00
0.000000000000000000e+00 0.000000000000000000e+00 0.000000000000000000e+00 0.000000000000000000e+00 0.000000000000000000e+00
0.000000000000000000e+00 0.000000000000000000e+00 0.000000000000000000e+00 0.000000000000000000e+00 0.000000000000000000e+00
0.000000000000000000e+00 0.000000000000000000e+00 0.000000000000000000e+00 0.000000000000000000e+00 0.000000000000000000e+00
0.000000000000000000e+00 0.000000000000000000e+00 0.000000000000000000e+00 0.000000000000000000e+00 0.000000000000000000e+00
0.000000000000000000e+00 0.000000000000000000e+00 0.000000000000000000e+00 0.000000000000000000e+00 0.000000000000000000e+00
0.000000000000000000e+00 0.000000000000000000e+00 0.000000000000000000e+00 0.000000000000000000e+00 0.000000000000000000e+00
0.000000000000000000e+00 0.000000000000000000e+00 0.000000000000000000e+00 0.000000000000000000e+00 0.000000000000000000e+00
0.000000000000000000e+00 0.000000000000000000e+00 0.000000000000000000e+00 0.000000000000000000e+00 0.000000000000000000e+00
0.000000000000000000e+00 0.000000000000000000e+00 0.000000000000000000e+00 0.000000000000000000e+00 0.000000000000000000e+00
0.000000000000000000e+00 0.000000000000000000e+00 0.000000000000000000e+00 0.000000000000000000e+00 0.000000000000000000e+00
0.000000000000000000e+00 0.000000000000000000e+00 0.000000000000000000e+00 0.000000000000000000e+00 0.000000000000000000e+00
0.000000000000000000e+00 0.000000000000000000e+00 0.000000000000000000e+00 0.000000000000000000e+00 0.000000000000000000e+00
0.000000000000000000e+00 0.000000000000000000e+00 0.000000000000000000e+00 0.000000000000000000e+00 0.000000000000000000e+00
0.000000000000000000e+00 0.000000000000000000e+00 0.000000000000000000e+00 0.000000000000000000e+00 0.000000000000000000e+00
0.000000000000000000e+00 0.000000000000000000e+00 0.000000000000000000e+00 0.000000000000000000e+00 0.000000000000000000e+00
0.000000000000000000e+00 0.000000000000000000e+00 0.000000000000000000e+00 0.000000000000000000e+00 0.000000000000000000e+00
0.000000000000000000e+00 0.000000000000000000e+00 0.000000000000000000e+00 0.000000000000000000e+00 0.000000000000000000e+00
0.000000000000000000e+00 0.000000000000000000e+00 0.000000000000000000e+00 0.000000000000000000e+00 0.000000000000000000e+00
0.000000000000000000e+00 0.000000000000000000e+00 0.000000000000000000e+00 0.000000000000000000e+00 0.000000000000000000e+00
0.000000000000000000e+00 0.000000000000000000e+00 0.000000000000000000e+00 0.000000000000000000e+00 0.000000000000000000e+00
0.000000000000000000e+00 0.000000000000000000e+00 0.000000000000000000e+00 0.000000000000000000e+00 0.000000000000000000e+00
0.000000000000000000e+00 0.000000000000000000e+00 0.000000000000000000e+00 0.000000000000000000e+00 0.000000000000000000e+00
0.000000000000000000e+00 0.000000000000000000e+00 0.000000000000000000e+00 0.000000000000000000e+00 0.000000000000000000e+00
0.000000000000000000e+00 0.000000000000000000e+00 0.000000000000000000e+00 0.000000000000000000e+00 0.000000000000000000e+00
0.000000000000000000e+00 0.000000000000000000e+00 0.000000000000000000e+00 0.000000000000000000e+00 0.000000000000000000e+00
0.000000000000000000e+00 0.000000000000000000e+00 0.000000000000000000e+00 0.000000000000000000e+00 0.000000000000000000e+00
0.000000000000000000e+00 0.000000000000000000e+00 0.000000000000000000e+00 0.000000000000000000e+00 0.000000000000000000e+00
0.000000000000000000e+00 0.000000000000000000e+00 0.000000000000000000e+00 0.000000000000000000e+00 0.000000000000000000e+00
0.000000000000000000e+00 0.000000000000000000e+00 0.000000000000000000e+00 0.000000000000000000e+00 0.000000000000000000e+00
0.000000000000000000e+00 0.000000000000000000e+00 0.000000000000000000e+00 0.000000000000000000e+00 0.000000000000000000e+00
0.000000000000000000e+00 0.000000000000000000e+00 0.000000000000000000e+00 0.000000000000000000e+00 0.000000000000000000e+00
0.000000000000000000e+00 0.000000000000000000e+00 0.000000000000000000e+00 0.000000000000000000e+00 0.000000000000000000e+00
0.000000000000000000e+00 0.000000000000000000e+00 0.000000000000000000e+00 0.000000000000000000e+00 0.000000000000000000e+00
0.000000000000000000e+00 0.000000000000000000e+00 0.000000000000000000e+00 0.000000000000000000e+00 0.000000000000000000e+00
0.000000000000000000e+00 0.000000000000000000e+00 0.000000000000000000e+00 0.000000000000000000e+00 0.000000000000000000e+00
0.000000000000000000e+00 0.000000000000000000e+00 0.000000000000000000e+00 0.000000000000000000e+00 0.000000000000000000e+00
0.000000000000000000e+00 0.000000000000000000e+00 0.000000000000000000e+00 0.000000000000000000e+00 0.000000000000000000e+00
0.000000000000000000e+00 0.000000000000000000e+00 0.000000000000000000e+00 0.000000000000000000e+00 0.000000000000000000e+00
0.000000000000000000e+00 0.000000000000000000e+00 0.000000000000000000e+00 0.000000000000000000e+00 0.000000000000000000e+00
0.000000000000000000e+00 0.000000000000000000e+00 0.000000000000000000e+00 0.000000000000000000e+00 0.000000000000000000e+00
0.000000000000000000e+00 0.000000000000000000e+00 0.000000000000000000e+00 0.000000000000000000e+00 0.000000000000000000e+00
0.000000000000000000e+00 0.000000000000000000e+00 0.000000000000000000e+00 0.000000000000000000e+00 0.000000000000000000e+00
0.000000000000000000e+00 0.000000000000000000e+00 0.000000000000000000e+00 0.000000000000000000e+00 0.000000000000000000e+00
0.000000000000000000e+00 0.000000000000000000e+00 0.000000000000000000e+00 0.000000000000000000e+00 0.000000000000000000e+00
0.000000000000000000e+00 0.000000000000000000e+00 0.000000000000000000e+00 0.000000000000000000e+00 0.000000000000000000e+00
0.000000000000000000e+00 0.000000000000000000e+00 0.000000000000000000e+00 0.000000000000000000e+00 0.000000000000000000e+00
0.000000000000000000e+00 0.000000000000000000e+00 0.000000000000000000e+00 0.000000000000000000e+00 0.000000000000000000e+00
0.000000000000000000e+00 0.000000000000000000e+00 0.000000000000000000e+00 0.000000000000000000e+00 0.000000000000000000e+00
0.000000000000000000e+00 0.000000000000000000e+00 0.000000000000000000e+00 0.000000000000000000e+00 0.000000000000000000e+00
0.000000000000000000e+00 0.000000000000000000e+00 0.000000000000000000e+00 0.000000000000000000e+00 0.000000000000000000e+00
0.000000000000000000e+00 0.000000000000000000e+00 0.000000000000000000e+00 0.000000000000000000e+00 0.000000000000000000e+00
0.000000000000000000e+00 0.000000000000000000e+00 0.000000000000000000e+00 0.000000000000000000e+00 0.000000000000000000e+00
0.000000000000000000e+00 0.000000000000000000e+00 0.000000000000000000e+00 0.000000000000000000e+00 0.000000000000000000e+00
0.000000000000000000e+00 0.000000000000000000e+00 0.000000000000000000e+00 0.000000000000000000e+00 0.000000000000000000e+00
0.000000000000000000e+00 0.000000000000000000e+00 0.000000000000000000e+00 0.000000000000000000e+00 0.000000000000000000e+00
0.000000000000000000e+00 0.000000000000000000e+00 0.000000000000000000e+00 0.000000000000000000e+00 0.000000000000000000e+00
0.000000000000000000e+00 0.000000000000000000e+00 0.000000000000000000e+00 0.000000000000000000e+00 0.000000000000000000e+00
0.000000000000000000e+00 0.000000000000000000e+00 0.000000000000000000e+00 0.000000000000000000e+00 0.000000000000000000e+00
0.000000000000000000e+00 0.000000000000000000e+00 0.000000000000000000e+00 0.000000000000000000e+00 0.000000000000000000e+00
0.000000000000000000e+00 0.000000000000000000e+00 0.000000000000000000e+00 0.000000000000000000e+00 0.000000000000000000e+00
0.000000000000000000e+00 0.000000000000000000e+00 0.000000000000000000e+00 0.000000000000000000e+00 0.000000000000000000e+00
0.000000000000000000e+00 0.000000000000000000e+00 0.000000000000000000e+00 0.000000000000000000e+00 0.000000000000000000e+00
0.000000000000000000e+00 0.000000000000000000e+00 0.000000000000000000e+00 0.000000000000000000e+00 0.000000000000000000e+00
0.000000000000000000e+00 0.000000000000000000e+00 0.000000000000000000e+00 0.000000000000000000e+00 0.000000000000000000e+00
0.000000000000000000e+00 0.000000000000000000e+00 0.000000000000000000e+00 0.000000000000000000e+00 0.000000000000000000e+00
0.000000000000000000e+00 0.000000000000000000e+00 0.000000000000000000e+00 0.000000000000000000e+00 0.000000000000000000e+00
0.000000000000000000e+00 0.000000000000000000e+00 0.000000000000000000e+00 0.000000000000000000e+00 0.000000000000000000e+00
0.000000000000000000e+00 0.000000000000000000e+00 0.000000000000000000e+00 0.000000000000000000e+00 0.000000000000000000e+00
0.000000000000000000e+00 0.000000000000000000e+00 0.000000000000000000e+00 0.000000000000000000e+00 0.000000000000000000e+00
0.000000000000000000e+00 0.000000000000000000e+00 0.000000000000000000e+00 0.000000000000000000e+00 0.000000000000000000e+00
0.000000000000000000e+00 0.000000000000000000e+00 0.000000000000000000e+00 0.000000000000000000e+00 0.000000000000000000e+00
0.000000000000000000e+00 0.000000000000000000e+00 0.000000000000000000e+00 0.000000000000000000e+00 0.000000000000000000e+00
0.000000000000000000e+00 0.000000000000000000e+00 0.000000000000000000e+00 0.000000000000000000e+00 0.000000000000000000e+00
0.000000000000000000e+00 0.000000000000000000e+00 0.000000000000000000e+00 0.000000000000000000e+00 0.000000000000000000e+00
0.000000000000000000e+00 0.000000000000000000e+00 0.000000000000000000e+00 0.000000000000000000e+00 0.000000000000000000e+00
0.000000000000000000e+00 0.000000000000000000e+00 0.000000000000000000e+00 0.000000000000000000e+00 0.000000000000000000e+00
0.000000000000000000e+00 0.000000000000000000e+00 0.000000000000000000e+00 0.000000000000000000e+00 0.000000000000000000e+00
0.000000000000000000e+00 0.000000000000000000e+00 0.000000000000000000e+00 0.000000000000000000e+00 0.000000000000000000e+00
0.000000000000000000e+00 0.000000000000000000e+00 0.000000000000000000e+00 0.000000000000000000e+00 0.000000000000000000e+00
0.000000000000000000e+00 0.000000000000000000e+00 0.000000000000000000e+00 0.000000000000000000e+00 0.000000000000000000e+00
0.000000000000000000e+00 0.000000000000000000e+00 0.000000000000000000e+00 0.000000000000000000e+00 0.000000000000000000e+00
0.000000000000000000e+00 0.000000000000000000e+00 0.000000000000000000e+00 0.000000000000000000e+00 0.000000000000000000e+00
0.000000000000000000e+00 0.000000000000000000e+00 0.000000000000000000e+00 0.000000000000000000e+00 0.000000000000000000e+00
0.000000000000000000e+00 0.000000000000000000e+00 0.000000000000000000e+00 0.000000000000000000e+00 0.000000000000000000e+00
0.000000000000000000e+00 0.000000000000000000e+00 0.000000000000000000e+00 0.000000000000000000e+00 0.000000000000000000e+00
0.000000000000000000e+00 0.000000000000000000e+00 0.000000000000000000e+00 0.000000000000000000e+00 0.000000000000000000e+00
0.000000000000000000e+00 0.000000000000000000e+00 0.000000000000000000e+00 0.000000000000000000e+00 0.000000000000000000e+00
0.000000000000000000e+00 0.000000000000000000e+00 0.000000000000000000e+00 0.000000000000000000e+00 0.000000000000000000e+00
0.000000000000000000e+00 0.000000000000000000e+00 0.000000000000000000e+00 0.000000000000000000e+00 0.000000000000000000e+00
0.000000000000000000e+00 0.000000000000000000e+00 0.000000000000000000e+00 0.000000000000000000e+00 0.000000000000000000e+00
0.000000000000000000e+00 0.000000000000000000e+00 0.000000000000000000e+00 0.000000000000000000e+00 0.000000000000000000e+00
0.000000000000000000e+00 0.000000000000000000e+00 0.000000000000000000e+00 0.000000000000000000e+00 0.000000000000000000e+00
0.000000000000000000e+00 0.000000000000000000e+00 0.000000000000000000e+00 0.000000000000000000e+00 0.000000000000000000e+00
0.000000000000000000e+00 0.000000000000000000e+00 0.000000000000000000e+00 0.000000000000000000e+00 0.000000000000000000e+00
0.000000000000000000e+00 0.000000000000000000e+00 0.000000000000000000e+00 0.000000000000000000e+00 0.000000000000000000e+00
0.000000000000000000e+00 0.000000000000000000e+00 0.000000000000000000e+00 0.000000000000000000e+00 0.000000000000000000e+00
0.000000000000000000e+00 0.000000000000000000e+00 0.000000000000000000e+00 0.000000000000000000e+00 0.000000000000000000e+00
0.000000000000000000e+00 0.000000000000000000e+00 0.000000000000000000e+00 0.000000000000000000e+00 0.000000000000000000e+00
0.000000000000000000e+00 0.000000000000000000e+00 0.000000000000000000e+00 0.000000000000000000e+00 0.000000000000000000e+00
0.000000000000000000e+00 0.000000000000000000e+00 0.000000000000000000e+00 0.000000000000000000e+00 0.000000000000000000e+00
0.000000000000000000e+00 0.000000000000000000e+00 0.000000000000000000e+00 0.000000000000000000e+00 0.000000000000000000e+00
0.000000000000000000e+00 0.000000000000000000e+00 0.000000000000000000e+00 0.000000000000000000e+00 0.000000000000000000e+00
0.000000000000000000e+00 0.000000000000000000e+00 0.000000000000000000e+00 0.000000000000000000e+00 0.000000000000000000e+00
0.000000000000000000e+00 0.000000000000000000e+00 0.000000000000000000e+00 0.000000000000000000e+00 0.000000000000000000e+00
0.000000000000000000e+00 0.000000000000000000e+00 0.000000000000000000e+00 0.000000000000000000e+00 0.000000000000000000e+00
0.000000000000000000e+00 0.000000000000000000e+00 0.000000000000000000e+00 0.000000000000000000e+00 0.000000000000000000e+00
0.000000000000000000e+00 0.000000000000000000e+00 0.000000000000000000e+00 0.000000000000000000e+00 0.000000000000000000e+00
0.000000000000000000e+00 0.000000000000000000e+00 0.000000000000000000e+00 0.000000000000000000e+00 0.000000000000000000e+00
0.000000000000000000e+00 0.000000000000000000e+00 0.000000000000000000e+00 0.000000000000000000e+00 0.000000000000000000e+00
0.000000000000000000e+00 0.000000000000000000e+00 0.000000000000000000e+00 0.000000000000000000e+00 0.000000000000000000e+00
0.000000000000000000e+00 0.000000000000000000e+00 0.000000000000000000e+00 0.000000000000000000e+00 0.000000000000000000e+00
0.000000000000000000e+00 0.000000000000000000e+00 0.000000000000000000e+00 0.000000000000000000e+00 0.000000000000000000e+00
0.000000000000000000e+00 0.000000000000000000e+00 0.000000000000000000e+00 0.000000000000000000e+00 0.000000000000000000e+00
0.000000000000000000e+00 0.000000000000000000e+00 0.000000000000000000e+00 0.000000000000000000e+00 0.000000000000000000e+00
0.000000000000000000e+00 0.000000000000000000e+00 0.000000000000000000e+00 0.000000000000000000e+00 0.000000000000000000e+00
0.000000000000000000e+00 0.000000000000000000e+00 0.000000000000000000e+00 0.000000000000000000e+00 0.000000000000000000e+00
0.000000000000000000e+00 0.000000000000000000e+00 0.000000000000000000e+00 0.000000000000000000e+00 0.000000000000000000e+00
0.000000000000000000e+00 0.000000000000000000e+00 0.000000000000000000e+00 0.000000000000000000e+00 0.000000000000000000e+00
0.000000000000000000e+00 0.000000000000000000e+00 0.000000000000000000e+00 0.000000000000000000e+00 0.000000000000000000e+00
0.000000000000000000e+00 0.000000000000000000e+00 0.000000000000000000e+00 0.000000000000000000e+00 0.000000000000000000e+00
0.000000000000000000e+00 0.000000000000000000e+00 0.000000000000000000e+00 0.000000000000000000e+00 0.000000000000000000e+00
0.000000000000000000e+00 0.000000000000000000e+00 0.000000000000000000e+00 0.000000000000000000e+00 0.000000000000000000e+00
0.000000000000000000e+00 0.000000000000000000e+00 0.000000000000000000e+00 0.000000000000000000e+00 0.000000000000000000e+00
0.000000000000000000e+00 0.000000000000000000e+00 0.000000000000000000e+00 0.000000000000000000e+00 0.000000000000000000e+00
0.000000000000000000e+00 0.000000000000000000e+00 0.000000000000000000e+00 0.000000000000000000e+00 0.000000000000000000e+00
0.000000000000000000e+00 0.000000000000000000e+00 0.000000000000000000e+00 0.000000000000000000e+00 0.000000000000000000e+00
0.000000000000000000e+00 0.000000000000000000e+00 0.000000000000000000e+00 0.000000000000000000e+00 0.000000000000000000e+00
0.000000000000000000e+00 0.000000000000000000e+00 0.000000000000000000e+00 0.000000000000000000e+00 0.000000000000000000e+00
0.000000000000000000e+00 0.000000000000000000e+00 0.000000000000000000e+00 0.000000000000000000e+00 0.000000000000000000e+00
0.000000000000000000e+00 0.000000000000000000e+00 0.000000000000000000e+00 0.000000000000000000e+00 0.000000000000000000e+00
0.000000000000000000e+00 0.000000000000000000e+00 0.000000000000000000e+00 0.000000000000000000e+00 0.000000000000000000e+00
0.000000000000000000e+00 0.000000000000000000e+00 0.000000000000000000e+00 0.000000000000000000e+00 0.000000000000000000e+00
0.000000000000000000e+00 0.000000000000000000e+00 0.000000000000000000e+00 0.000000000000000000e+00 0.000000000000000000e+00
0.000000000000000000e+00 0.000000000000000000e+00 0.000000000000000000e+00 0.000000000000000000e+00 0.000000000000000000e+00
0.000000000000000000e+00 0.000000000000000000e+00 0.000000000000000000e+00 0.000000000000000000e+00 0.000000000000000000e+00
0.000000000000000000e+00 0.000000000000000000e+00 0.000000000000000000e+00 0.000000000000000000e+00 0.000000000000000000e+00
0.000000000000000000e+00 0.000000000000000000e+00 0.000000000000000000e+00 0.000000000000000000e+00 0.000000000000000000e+00
0.000000000000000000e+00 0.000000000000000000e+00 0.000000000000000000e+00 0.000000000000000000e+00 0.000000000000000000e+00
0.000000000000000000e+00 0.000000000000000000e+00 0.000000000000000000e+00 0.000000000000000000e+00 0.000000000000000000e+00
0.000000000000000000e+00 0.000000000000000000e+00 0.000000000000000000e+00 0.000000000000000000e+00 0.000000000000000000e+00
0.000000000000000000e+00 0.000000000000000000e+00 0.000000000000000000e+00 0.000000000000000000e+00 0.000000000000000000e+00
0.000000000000000000e+00 0.000000000000000000e+00 0.000000000000000000e+00 0.000000000000000000e+00 0.000000000000000000e+00
0.000000000000000000e+00 0.000000000000000000e+00 0.000000000000000000e+00 0.000000000000000000e+00 0.000000000000000000e+00
0.000000000000000000e+00 0.000000000000000000e+00 0.000000000000000000e+00 0.000000000000000000e+00 0.000000000000000000e+00
0.000000000000000000e+00 0.000000000000000000e+00 0.000000000000000000e+00 0.000000000000000000e+00 0.000000000000000000e+00
0.000000000000000000e+00 0.000000000000000000e+00 0.000000000000000000e+00 0.000000000000000000e+00 0.000000000000000000e+00
0.000000000000000000e+00 0.000000000000000000e+00 0.000000000000000000e+00 0.000000000000000000e+00 0.000000000000000000e+00
0.000000000000000000e+00 0.000000000000000000e+00 0.000000000000000000e+00 0.000000000000000000e+00 0.000000000000000000e+00
0.000000000000000000e+00 0.000000000000000000e+00 0.000000000000000000e+00 0.000000000000000000e+00 0.000000000000000000e+00
0.000000000000000000e+00 0.000000000000000000e+00 0.000000000000000000e+00 0.000000000000000000e+00 0.000000000000000000e+00
0.000000000000000000e+00 0.000000000000000000e+00 0.000000000000000000e+00 0.000000000000000000e+00 0.000000000000000000e+00
0.000000000000000000e+00 0.000000000000000000e+00 0.000000000000000000e+00 0.000000000000000000e+00 0.000000000000000000e+00
0.000000000000000000e+00 0.000000000000000000e+00 0.000000000000000000e+00 0.000000000000000000e+00 0.000000000000000000e+00
0.000000000000000000e+00 0.000000000000000000e+00 0.000000000000000000e+00 0.000000000000000000e+00 0.000000000000000000e+00
0.000000000000000000e+00 0.000000000000000000e+00 0.000000000000000000e+00 0.000000000000000000e+00 0.000000000000000000e+00
0.000000000000000000e+00 0.000000000000000000e+00 0.000000000000000000e+00 0.000000000000000000e+00 0.000000000000000000e+00
0.000000000000000000e+00 0.000000000000000000e+00 0.000000000000000000e+00 0.000000000000000000e+00 0.000000000000000000e+00
0.000000000000000000e+00 0.000000000000000000e+00 0.000000000000000000e+00 0.000000000000000000e+00 0.000000000000000000e+00
0.000000000000000000e+00 0.000000000000000000e+00 0.000000000000000000e+00 0.000000000000000000e+00 0.000000000000000000e+00
0.000000000000000000e+00 0.000000000000000000e+00 0.000000000000000000e+00 0.000000000000000000e+00 0.000000000000000000e+00
0.000000000000000000e+00 0.000000000000000000e+00 0.000000000000000000e+00 0.000000000000000000e+00 0.000000000000000000e+00
0.000000000000000000e+00 0.000000000000000000e+00 0.000000000000000000e+00 0.000000000000000000e+00 0.000000000000000000e+00
0.000000000000000000e+00 0.000000000000000000e+00 0.000000000000000000e+00 0.000000000000000000e+00 0.000000000000000000e+00
0.000000000000000000e+00 0.000000000000000000e+00 0.000000000000000000e+00 0.000000000000000000e+00 0.000000000000000000e+00
0.000000000000000000e+00 0.000000000000000000e+00 0.000000000000000000e+00 0.000000000000000000e+00 0.000000000000000000e+00
0.000000000000000000e+00 0.000000000000000000e+00 0.000000000000000000e+00 0.000000000000000000e+00 0.000000000000000000e+00
0.000000000000000000e+00 0.000000000000000000e+00 0.000000000000000000e+00 0.000000000000000000e+00 0.000000000000000000e+00
0.000000000000000000e+00 0.000000000000000000e+00 0.000000000000000000e+00 0.000000000000000000e+00 0.000000000000000000e+00
0.000000000000000000e+00 0.000000000000000000e+00 0.000000000000000000e+00 0.000000000000000000e+00 0.000000000000000000e+00
-5.316976011556755921e+00 -3.817096131652175650e+00 -1.097756580551847216e+00 5.071669742720821716e+00 6.957755582525873450e+00
-4.837448903671885958e+00 -4.074176318155990018e+00 -1.834275279619087096e+00 2.947400973052630047e+00 6.999667223756818935e+00
-4.063108839298503305e+00 -4.512313368403294334e+00 -2.361677653722866754e+00 1.517672459865907930e+00 6.204199078398689338e+00
-2.664455929902476150e+00 -4.892333155245391474e+00 -2.861840091598200519e+00 4.438198676782174057e-01 4.736163308686372808e+00
-7.118026495745497506e-01 -4.976773262960436206e+00 -3.366134792891665839e+00 -4.587056789708446880e-01 3.166919278746061384e+00
1.313759621512223585e+00 -4.592545800460146488e+00 -3.876712197404111659e+00 -1.235688345315003156e+00 1.810080133452219853e+00
3.029254932718701276e+00 -3.646672437855378313e+00 -4.330839745838215293e+00 -1.941160843433080263e+00 6.686254602208654418e-01
4.289599350730182614e+00 -2.256769972788148948e+00 -4.589920814897576307e+00 -2.613205200971045805e+00 -3.014201344295741603e-01
5.070873577955368638e+00 -6.571939024441868504e-01 -4.511558556584088997e+00 -3.248223477394192926e+00 -1.122518294951529993e+00
5.362688265192185000e+00 9.611706205272121384e-01 -4.027395640359960893e+00 -3.800573471067470344e+00 -1.822291914634254884e+00
5.178484322197272505e+00 2.450504289190181151e+00 -3.153594988775474839e+00 -4.200041603161351667e+00 -2.432172057769580231e+00
4.602541554051405193e+00 3.655991511486576417e+00 -1.955700950665456794e+00 -4.373764492437361540e+00 -2.970233828369647888e+00
3.772331890042928126e+00 4.442405963969674687e+00 -5.417366275629782457e-01 -4.255467054857614784e+00 -3.435468924264276414e+00
2.821749964123964727e+00 4.753598128344115104e+00 9.291985640848718919e-01 -3.791554266243080118e+00 -3.808888219974136735e+00
1.848496092528582491e+00 4.627318429828088497e+00 2.274739445875007426e+00 -2.967421185657401761e+00 -4.050304538656384956e+00
9.126704638068264819e-01 4.161748011739161868e+00 3.339783022981761995e+00 -1.839246277041283184e+00 -4.096219411506912600e+00
4.442084441803539896e-02 3.472598406425040363e+00 4.029184753068593139e+00 -5.311621470181344673e-01 -3.874351944725910712e+00
-7.481582576876563140e-01 2.664569612440856883e+00 4.314311234025889341e+00 8.024719799280934929e-01 -3.336392017139901078e+00
-1.468514132375493331e+00 1.817856825954137001e+00 4.224897230735504827e+00 2.014965292497591598e+00 -2.487847378219972150e+00
-2.119397704129982962e+00 9.848187090008352351e-01 3.832384283462654473e+00 2.988710682980634470e+00 -1.393696736496565114e+00
-2.693545189557243091e+00 1.937538435572210282e-01 3.227404327388256888e+00 3.646748292668168911e+00 -1.617068566335959912e-01
-3.169728945001910603e+00 -5.433139224731712291e-01 2.498273189199181399e+00 3.959315609365786859e+00 1.080587463241768242e+00
-3.513268038498605694e+00 -1.222155170304788152e+00 1.717531065507614585e+00 3.942437799178711177e+00 2.205584843011618279e+00
-3.679905339371240647e+00 -1.838999998104732692e+00 9.375458574578294790e-01 3.646972455574461591e+00 3.101516705480295233e+00
-3.623677068030218607e+00 -2.384680431750237695e+00 1.917043648988214777e-01 3.142256742000492764e+00 3.686336433323170514e+00
-3.309468187066180178e+00 -2.840394038839282320e+00 -5.018896800170226102e-01 2.500570342441118310e+00 3.919561768554770342e+00
-2.728027191812568919e+00 -3.175878194318982217e+00 -1.135232228565327350e+00 1.786251165458315526e+00 3.808870684510286431e+00
-1.907528117003145951e+00 -3.351395408740161841e+00 -1.704075097547582018e+00 1.050059733451117250e+00 3.406659448553240654e+00
-9.152052317778318624e-01 -3.324937546081091266e+00 -2.201328519628466207e+00 3.277691114991629906e-01 2.795050916561116150e+00
1.529256187128109623e-01 -3.064544439691665012e+00 -2.611760332774919924e+00 -3.580651980285974867e-01 2.064404414794506426e+00
1.189724780279808991e+00 -2.562144984270860792e+00 -2.909691465591782489e+00 -9.939225074388564618e-01 1.294048765049571115e+00
2.094742610174680220e+00 -1.842473342241934597e+00 -3.061025818405582744e+00 -1.569741070911762959e+00 5.415338593093015351e-01
2.787863981639490341e+00 -9.626162692605513271e-01 -3.029994813164991196e+00 -2.073423781202576865e+00 -1.587556695141382201e-01
3.218423909488512535e+00 -3.543857816900475299e-03 -2.789432934645064588e+00 -2.486904509819165554e+00 -7.906600864375086246e-01
3.370083985410254002e+00 9.419402639642162622e-01 -2.331756487559040636e+00 -2.784782248184542564e+00 -1.348774641188177137e+00
3.260187796019232032e+00 1.782172057219054251e+00 -1.676972830621199728e+00 -2.936089528659846959e+00 -1.831095099712388041e+00
2.932483614100819036e+00 2.439834953542503460e+00 -8.745751660552100182e-01 -2.909572726983460367e+00 -2.233033650517035618e+00
2.444967459602318538e+00 2.863729303209848087e+00 1.918717846821627049e-03 -2.682310666612193195e+00 -2.543353126997075719e+00
1.857163670548021894e+00 3.035666621400979093e+00 8.664373060096641765e-01 -2.249802377439988454e+00 -2.742612876701901570e+00
1.220840210221483479e+00 2.969671733459922081e+00 1.634568100988602168e+00 -1.633540284670015330e+00 -2.804997094421058268e+00
5.757277480576969975e-01 2.703863803958290291e+00 2.236890047032114026e+00 -8.819901077027718639e-01 -2.704110817857794835e+00
-5.039021485041783599e-02 2.288616924332219860e+00 2.628590967945055645e+00 -6.396976024006373329e-02 -2.421941679272755721e+00
-6.387512724324758695e-01 1.775464336236137086e+00 2.793647913122650372e+00 7.428083969586214419e-01 -1.958152888916452117e+00
-1.175414596885141050e+00 1.209627944679625200e+00 2.743108895697491612e+00 1.463993196078767545e+00 -1.335831241193872421e+00
-1.647116245050822769e+00 6.267698094481912729e-01 2.508518764038575100e+00 2.038837289707155165e+00 -6.011620821368947043e-01
-2.038207761493075587e+00 5.309177587399682707e-02 2.132863802389457497e+00 2.427140100898633079e+00 1.825516311014849791e-01
-2.329364380196202955e+00 -4.924944266810059590e-01 1.661807763268295046e+00 2.612281624344313880e+00 9.440112534471349903e-01
-2.498431101173460345e+00 -9.952504052548707403e-01 1.137223488527165927e+00 2.600124891335887867e+00 1.613680673345101013e+00
-2.523491044106866532e+00 -1.441426432249374834e+00 5.937109776847888654e-01 2.414346654400495673e+00 2.132774030391856090e+00
-2.387846333349857630e+00 -1.815716157805534303e+00 5.777453684973777454e-02 2.089705815662181276e+00 2.460707776972560268e+00
-2.085949780897498940e+00 -2.099955852676627099e+00 -4.510665777375557073e-01 1.665167721706715787e+00 2.580052968094779686e+00
-1.628566033046821682e+00 -2.273586625176162279e+00 -9.179711632166771551e-01 1.178400361027167609e+00 2.497722168359750139e+00
-1.045125624379390272e+00 -2.316206429316070015e+00 -1.329976133635172308e+00 6.623452552619815137e-01 2.241620444138322288e+00
-3.819209029897737695e-01 -2.212052195353224171e+00 -1.673449594854924394e+00 1.438828239012455157e-01 1.853427904797150472e+00
3.036510130870422874e-01 -1.955413953890129619e+00 -1.932575861446338861e+00 -3.557555810211939784e-01 1.379711060688860069e+00
9.511299008346764117e-01 -1.555186458465432686e+00 -2.089529523901237251e+00 -8.193637855355795363e-01 8.640774803051712860e-01
1.505217480490983917e+00 -1.036740891775858042e+00 -2.126634184841696751e+00 -1.231601341132980920e+00 3.422835127698879987e-01
1.922632696377544193e+00 -4.403115619010223303e-01 -2.030220001872740099e+00 -1.577044037288180434e+00 -1.592473050871856532e-01
2.176750113908647144e+00 1.835956755725385303e-01 -1.795253681190914108e+00 -1.839119319528024654e+00 -6.222230975559343014e-01
2.259507954003411978e+00 7.806005068512881229e-01 -1.429370014652640686e+00 -2.000405032440291553e+00 -1.033815109233607643e+00
2.180296449792053171e+00 1.299503373376547311e+00 -9.549123256193843279e-01 -2.044499848513145590e+00 -1.383655898809001972e+00
1.962103168065655767e+00 1.698934241879194840e+00 -4.080626636207614344e-01 -1.959314405186250552e+00 -1.661345260537280044e+00
1.635998804775321558e+00 1.952405195823178063e+00 1.650247280333922983e-01 -1.741121498238968446e+00 -1.855055373520695383e+00
1.235525407710480250e+00 2.050627856396345372e+00 7.142951280523406332e-01 -1.398146432597283662e+00 -1.951652992482358018e+00
7.923424537860949135e-01 2.000573518415468932e+00 1.192697923734147070e+00 -9.522599254369206179e-01 -1.938524452018015598e+00
3.337947638117149118e-01 1.821776606504046159e+00 1.562428482806024421e+00 -4.378192319175172598e-01 -1.806856429996133828e+00
-1.176520674233711011e-01 1.541225161744956607e+00 1.799277277161549504e+00 1.022581821727202023e-01 -1.555532977288478502e+00
-5.436194560804469278e-01 1.188379930627712300e+00 1.894364500967849585e+00 6.221504644568021103e-01 -1.194354413275890536e+00
-9.283498052827515723e-01 7.914316404368800795e-01 1.853179207875121470e+00 1.079123056540706171e+00 -7.453374256677584020e-01
-1.257232089832576838e+00 3.752220353636199768e-01 1.692487983968500087e+00 1.438661508515821641e+00 -2.414978906712671458e-01
-1.515861608113823422e+00 -3.930940601181798222e-02 1.436132878390612211e+00 1.677952407585647121e+00 2.766186010604316792e-01
-1.689998428909119887e+00 -4.345914186338011298e-01 1.110831627543832356e+00 1.787310380726165659e+00 7.658086717879173388e-01
-1.766578821156220336e+00 -7.953249704242555396e-01 7.428274665565650636e-01 1.769538222994522680e+00 1.185511552895095910e+00
-1.735689756447478027e+00 -1.107327523585258655e+00 3.557942032864107595e-01 1.637613197276560628e+00 1.502701602328322394e+00
-1.593133069517314038e+00 -1.356752592744973729e+00 -2.999933407953314646e-02 1.411413513921107254e+00 1.695675907529296866e+00
-1.342924410011298697e+00 -1.530024410322512018e+00 -3.975166850946772468e-01 1.114299303892037019e+00 1.756133792497777346e+00
-9.989125340914776219e-01 -1.614685022653024715e+00 -7.321494003793050931e-01 7.702170390785740839e-01 1.689140003750573271e+00
-5.848128337704074919e-01 -1.601130702499381275e+00 -1.020708783692738875e+00 4.017105049230953462e-01 1.510981285996138013e+00
-1.323657347334357137e-01 -1.484915257381884901e+00 -1.250645367655501605e+00 2.892947982164750798e-02 1.245481843578487569e+00
3.221013578139422240e-01 -1.269000997081836335e+00 -1.409868605381816575e+00 -3.304982022831929322e-01 9.197697113240828060e-01
7.419849124055811762e-01 -9.652058891486404724e-01 -1.487392334097305202e+00 -6.610157117220369916e-01 5.605440581244596210e-01
1.094722128263484695e+00 -5.942556708204052018e-01 -1.474796444456641487e+00 -9.484739041034616625e-01 1.915669143404576946e-01
1.355367477282740207e+00 -1.842521053428170796e-01 -1.368216352541548275e+00 -1.179633090098763715e+00 -1.674066012144862503e-01
1.508907700018837783e+00 2.322005175616799477e-01 -1.170333938797783357e+00 -1.342143781665733782e+00 -5.004901322080643755e-01
1.551030988610979211e+00 6.216912936863124850e-01 -8.917404851510113417e-01 -1.425189607561073046e+00 -7.947943688586055488e-01
1.487333023956117328e+00 9.538908216397450346e-01 -5.511321925198978677e-01 -1.420790803123821222e+00 -1.039344423312369203e+00
1.331253906721996838e+00 1.204979643942699630e+00 -1.740716201633210058e-01 -1.325543593281083066e+00 -1.224238778704074049e+00
1.101312760669213242e+00 1.360019002841128088e+00 2.095792565171923361e-01 -1.142350107236125067e+00 -1.340379288684286907e+00
8.183119478709439676e-01 1.413853669464533391e+00 5.691007214234335976e-01 -8.815633069970146840e-01 -1.379944492204790096e+00
5.030689619419712599e-01 1.370475473655760501e+00 8.765643093464663416e-01 -5.610343729715835392e-01 -1.337576478377606071e+00
1.749715687130541930e-01 1.241163971039471514e+00 1.109992029654561119e+00 -2.048315953046327687e-01 -1.212013649371345370e+00
-1.486329714015113268e-01 1.041992569296245730e+00 1.255469609307092504e+00 1.592088556796613652e-01 -1.007691903306296544e+00
-4.524156540292082473e-01 7.913373928610333286e-01 1.307917740980906851e+00 5.026179463024569305e-01 -7.357571100423624388e-01
-7.227184069445138359e-01 5.078701200618582767e-01 1.270537228994037759e+00 7.994979914046069780e-01 -4.140504616661925819e-01
-9.472025096525205079e-01 2.092626841618154820e-01 1.153227122035219487e+00 1.029229096128240206e+00 -6.591068821357481955e-02
-1.114757435971817978e+00 -8.840595252586093411e-02 9.704515831431352879e-01 1.178272385163542380e+00 2.820435426436898041e-01
-1.215832475351605435e+00 -3.707116522996149466e-01 7.390578862021144335e-01 1.240874454810109384e+00 6.027592196423541271e-01
-1.243221722510741589e+00 -6.246632227505880541e-01 4.764402741143936026e-01 1.218698568432329932e+00 8.717381643794451795e-01
-1.193186440595525477e+00 -8.384560053510913269e-01 1.992654316735418263e-01 1.119606097665551081e+00 1.069695887659630307e+00
-1.066659602304899312e+00 -1.001425145626549496e+00 -7.720506276350458386e-02 9.559424059459236123e-01 1.184483446063445022e+00
-8.701831457112947366e-01 -1.104350289407349361e+00 -3.392985706261762990e-01 7.427128711980297560e-01 1.211980658672896061e+00
-6.162245917263289297e-01 -1.140156315612060656e+00 -5.748101208697583564e-01 4.959705816650560872e-01 1.155845766470440239e+00
-3.226326845987954606e-01 -1.104920717058512247e+00 -7.728006668445454030e-01 2.316136445803684829e-01 1.026236742861520002e+00
-1.119919747328146364e-02 -9.989628364909275415e-01 -9.235293055457379774e-01 -3.534769586871089331e-02 8.378426370653376809e-01
2.944763022780938488e-01 -8.276995027395601667e-01 -1.018677719529851755e+00 -2.911128406948820246e-01 6.076950023476319629e-01
5.714554636116502273e-01 -6.019532588037229681e-01 -1.051926015224911914e+00 -5.231437195639021542e-01 3.532147330956336706e-01
7.998427217209254092e-01 -3.375079031390824102e-01 -1.019812516683995307e+00 -7.201317598044056911e-01 9.080302044387278393e-02
9.647020317521288746e-01 -5.388420830105333792e-02 -9.226866028811384624e-01 -8.720579060920293779e-01 -1.649224513154134986e-01
1.057240213803581019e+00 2.275103196091610158e-01 -7.654817023118448693e-01 -9.704776801462039471e-01 -4.013328769819904940e-01
1.075132419180966803e+00 4.855728470669040675e-01 -5.580277326974242280e-01 -1.009080677995174424e+00 -6.076402572083201559e-01
1.022025424222257284e+00 7.016879766184527245e-01 -3.147000995151701952e-01 -9.844689277591557319e-01 -7.746398498937411281e-01
9.064056890730400884e-01 8.615532484024074344e-01 -5.334839551616443742e-02 -8.969921161752166805e-01 -8.945621888621767548e-01
7.401229761121573825e-01 9.563639354187869479e-01 2.063797999334961997e-01 -7.514008573826470583e-01 -9.611845098839845170e-01
5.368840358120476886e-01 9.832031694923409892e-01 4.450575757132986254e-01 -5.570667166468477038e-01 -9.702524736492031954e-01
3.109706174761288633e-01 9.446533646891626113e-01 6.454967380461119619e-01 -3.275898900423695470e-01 -9.201482677756628314e-01
7.632134713022287187e-02 8.478067908533994945e-01 7.944263281469827742e-01 -7.975786221748570881e-02 -8.126332114722294442e-01
-1.540080124926722638e-01 7.029539209302582137e-01 8.835749773037123722e-01 1.680182912213765700e-01 -6.534248911831304074e-01
-3.680902953670345812e-01 5.222402786777264883e-01 9.100354714343742435e-01 3.975374399432514139e-01 -4.523709587340453697e-01
-5.552176809840323468e-01 3.185166736031688206e-01 8.759411799252366793e-01 5.926074070204803146e-01 -2.230613351864608740e-01
-7.059849401457898299e-01 1.045008779576746122e-01 7.876126922548229992e-01 7.405289530971304046e-01 1.814761466873182627e-02
-8.124825003412072810e-01 -1.077384334243233210e-01 6.544079741594102106e-01 8.330651134944755398e-01 2.535859229491832512e-01
-8.686586970485791204e-01 -3.070456010928752644e-01 4.875181347699628631e-01 8.668061878913844165e-01 4.659862860017145447e-01
-8.708373721194332395e-01 -4.833041633012545857e-01 2.989026415485467325e-01 8.429560802080717785e-01 6.402019981881528210e-01
-8.183026878631338707e-01 -6.275483735430134047e-01 1.004770595322579396e-01 7.666621350777654831e-01 7.646679705269446847e-01
-7.138048738174609387e-01 -7.321613944654793427e-01 -9.641960924334591621e-02 6.460693797309262632e-01 8.323926373933687728e-01
-5.638170719038934076e-01 -7.912154741120563939e-01 -2.813220983710704726e-01 4.912917452936543250e-01 8.413503637750581188e-01
-3.783979719725559798e-01 -8.009468813646055674e-01 -4.447906017010019863e-01 3.134617458268327272e-01 7.942524570398926675e-01
-1.705873479692832095e-01 -7.602912561419706838e-01 -5.785241817811996867e-01 1.239614371440649343e-01 6.977906100104194209e-01
4.463662519457956002e-02 -6.713507362063578787e-01 -6.755314438613666539e-01 -6.612985480801203408e-02 5.615404011228602998e-01
2.517092060041299373e-01 -5.396418665750294386e-01 -7.304167399433125762e-01 -2.463955428508198542e-01 3.967559564194355626e-01
4.359425836083003492e-01 -3.739951711797637190e-01 -7.397844144826939417e-01 -4.073158407944389436e-01 2.152681152537396780e-01
5.848826286139574560e-01 -1.860405629213629231e-01 -7.027019175463512513e-01 -5.404601295741635614e-01 2.862882399029165192e-02
6.893661878281293065e-01 1.070099462645379695e-02 -6.211117342312019174e-01 -6.387144979726782079e-01 -1.524478626671962322e-01
7.441472330688293502e-01 2.020151340892104574e-01 -5.000584220733780283e-01 -6.965912867502883632e-01 -3.183823936475369543e-01
7.480413102919498680e-01 3.743158125689634019e-01 -3.476111153911759510e-01 -7.106211646331506149e-01 -4.608541472511055170e-01
7.036231157406438452e-01 5.158992433643025954e-01 -1.744132791270993632e-01 -6.797762092625242447e-01 -5.728639541405349256e-01
6.165844166386188485e-01 6.179496030854638722e-01 7.131981682662047461e-03 -6.058283872539753645e-01 -6.488318849569070235e-01
4.949025501163349383e-01 6.751630591624795397e-01 1.839518162619531438e-01 -4.935267556177331816e-01 -6.847891201929290350e-01
3.479743204098397769e-01 6.859308844973355246e-01 3.435164093266749319e-01 -3.504896396057236574e-01 -6.786692976444906877e-01
1.858389309845038806e-01 6.521065067649526314e-01 4.749936440137956239e-01 -1.867561649419191838e-01 -6.306485040797383812e-01
1.856018258593317150e-02 5.784535442261240501e-01 5.701767629002458815e-01 -1.401262784227930158e-02 -5.434386178665213674e-01
-1.442194935717951987e-01 4.719131745988569548e-01 6.240642034678450800e-01 1.554182948572788714e-01 -4.224200392742833432e-01
-2.935869077900360447e-01 3.408318864275363680e-01 6.350411912053783858e-01 3.096854081979767415e-01 -2.755152165059120972e-01
-4.215874803918213121e-01 1.942605032532886966e-01 6.046871625395874306e-01 4.384552924625950143e-01 -1.127512180391502389e-01
-5.214387490720081564e-01 4.138701076831208248e-02 5.372936483009931319e-01 5.337548345672291639e-01 5.447556910921935724e-02
-5.877736983933590231e-01 -1.088844200233738402e-01 4.392111577334249506e-01 5.905113327099238418e-01 2.143554916144652378e-01
-6.169286650128815719e-01 -2.482352682232814300e-01 3.181467604237473989e-01 6.067496755549683929e-01 3.557183332848528057e-01
-6.072536926834289916e-01 -3.691646252680348961e-01 1.825111808126151924e-01 5.834652595306907275e-01 4.690376406796558650e-01
-5.593896440980875573e-01 -4.652040568122218223e-01 4.087587159631689282e-02 5.242391891009141602e-01 5.472484671728802264e-01
-4.764355275949078705e-01 -5.311548854272897247e-01 -9.844125742868226059e-02 4.346902553042606421e-01 5.862719219557075423e-01
-3.639289000245218841e-01 -5.633616612725614869e-01 -2.276780832101699958e-01 3.218630518887562464e-01 5.851902893577403120e-01
-2.295847408483960572e-01 -5.600036223033751925e-01 -3.398576039312624641e-01 1.936361257350507348e-01 5.460765112071561678e-01
-8.277994777410890848e-02 -5.213558693807068822e-01 -4.289903133631250975e-01 5.820534530566301434e-02 4.735390629685951036e-01
6.617898828446455717e-02 -4.499527421879027100e-01 -4.902869201993951265e-01 -7.633543014472066179e-02 3.740843528041915000e-01
2.069221751578469437e-01 -3.505846387279493159e-01 -5.203975094330490769e-01 -2.023237181897337145e-01 2.554139579834002749e-01
3.299049479262907703e-01 -2.300788076638932145e-01 -5.176649984531810356e-01 -3.127949978597884817e-01 1.257612966233092600e-01
4.272021842575390305e-01 -9.685059464920821315e-02 -4.823531061241532747e-01 -4.017207655738036509e-01 -6.661613494146179093e-03
4.931091232689357451e-01 3.974487010220517647e-02 -4.167902504137391828e-01 -4.642462182936155646e-01 -1.340796308766001310e-01
5.244845740651952193e-01 1.701906396271104516e-01 -3.253675503239090716e-01 -4.969386927445220148e-01 -2.494436513158595492e-01
5.208168297140920444e-01 2.856187144353343754e-01 -2.143441881678983252e-01 -4.980346836443806380e-01 -3.466309482097480466e-01
4.840369384001923514e-01 3.785484732153565623e-01 -9.144439058908893081e-02 -4.676501419578710239e-01 -4.206030709267402079e-01
4.181391320802883005e-01 4.434595449368616826e-01 3.473010507202034525e-02 -4.079030514265593044e-01 -4.675600979587339334e-01
3.286873090021193988e-01 4.771353812547700635e-01 1.554101050130723138e-01 -3.228951163645762401e-01 -4.851100413396189914e-01
2.222868902159276239e-01 4.787543059441401461e-01 2.624028150859896158e-01 -2.185136591988990629e-01 -4.724459883805982585e-01
1.060856028673935469e-01 4.497469710138337629e-01 3.487721530592151620e-01 -1.020433411246626232e-01 -4.304985493259163576e-01
-1.265869656134244181e-02 3.934730299610085247e-01 4.093694200881154988e-01 1.838699533427967658e-02 -3.620147461139567868e-01
-1.269321092185752287e-01 3.147881739592544026e-01 4.411560632212713773e-01 1.344639065147894552e-01 -2.715121984823872792e-01
-2.302512434890833237e-01 2.195732450297638305e-01 4.432974004578373872e-01 2.383751475932522901e-01 -1.650711468670900128e-01
-3.169045363606408650e-01 1.142828901374992739e-01 4.170436590079835693e-01 3.234362364062088879e-01 -4.995355162925074755e-02
-3.821712681473729556e-01 5.548617228055441331e-03 3.654441958854002248e-01 3.845838355482780191e-01 6.592864811734089336e-02
-4.225321087094357497e-01 -1.001525592477930937e-01 2.929569191736456357e-01 4.186864235534013545e-01 1.746434675971784145e-01
-4.358697048743417346e-01 -1.967715118641215621e-01 2.050162826459545062e-01 4.246537755321477259e-01 2.688932674930124556e-01
-4.216409128918149340e-01 -2.789204854994998817e-01 1.076121948907107218e-01 4.033574856675872233e-01 3.426125750010092230e-01
-3.809888634979070043e-01 -3.420857159995961405e-01 6.913691057660820150e-03 3.573990637931066527e-01 3.914358137695677087e-01
-3.167575807538123289e-01 -3.828308533766266453e-01 -9.104904795668833373e-02 2.907760610576441973e-01 4.129818864934078348e-01
-2.333770621115847099e-01 -3.989898550195648541e-01 -1.806478161822847872e-01 2.084990633808250227e-01 4.069318440489404498e-01
-1.366025119568992086e-01 -3.898332824805949004e-01 -2.568786388394137532e-01 1.162048059380722531e-01 3.749081199601588810e-01
-3.311464612073911074e-02 -3.561799517262466130e-01 -3.155596192795824262e-01 1.979664287254024116e-02 3.201923235223507191e-01
6.998688928287766231e-02 -3.004207357665052980e-01 -3.535156251336868949e-01 -7.487249323308166338e-02 2.473374140662618625e-01
1.657441701406168477e-01 -2.264255230863017054e-01 -3.687502579751139598e-01 -1.622736187378434058e-01 1.617357612113750065e-01
2.478915282158913325e-01 -1.393179005134894677e-01 -3.605925440968784645e-01 -2.374398098351400976e-01 6.919729491869230920e-02
3.113322596512948515e-01 -4.512233413435029483e-02 -3.297946571052221554e-01 -2.961796072593250173e-01 -2.442471442929561309e-02
3.524896573487559248e-01 4.968921813811211230e-02 -2.785515671751330746e-01 -3.352726297920509690e-01 -1.135430700879067611e-01
3.695007908666722574e-01 1.387054607725326516e-01 -2.104163219135406493e-01 -3.526457421321638752e-01 -1.930823803929720972e-01
3.622456725572396619e-01 2.160816449931552974e-01 -1.300960568117480731e-01 -3.475175912788646126e-01 -2.586742397086907452e-01
3.322275729023509983e-01 2.769850691761620021e-01 -4.313172227354533650e-02 -3.204903579760845500e-01 -3.068187650354591289e-01
2.823378202547977001e-01 3.179313597693316229e-01 4.451516503873920172e-02 -2.735635161577676389e-01 -3.350253433936886127e-01
2.165475109929251574e-01 3.369802865828208649e-01 1.269276186359464820e-01 -2.100475265442954820e-01 -3.419358211470349129e-01
1.395684558637761974e-01 3.337818770654119582e-01 1.986980781972222942e-01 -1.343660437011683362e-01 -3.274216172488196297e-01
5.651797073648379133e-02 3.094851906199360680e-01 2.553396899471733761e-01 -5.175143744444921090e-02 -2.926362445505360510e-01
-2.738999448957823990e-02 2.665387843567803561e-01 2.935989789265665006e-01 3.214357264847156337e-02 -2.399999023076662130e-01
-1.071176167522386313e-01 2.084206981086111909e-01 3.116410054281038566e-01 1.116800751482596166e-01 -1.730952349810571667e-01
-1.780401172155846867e-01 1.393360676765231787e-01 3.090980298379901736e-01 1.816659896906429594e-01 -9.646309995036095319e-02
-2.361523978349906461e-01 6.391379438700894866e-02 2.869920677907837891e-01 2.377406366021031225e-01 -1.530222992753227373e-02
-2.782509782380131469e-01 -1.307690648700376990e-02 2.475566456611655308e-01 2.766713703696010995e-01 6.490654080238300594e-02
-3.020924221871810200e-01 -8.698040375833548943e-02 1.939911830638676449e-01 2.965367733768899949e-01 1.388162652109152795e-01
-3.065225724703024568e-01 -1.534781611957892755e-01 1.301822507577459209e-01 2.967877913334577844e-01 2.016258871002682973e-01
-2.915640689361876370e-01 -2.087858106949096737e-01 6.042073265253389280e-02 2.781944729259961946e-01 2.494425919384530843e-01
-2.584453243620922214e-01 -2.498279771478733868e-01 -1.086493766517160342e-02 2.426986793615635296e-01 2.795551541401801732e-01
-2.095543015196191794e-01 -2.743914348756744115e-01 -7.934901133262961537e-02 1.932004223426462275e-01 2.905917185337467679e-01
-1.483058756390348565e-01 -2.812513079585240439e-01 -1.410197928304210979e-01 1.333069273384868136e-01 2.825521616711674788e-01
-7.892164581561234016e-02 -2.702590594175403593e-01 -1.923646556681534170e-01 6.706998923515405941e-02 2.567224817284432525e-01
-6.133788448776211766e-03 -2.423771642856151765e-01 -2.305321378443526692e-01 -1.269517743304859891e-03 2.154931792500935916e-01
6.516294166137859278e-02 -1.996453844729766391e-01 -2.534719431404557355e-01 -6.751880068069338048e-02 1.621126754198767284e-01
1.302775587629750043e-01 -1.450682150373862056e-01 -2.600487979720694787e-01 -1.277474633840837148e-01 1.004092155076608123e-01
1.850699433328877319e-01 -8.242186430098030758e-02 -2.501208417371184600e-01 -1.784786314374991190e-01 3.451088598403928565e-02
2.262432006645882510e-01 -1.599037339370990018e-02 -2.245695944597279892e-01 -2.168575764020339858e-01 -3.141474046422820798e-02
2.515535870266185636e-01 4.974825840822383327e-02 -1.852682075383145222e-01 -2.407966658239005520e-01 -9.338952294474645033e-02
2.599220864521201713e-01 1.104563286774189607e-01 -1.349784983573935060e-01 -2.490917274957396010e-01 -1.478190453497375545e-01
2.514450538389192413e-01 1.622572005862297218e-01 -7.717490816027372524e-02 -2.415008620139988960e-01 -1.916546931567604251e-01
2.273136509089686286e-01 2.020099394472831822e-01 -1.580360050999729538e-02 -2.187740966739845083e-01 -2.225276604529196900e-01
1.896609360975085590e-01 2.275116397741032692e-01 4.500474824876255636e-02 -1.826224898723520784e-01 -2.388572222047082860e-01
1.413601591606874486e-01 2.376116264011209900e-01 1.012417092622182047e-01 -1.356190869912566876e-01 -2.399314879937038958e-01
8.579790635527695386e-02 2.322338083819351084e-01 1.493165208996098947e-01 -8.103120780102779364e-02 -2.259542227134668790e-01
2.664214327229741386e-02 2.123148637763452307e-01 1.863102050247802399e-01 -2.259261772122567180e-02 -1.980480608815729793e-01
-3.238048323087572289e-02 1.796745446304417460e-01 2.101642097988456748e-01 3.576677217575774392e-02 -1.582040443082132208e-01
-8.768967919955683588e-02 1.368389665389629084e-01 2.197887759560555043e-01 9.020901200622755134e-02 -1.091705707202639264e-01
-1.360351530811407805e-01 8.683812216486308522e-02 2.150871563185619006e-01 1.372660367266558545e-01 -5.428124123828581560e-02
-1.746576401126219702e-01 3.299586050721714514e-02 1.969021289777026507e-01 1.740805099424660440e-01 2.770508026274987046e-03
-2.014261590909038890e-01 -2.127433751433505105e-02 1.668991066561236192e-01 1.985879002402313187e-01 5.819354755521355393e-02
-2.149485984599057986e-01 -7.265966173297866426e-02 1.274044892044108312e-01 2.096262520929594864e-01 1.083747408946913460e-01
-2.146501433411904802e-01 -1.181203689691562309e-01 8.121857760478157218e-02 2.069695127461703976e-01 1.501414739624720163e-01
-2.008119050005959805e-01 -1.550425439343712242e-01 3.142002881255834268e-02 1.912891513537937627e-01 1.809849698823946806e-01
-1.745615608740904712e-01 -1.813696908514484951e-01 -1.882532160143080002e-02 1.640556983831995830e-01 1.992230291530903141e-01
-1.378096116753633193e-01 -1.957101831642305001e-01 -6.644303998834201475e-02 1.273958785377706793e-01 2.040886988659844636e-01
-9.312913757566332329e-02 -1.974154025626368991e-01 -1.086116932397207524e-01 8.392205025944887709e-02 1.957409092045463428e-01
-4.358311083637289585e-02 -1.866215373405154254e-01 -1.429053824620472035e-01 3.654918037346699400e-02 1.752025377593386946e-01
7.489763528070847443e-03 -1.642475129843389281e-01 -1.674156364638325067e-01 -1.168850580615354851e-02 1.442389954475302716e-01
5.671350813504738575e-02 -1.319430836531869655e-01 -1.808500889028126224e-01 -5.781266158666686916e-02 1.051950808594928066e-01
1.009163459983033473e-01 -9.198486443350062380e-02 -1.826035710975337789e-01 -9.906233468685354815e-02 6.080907895288301113e-02
1.373527903662730143e-01 -4.712355775767940180e-02 -1.727956252945099802e-01 -1.330384291706454558e-01 1.402124753548306124e-02
1.638861341371502800e-01 -3.918332151754411186e-04 -1.522679229396708689e-01 -1.578282568218395410e-01 -3.221005576414093241e-02
1.791161621264250048e-01 4.511200510880519765e-02 -1.225363315036585021e-01 -1.721067006082152018e-01 -7.507598459261299872e-02
1.824438235809695552e-01 8.644549773869059095e-02 -8.569559479570676430e-02 -1.752092824488065137e-01 -1.120640573805582463e-01
1.740721005670919919e-01 1.210282932843462778e-01 -4.427946478718536305e-02 -1.671713541608843556e-01 -1.410824627895435057e-01
1.549490541403113486e-01 1.468144692582786792e-01 -1.084679235767826988e-03 -1.487275696761304333e-01 -1.605610477587356977e-01
1.266640097456217529e-01 1.624164816300448511e-01 4.102758105727288829e-02 -1.212672267214860433e-01 -1.695276593577830226e-01
9.131048803248353884e-02 1.671724575678610603e-01 7.933544552343541056e-02 -8.674419561257196154e-02 -1.676571469669553283e-01
