0.000000000000000000e+00 0.000000000000000000e+00 0.000000000000000000e+00 0.000000000000000000e+00 0.000000000000000000e+00
0.000000000000000000e+00 0.000000000000000000e+00 0.000000000000000000e+00 0.000000000000000000e+00 0.000000000000000000e+00
0.000000000000000000e+00 0.000000000000000000e+00 0.000000000000000000e+00 0.000000000000000000e+00 0.000000000000000000e+00
0.000000000000000000e+00 0.000000000000000000e+00 0.000000000000000000e+00 0.000000000000000000e+00 0.000000000000000000e+00
0.000000000000000000e+00 0.000000000000000000e+00 0.000000000000000000e+00 0.000000000000000000e+00 0.000000000000000000e+00
0.000000000000000000e+00 0.000000000000000000e+00 0.000000000000000000e+00 0.000000000000000000e+00 0.000000000000000000e+00
0.000000000000000000e+00 0.000000000000000000e+00 0.000000000000000000e+00 0.000000000000000000e+00 0.000000000000000000e+00
0.000000000000000000e+00 0.000000000000000000e+00 0.000000000000000000e+00 0.000000000000000000e+00 0.000000000000000000e+00
0.000000000000000000e+00 0.000000000000000000e+00 0.000000000000000000e+00 0.000000000000000000e+00 0.000000000000000000e+00
0.000000000000000000e+00 0.000000000000000000e+00 0.000000000000000000e+00 0.000000000000000000e+00 0.000000000000000000e+00
0.000000000000000000e+00 0.000000000000000000e+00 0.000000000000000000e+00 0.000000000000000000e+00 0.000000000000000000e+00
0.000000000000000000e+00 0.000000000000000000e+00 0.000000000000000000e+00 0.000000000000000000e+00 0.000000000000000000e+00
0.000000000000000000e+00 0.000000000000000000e+00 0.000000000000000000e+00 0.000000000000000000e+00 0.000000000000000000e+00
0.000000000000000000e+00 0.000000000000000000e+00 0.000000000000000000e+00 0.000000000000000000e+00 0.000000000000000000e+00
0.000000000000000000e+00 0.000000000000000000e+00 0.000000000000000000e+00 0.000000000000000000e+00 0.000000000000000000e+00
0.000000000000000000e+00 0.000000000000000000e+00 0.000000000000000000e+00 0.000000000000000000e+00 0.000000000000000000e+00
0.000000000000000000e+00 0.000000000000000000e+00 0.000000000000000000e+00 0.000000000000000000e+00 0.000000000000000000e+00
0.000000000000000000e+00 0.000000000000000000e+00 0.000000000000000000e+00 0.000000000000000000e+00 0.000000000000000000e+00
0.000000000000000000e+00 0.000000000000000000e+00 0.000000000000000000e+00 0.000000000000000000e+00 0.000000000000000000e+00
0.000000000000000000e+00 0.000000000000000000e+00 0.000000000000000000e+00 0.000000000000000000e+00 0.000000000000000000e+00
0.000000000000000000e+00 0.000000000000000000e+00 0.000000000000000000e+00 0.000000000000000000e+00 0.000000000000000000e+00
0.000000000000000000e+00 0.000000000000000000e+00 0.000000000000000000e+00 0.000000000000000000e+00 0.000000000000000000e+00
0.000000000000000000e+00 0.000000000000000000e+00 0.000000000000000000e+00 0.000000000000000000e+00 0.000000000000000000e+00
0.000000000000000000e+00 0.000000000000000000e+00 0.000000000000000000e+00 0.000000000000000000e+00 0.000000000000000000e+00
0.000000000000000000e+00 0.000000000000000000e+00 0.000000000000000000e+00 0.000000000000000000e+00 0.000000000000000000e+00
0.000000000000000000e+00 0.000000000000000000e+00 0.000000000000000000e+00 0.000000000000000000e+00 0.000000000000000000e+00
0.000000000000000000e+00 0.000000000000000000e+00 0.000000000000000000e+00 0.000000000000000000e+00 0.000000000000000000e+00
0.000000000000000000e+00 0.000000000000000000e+00 0.000000000000000000e+00 0.000000000000000000e+00 0.000000000000000000e+00
0.000000000000000000e+00 0.000000000000000000e+00 0.000000000000000000e+00 0.000000000000000000e+00 0.000000000000000000e+00
0.000000000000000000e+00 0.000000000000000000e+00 0.000000000000000000e+00 0.000000000000000000e+00 0.000000000000000000e+00
0.000000000000000000e+00 0.000000000000000000e+00 0.000000000000000000e+00 0.000000000000000000e+00 0.000000000000000000e+00
0.000000000000000000e+00 0.000000000000000000e+00 0.000000000000000000e+00 0.000000000000000000e+00 0.000000000000000000e+00
0.000000000000000000e+00 0.000000000000000000e+00 0.000000000000000000e+00 0.000000000000000000e+00 0.000000000000000000e+00
0.000000000000000000e+00 0.000000000000000000e+00 0.000000000000000000e+00 0.000000000000000000e+00 0.000000000000000000e+00
0.000000000000000000e+00 0.000000000000000000e+00 0.000000000000000000e+00 0.000000000000000000e+00 0.000000000000000000e+00
0.000000000000000000e+00 0.000000000000000000e+00 0.000000000000000000e+00 0.000000000000000000e+00 0.000000000000000000e+00
0.000000000000000000e+00 0.000000000000000000e+00 0.000000000000000000e+00 0.000000000000000000e+00 0.000000000000000000e+00
0.000000000000000000e+00 0.000000000000000000e+00 0.000000000000000000e+00 0.000000000000000000e+00 0.000000000000000000e+00
0.000000000000000000e+00 0.000000000000000000e+00 0.000000000000000000e+00 0.000000000000000000e+00 0.000000000000000000e+00
0.000000000000000000e+00 0.000000000000000000e+00 0.000000000000000000e+00 0.000000000000000000e+00 0.000000000000000000e+00
0.000000000000000000e+00 0.000000000000000000e+00 0.000000000000000000e+00 0.000000000000000000e+00 0.000000000000000000e+00
0.000000000000000000e+00 0.000000000000000000e+00 0.000000000000000000e+00 0.000000000000000000e+00 0.000000000000000000e+00
0.000000000000000000e+00 0.000000000000000000e+00 0.000000000000000000e+00 0.000000000000000000e+00 0.000000000000000000e+00
0.000000000000000000e+00 0.000000000000000000e+00 0.000000000000000000e+00 0.000000000000000000e+00 0.000000000000000000e+00
0.000000000000000000e+00 0.000000000000000000e+00 0.000000000000000000e+00 0.000000000000000000e+00 0.000000000000000000e+00
0.000000000000000000e+00 0.000000000000000000e+00 0.000000000000000000e+00 0.000000000000000000e+00 0.000000000000000000e+00
0.000000000000000000e+00 0.000000000000000000e+00 0.000000000000000000e+00 0.000000000000000000e+00 0.000000000000000000e+00
0.000000000000000000e+00 0.000000000000000000e+00 0.000000000000000000e+00 0.000000000000000000e+00 0.000000000000000000e+00
0.000000000000000000e+00 0.000000000000000000e+00 0.000000000000000000e+00 0.000000000000000000e+00 0.000000000000000000e+00
0.000000000000000000e+00 0.000000000000000000e+00 0.000000000000000000e+00 0.000000000000000000e+00 0.000000000000000000e+00
0.000000000000000000e+00 0.000000000000000000e+00 0.000000000000000000e+00 0.000000000000000000e+00 0.000000000000000000e+00
0.000000000000000000e+00 0.000000000000000000e+00 0.000000000000000000e+00 0.000000000000000000e+00 0.000000000000000000e+00
0.000000000000000000e+00 0.000000000000000000e+00 0.000000000000000000e+00 0.000000000000000000e+00 0.000000000000000000e+00
0.000000000000000000e+00 0.000000000000000000e+00 0.000000000000000000e+00 0.000000000000000000e+00 0.000000000000000000e+00
0.000000000000000000e+00 0.000000000000000000e+00 0.000000000000000000e+00 0.000000000000000000e+00 0.000000000000000000e+00
0.000000000000000000e+00 0.000000000000000000e+00 0.000000000000000000e+00 0.000000000000000000e+00 0.000000000000000000e+00
0.000000000000000000e+00 0.000000000000000000e+00 0.000000000000000000e+00 0.000000000000000000e+00 0.000000000000000000e+00
0.000000000000000000e+00 0.000000000000000000e+00 0.000000000000000000e+00 0.000000000000000000e+00 0.000000000000000000e+00
0.000000000000000000e+00 0.000000000000000000e+00 0.000000000000000000e+00 0.000000000000000000e+00 0.000000000000000000e+00
0.000000000000000000e+00 0.000000000000000000e+00 0.000000000000000000e+00 0.000000000000000000e+00 0.000000000000000000e+00
0.000000000000000000e+00 0.000000000000000000e+00 0.000000000000000000e+00 0.000000000000000000e+00 0.000000000000000000e+00
0.000000000000000000e+00 0.000000000000000000e+00 0.000000000000000000e+00 0.000000000000000000e+00 0.000000000000000000e+00
0.000000000000000000e+00 0.000000000000000000e+00 0.000000000000000000e+00 0.000000000000000000e+00 0.000000000000000000e+00
0.000000000000000000e+00 0.000000000000000000e+00 0.000000000000000000e+00 0.000000000000000000e+00 0.000000000000000000e+00
0.000000000000000000e+00 0.000000000000000000e+00 0.000000000000000000e+00 0.000000000000000000e+00 0.000000000000000000e+00
0.000000000000000000e+00 0.000000000000000000e+00 0.000000000000000000e+00 0.000000000000000000e+00 0.000000000000000000e+00
0.000000000000000000e+00 0.000000000000000000e+00 0.000000000000000000e+00 0.000000000000000000e+00 0.000000000000000000e+00
0.000000000000000000e+00 0.000000000000000000e+00 0.000000000000000000e+00 0.000000000000000000e+00 0.000000000000000000e+00
0.000000000000000000e+00 0.000000000000000000e+00 0.000000000000000000e+00 0.000000000000000000e+00 0.000000000000000000e+00
0.000000000000000000e+00 0.000000000000000000e+00 0.000000000000000000e+00 0.000000000000000000e+00 0.000000000000000000e+00
0.000000000000000000e+00 0.000000000000000000e+00 0.000000000000000000e+00 0.000000000000000000e+00 0.000000000000000000e+00
0.000000000000000000e+00 0.000000000000000000e+00 0.000000000000000000e+00 0.000000000000000000e+00 0.000000000000000000e+00
0.000000000000000000e+00 0.000000000000000000e+00 0.000000000000000000e+00 0.000000000000000000e+00 0.000000000000000000e+00
0.000000000000000000e+00 0.000000000000000000e+00 0.000000000000000000e+00 0.000000000000000000e+00 0.000000000000000000e+00
0.000000000000000000e+00 0.000000000000000000e+00 0.000000000000000000e+00 0.000000000000000000e+00 0.000000000000000000e+00
0.000000000000000000e+00 0.000000000000000000e+00 0.000000000000000000e+00 0.000000000000000000e+00 0.000000000000000000e+00
0.000000000000000000e+00 0.000000000000000000e+00 0.000000000000000000e+00 0.000000000000000000e+00 0.000000000000000000e+00
0.000000000000000000e+00 0.000000000000000000e+00 0.000000000000000000e+00 0.000000000000000000e+00 0.000000000000000000e+00
0.000000000000000000e+00 0.000000000000000000e+00 0.000000000000000000e+00 0.000000000000000000e+00 0.000000000000000000e+00
0.000000000000000000e+00 0.000000000000000000e+00 0.000000000000000000e+00 0.000000000000000000e+00 0.000000000000000000e+00
0.000000000000000000e+00 0.000000000000000000e+00 0.000000000000000000e+00 0.000000000000000000e+00 0.000000000000000000e+00
0.000000000000000000e+00 0.000000000000000000e+00 0.000000000000000000e+00 0.000000000000000000e+00 0.000000000000000000e+00
0.000000000000000000e+00 0.000000000000000000e+00 0.000000000000000000e+00 0.000000000000000000e+00 0.000000000000000000e+00
0.000000000000000000e+00 0.000000000000000000e+00 0.000000000000000000e+00 0.000000000000000000e+00 0.000000000000000000e+00
0.000000000000000000e+00 0.000000000000000000e+00 0.000000000000000000e+00 0.000000000000000000e+00 0.000000000000000000e+00
0.000000000000000000e+00 0.000000000000000000e+00 0.000000000000000000e+00 0.000000000000000000e+00 0.000000000000000000e+00
0.000000000000000000e+00 0.000000000000000000e+00 0.000000000000000000e+00 0.000000000000000000e+00 0.000000000000000000e+00
0.000000000000000000e+00 0.000000000000000000e+00 0.000000000000000000e+00 0.000000000000000000e+00 0.000000000000000000e+00
0.000000000000000000e+00 0.000000000000000000e+00 0.000000000000000000e+00 0.000000000000000000e+00 0.000000000000000000e+00
0.000000000000000000e+00 0.000000000000000000e+00 0.000000000000000000e+00 0.000000000000000000e+00 0.000000000000000000e+00
0.000000000000000000e+00 0.000000000000000000e+00 0.000000000000000000e+00 0.000000000000000000e+00 0.000000000000000000e+00
0.000000000000000000e+00 0.000000000000000000e+00 0.000000000000000000e+00 0.000000000000000000e+00 0.000000000000000000e+00
0.000000000000000000e+00 0.000000000000000000e+00 0.000000000000000000e+00 0.000000000000000000e+00 0.000000000000000000e+00
0.000000000000000000e+00 0.000000000000000000e+00 0.000000000000000000e+00 0.000000000000000000e+00 0.000000000000000000e+00
0.000000000000000000e+00 0.000000000000000000e+00 0.000000000000000000e+00 0.000000000000000000e+00 0.000000000000000000e+00
0.000000000000000000e+00 0.000000000000000000e+00 0.000000000000000000e+00 0.000000000000000000e+00 0.000000000000000000e+00
0.000000000000000000e+00 0.000000000000000000e+00 0.000000000000000000e+00 0.000000000000000000e+00 0.000000000000000000e+00
0.000000000000000000e+00 0.000000000000000000e+00 0.000000000000000000e+00 0.000000000000000000e+00 0.000000000000000000e+00
0.000000000000000000e+00 0.000000000000000000e+00 0.000000000000000000e+00 0.000000000000000000e+00 0.000000000000000000e+00
0.000000000000000000e+00 0.000000000000000000e+00 0.000000000000000000e+00 0.000000000000000000e+00 0.000000000000000000e+00
0.000000000000000000e+00 0.000000000000000000e+00 0.000000000000000000e+00 0.000000000000000000e+00 0.000000000000000000e+00
0.000000000000000000e+00 0.000000000000000000e+00 0.000000000000000000e+00 0.000000000000000000e+00 0.000000000000000000e+00
0.000000000000000000e+00 0.000000000000000000e+00 0.000000000000000000e+00 0.000000000000000000e+00 0.000000000000000000e+00
0.000000000000000000e+00 0.000000000000000000e+00 0.000000000000000000e+00 0.000000000000000000e+00 0.000000000000000000e+00
0.000000000000000000e+00 0.000000000000000000e+00 0.000000000000000000e+00 0.000000000000000000e+00 0.000000000000000000e+00
0.000000000000000000e+00 0.000000000000000000e+00 0.000000000000000000e+00 0.000000000000000000e+00 0.000000000000000000e+00
0.000000000000000000e+00 0.000000000000000000e+00 0.000000000000000000e+00 0.000000000000000000e+00 0.000000000000000000e+00
0.000000000000000000e+00 0.000000000000000000e+00 0.000000000000000000e+00 0.000000000000000000e+00 0.000000000000000000e+00
0.000000000000000000e+00 0.000000000000000000e+00 0.000000000000000000e+00 0.000000000000000000e+00 0.000000000000000000e+00
0.000000000000000000e+00 0.000000000000000000e+00 0.000000000000000000e+00 0.000000000000000000e+00 0.000000000000000000e+00
0.000000000000000000e+00 0.000000000000000000e+00 0.000000000000000000e+00 0.000000000000000000e+00 0.000000000000000000e+00
0.000000000000000000e+00 0.000000000000000000e+00 0.000000000000000000e+00 0.000000000000000000e+00 0.000000000000000000e+00
0.000000000000000000e+00 0.000000000000000000e+00 0.000000000000000000e+00 0.000000000000000000e+00 0.000000000000000000e+00
0.000000000000000000e+00 0.000000000000000000e+00 0.000000000000000000e+00 0.000000000000000000e+00 0.000000000000000000e+00
0.000000000000000000e+00 0.000000000000000000e+00 0.000000000000000000e+00 0.000000000000000000e+00 0.000000000000000000e+00
0.000000000000000000e+00 0.000000000000000000e+00 0.000000000000000000e+00 0.000000000000000000e+00 0.000000000000000000e+00
0.000000000000000000e+00 0.000000000000000000e+00 0.000000000000000000e+00 0.000000000000000000e+00 0.000000000000000000e+00
0.000000000000000000e+00 0.000000000000000000e+00 0.000000000000000000e+00 0.000000000000000000e+00 0.000000000000000000e+00
0.000000000000000000e+00 0.000000000000000000e+00 0.000000000000000000e+00 0.000000000000000000e+00 0.000000000000000000e+00
0.000000000000000000e+00 0.000000000000000000e+00 0.000000000000000000e+00 0.000000000000000000e+00 0.000000000000000000e+00
0.000000000000000000e+00 0.000000000000000000e+00 0.000000000000000000e+00 0.000000000000000000e+00 0.000000000000000000e+00
0.000000000000000000e+00 0.000000000000000000e+00 0.000000000000000000e+00 0.000000000000000000e+00 0.000000000000000000e+00
0.000000000000000000e+00 0.000000000000000000e+00 0.000000000000000000e+00 0.000000000000000000e+00 0.000000000000000000e+00
0.000000000000000000e+00 0.000000000000000000e+00 0.000000000000000000e+00 0.000000000000000000e+00 0.000000000000000000e+00
0.000000000000000000e+00 0.000000000000000000e+00 0.000000000000000000e+00 0.000000000000000000e+00 0.000000000000000000e+00
0.000000000000000000e+00 0.000000000000000000e+00 0.000000000000000000e+00 0.000000000000000000e+00 0.000000000000000000e+00
0.000000000000000000e+00 0.000000000000000000e+00 0.000000000000000000e+00 0.000000000000000000e+00 0.000000000000000000e+00
0.000000000000000000e+00 0.000000000000000000e+00 0.000000000000000000e+00 0.000000000000000000e+00 0.000000000000000000e+00
0.000000000000000000e+00 0.000000000000000000e+00 0.000000000000000000e+00 0.000000000000000000e+00 0.000000000000000000e+00
0.000000000000000000e+00 0.000000000000000000e+00 0.000000000000000000e+00 0.000000000000000000e+00 0.000000000000000000e+00
0.000000000000000000e+00 0.000000000000000000e+00 0.000000000000000000e+00 0.000000000000000000e+00 0.000000000000000000e+00
0.000000000000000000e+00 0.000000000000000000e+00 0.000000000000000000e+00 0.000000000000000000e+00 0.000000000000000000e+00
0.000000000000000000e+00 0.000000000000000000e+00 0.000000000000000000e+00 0.000000000000000000e+00 0.000000000000000000e+00
0.000000000000000000e+00 0.000000000000000000e+00 0.000000000000000000e+00 0.000000000000000000e+00 0.000000000000000000e+00
0.000000000000000000e+00 0.000000000000000000e+00 0.000000000000000000e+00 0.000000000000000000e+00 0.000000000000000000e+00
0.000000000000000000e+00 0.000000000000000000e+00 0.000000000000000000e+00 0.000000000000000000e+00 0.000000000000000000e+00
0.000000000000000000e+00 0.000000000000000000e+00 0.000000000000000000e+00 0.000000000000000000e+00 0.000000000000000000e+00
0.000000000000000000e+00 0.000000000000000000e+00 0.000000000000000000e+00 0.000000000000000000e+00 0.000000000000000000e+00
0.000000000000000000e+00 0.000000000000000000e+00 0.000000000000000000e+00 0.000000000000000000e+00 0.000000000000000000e+00
0.000000000000000000e+00 0.000000000000000000e+00 0.000000000000000000e+00 0.000000000000000000e+00 0.000000000000000000e+00
0.000000000000000000e+00 0.000000000000000000e+00 0.000000000000000000e+00 0.000000000000000000e+00 0.000000000000000000e+00
0.000000000000000000e+00 0.000000000000000000e+00 0.000000000000000000e+00 0.000000000000000000e+00 0.000000000000000000e+00
0.000000000000000000e+00 0.000000000000000000e+00 0.000000000000000000e+00 0.000000000000000000e+00 0.000000000000000000e+00
0.000000000000000000e+00 0.000000000000000000e+00 0.000000000000000000e+00 0.000000000000000000e+00 0.000000000000000000e+00
0.000000000000000000e+00 0.000000000000000000e+00 0.000000000000000000e+00 0.000000000000000000e+00 0.000000000000000000e+00
0.000000000000000000e+00 0.000000000000000000e+00 0.000000000000000000e+00 0.000000000000000000e+00 0.000000000000000000e+00
0.000000000000000000e+00 0.000000000000000000e+00 0.000000000000000000e+00 0.000000000000000000e+00 0.000000000000000000e+00
0.000000000000000000e+00 0.000000000000000000e+00 0.000000000000000000e+00 0.000000000000000000e+00 0.000000000000000000e+00
0.000000000000000000e+00 0.000000000000000000e+00 0.000000000000000000e+00 0.000000000000000000e+00 0.000000000000000000e+00
0.000000000000000000e+00 0.000000000000000000e+00 0.000000000000000000e+00 0.000000000000000000e+00 0.000000000000000000e+00
0.000000000000000000e+00 0.000000000000000000e+00 0.000000000000000000e+00 0.000000000000000000e+00 0.000000000000000000e+00
0.000000000000000000e+00 0.000000000000000000e+00 0.000000000000000000e+00 0.000000000000000000e+00 0.000000000000000000e+00
0.000000000000000000e+00 0.000000000000000000e+00 0.000000000000000000e+00 0.000000000000000000e+00 0.000000000000000000e+00
0.000000000000000000e+00 0.000000000000000000e+00 0.000000000000000000e+00 0.000000000000000000e+00 0.000000000000000000e+00
0.000000000000000000e+00 0.000000000000000000e+00 0.000000000000000000e+00 0.000000000000000000e+00 0.000000000000000000e+00
0.000000000000000000e+00 0.000000000000000000e+00 0.000000000000000000e+00 0.000000000000000000e+00 0.000000000000000000e+00
0.000000000000000000e+00 0.000000000000000000e+00 0.000000000000000000e+00 0.000000000000000000e+00 0.000000000000000000e+00
0.000000000000000000e+00 0.000000000000000000e+00 0.000000000000000000e+00 0.000000000000000000e+00 0.000000000000000000e+00
0.000000000000000000e+00 0.000000000000000000e+00 0.000000000000000000e+00 0.000000000000000000e+00 0.000000000000000000e+00
0.000000000000000000e+00 0.000000000000000000e+00 0.000000000000000000e+00 0.000000000000000000e+00 0.000000000000000000e+00
0.000000000000000000e+00 0.000000000000000000e+00 0.000000000000000000e+00 0.000000000000000000e+00 0.000000000000000000e+00
0.000000000000000000e+00 0.000000000000000000e+00 0.000000000000000000e+00 0.000000000000000000e+00 0.000000000000000000e+00
0.000000000000000000e+00 0.000000000000000000e+00 0.000000000000000000e+00 0.000000000000000000e+00 0.000000000000000000e+00
0.000000000000000000e+00 0.000000000000000000e+00 0.000000000000000000e+00 0.000000000000000000e+00 0.000000000000000000e+00
0.000000000000000000e+00 0.000000000000000000e+00 0.000000000000000000e+00 0.000000000000000000e+00 0.000000000000000000e+00
0.000000000000000000e+00 0.000000000000000000e+00 0.000000000000000000e+00 0.000000000000000000e+00 0.000000000000000000e+00
0.000000000000000000e+00 0.000000000000000000e+00 0.000000000000000000e+00 0.000000000000000000e+00 0.000000000000000000e+00
0.000000000000000000e+00 0.000000000000000000e+00 0.000000000000000000e+00 0.000000000000000000e+00 0.000000000000000000e+00
0.000000000000000000e+00 0.000000000000000000e+00 0.000000000000000000e+00 0.000000000000000000e+00 0.000000000000000000e+00
0.000000000000000000e+00 0.000000000000000000e+00 0.000000000000000000e+00 0.000000000000000000e+00 0.000000000000000000e+00
0.000000000000000000e+00 0.000000000000000000e+00 0.000000000000000000e+00 0.000000000000000000e+00 0.000000000000000000e+00
0.000000000000000000e+00 0.000000000000000000e+00 0.000000000000000000e+00 0.000000000000000000e+00 0.000000000000000000e+00
0.000000000000000000e+00 0.000000000000000000e+00 0.000000000000000000e+00 0.000000000000000000e+00 0.000000000000000000e+00
0.000000000000000000e+00 0.000000000000000000e+00 0.000000000000000000e+00 0.000000000000000000e+00 0.000000000000000000e+00
0.000000000000000000e+00 0.000000000000000000e+00 0.000000000000000000e+00 0.000000000000000000e+00 0.000000000000000000e+00
0.000000000000000000e+00 0.000000000000000000e+00 0.000000000000000000e+00 0.000000000000000000e+00 0.000000000000000000e+00
0.000000000000000000e+00 0.000000000000000000e+00 0.000000000000000000e+00 0.000000000000000000e+00 0.000000000000000000e+00
0.000000000000000000e+00 0.000000000000000000e+00 0.000000000000000000e+00 0.000000000000000000e+00 0.000000000000000000e+00
0.000000000000000000e+00 0.000000000000000000e+00 0.000000000000000000e+00 0.000000000000000000e+00 0.000000000000000000e+00
0.000000000000000000e+00 0.000000000000000000e+00 0.000000000000000000e+00 0.000000000000000000e+00 0.000000000000000000e+00
0.000000000000000000e+00 0.000000000000000000e+00 0.000000000000000000e+00 0.000000000000000000e+00 0.000000000000000000e+00
0.000000000000000000e+00 0.000000000000000000e+00 0.000000000000000000e+00 0.000000000000000000e+00 0.000000000000000000e+00
0.000000000000000000e+00 0.000000000000000000e+00 0.000000000000000000e+00 0.000000000000000000e+00 0.000000000000000000e+00
0.000000000000000000e+00 0.000000000000000000e+00 0.000000000000000000e+00 0.000000000000000000e+00 0.000000000000000000e+00
0.000000000000000000e+00 0.000000000000000000e+00 0.000000000000000000e+00 0.000000000000000000e+00 0.000000000000000000e+00
0.000000000000000000e+00 0.000000000000000000e+00 0.000000000000000000e+00 0.000000000000000000e+00 0.000000000000000000e+00
0.000000000000000000e+00 0.000000000000000000e+00 0.000000000000000000e+00 0.000000000000000000e+00 0.000000000000000000e+00
0.000000000000000000e+00 0.000000000000000000e+00 0.000000000000000000e+00 0.000000000000000000e+00 0.000000000000000000e+00
0.000000000000000000e+00 0.000000000000000000e+00 0.000000000000000000e+00 0.000000000000000000e+00 0.000000000000000000e+00
0.000000000000000000e+00 0.000000000000000000e+00 0.000000000000000000e+00 0.000000000000000000e+00 0.000000000000000000e+00
0.000000000000000000e+00 0.000000000000000000e+00 0.000000000000000000e+00 0.000000000000000000e+00 0.000000000000000000e+00
0.000000000000000000e+00 0.000000000000000000e+00 0.000000000000000000e+00 0.000000000000000000e+00 0.000000000000000000e+00
0.000000000000000000e+00 0.000000000000000000e+00 0.000000000000000000e+00 0.000000000000000000e+00 0.000000000000000000e+00
0.000000000000000000e+00 0.000000000000000000e+00 0.000000000000000000e+00 0.000000000000000000e+00 0.000000000000000000e+00
0.000000000000000000e+00 0.000000000000000000e+00 0.000000000000000000e+00 0.000000000000000000e+00 0.000000000000000000e+00
0.000000000000000000e+00 0.000000000000000000e+00 0.000000000000000000e+00 0.000000000000000000e+00 0.000000000000000000e+00
0.000000000000000000e+00 0.000000000000000000e+00 0.000000000000000000e+00 0.000000000000000000e+00 0.000000000000000000e+00
0.000000000000000000e+00 0.000000000000000000e+00 0.000000000000000000e+00 0.000000000000000000e+00 0.000000000000000000e+00
0.000000000000000000e+00 0.000000000000000000e+00 0.000000000000000000e+00 0.000000000000000000e+00 0.000000000000000000e+00
0.000000000000000000e+00 0.000000000000000000e+00 0.000000000000000000e+00 0.000000000000000000e+00 0.000000000000000000e+00
0.000000000000000000e+00 0.000000000000000000e+00 0.000000000000000000e+00 0.000000000000000000e+00 0.000000000000000000e+00
0.000000000000000000e+00 0.000000000000000000e+00 0.000000000000000000e+00 0.000000000000000000e+00 0.000000000000000000e+00
0.000000000000000000e+00 0.000000000000000000e+00 0.000000000000000000e+00 0.000000000000000000e+00 0.000000000000000000e+00
0.000000000000000000e+00 0.000000000000000000e+00 0.000000000000000000e+00 0.000000000000000000e+00 0.000000000000000000e+00
0.000000000000000000e+00 0.000000000000000000e+00 0.000000000000000000e+00 0.000000000000000000e+00 0.000000000000000000e+00
0.000000000000000000e+00 0.000000000000000000e+00 0.000000000000000000e+00 0.000000000000000000e+00 0.000000000000000000e+00
0.000000000000000000e+00 0.000000000000000000e+00 0.000000000000000000e+00 0.000000000000000000e+00 0.000000000000000000e+00
0.000000000000000000e+00 0.000000000000000000e+00 0.000000000000000000e+00 0.000000000000000000e+00 0.000000000000000000e+00
0.000000000000000000e+00 0.000000000000000000e+00 0.000000000000000000e+00 0.000000000000000000e+00 0.000000000000000000e+00
0.000000000000000000e+00 0.000000000000000000e+00 0.000000000000000000e+00 0.000000000000000000e+00 0.000000000000000000e+00
0.000000000000000000e+00 0.000000000000000000e+00 0.000000000000000000e+00 0.000000000000000000e+00 0.000000000000000000e+00
0.000000000000000000e+00 0.000000000000000000e+00 0.000000000000000000e+00 0.000000000000000000e+00 0.000000000000000000e+00
0.000000000000000000e+00 0.000000000000000000e+00 0.000000000000000000e+00 0.000000000000000000e+00 0.000000000000000000e+00
0.000000000000000000e+00 0.000000000000000000e+00 0.000000000000000000e+00 0.000000000000000000e+00 0.000000000000000000e+00
0.000000000000000000e+00 0.000000000000000000e+00 0.000000000000000000e+00 0.000000000000000000e+00 0.000000000000000000e+00
0.000000000000000000e+00 0.000000000000000000e+00 0.000000000000000000e+00 0.000000000000000000e+00 0.000000000000000000e+00
0.000000000000000000e+00 0.000000000000000000e+00 0.000000000000000000e+00 0.000000000000000000e+00 0.000000000000000000e+00
0.000000000000000000e+00 0.000000000000000000e+00 0.000000000000000000e+00 0.000000000000000000e+00 0.000000000000000000e+00
0.000000000000000000e+00 0.000000000000000000e+00 0.000000000000000000e+00 0.000000000000000000e+00 0.000000000000000000e+00
0.000000000000000000e+00 0.000000000000000000e+00 0.000000000000000000e+00 0.000000000000000000e+00 0.000000000000000000e+00
0.000000000000000000e+00 0.000000000000000000e+00 0.000000000000000000e+00 0.000000000000000000e+00 0.000000000000000000e+00
0.000000000000000000e+00 0.000000000000000000e+00 0.000000000000000000e+00 0.000000000000000000e+00 0.000000000000000000e+00
0.000000000000000000e+00 0.000000000000000000e+00 0.000000000000000000e+00 0.000000000000000000e+00 0.000000000000000000e+00
0.000000000000000000e+00 0.000000000000000000e+00 0.000000000000000000e+00 0.000000000000000000e+00 0.000000000000000000e+00
0.000000000000000000e+00 0.000000000000000000e+00 0.000000000000000000e+00 0.000000000000000000e+00 0.000000000000000000e+00
0.000000000000000000e+00 0.000000000000000000e+00 0.000000000000000000e+00 0.000000000000000000e+00 0.000000000000000000e+00
0.000000000000000000e+00 0.000000000000000000e+00 0.000000000000000000e+00 0.000000000000000000e+00 0.000000000000000000e+00
0.000000000000000000e+00 0.000000000000000000e+00 0.000000000000000000e+00 0.000000000000000000e+00 0.000000000000000000e+00
0.000000000000000000e+00 0.000000000000000000e+00 0.000000000000000000e+00 0.000000000000000000e+00 0.000000000000000000e+00
0.000000000000000000e+00 0.000000000000000000e+00 0.000000000000000000e+00 0.000000000000000000e+00 0.000000000000000000e+00
0.000000000000000000e+00 0.000000000000000000e+00 0.000000000000000000e+00 0.000000000000000000e+00 0.000000000000000000e+00
0.000000000000000000e+00 0.000000000000000000e+00 0.000000000000000000e+00 0.000000000000000000e+00 0.000000000000000000e+00
0.000000000000000000e+00 0.000000000000000000e+00 0.000000000000000000e+00 0.000000000000000000e+00 0.000000000000000000e+00
0.000000000000000000e+00 0.000000000000000000e+00 0.000000000000000000e+00 0.000000000000000000e+00 0.000000000000000000e+00
0.000000000000000000e+00 0.000000000000000000e+00 0.000000000000000000e+00 0.000000000000000000e+00 0.000000000000000000e+00
0.000000000000000000e+00 0.000000000000000000e+00 0.000000000000000000e+00 0.000000000000000000e+00 0.000000000000000000e+00
0.000000000000000000e+00 0.000000000000000000e+00 0.000000000000000000e+00 0.000000000000000000e+00 0.000000000000000000e+00
0.000000000000000000e+00 0.000000000000000000e+00 0.000000000000000000e+00 0.000000000000000000e+00 0.000000000000000000e+00
0.000000000000000000e+00 0.000000000000000000e+00 0.000000000000000000e+00 0.000000000000000000e+00 0.000000000000000000e+00
0.000000000000000000e+00 0.000000000000000000e+00 0.000000000000000000e+00 0.000000000000000000e+00 0.000000000000000000e+00
0.000000000000000000e+00 0.000000000000000000e+00 0.000000000000000000e+00 0.000000000000000000e+00 0.000000000000000000e+00
0.000000000000000000e+00 0.000000000000000000e+00 0.000000000000000000e+00 0.000000000000000000e+00 0.000000000000000000e+00
0.000000000000000000e+00 0.000000000000000000e+00 0.000000000000000000e+00 0.000000000000000000e+00 0.000000000000000000e+00
0.000000000000000000e+00 0.000000000000000000e+00 0.000000000000000000e+00 0.000000000000000000e+00 0.000000000000000000e+00
0.000000000000000000e+00 0.000000000000000000e+00 0.000000000000000000e+00 0.000000000000000000e+00 0.000000000000000000e+00
0.000000000000000000e+00 0.000000000000000000e+00 0.000000000000000000e+00 0.000000000000000000e+00 0.000000000000000000e+00
0.000000000000000000e+00 0.000000000000000000e+00 0.000000000000000000e+00 0.000000000000000000e+00 0.000000000000000000e+00
0.000000000000000000e+00 0.000000000000000000e+00 0.000000000000000000e+00 0.000000000000000000e+00 0.000000000000000000e+00
0.000000000000000000e+00 0.000000000000000000e+00 0.000000000000000000e+00 0.000000000000000000e+00 0.000000000000000000e+00
0.000000000000000000e+00 0.000000000000000000e+00 0.000000000000000000e+00 0.000000000000000000e+00 0.000000000000000000e+00
0.000000000000000000e+00 0.000000000000000000e+00 0.000000000000000000e+00 0.000000000000000000e+00 0.000000000000000000e+00
0.000000000000000000e+00 0.000000000000000000e+00 0.000000000000000000e+00 0.000000000000000000e+00 0.000000000000000000e+00
0.000000000000000000e+00 0.000000000000000000e+00 0.000000000000000000e+00 0.000000000000000000e+00 0.000000000000000000e+00
0.000000000000000000e+00 0.000000000000000000e+00 0.000000000000000000e+00 0.000000000000000000e+00 0.000000000000000000e+00
0.000000000000000000e+00 0.000000000000000000e+00 0.000000000000000000e+00 0.000000000000000000e+00 0.000000000000000000e+00
0.000000000000000000e+00 0.000000000000000000e+00 0.000000000000000000e+00 0.000000000000000000e+00 0.000000000000000000e+00
0.000000000000000000e+00 0.000000000000000000e+00 0.000000000000000000e+00 0.000000000000000000e+00 0.000000000000000000e+00
0.000000000000000000e+00 0.000000000000000000e+00 0.000000000000000000e+00 0.000000000000000000e+00 0.000000000000000000e+00
0.000000000000000000e+00 0.000000000000000000e+00 0.000000000000000000e+00 0.000000000000000000e+00 0.000000000000000000e+00
0.000000000000000000e+00 0.000000000000000000e+00 0.000000000000000000e+00 0.000000000000000000e+00 0.000000000000000000e+00
0.000000000000000000e+00 0.000000000000000000e+00 0.000000000000000000e+00 0.000000000000000000e+00 0.000000000000000000e+00
0.000000000000000000e+00 0.000000000000000000e+00 0.000000000000000000e+00 0.000000000000000000e+00 0.000000000000000000e+00
0.000000000000000000e+00 0.000000000000000000e+00 0.000000000000000000e+00 0.000000000000000000e+00 0.000000000000000000e+00
0.000000000000000000e+00 0.000000000000000000e+00 0.000000000000000000e+00 0.000000000000000000e+00 0.000000000000000000e+00
0.000000000000000000e+00 0.000000000000000000e+00 0.000000000000000000e+00 0.000000000000000000e+00 0.000000000000000000e+00
0.000000000000000000e+00 0.000000000000000000e+00 0.000000000000000000e+00 0.000000000000000000e+00 0.000000000000000000e+00
0.000000000000000000e+00 0.000000000000000000e+00 0.000000000000000000e+00 0.000000000000000000e+00 0.000000000000000000e+00
0.000000000000000000e+00 0.000000000000000000e+00 0.000000000000000000e+00 0.000000000000000000e+00 0.000000000000000000e+00
0.000000000000000000e+00 0.000000000000000000e+00 0.000000000000000000e+00 0.000000000000000000e+00 0.000000000000000000e+00
0.000000000000000000e+00 0.000000000000000000e+00 0.000000000000000000e+00 0.000000000000000000e+00 0.000000000000000000e+00
0.000000000000000000e+00 0.000000000000000000e+00 0.000000000000000000e+00 0.000000000000000000e+00 0.000000000000000000e+00
0.000000000000000000e+00 0.000000000000000000e+00 0.000000000000000000e+00 0.000000000000000000e+00 0.000000000000000000e+00
0.000000000000000000e+00 0.000000000000000000e+00 0.000000000000000000e+00 0.000000000000000000e+00 0.000000000000000000e+00
0.000000000000000000e+00 0.000000000000000000e+00 0.000000000000000000e+00 0.000000000000000000e+00 0.000000000000000000e+00
0.000000000000000000e+00 0.000000000000000000e+00 0.000000000000000000e+00 0.000000000000000000e+00 0.000000000000000000e+00
-4.392284531286015259e+00 -3.153253326147449798e+00 -9.068423926297869420e-01 4.189640222247635215e+00 5.747711133390938976e+00
-4.064663593875869729e+00 -3.401957560653048329e+00 -1.545360788546318087e+00 2.489063131242995386e+00 5.927510624912736503e+00
-3.470476957409141416e+00 -3.770604382678778066e+00 -2.009293351446018061e+00 1.262484205333006315e+00 5.370165203092404305e+00
-2.361684336726001643e+00 -4.097473385502061305e+00 -2.434581473174911359e+00 3.214202406391810651e-01 4.200690932825478008e+00
-7.640021338953362218e-01 -4.208754024476152544e+00 -2.855264485019266996e+00 -4.556988543378460710e-01 2.869136212161032873e+00
9.805334870427302452e-01 -3.959149300709171815e+00 -3.280796098542809514e+00 -1.111031508370562859e+00 1.662440796659889086e+00
2.549171079929412720e+00 -3.244316034100301671e+00 -3.673041528429644931e+00 -1.693283624526895625e+00 6.307233916788531625e-01
3.763572343073951387e+00 -2.111056654090828655e+00 -3.933058611724618903e+00 -2.240358089318137846e+00 -2.384954763594096805e-01
4.543646051914636885e+00 -7.226598563482127258e-01 -3.941308550399259758e+00 -2.761579612538875406e+00 -9.602576001877219936e-01
4.850201801637614274e+00 7.503169496803157035e-01 -3.612627575604216101e+00 -3.233785567207653422e+00 -1.561347033704012288e+00
4.692289920547535687e+00 2.149965825951478227e+00 -2.921996144310473387e+00 -3.607332493548414565e+00 -2.076367298964630237e+00
4.153691743791984692e+00 3.311187521021452973e+00 -1.900239473235574739e+00 -3.817378873469156275e+00 -2.532419402256597785e+00
3.370788030918039357e+00 4.088554637032816075e+00 -6.340810137514323319e-01 -3.792133339367550260e+00 -2.940043227762097811e+00
2.479006824706956547e+00 4.409521064049698680e+00 7.330297562944391165e-01 -3.463664544374764009e+00 -3.290217050899275186e+00
1.578265173039142155e+00 4.296615879774244640e+00 2.026221978138470270e+00 -2.795369817244970800e+00 -3.550736857777976763e+00
7.281356398530455243e-01 3.843590334611634241e+00 3.082645463213559367e+00 -1.815028689001300322e+00 -3.663933303289630850e+00
-4.452299547749427600e-02 3.171187383277371818e+00 3.787435527149958681e+00 -6.208193959361775205e-01 -3.556143289448831624e+00
-7.363923828500535951e-01 2.390952514884633118e+00 4.091977235279371072e+00 6.459557380228595491e-01 -3.164045374666788479e+00
-1.357291882555211382e+00 1.587099485445554681e+00 4.015066191453284361e+00 1.835882977622318002e+00 -2.466318877740884652e+00
-1.918562259245635504e+00 8.127330305719178138e-01 3.627898873213686315e+00 2.817185396462958291e+00 -1.500245948095011217e+00
-2.423081098522275045e+00 9.401799083356143782e-02 3.027596082603833505e+00 3.494281327499579870e+00 -3.550026713051527283e-01
-2.859287898083111124e+00 -5.620840038134594652e-01 2.310349575810572098e+00 3.821503262619413643e+00 8.485999863783013630e-01
-3.199347446582295085e+00 -1.158989636986432759e+00 1.554164299253718351e+00 3.807183913496696270e+00 1.979282724887818645e+00
-3.400915500068423913e+00 -1.702064098560188476e+00 8.130595458120657426e-01 3.504039227593167105e+00 2.913323259512346386e+00
-3.413173009068932728e+00 -2.191473107609414051e+00 1.185578777327824934e-01 2.989500606031121777e+00 3.551343704900420395e+00
-3.188491368537472503e+00 -2.616808414826458762e+00 -5.157611095659854206e-01 2.345002089421210911e+00 3.834821945758738693e+00
-2.699053166854135988e+00 -2.953901853964536528e+00 -1.088357897369650606e+00 1.641364583723929682e+00 3.758434114509804136e+00
-1.953265236370700597e+00 -3.164712301835722386e+00 -1.602846650950151330e+00 9.318751046103834756e-01 3.370785679863278261e+00
-1.003624068780468281e+00 -3.202069395211852409e+00 -2.060700905474553757e+00 2.510332291613002198e-01 2.759364890642627355e+00
5.933603913030527366e-02 -3.020974586948608209e+00 -2.454732036295594000e+00 -3.831711086673645350e-01 2.024851247411240784e+00
1.124087652960074735e+00 -2.594898413197334719e+00 -2.764862900223763464e+00 -9.644437280225979237e-01 1.256421217163763648e+00
2.077889624295897519e+00 -1.930256149186945880e+00 -2.957760813939845690e+00 -1.491645474370289826e+00 5.173084563375462963e-01
2.823722436725069951e+00 -1.071482732338995492e+00 -2.991536224942437094e+00 -1.961935400444934530e+00 -1.576399888381635472e-01
3.293965019020179685e+00 -9.560264951538355316e-02 -2.825655023385494680e+00 -2.365187874571661908e+00 -7.562472057299253203e-01
3.460697260502735073e+00 8.990890611342056138e-01 -2.434381943487851530e+00 -2.680753389225097649e+00 -1.280066222334028891e+00
3.339076720968031431e+00 1.807006984546846606e+00 -1.819914254999507319e+00 -2.877189451730485459e+00 -1.735525084210162383e+00
2.980033327815119204e+00 2.531812370499062492e+00 -1.020035276667383028e+00 -2.915842908134193667e+00 -2.126515405913603107e+00
2.453957032002428651e+00 3.003968960431731006e+00 -1.063563769557384076e-01 -2.759407473636688923e+00 -2.448749690283037683e+00
1.832509675202900645e+00 3.193921444302644019e+00 8.267917697666984367e-01 -2.384981186940965170e+00 -2.686266207586478938e+00
1.175517198953041964e+00 3.114815708889645318e+00 1.679043293998458086e+00 -1.797322438129344446e+00 -2.811126110425804736e+00
5.253929531655715524e-01 2.813190566803357218e+00 2.361661517862375437e+00 -1.035476689353816315e+00 -2.787771639235436361e+00
-9.232257422831291471e-02 2.352390119595499929e+00 2.812460019904198916e+00 -1.688261060858436968e-01 -2.582660646312049391e+00
-6.647837285951747610e-01 1.796246164015463220e+00 3.004845793555500855e+00 7.151863502504014480e-01 -2.177179795691022157e+00
-1.186034328112531844e+00 1.198269564416930999e+00 2.948610355623618062e+00 1.526253965363850273e+00 -1.578862629012271590e+00
-1.651071043569763974e+00 5.973431057282809764e-01 2.682365931344342869e+00 2.185388401678258319e+00 -8.256832649512496625e-01
-2.050957805090567465e+00 1.825803787270064218e-02 2.260734114170067866e+00 2.636290758300704251e+00 1.814152996453244696e-02
-2.369841095815976129e+00 -5.249743341542707498e-01 1.741183098254760475e+00 2.852416760290140907e+00 8.720997547169122566e-01
-2.584403032873750838e+00 -1.024555086071897936e+00 1.174404524196859256e+00 2.838045981273365381e+00 1.651266569189923761e+00
-2.666132154765739504e+00 -1.474117131685259485e+00 5.995066081882998166e-01 2.622917595024529813e+00 2.278070206411043852e+00
-2.586629997253058200e+00 -1.864538265292982944e+00 4.323935389717582095e-02 2.252413933909525490e+00 2.693335986173926777e+00
-2.325553221298662709e+00 -2.181018306981862942e+00 -4.781276338271582271e-01 1.776854330314271868e+00 2.865517371157482618e+00
-1.879480884689056275e+00 -2.402046373942959168e+00 -9.553672578523968451e-01 1.242981566975575491e+00 2.795630553468224200e+00
-1.268604094970793073e+00 -2.500945010468827778e+00 -1.382081247190765527e+00 6.889573077814080682e-01 2.515263719803408460e+00
-5.380578518972993773e-01 -2.450559922947383118e+00 -1.750476149948233751e+00 1.426881242614963519e-01 2.077321652685536701e+00
2.472306723173440801e-01 -2.230794767558173852e+00 -2.048027399791611636e+00 -3.772531697097518122e-01 1.542619839813883509e+00
1.012382232222448941e+00 -1.836984825485454387e+00 -2.255996066509097897e+00 -8.588836957452995469e-01 9.672833916608135629e-01
1.683916231370359284e+00 -1.285829767584157679e+00 -2.350605023484098055e+00 -1.293079984724416542e+00 3.947837011142227848e-01
2.200237559698267731e+00 -6.164060422554520358e-01 -2.307188388983123062e+00 -1.669820839992671724e+00 -1.463479474128257518e-01
2.520081702811162838e+00 1.138133820392692730e-01 -2.106785467818257374e+00 -1.975335435309005572e+00 -6.404001536699917008e-01
2.627768605580345529e+00 8.363995894351021754e-01 -1.743634684227027609e+00 -2.190890745589946231e+00 -1.080044091088234959e+00
2.533698795805431114e+00 1.481471727330922583e+00 -1.231233613649472369e+00 -2.293767549490704827e+00 -1.461343283500796453e+00
2.269376561402873804e+00 1.988186007637555264e+00 -6.046068102287397439e-01 -2.260815551476250462e+00 -1.779311534813404094e+00
1.878448262953978487e+00 2.314414128427028761e+00 8.250258474985083801e-02 -2.074482942014960418e+00 -2.024686308869553919e+00
1.406975442648260577e+00 2.442919923077876643e+00 7.650394911375218987e-01 -1.730051843692017366e+00 -2.182505974147645578e+00
8.959669037225204136e-01 2.381818760895652254e+00 1.376744688668373851e+00 -1.241486161907976227e+00 -2.233124461776081038e+00
3.775508073365339556e-01 2.159238627186067738e+00 1.860584843379774922e+00 -6.431501146451016337e-01 -2.156057598400899167e+00
-1.254545046384939466e-01 1.814519944720816458e+00 2.177278535950611271e+00 1.367205661144854645e-02 -1.936219241686715442e+00
-5.976068197321051656e-01 1.389294003757164830e+00 2.310095573370248179e+00 6.682552777085906115e-01 -1.570845868120334332e+00
-1.027703105623634317e+00 9.209533397876408234e-01 2.264888407864554587e+00 1.259597331163052170e+00 -1.074564016812816769e+00
-1.405463766081231469e+00 4.393806818837375783e-01 2.065644722743837480e+00 1.735215797824903872e+00 -4.805339714224767245e-01
-1.718867741484548795e+00 -3.347338211602335356e-02 1.747279026499054089e+00 2.058122823274345148e+00 1.627245640949659400e-01
-1.952755284015444515e+00 -4.820794415206877681e-01 1.348068140593667641e+00 2.210840736098241610e+00 7.976315920668678450e-01
-2.089107193922378869e+00 -8.948021349634774912e-01 9.037036417871717742e-01 2.195702678283643738e+00 1.365311647196906231e+00
-2.109196433884144017e+00 -1.261130161416329054e+00 4.438431567954760903e-01 2.031544199922534322e+00 1.813558869156107534e+00
-1.997489464996548225e+00 -1.569306938271296747e+00 -8.936213744311083396e-03 1.747977146968556328e+00 2.104053386085329436e+00
-1.746642358131254458e+00 -1.804910091384287041e+00 -4.383546055835497723e-01 1.379058220901739240e+00 2.217702623386470950e+00
-1.362276020912348118e+00 -1.950851633589657741e+00 -8.324753033592268148e-01 9.579616778603129434e-01 2.156743369847966996e+00
-8.658234949228477140e-01 -1.989143526513418969e+00 -1.181213450582556446e+00 5.135272461583727521e-01 1.942672323444891269e+00
-2.940982959207343872e-01 -1.904443265531804652e+00 -1.473945500154004495e+00 6.882418019248648378e-02 1.610371556425871153e+00
3.046385518213798882e-01 -1.688752342130637851e+00 -1.697872561245665546e+00 -3.585651309939680287e-01 1.200273095194658524e+00
8.770992424820108768e-01 -1.345901683481034228e+00 -1.837728631334780927e+00 -7.550431896206620808e-01 7.510478251566270469e-01
1.372298912682795580e+00 -8.941968869160873412e-01 -1.877206409561561262e+00 -1.108887750762388436e+00 2.947256801426456629e-01
1.748399859989240301e+00 -3.661843058774458259e-01 -1.802067849126265608e+00 -1.408195177291295952e+00 -1.451142046957289988e-01
1.978030458715341888e+00 1.944656190264933138e-01 -1.604364209672440422e+00 -1.639493787056184093e+00 -5.525718087771536169e-01
2.051180494395812293e+00 7.382506080654284153e-01 -1.286668952310802583e+00 -1.787519665579370809e+00 -9.170962786245605569e-01
1.974982020801271165e+00 1.216403536493636084e+00 -8.649606432808741863e-01 -1.836472984995480173e+00 -1.230624189505697519e+00
1.770380686928529901e+00 1.587713480693993651e+00 -3.689936686547671263e-01 -1.772808543068156828e+00 -1.484987230666405589e+00
1.466723924279007996e+00 1.824289615202219883e+00 1.603174105218592160e-01 -1.589155645004535655e+00 -1.670181237843002320e+00
1.095960760005084911e+00 1.914841496972203405e+00 6.760738601345556154e-01 -1.288344121927635699e+00 -1.773959671295050500e+00
6.880100181961450456e-01 1.864569947347086032e+00 1.131997400735471171e+00 -8.860862846063561893e-01 -1.783063800477633354e+00
2.681128063590665356e-01 1.691871545881148187e+00 1.489032599141966395e+00 -4.110855701488463909e-01 -1.686075112295125411e+00
-1.438168530281942747e-01 1.423147953023233381e+00 1.720567839079846229e+00 9.775879625895522729e-02 -1.477325906747183337e+00
-5.323366544461943795e-01 1.087441508641478149e+00 1.815210654581651761e+00 5.963639668115483516e-01 -1.160729054346740119e+00
-8.847978641964665547e-01 7.122607922856237783e-01 1.776632439826509202e+00 1.041459250479928489e+00 -7.521741466116780295e-01
-1.189519801038708025e+00 3.212028449065052471e-01 1.620781411716742726e+00 1.396324487712678142e+00 -2.795404592147499034e-01
-1.434392644056748045e+00 -6.669712593868426520e-02 1.371479463002809096e+00 1.635254751829972930e+00 2.197953315324943091e-01
-1.606340728958335573e+00 -4.363308935548363965e-01 1.055729026588490660e+00 1.746005285656089256e+00 7.033441232132986443e-01
-1.691908306491169967e+00 -7.751538280181511364e-01 6.998458236454674353e-01 1.729853796750257411e+00 1.128870035767038926e+00
-1.679019823919525534e+00 -1.071632210627417869e+00 3.270066438495777827e-01 1.599468469861540454e+00 1.459856986388971434e+00
-1.559686890147472749e+00 -1.313979634848181588e+00 -4.372101286791441055e-02 1.375324907544663189e+00 1.670258967504373970e+00
-1.333087978927527395e+00 -1.489584331021787555e+00 -3.971316118163828457e-01 1.081703003710276390e+00 1.747703540573121606e+00
-1.008141939410122312e+00 -1.585426033311020610e+00 -7.208263341817436887e-01 7.431959484332817389e-01 1.694410369249114812e+00
-6.046324643075406957e-01 -1.589608897971890755e+00 -1.003809148686979569e+00 3.823016649833719804e-01 1.525515777163280573e+00
-1.522654177948812304e-01 -1.493848032731465603e+00 -1.235206023490558414e+00 1.826494600188643957e-02 1.265232524931982461e+00
3.123329409674139856e-01 -1.296364491473938729e+00 -1.403553461490377297e+00 -3.329634898857536385e-01 9.419691791919102553e-01
7.500600057259587672e-01 -1.004332008251480390e+00 -1.497005192195150824e+00 -6.579704212528449947e-01 5.837783310473791953e-01
1.124301449900579675e+00 -6.350098661496486052e-01 -1.504608404899443919e+00 -9.447462215665666241e-01 2.151812220299198497e-01
1.405510031795772719e+00 -2.150587438749669289e-01 -1.418508617261886595e+00 -1.181624205312660658e+00 -1.442290172530657222e-01
1.574636752987682131e+00 2.219403127542345366e-01 -1.236612184738622444e+00 -1.356705023595395465e+00 -4.796088595419620293e-01
1.624823985269341131e+00 6.393395083262957135e-01 -9.649743608532501682e-01 -1.458075859325691281e+00 -7.796592490673052156e-01
1.561051888574360946e+00 1.002009264727727889e+00 -6.191122519684956194e-01 -1.474973092496378868e+00 -1.035022231980321061e+00
1.397899074143740927e+00 1.280872553862163921e+00 -2.236424231412602603e-01 -1.399802135086673838e+00 -1.236835743148714029e+00
1.156098768904715524e+00 1.456510673845028414e+00 1.899247823003613611e-01 -1.230616837649917361e+00 -1.375885597624520562e+00
8.588636997452023802e-01 1.521050108608171580e+00 5.868953051428789092e-01 -9.733565602453996268e-01 -1.442663334045539480e+00
5.288599766345331021e-01 1.477936661239897198e+00 9.338729410514379214e-01 -6.430242642790336971e-01 -1.428460256395289063e+00
1.863300435556454471e-01 1.339817010608269854e+00 1.203101598255458260e+00 -2.632131092506144743e-01 -1.327360707999134748e+00
-1.515714349063017607e-01 1.125290625924740828e+00 1.375801147441698458e+00 1.361078291597470624e-01 -1.138668512735079297e+00
-4.704839084124186055e-01 8.555012562647685836e-01 1.443865866328990721e+00 5.221143894814935793e-01 -8.690394176443058116e-01
-7.580017519256756486e-01 5.513626050102173881e-01 1.409690867037924011e+00 8.632126541895631666e-01 -5.335671986924603871e-01
-1.002731110793303682e+00 2.318261425441883183e-01 1.284362570481017762e+00 1.132895180049254158e+00 -1.553454160689034802e-01
-1.193632535707223274e+00 -8.678266504130027759e-02 1.084838799580431390e+00 1.312687087590181045e+00 2.365255606317449022e-01
-1.319937779467651229e+00 -3.905872229760923853e-01 8.309016763202471401e-01 1.393706903732072622e+00 6.101204135030862119e-01
-1.371791730134753529e+00 -6.674857363799778787e-01 5.425559678833519195e-01 1.376658942065942526e+00 9.344852151473304058e-01
-1.341597994480942191e+00 -9.063469683067565397e-01 2.382657078754228941e-01 1.270424190745466753e+00 1.183423572030337878e+00
-1.225841989385060504e+00 -1.096413132608459629e+00 -6.587871617330953722e-02 1.089725682710080301e+00 1.338659993064474918e+00
-1.026959608631340393e+00 -1.227183241351448517e+00 -3.561944655411236615e-01 8.524938617543200703e-01 1.391820099613493511e+00
-7.546878011703339606e-01 -1.288948658724232699e+00 -6.209012694704504343e-01 5.775042649339070522e-01 1.344826801290582630e+00
-4.263675631590919668e-01 -1.273999340377684364e+00 -8.493962632030491733e-01 2.826628713051630992e-01 1.208637493245217298e+00
-6.590652697801414883e-02 -1.178312954907670518e+00 -1.031637699725691082e+00 -1.592312693661035450e-02 1.000676196999805478e+00
2.985283644243323931e-01 -1.003323540513193501e+00 -1.157930068587662120e+00 -3.041535865618407719e-01 7.416648349397210183e-01
6.376830330331655361e-01 -7.572370656899448660e-01 -1.219309386119637351e+00 -5.696271437375270974e-01 4.526553395661904733e-01
9.246652088405395986e-01 -4.554093737621563998e-01 -1.208572374543499750e+00 -8.010989607582745808e-01 1.528752041907237569e-01
1.138062492807204062e+00 -1.195279495684246074e-01 -1.121794709635691278e+00 -9.880073232373087766e-01 -1.413556623932383793e-01
1.264205804979628756e+00 2.243619920376587196e-01 -9.599874723851773428e-01 -1.120337515669706185e+00 -4.167256338839878116e-01
1.298207240523377104e+00 5.486923654262018113e-01 -7.304137546508125967e-01 -1.189006376053270309e+00 -6.623623207835988014e-01
1.243635102888453581e+00 8.276051596002786948e-01 -4.470912747620944261e-01 -1.186818781957285518e+00 -8.689881943504855766e-01
1.110992728527453455e+00 1.040024128610224752e+00 -1.301658546682924467e-01 -1.109873001013111926e+00 -1.028175855897729418e+00
9.154513291253042473e-01 1.171992039281653852e+00 1.958836212289449819e-01 -9.591003384569793955e-01 -1.132003378355318057e+00
6.744265003411467063e-01 1.217820862618929523e+00 5.049460777266456812e-01 -7.414807805188188272e-01 -1.173299518990263524e+00
4.055258897733509116e-01 1.179878218235962839e+00 7.723913450027701799e-01 -4.704678058931330287e-01 -1.146517629178100073e+00
1.251832460027544336e-01 1.067189487415609594e+00 9.780011800828078972e-01 -1.653265641636849637e-01 -1.049087295736335967e+00
-1.519583697626314400e-01 8.933260552902297924e-01 1.108166731319121912e+00 1.506141678720034349e-01 -8.829014809378722406e-01
-4.130532595581573041e-01 6.741571562840049658e-01 1.156972598990080092e+00 4.525019091120940362e-01 -6.554792709764244441e-01
-6.467034576437867832e-01 4.259500550515027406e-01 1.126051239051387709e+00 7.168145719409826366e-01 -3.803717488973036853e-01
-8.425393363091331356e-01 1.640909129821657153e-01 1.023380204540694116e+00 9.240083282092235173e-01 -7.655953851018805489e-02
-9.909876890224433854e-01 -9.752691765485867192e-02 8.614184978776545654e-01 1.060508373638169966e+00 2.331483985348248300e-01
-1.083411300027547375e+00 -3.465691807922381962e-01 6.550653897631478761e-01 1.119741381129572444e+00 5.244703130939442071e-01
-1.112698668230115651e+00 -5.719967200948088415e-01 4.198636194231681884e-01 1.102113803673223424e+00 7.743730908576356153e-01
-1.074253680546877199e+00 -7.637158760617074327e-01 1.707099188523026889e-01 1.014064280793230299e+00 9.637166216369237315e-01
-9.671970015077685501e-01 -9.123715117324192603e-01 -7.884602709031152123e-02 8.665007696185620389e-01 1.079387105952621662e+00
-7.954739006719190320e-01 -1.009458917767136921e+00 -3.167828120163657668e-01 6.730171580401940190e-01 1.115553126863946476e+00
-5.685125508650109571e-01 -1.047845408562583902e+00 -5.324351870657599850e-01 4.482534315041122874e-01 1.073825662216092214e+00
-3.011323054170460534e-01 -1.022674851178233313e+00 -7.161836914806133381e-01 2.066484478928183322e-01 9.623314250986408913e-01
-1.256501267883103345e-02 -9.324921430582895354e-01 -8.592267924782180932e-01 -3.831223759205126811e-02 7.939640482332877003e-01
2.753274238974510180e-01 -7.803056741915214145e-01 -9.536211512786217925e-01 -2.743853686085047650e-01 5.842636553865878657e-01
5.403592133746855097e-01 -5.742553528580421895e-01 -9.926981811576848225e-01 -4.905266053411445060e-01 3.494142771348651699e-01
7.624571504709137804e-01 -3.276074832552137717e-01 -9.718518128201106832e-01 -6.767017140521367491e-01 1.047329649157780068e-01
9.258164386098759469e-01 -5.794415523205265206e-02 -8.895619690164882076e-01 -8.237516003737478387e-01 -1.361815341847044669e-01
1.020424641427193135e+00 2.144004859389074813e-01 -7.484038808198562043e-01 -9.234808544527536300e-01 -3.616801233051124553e-01
1.042723423849513775e+00 4.684396822938974303e-01 -5.557346355837815555e-01 -9.690717574890466146e-01 -5.618597811075990434e-01
9.953492484926957928e-01 6.848362601411475126e-01 -3.237757338873848978e-01 -9.558261297395751477e-01 -7.281748547891729872e-01
8.860891472070173691e-01 8.480188610959961126e-01 -6.892818402487754792e-02 -8.821183740302643850e-01 -8.531098942859330903e-01
7.263502927016884936e-01 9.477398500509672807e-01 1.896644261189521785e-01 -7.503306983355355619e-01 -9.301096492559318696e-01
5.295133973719542420e-01 9.798091848984991081e-01 4.321038686983415533e-01 -5.674771757425663976e-01 -9.538764413228153494e-01
3.094984277492495717e-01 9.459241970141908373e-01 6.399372166260736128e-01 -3.452473764444327631e-01 -9.210319155175720196e-01
7.974583425350156851e-02 8.527292368099643749e-01 7.981754553676725372e-01 -9.932212019702137129e-02 -8.310135832465566086e-01
-1.473357722466015485e-01 7.104038531151761759e-01 8.967767102062953466e-01 1.520046664528560409e-01 -6.869668533531452237e-01
-3.605333324955646845e-01 5.311370611784544948e-01 9.313617402997691475e-01 3.896897187711962918e-01 -4.963420520183320361e-01
-5.497617795639577754e-01 3.277929152509204691e-01 9.031036315954832361e-01 5.959708210257916861e-01 -2.709432101941925408e-01
-7.059489781688348398e-01 1.129496564473728704e-01 8.179139592014421645e-01 7.562169539866570034e-01 -2.629591139064002547e-02
-8.210386190384213467e-01 -1.016429816856062596e-01 6.851817042996918294e-01 8.603006911691174485e-01 2.196377705717271756e-01
-8.882235582155736386e-01 -3.052550867920219013e-01 5.163722382990525439e-01 9.033007419904155455e-01 4.482223631450859558e-01
-9.024448526398775039e-01 -4.881513032379840578e-01 3.237580852519743035e-01 8.854834397843829308e-01 6.421180638183953127e-01
-8.611008865869844708e-01 -6.415089525669277482e-01 1.194584587392764075e-01 8.116566929173056888e-01 7.871437073556106778e-01
-7.648220753066635735e-01 -7.574287209699185341e-01 -8.514897040228287806e-02 6.901018738645736672e-01 8.737339606387535262e-01
-6.181023641736982377e-01 -8.291464014740295152e-01 -2.796804324464750025e-01 5.313392777369136954e-01 8.977545182208270802e-01
-4.295647532537304469e-01 -8.514885942500045601e-01 -4.547686340172637509e-01 3.469641659363326691e-01 8.605554920234481653e-01
-2.116905178787751307e-01 -8.215315276544981060e-01 -6.019972046624487705e-01 1.487201507836926062e-01 7.682979240538005961e-01
2.004649198601282656e-02 -7.393356308901980478e-01 -7.138906580439301486e-01 -5.211626218883991246e-02 6.307434955993075354e-01
2.485613922669935860e-01 -6.085638276815750203e-01 -7.840737159522458422e-01 -2.450551167992893742e-01 4.598006178521433784e-01
4.568557823307745624e-01 -4.367756375908252164e-01 -8.076549591595900690e-01 -4.204992958654151236e-01 2.681348999997728022e-01
6.297619200462905020e-01 -2.352356724289844658e-01 -7.818105561671950809e-01 -5.697590876875192611e-01 6.807934417472538691e-02
7.554540953223716215e-01 -1.817311729430826431e-02 -7.064602104120299986e-01 -6.851028139977612952e-01 -1.290448031005658747e-01
8.264941732245889572e-01 1.984522250554749956e-01 -5.848620766309330365e-01 -7.599470894501093587e-01 -3.132134482021796673e-01
8.402680955401686802e-01 3.985138965737029526e-01 -4.239293103007922836e-01 -7.892388947180644099e-01 -4.757027532873733255e-01
7.987904465553683497e-01 5.673746366022398568e-01 -2.341025678612649319e-01 -7.700108127900434640e-01 -6.089678332813717176e-01
7.079796561730289373e-01 6.933668545799782645e-01 -2.869775911266292390e-02 -7.020133345962676907e-01 -7.065555888658078265e-01
5.766031924830402611e-01 7.688557863508078682e-01 1.772345210712054364e-01 -5.882643336754022068e-01 -7.631744672046235634e-01
4.151307172533642564e-01 7.907255217891733245e-01 3.683851794011843150e-01 -4.353301161216932558e-01 -7.749813395577066499e-01
2.347054582588758986e-01 7.602524194031078375e-01 5.307633042549189106e-01 -2.531828764668379028e-01 -7.400661743177024965e-01
4.636733953826599475e-02 6.824622563151758747e-01 6.531101121596141201e-01 -5.456440229598347180e-02 -6.590335888214620130e-01
-1.394329797244746594e-01 5.651647068830751852e-01 7.279209191255918698e-01 1.460998306297571769e-01 -5.355181522637203484e-01
-3.130726876502680778e-01 4.178927224650623162e-01 7.519307355716404739e-01 3.340854149225746528e-01 -3.764502427076146240e-01
-4.658450155069147058e-01 2.509434883163399466e-01 7.260346767276182334e-01 4.958342922455152846e-01 -1.919236594562268861e-01
-5.900130223818106368e-01 7.464383250254758018e-02 6.547287900122255033e-01 6.202675295556655533e-01 5.402481050637675253e-03
-6.789323131457983829e-01 -1.011230017454681773e-01 5.452396526607286020e-01 6.997480274571750147e-01 2.013321393908922285e-01
-7.273082898949642106e-01 -2.671654989652592072e-01 4.065423668772929489e-01 7.305699571882481314e-01 3.814614338967583507e-01
-7.315988638401975663e-01 -4.150905858289131167e-01 2.484452350740264936e-01 7.129471128618172227e-01 5.326147913927359312e-01
-6.905120208053761033e-01 -5.373711255673268017e-01 8.086111127946106480e-02 6.505668272906601768e-01 6.441692936473829567e-01
-6.054922305282921524e-01 -6.274684099360609002e-01 -8.668688758136344763e-02 5.498468407257544044e-01 7.090628309329765067e-01
-4.810558845912397130e-01 -6.800733579398586803e-01 -2.453439115015326744e-01 4.190635981943461874e-01 7.243343617981075067e-01
-3.248377240588219972e-01 -6.914824435412918469e-01 -3.870527075542792295e-01 2.675088908512395225e-01 6.911304955215576973e-01
-1.472533084728626651e-01 -6.600674497088359072e-01 -5.046246624072293629e-01 1.047875706824417108e-01 6.142165337506293454e-01
3.924124058114908387e-02 -5.867445741276242632e-01 -5.918432313559512936e-01 -5.969075254137923281e-02 5.011261230520480670e-01
2.212225885688430538e-01 -4.753141414706776313e-01 -6.436669428339240051e-01 -2.170318890230331643e-01 3.611429435015134914e-01
3.855620534829211077e-01 -3.325413072662614100e-01 -6.565565947323331875e-01 -3.590405375789603726e-01 2.043127859558824255e-01
5.206884170007073376e-01 -1.678854083578584788e-01 -6.288975721224400184e-01 -4.783438658953571010e-01 4.063778397128370301e-02
6.176616867157198598e-01 7.147475738112696320e-03 -5.614357734988680848e-01 -5.685348299003230021e-01 -1.204725974944472755e-01
6.709029052964143869e-01 1.799757771061703260e-01 -4.576093082397880707e-01 -6.243957071298606998e-01 -2.704995355907582333e-01
6.784906641378178893e-01 3.381143441109539793e-01 -3.236511670070554847e-01 -6.422250856099517291e-01 -4.019289120074135413e-01
6.420174982387532037e-01 4.703773000136937110e-01 -1.683669218780604604e-01 -6.202431672610065894e-01 -5.082801409333814746e-01
5.660806985033719485e-01 5.679287699558799307e-01 -2.551988305910968258e-03 -5.590015409732899121e-01 -5.841492880402626708e-01
4.575414714870489341e-01 6.250232051774271547e-01 1.619097378517448949e-01 -4.616886188617346232e-01 -6.253408080358212606e-01
3.247083074698327021e-01 6.393374729889659269e-01 3.131507736606031211e-01 -3.342145627465747393e-01 -6.291182059269770921e-01
1.765820128941983924e-01 6.118797378227651684e-01 4.404638825151893644e-01 -1.849874712283784139e-01 -5.945501801451836821e-01
2.225180073052723806e-02 5.465432933050232700e-01 5.353075771161051044e-01 -2.435149794335911277e-02 -5.228775061404493663e-01
-1.295277192562668267e-01 4.494328115698635884e-01 5.920229923415347706e-01 1.362688669827316623e-01 -4.177912818012161078e-01
-2.706020696543599557e-01 3.281108785733503619e-01 6.081713682709974922e-01 2.854078076769297478e-01 -2.855076614255903644e-01
-3.935836802949121416e-01 1.908939313704016705e-01 5.844780100525297506e-01 4.126289841722550200e-01 -1.345525388433148617e-01
-4.919913602237986350e-01 4.628124929618082639e-02 5.244423997918188363e-01 5.094698111647455452e-01 2.477469051425051916e-02
-5.604248504408122500e-01 -9.745377999959192739e-02 4.337264638505970993e-01 5.701274426868085943e-01 1.812218047630201057e-01
-5.948103864510715377e-01 -2.325288245121341912e-01 3.194527782851139253e-01 5.918065721731071704e-01 3.235912265981566449e-01
-5.927156405720653831e-01 -3.518249968023787200e-01 1.895314404238261918e-01 5.747137982054939531e-01 4.417954624017585985e-01
-5.536920256210250413e-01 -4.490299093412477016e-01 5.209769917926499599e-02 5.217455474744454591e-01 5.278073494974981905e-01
-4.795688734311565060e-01 -5.188087031348556089e-01 -8.490414522143675813e-02 4.379622248617913716e-01 5.763664164910947685e-01
-3.746074040014969464e-01 -5.570382457406864996e-01 -2.139988904054711538e-01 3.299611087624605421e-01 5.853438210336645575e-01
-2.454301558884123269e-01 -5.611064108072927326e-01 -3.283611741961627306e-01 2.052532854580633170e-01 5.557298290728398538e-01
-1.006749594295786032e-01 -5.302408757901639902e-01 -4.219554238734530283e-01 7.172168027202863172e-02 4.912773237920144420e-01
4.962533309248562396e-02 -4.657995208915678975e-01 -4.896902346079309853e-01 -6.280157927772100912e-02 3.978953429675200493e-01
1.948787708039976252e-01 -3.714372240303034367e-01 -5.276249158208824452e-01 -1.908389298017284241e-01 2.829217501556591241e-01
3.248800361128587610e-01 -2.530690571052889304e-01 -5.332361604119164600e-01 -3.054828931648817525e-01 1.544051669309174368e-01
4.307345413048029314e-01 -1.185787425898899849e-01 -5.057174021133316044e-01 -4.005703935247333369e-01 2.049612738001638235e-02
5.056308180478845671e-01 2.273253233368821569e-02 -4.462512953574347963e-01 -4.708635630422023932e-01 -1.110013531265848785e-01
5.453581398088568344e-01 1.609097393446949908e-01 -3.581764673026294199e-01 -5.122703460548654331e-01 -2.329176853544181469e-01
5.485130135326091727e-01 2.862274705834761956e-01 -2.469707597840878899e-01 -5.221121363980498753e-01 -3.388847218568586950e-01
5.163945442635022864e-01 3.900723317408418822e-01 -1.199971369635667306e-01 -4.994137247971078830e-01 -4.234423456931164509e-01
4.526418986021394364e-01 4.656987251955813090e-01 1.399888629990120315e-02 -4.451611317146306757e-01 -4.821453861735615076e-01
3.627044433290762537e-01 5.087536640844831926e-01 1.456002519961943076e-01 -3.624546538794728434e-01 -5.117140664248985837e-01
