0.000000000000000000e+00 0.000000000000000000e+00 0.000000000000000000e+00 0.000000000000000000e+00 0.000000000000000000e+00
0.000000000000000000e+00 0.000000000000000000e+00 0.000000000000000000e+00 0.000000000000000000e+00 0.000000000000000000e+00
0.000000000000000000e+00 0.000000000000000000e+00 0.000000000000000000e+00 0.000000000000000000e+00 0.000000000000000000e+00
0.000000000000000000e+00 0.000000000000000000e+00 0.000000000000000000e+00 0.000000000000000000e+00 0.000000000000000000e+00
0.000000000000000000e+00 0.000000000000000000e+00 0.000000000000000000e+00 0.000000000000000000e+00 0.000000000000000000e+00
0.000000000000000000e+00 0.000000000000000000e+00 0.000000000000000000e+00 0.000000000000000000e+00 0.000000000000000000e+00
0.000000000000000000e+00 0.000000000000000000e+00 0.000000000000000000e+00 0.000000000000000000e+00 0.000000000000000000e+00
0.000000000000000000e+00 0.000000000000000000e+00 0.000000000000000000e+00 0.000000000000000000e+00 0.000000000000000000e+00
0.000000000000000000e+00 0.000000000000000000e+00 0.000000000000000000e+00 0.000000000000000000e+00 0.000000000000000000e+00
0.000000000000000000e+00 0.000000000000000000e+00 0.000000000000000000e+00 0.000000000000000000e+00 0.000000000000000000e+00
0.000000000000000000e+00 0.000000000000000000e+00 0.000000000000000000e+00 0.000000000000000000e+00 0.000000000000000000e+00
0.000000000000000000e+00 0.000000000000000000e+00 0.000000000000000000e+00 0.000000000000000000e+00 0.000000000000000000e+00
0.000000000000000000e+00 0.000000000000000000e+00 0.000000000000000000e+00 0.000000000000000000e+00 0.000000000000000000e+00
0.000000000000000000e+00 0.000000000000000000e+00 0.000000000000000000e+00 0.000000000000000000e+00 0.000000000000000000e+00
0.000000000000000000e+00 0.000000000000000000e+00 0.000000000000000000e+00 0.000000000000000000e+00 0.000000000000000000e+00
0.000000000000000000e+00 0.000000000000000000e+00 0.000000000000000000e+00 0.000000000000000000e+00 0.000000000000000000e+00
0.000000000000000000e+00 0.000000000000000000e+00 0.000000000000000000e+00 0.000000000000000000e+00 0.000000000000000000e+00
0.000000000000000000e+00 0.000000000000000000e+00 0.000000000000000000e+00 0.000000000000000000e+00 0.000000000000000000e+00
0.000000000000000000e+00 0.000000000000000000e+00 0.000000000000000000e+00 0.000000000000000000e+00 0.000000000000000000e+00
0.000000000000000000e+00 0.000000000000000000e+00 0.000000000000000000e+00 0.000000000000000000e+00 0.000000000000000000e+00
0.000000000000000000e+00 0.000000000000000000e+00 0.000000000000000000e+00 0.000000000000000000e+00 0.000000000000000000e+00
0.000000000000000000e+00 0.000000000000000000e+00 0.000000000000000000e+00 0.000000000000000000e+00 0.000000000000000000e+00
0.000000000000000000e+00 0.000000000000000000e+00 0.000000000000000000e+00 0.000000000000000000e+00 0.000000000000000000e+00
0.000000000000000000e+00 0.000000000000000000e+00 0.000000000000000000e+00 0.000000000000000000e+00 0.000000000000000000e+00
0.000000000000000000e+00 0.000000000000000000e+00 0.000000000000000000e+00 0.000000000000000000e+00 0.000000000000000000e+00
0.000000000000000000e+00 0.000000000000000000e+00 0.000000000000000000e+00 0.000000000000000000e+00 0.000000000000000000e+00
0.000000000000000000e+00 0.000000000000000000e+00 0.000000000000000000e+00 0.000000000000000000e+00 0.000000000000000000e+00
0.000000000000000000e+00 0.000000000000000000e+00 0.000000000000000000e+00 0.000000000000000000e+00 0.000000000000000000e+00
0.000000000000000000e+00 0.000000000000000000e+00 0.000000000000000000e+00 0.000000000000000000e+00 0.000000000000000000e+00
0.000000000000000000e+00 0.000000000000000000e+00 0.000000000000000000e+00 0.000000000000000000e+00 0.000000000000000000e+00
0.000000000000000000e+00 0.000000000000000000e+00 0.000000000000000000e+00 0.000000000000000000e+00 0.000000000000000000e+00
0.000000000000000000e+00 0.000000000000000000e+00 0.000000000000000000e+00 0.000000000000000000e+00 0.000000000000000000e+00
0.000000000000000000e+00 0.000000000000000000e+00 0.000000000000000000e+00 0.000000000000000000e+00 0.000000000000000000e+00
0.000000000000000000e+00 0.000000000000000000e+00 0.000000000000000000e+00 0.000000000000000000e+00 0.000000000000000000e+00
0.000000000000000000e+00 0.000000000000000000e+00 0.000000000000000000e+00 0.000000000000000000e+00 0.000000000000000000e+00
0.000000000000000000e+00 0.000000000000000000e+00 0.000000000000000000e+00 0.000000000000000000e+00 0.000000000000000000e+00
0.000000000000000000e+00 0.000000000000000000e+00 0.000000000000000000e+00 0.000000000000000000e+00 0.000000000000000000e+00
0.000000000000000000e+00 0.000000000000000000e+00 0.000000000000000000e+00 0.000000000000000000e+00 0.000000000000000000e+00
0.000000000000000000e+00 0.000000000000000000e+00 0.000000000000000000e+00 0.000000000000000000e+00 0.000000000000000000e+00
0.000000000000000000e+00 0.000000000000000000e+00 0.000000000000000000e+00 0.000000000000000000e+00 0.000000000000000000e+00
0.000000000000000000e+00 0.000000000000000000e+00 0.000000000000000000e+00 0.000000000000000000e+00 0.000000000000000000e+00
0.000000000000000000e+00 0.000000000000000000e+00 0.000000000000000000e+00 0.000000000000000000e+00 0.000000000000000000e+00
0.000000000000000000e+00 0.000000000000000000e+00 0.000000000000000000e+00 0.000000000000000000e+00 0.000000000000000000e+00
0.000000000000000000e+00 0.000000000000000000e+00 0.000000000000000000e+00 0.000000000000000000e+00 0.000000000000000000e+00
0.000000000000000000e+00 0.000000000000000000e+00 0.000000000000000000e+00 0.000000000000000000e+00 0.000000000000000000e+00
0.000000000000000000e+00 0.000000000000000000e+00 0.000000000000000000e+00 0.000000000000000000e+00 0.000000000000000000e+00
0.000000000000000000e+00 0.000000000000000000e+00 0.000000000000000000e+00 0.000000000000000000e+00 0.000000000000000000e+00
0.000000000000000000e+00 0.000000000000000000e+00 0.000000000000000000e+00 0.000000000000000000e+00 0.000000000000000000e+00
0.000000000000000000e+00 0.000000000000000000e+00 0.000000000000000000e+00 0.000000000000000000e+00 0.000000000000000000e+00
0.000000000000000000e+00 0.000000000000000000e+00 0.000000000000000000e+00 0.000000000000000000e+00 0.000000000000000000e+00
0.000000000000000000e+00 0.000000000000000000e+00 0.000000000000000000e+00 0.000000000000000000e+00 0.000000000000000000e+00
0.000000000000000000e+00 0.000000000000000000e+00 0.000000000000000000e+00 0.000000000000000000e+00 0.000000000000000000e+00
0.000000000000000000e+00 0.000000000000000000e+00 0.000000000000000000e+00 0.000000000000000000e+00 0.000000000000000000e+00
0.000000000000000000e+00 0.000000000000000000e+00 0.000000000000000000e+00 0.000000000000000000e+00 0.000000000000000000e+00
0.000000000000000000e+00 0.000000000000000000e+00 0.000000000000000000e+00 0.000000000000000000e+00 0.000000000000000000e+00
0.000000000000000000e+00 0.000000000000000000e+00 0.000000000000000000e+00 0.000000000000000000e+00 0.000000000000000000e+00
0.000000000000000000e+00 0.000000000000000000e+00 0.000000000000000000e+00 0.000000000000000000e+00 0.000000000000000000e+00
0.000000000000000000e+00 0.000000000000000000e+00 0.000000000000000000e+00 0.000000000000000000e+00 0.000000000000000000e+00
0.000000000000000000e+00 0.000000000000000000e+00 0.000000000000000000e+00 0.000000000000000000e+00 0.000000000000000000e+00
0.000000000000000000e+00 0.000000000000000000e+00 0.000000000000000000e+00 0.000000000000000000e+00 0.000000000000000000e+00
0.000000000000000000e+00 0.000000000000000000e+00 0.000000000000000000e+00 0.000000000000000000e+00 0.000000000000000000e+00
0.000000000000000000e+00 0.000000000000000000e+00 0.000000000000000000e+00 0.000000000000000000e+00 0.000000000000000000e+00
0.000000000000000000e+00 0.000000000000000000e+00 0.000000000000000000e+00 0.000000000000000000e+00 0.000000000000000000e+00
0.000000000000000000e+00 0.000000000000000000e+00 0.000000000000000000e+00 0.000000000000000000e+00 0.000000000000000000e+00
0.000000000000000000e+00 0.000000000000000000e+00 0.000000000000000000e+00 0.000000000000000000e+00 0.000000000000000000e+00
0.000000000000000000e+00 0.000000000000000000e+00 0.000000000000000000e+00 0.000000000000000000e+00 0.000000000000000000e+00
0.000000000000000000e+00 0.000000000000000000e+00 0.000000000000000000e+00 0.000000000000000000e+00 0.000000000000000000e+00
0.000000000000000000e+00 0.000000000000000000e+00 0.000000000000000000e+00 0.000000000000000000e+00 0.000000000000000000e+00
0.000000000000000000e+00 0.000000000000000000e+00 0.000000000000000000e+00 0.000000000000000000e+00 0.000000000000000000e+00
0.000000000000000000e+00 0.000000000000000000e+00 0.000000000000000000e+00 0.000000000000000000e+00 0.000000000000000000e+00
0.000000000000000000e+00 0.000000000000000000e+00 0.000000000000000000e+00 0.000000000000000000e+00 0.000000000000000000e+00
0.000000000000000000e+00 0.000000000000000000e+00 0.000000000000000000e+00 0.000000000000000000e+00 0.000000000000000000e+00
0.000000000000000000e+00 0.000000000000000000e+00 0.000000000000000000e+00 0.000000000000000000e+00 0.000000000000000000e+00
0.000000000000000000e+00 0.000000000000000000e+00 0.000000000000000000e+00 0.000000000000000000e+00 0.000000000000000000e+00
0.000000000000000000e+00 0.000000000000000000e+00 0.000000000000000000e+00 0.000000000000000000e+00 0.000000000000000000e+00
0.000000000000000000e+00 0.000000000000000000e+00 0.000000000000000000e+00 0.000000000000000000e+00 0.000000000000000000e+00
0.000000000000000000e+00 0.000000000000000000e+00 0.000000000000000000e+00 0.000000000000000000e+00 0.000000000000000000e+00
0.000000000000000000e+00 0.000000000000000000e+00 0.000000000000000000e+00 0.000000000000000000e+00 0.000000000000000000e+00
0.000000000000000000e+00 0.000000000000000000e+00 0.000000000000000000e+00 0.000000000000000000e+00 0.000000000000000000e+00
0.000000000000000000e+00 0.000000000000000000e+00 0.000000000000000000e+00 0.000000000000000000e+00 0.000000000000000000e+00
0.000000000000000000e+00 0.000000000000000000e+00 0.000000000000000000e+00 0.000000000000000000e+00 0.000000000000000000e+00
0.000000000000000000e+00 0.000000000000000000e+00 0.000000000000000000e+00 0.000000000000000000e+00 0.000000000000000000e+00
0.000000000000000000e+00 0.000000000000000000e+00 0.000000000000000000e+00 0.000000000000000000e+00 0.000000000000000000e+00
0.000000000000000000e+00 0.000000000000000000e+00 0.000000000000000000e+00 0.000000000000000000e+00 0.000000000000000000e+00
0.000000000000000000e+00 0.000000000000000000e+00 0.000000000000000000e+00 0.000000000000000000e+00 0.000000000000000000e+00
0.000000000000000000e+00 0.000000000000000000e+00 0.000000000000000000e+00 0.000000000000000000e+00 0.000000000000000000e+00
0.000000000000000000e+00 0.000000000000000000e+00 0.000000000000000000e+00 0.000000000000000000e+00 0.000000000000000000e+00
0.000000000000000000e+00 0.000000000000000000e+00 0.000000000000000000e+00 0.000000000000000000e+00 0.000000000000000000e+00
0.000000000000000000e+00 0.000000000000000000e+00 0.000000000000000000e+00 0.000000000000000000e+00 0.000000000000000000e+00
0.000000000000000000e+00 0.000000000000000000e+00 0.000000000000000000e+00 0.000000000000000000e+00 0.000000000000000000e+00
0.000000000000000000e+00 0.000000000000000000e+00 0.000000000000000000e+00 0.000000000000000000e+00 0.000000000000000000e+00
0.000000000000000000e+00 0.000000000000000000e+00 0.000000000000000000e+00 0.000000000000000000e+00 0.000000000000000000e+00
0.000000000000000000e+00 0.000000000000000000e+00 0.000000000000000000e+00 0.000000000000000000e+00 0.000000000000000000e+00
0.000000000000000000e+00 0.000000000000000000e+00 0.000000000000000000e+00 0.000000000000000000e+00 0.000000000000000000e+00
0.000000000000000000e+00 0.000000000000000000e+00 0.000000000000000000e+00 0.000000000000000000e+00 0.000000000000000000e+00
0.000000000000000000e+00 0.000000000000000000e+00 0.000000000000000000e+00 0.000000000000000000e+00 0.000000000000000000e+00
0.000000000000000000e+00 0.000000000000000000e+00 0.000000000000000000e+00 0.000000000000000000e+00 0.000000000000000000e+00
0.000000000000000000e+00 0.000000000000000000e+00 0.000000000000000000e+00 0.000000000000000000e+00 0.000000000000000000e+00
0.000000000000000000e+00 0.000000000000000000e+00 0.000000000000000000e+00 0.000000000000000000e+00 0.000000000000000000e+00
0.000000000000000000e+00 0.000000000000000000e+00 0.000000000000000000e+00 0.000000000000000000e+00 0.000000000000000000e+00
0.000000000000000000e+00 0.000000000000000000e+00 0.000000000000000000e+00 0.000000000000000000e+00 0.000000000000000000e+00
0.000000000000000000e+00 0.000000000000000000e+00 0.000000000000000000e+00 0.000000000000000000e+00 0.000000000000000000e+00
0.000000000000000000e+00 0.000000000000000000e+00 0.000000000000000000e+00 0.000000000000000000e+00 0.000000000000000000e+00
0.000000000000000000e+00 0.000000000000000000e+00 0.000000000000000000e+00 0.000000000000000000e+00 0.000000000000000000e+00
0.000000000000000000e+00 0.000000000000000000e+00 0.000000000000000000e+00 0.000000000000000000e+00 0.000000000000000000e+00
0.000000000000000000e+00 0.000000000000000000e+00 0.000000000000000000e+00 0.000000000000000000e+00 0.000000000000000000e+00
0.000000000000000000e+00 0.000000000000000000e+00 0.000000000000000000e+00 0.000000000000000000e+00 0.000000000000000000e+00
0.000000000000000000e+00 0.000000000000000000e+00 0.000000000000000000e+00 0.000000000000000000e+00 0.000000000000000000e+00
0.000000000000000000e+00 0.000000000000000000e+00 0.000000000000000000e+00 0.000000000000000000e+00 0.000000000000000000e+00
0.000000000000000000e+00 0.000000000000000000e+00 0.000000000000000000e+00 0.000000000000000000e+00 0.000000000000000000e+00
0.000000000000000000e+00 0.000000000000000000e+00 0.000000000000000000e+00 0.000000000000000000e+00 0.000000000000000000e+00
0.000000000000000000e+00 0.000000000000000000e+00 0.000000000000000000e+00 0.000000000000000000e+00 0.000000000000000000e+00
0.000000000000000000e+00 0.000000000000000000e+00 0.000000000000000000e+00 0.000000000000000000e+00 0.000000000000000000e+00
0.000000000000000000e+00 0.000000000000000000e+00 0.000000000000000000e+00 0.000000000000000000e+00 0.000000000000000000e+00
0.000000000000000000e+00 0.000000000000000000e+00 0.000000000000000000e+00 0.000000000000000000e+00 0.000000000000000000e+00
0.000000000000000000e+00 0.000000000000000000e+00 0.000000000000000000e+00 0.000000000000000000e+00 0.000000000000000000e+00
0.000000000000000000e+00 0.000000000000000000e+00 0.000000000000000000e+00 0.000000000000000000e+00 0.000000000000000000e+00
0.000000000000000000e+00 0.000000000000000000e+00 0.000000000000000000e+00 0.000000000000000000e+00 0.000000000000000000e+00
0.000000000000000000e+00 0.000000000000000000e+00 0.000000000000000000e+00 0.000000000000000000e+00 0.000000000000000000e+00
0.000000000000000000e+00 0.000000000000000000e+00 0.000000000000000000e+00 0.000000000000000000e+00 0.000000000000000000e+00
0.000000000000000000e+00 0.000000000000000000e+00 0.000000000000000000e+00 0.000000000000000000e+00 0.000000000000000000e+00
0.000000000000000000e+00 0.000000000000000000e+00 0.000000000000000000e+00 0.000000000000000000e+00 0.000000000000000000e+00
0.000000000000000000e+00 0.000000000000000000e+00 0.000000000000000000e+00 0.000000000000000000e+00 0.000000000000000000e+00
0.000000000000000000e+00 0.000000000000000000e+00 0.000000000000000000e+00 0.000000000000000000e+00 0.000000000000000000e+00
0.000000000000000000e+00 0.000000000000000000e+00 0.000000000000000000e+00 0.000000000000000000e+00 0.000000000000000000e+00
0.000000000000000000e+00 0.000000000000000000e+00 0.000000000000000000e+00 0.000000000000000000e+00 0.000000000000000000e+00
0.000000000000000000e+00 0.000000000000000000e+00 0.000000000000000000e+00 0.000000000000000000e+00 0.000000000000000000e+00
0.000000000000000000e+00 0.000000000000000000e+00 0.000000000000000000e+00 0.000000000000000000e+00 0.000000000000000000e+00
0.000000000000000000e+00 0.000000000000000000e+00 0.000000000000000000e+00 0.000000000000000000e+00 0.000000000000000000e+00
0.000000000000000000e+00 0.000000000000000000e+00 0.000000000000000000e+00 0.000000000000000000e+00 0.000000000000000000e+00
0.000000000000000000e+00 0.000000000000000000e+00 0.000000000000000000e+00 0.000000000000000000e+00 0.000000000000000000e+00
0.000000000000000000e+00 0.000000000000000000e+00 0.000000000000000000e+00 0.000000000000000000e+00 0.000000000000000000e+00
0.000000000000000000e+00 0.000000000000000000e+00 0.000000000000000000e+00 0.000000000000000000e+00 0.000000000000000000e+00
0.000000000000000000e+00 0.000000000000000000e+00 0.000000000000000000e+00 0.000000000000000000e+00 0.000000000000000000e+00
0.000000000000000000e+00 0.000000000000000000e+00 0.000000000000000000e+00 0.000000000000000000e+00 0.000000000000000000e+00
0.000000000000000000e+00 0.000000000000000000e+00 0.000000000000000000e+00 0.000000000000000000e+00 0.000000000000000000e+00
0.000000000000000000e+00 0.000000000000000000e+00 0.000000000000000000e+00 0.000000000000000000e+00 0.000000000000000000e+00
0.000000000000000000e+00 0.000000000000000000e+00 0.000000000000000000e+00 0.000000000000000000e+00 0.000000000000000000e+00
0.000000000000000000e+00 0.000000000000000000e+00 0.000000000000000000e+00 0.000000000000000000e+00 0.000000000000000000e+00
0.000000000000000000e+00 0.000000000000000000e+00 0.000000000000000000e+00 0.000000000000000000e+00 0.000000000000000000e+00
0.000000000000000000e+00 0.000000000000000000e+00 0.000000000000000000e+00 0.000000000000000000e+00 0.000000000000000000e+00
0.000000000000000000e+00 0.000000000000000000e+00 0.000000000000000000e+00 0.000000000000000000e+00 0.000000000000000000e+00
0.000000000000000000e+00 0.000000000000000000e+00 0.000000000000000000e+00 0.000000000000000000e+00 0.000000000000000000e+00
0.000000000000000000e+00 0.000000000000000000e+00 0.000000000000000000e+00 0.000000000000000000e+00 0.000000000000000000e+00
0.000000000000000000e+00 0.000000000000000000e+00 0.000000000000000000e+00 0.000000000000000000e+00 0.000000000000000000e+00
0.000000000000000000e+00 0.000000000000000000e+00 0.000000000000000000e+00 0.000000000000000000e+00 0.000000000000000000e+00
0.000000000000000000e+00 0.000000000000000000e+00 0.000000000000000000e+00 0.000000000000000000e+00 0.000000000000000000e+00
0.000000000000000000e+00 0.000000000000000000e+00 0.000000000000000000e+00 0.000000000000000000e+00 0.000000000000000000e+00
0.000000000000000000e+00 0.000000000000000000e+00 0.000000000000000000e+00 0.000000000000000000e+00 0.000000000000000000e+00
0.000000000000000000e+00 0.000000000000000000e+00 0.000000000000000000e+00 0.000000000000000000e+00 0.000000000000000000e+00
0.000000000000000000e+00 0.000000000000000000e+00 0.000000000000000000e+00 0.000000000000000000e+00 0.000000000000000000e+00
0.000000000000000000e+00 0.000000000000000000e+00 0.000000000000000000e+00 0.000000000000000000e+00 0.000000000000000000e+00
0.000000000000000000e+00 0.000000000000000000e+00 0.000000000000000000e+00 0.000000000000000000e+00 0.000000000000000000e+00
0.000000000000000000e+00 0.000000000000000000e+00 0.000000000000000000e+00 0.000000000000000000e+00 0.000000000000000000e+00
0.000000000000000000e+00 0.000000000000000000e+00 0.000000000000000000e+00 0.000000000000000000e+00 0.000000000000000000e+00
0.000000000000000000e+00 0.000000000000000000e+00 0.000000000000000000e+00 0.000000000000000000e+00 0.000000000000000000e+00
0.000000000000000000e+00 0.000000000000000000e+00 0.000000000000000000e+00 0.000000000000000000e+00 0.000000000000000000e+00
0.000000000000000000e+00 0.000000000000000000e+00 0.000000000000000000e+00 0.000000000000000000e+00 0.000000000000000000e+00
0.000000000000000000e+00 0.000000000000000000e+00 0.000000000000000000e+00 0.000000000000000000e+00 0.000000000000000000e+00
0.000000000000000000e+00 0.000000000000000000e+00 0.000000000000000000e+00 0.000000000000000000e+00 0.000000000000000000e+00
0.000000000000000000e+00 0.000000000000000000e+00 0.000000000000000000e+00 0.000000000000000000e+00 0.000000000000000000e+00
0.000000000000000000e+00 0.000000000000000000e+00 0.000000000000000000e+00 0.000000000000000000e+00 0.000000000000000000e+00
0.000000000000000000e+00 0.000000000000000000e+00 0.000000000000000000e+00 0.000000000000000000e+00 0.000000000000000000e+00
0.000000000000000000e+00 0.000000000000000000e+00 0.000000000000000000e+00 0.000000000000000000e+00 0.000000000000000000e+00
0.000000000000000000e+00 0.000000000000000000e+00 0.000000000000000000e+00 0.000000000000000000e+00 0.000000000000000000e+00
0.000000000000000000e+00 0.000000000000000000e+00 0.000000000000000000e+00 0.000000000000000000e+00 0.000000000000000000e+00
0.000000000000000000e+00 0.000000000000000000e+00 0.000000000000000000e+00 0.000000000000000000e+00 0.000000000000000000e+00
0.000000000000000000e+00 0.000000000000000000e+00 0.000000000000000000e+00 0.000000000000000000e+00 0.000000000000000000e+00
0.000000000000000000e+00 0.000000000000000000e+00 0.000000000000000000e+00 0.000000000000000000e+00 0.000000000000000000e+00
0.000000000000000000e+00 0.000000000000000000e+00 0.000000000000000000e+00 0.000000000000000000e+00 0.000000000000000000e+00
0.000000000000000000e+00 0.000000000000000000e+00 0.000000000000000000e+00 0.000000000000000000e+00 0.000000000000000000e+00
0.000000000000000000e+00 0.000000000000000000e+00 0.000000000000000000e+00 0.000000000000000000e+00 0.000000000000000000e+00
0.000000000000000000e+00 0.000000000000000000e+00 0.000000000000000000e+00 0.000000000000000000e+00 0.000000000000000000e+00
0.000000000000000000e+00 0.000000000000000000e+00 0.000000000000000000e+00 0.000000000000000000e+00 0.000000000000000000e+00
0.000000000000000000e+00 0.000000000000000000e+00 0.000000000000000000e+00 0.000000000000000000e+00 0.000000000000000000e+00
0.000000000000000000e+00 0.000000000000000000e+00 0.000000000000000000e+00 0.000000000000000000e+00 0.000000000000000000e+00
0.000000000000000000e+00 0.000000000000000000e+00 0.000000000000000000e+00 0.000000000000000000e+00 0.000000000000000000e+00
0.000000000000000000e+00 0.000000000000000000e+00 0.000000000000000000e+00 0.000000000000000000e+00 0.000000000000000000e+00
0.000000000000000000e+00 0.000000000000000000e+00 0.000000000000000000e+00 0.000000000000000000e+00 0.000000000000000000e+00
0.000000000000000000e+00 0.000000000000000000e+00 0.000000000000000000e+00 0.000000000000000000e+00 0.000000000000000000e+00
0.000000000000000000e+00 0.000000000000000000e+00 0.000000000000000000e+00 0.000000000000000000e+00 0.000000000000000000e+00
0.000000000000000000e+00 0.000000000000000000e+00 0.000000000000000000e+00 0.000000000000000000e+00 0.000000000000000000e+00
0.000000000000000000e+00 0.000000000000000000e+00 0.000000000000000000e+00 0.000000000000000000e+00 0.000000000000000000e+00
0.000000000000000000e+00 0.000000000000000000e+00 0.000000000000000000e+00 0.000000000000000000e+00 0.000000000000000000e+00
0.000000000000000000e+00 0.000000000000000000e+00 0.000000000000000000e+00 0.000000000000000000e+00 0.000000000000000000e+00
0.000000000000000000e+00 0.000000000000000000e+00 0.000000000000000000e+00 0.000000000000000000e+00 0.000000000000000000e+00
0.000000000000000000e+00 0.000000000000000000e+00 0.000000000000000000e+00 0.000000000000000000e+00 0.000000000000000000e+00
0.000000000000000000e+00 0.000000000000000000e+00 0.000000000000000000e+00 0.000000000000000000e+00 0.000000000000000000e+00
0.000000000000000000e+00 0.000000000000000000e+00 0.000000000000000000e+00 0.000000000000000000e+00 0.000000000000000000e+00
0.000000000000000000e+00 0.000000000000000000e+00 0.000000000000000000e+00 0.000000000000000000e+00 0.000000000000000000e+00
0.000000000000000000e+00 0.000000000000000000e+00 0.000000000000000000e+00 0.000000000000000000e+00 0.000000000000000000e+00
0.000000000000000000e+00 0.000000000000000000e+00 0.000000000000000000e+00 0.000000000000000000e+00 0.000000000000000000e+00
0.000000000000000000e+00 0.000000000000000000e+00 0.000000000000000000e+00 0.000000000000000000e+00 0.000000000000000000e+00
0.000000000000000000e+00 0.000000000000000000e+00 0.000000000000000000e+00 0.000000000000000000e+00 0.000000000000000000e+00
0.000000000000000000e+00 0.000000000000000000e+00 0.000000000000000000e+00 0.000000000000000000e+00 0.000000000000000000e+00
0.000000000000000000e+00 0.000000000000000000e+00 0.000000000000000000e+00 0.000000000000000000e+00 0.000000000000000000e+00
0.000000000000000000e+00 0.000000000000000000e+00 0.000000000000000000e+00 0.000000000000000000e+00 0.000000000000000000e+00
0.000000000000000000e+00 0.000000000000000000e+00 0.000000000000000000e+00 0.000000000000000000e+00 0.000000000000000000e+00
0.000000000000000000e+00 0.000000000000000000e+00 0.000000000000000000e+00 0.000000000000000000e+00 0.000000000000000000e+00
0.000000000000000000e+00 0.000000000000000000e+00 0.000000000000000000e+00 0.000000000000000000e+00 0.000000000000000000e+00
0.000000000000000000e+00 0.000000000000000000e+00 0.000000000000000000e+00 0.000000000000000000e+00 0.000000000000000000e+00
0.000000000000000000e+00 0.000000000000000000e+00 0.000000000000000000e+00 0.000000000000000000e+00 0.000000000000000000e+00
0.000000000000000000e+00 0.000000000000000000e+00 0.000000000000000000e+00 0.000000000000000000e+00 0.000000000000000000e+00
0.000000000000000000e+00 0.000000000000000000e+00 0.000000000000000000e+00 0.000000000000000000e+00 0.000000000000000000e+00
0.000000000000000000e+00 0.000000000000000000e+00 0.000000000000000000e+00 0.000000000000000000e+00 0.000000000000000000e+00
0.000000000000000000e+00 0.000000000000000000e+00 0.000000000000000000e+00 0.000000000000000000e+00 0.000000000000000000e+00
0.000000000000000000e+00 0.000000000000000000e+00 0.000000000000000000e+00 0.000000000000000000e+00 0.000000000000000000e+00
0.000000000000000000e+00 0.000000000000000000e+00 0.000000000000000000e+00 0.000000000000000000e+00 0.000000000000000000e+00
0.000000000000000000e+00 0.000000000000000000e+00 0.000000000000000000e+00 0.000000000000000000e+00 0.000000000000000000e+00
0.000000000000000000e+00 0.000000000000000000e+00 0.000000000000000000e+00 0.000000000000000000e+00 0.000000000000000000e+00
0.000000000000000000e+00 0.000000000000000000e+00 0.000000000000000000e+00 0.000000000000000000e+00 0.000000000000000000e+00
0.000000000000000000e+00 0.000000000000000000e+00 0.000000000000000000e+00 0.000000000000000000e+00 0.000000000000000000e+00
0.000000000000000000e+00 0.000000000000000000e+00 0.000000000000000000e+00 0.000000000000000000e+00 0.000000000000000000e+00
0.000000000000000000e+00 0.000000000000000000e+00 0.000000000000000000e+00 0.000000000000000000e+00 0.000000000000000000e+00
0.000000000000000000e+00 0.000000000000000000e+00 0.000000000000000000e+00 0.000000000000000000e+00 0.000000000000000000e+00
0.000000000000000000e+00 0.000000000000000000e+00 0.000000000000000000e+00 0.000000000000000000e+00 0.000000000000000000e+00
0.000000000000000000e+00 0.000000000000000000e+00 0.000000000000000000e+00 0.000000000000000000e+00 0.000000000000000000e+00
0.000000000000000000e+00 0.000000000000000000e+00 0.000000000000000000e+00 0.000000000000000000e+00 0.000000000000000000e+00
0.000000000000000000e+00 0.000000000000000000e+00 0.000000000000000000e+00 0.000000000000000000e+00 0.000000000000000000e+00
0.000000000000000000e+00 0.000000000000000000e+00 0.000000000000000000e+00 0.000000000000000000e+00 0.000000000000000000e+00
0.000000000000000000e+00 0.000000000000000000e+00 0.000000000000000000e+00 0.000000000000000000e+00 0.000000000000000000e+00
0.000000000000000000e+00 0.000000000000000000e+00 0.000000000000000000e+00 0.000000000000000000e+00 0.000000000000000000e+00
0.000000000000000000e+00 0.000000000000000000e+00 0.000000000000000000e+00 0.000000000000000000e+00 0.000000000000000000e+00
0.000000000000000000e+00 0.000000000000000000e+00 0.000000000000000000e+00 0.000000000000000000e+00 0.000000000000000000e+00
0.000000000000000000e+00 0.000000000000000000e+00 0.000000000000000000e+00 0.000000000000000000e+00 0.000000000000000000e+00
0.000000000000000000e+00 0.000000000000000000e+00 0.000000000000000000e+00 0.000000000000000000e+00 0.000000000000000000e+00
0.000000000000000000e+00 0.000000000000000000e+00 0.000000000000000000e+00 0.000000000000000000e+00 0.000000000000000000e+00
0.000000000000000000e+00 0.000000000000000000e+00 0.000000000000000000e+00 0.000000000000000000e+00 0.000000000000000000e+00
0.000000000000000000e+00 0.000000000000000000e+00 0.000000000000000000e+00 0.000000000000000000e+00 0.000000000000000000e+00
0.000000000000000000e+00 0.000000000000000000e+00 0.000000000000000000e+00 0.000000000000000000e+00 0.000000000000000000e+00
0.000000000000000000e+00 0.000000000000000000e+00 0.000000000000000000e+00 0.000000000000000000e+00 0.000000000000000000e+00
0.000000000000000000e+00 0.000000000000000000e+00 0.000000000000000000e+00 0.000000000000000000e+00 0.000000000000000000e+00
0.000000000000000000e+00 0.000000000000000000e+00 0.000000000000000000e+00 0.000000000000000000e+00 0.000000000000000000e+00
0.000000000000000000e+00 0.000000000000000000e+00 0.000000000000000000e+00 0.000000000000000000e+00 0.000000000000000000e+00
0.000000000000000000e+00 0.000000000000000000e+00 0.000000000000000000e+00 0.000000000000000000e+00 0.000000000000000000e+00
0.000000000000000000e+00 0.000000000000000000e+00 0.000000000000000000e+00 0.000000000000000000e+00 0.000000000000000000e+00
0.000000000000000000e+00 0.000000000000000000e+00 0.000000000000000000e+00 0.000000000000000000e+00 0.000000000000000000e+00
0.000000000000000000e+00 0.000000000000000000e+00 0.000000000000000000e+00 0.000000000000000000e+00 0.000000000000000000e+00
0.000000000000000000e+00 0.000000000000000000e+00 0.000000000000000000e+00 0.000000000000000000e+00 0.000000000000000000e+00
0.000000000000000000e+00 0.000000000000000000e+00 0.000000000000000000e+00 0.000000000000000000e+00 0.000000000000000000e+00
0.000000000000000000e+00 0.000000000000000000e+00 0.000000000000000000e+00 0.000000000000000000e+00 0.000000000000000000e+00
0.000000000000000000e+00 0.000000000000000000e+00 0.000000000000000000e+00 0.000000000000000000e+00 0.000000000000000000e+00
0.000000000000000000e+00 0.000000000000000000e+00 0.000000000000000000e+00 0.000000000000000000e+00 0.000000000000000000e+00
0.000000000000000000e+00 0.000000000000000000e+00 0.000000000000000000e+00 0.000000000000000000e+00 0.000000000000000000e+00
0.000000000000000000e+00 0.000000000000000000e+00 0.000000000000000000e+00 0.000000000000000000e+00 0.000000000000000000e+00
0.000000000000000000e+00 0.000000000000000000e+00 0.000000000000000000e+00 0.000000000000000000e+00 0.000000000000000000e+00
0.000000000000000000e+00 0.000000000000000000e+00 0.000000000000000000e+00 0.000000000000000000e+00 0.000000000000000000e+00
0.000000000000000000e+00 0.000000000000000000e+00 0.000000000000000000e+00 0.000000000000000000e+00 0.000000000000000000e+00
0.000000000000000000e+00 0.000000000000000000e+00 0.000000000000000000e+00 0.000000000000000000e+00 0.000000000000000000e+00
0.000000000000000000e+00 0.000000000000000000e+00 0.000000000000000000e+00 0.000000000000000000e+00 0.000000000000000000e+00
0.000000000000000000e+00 0.000000000000000000e+00 0.000000000000000000e+00 0.000000000000000000e+00 0.000000000000000000e+00
0.000000000000000000e+00 0.000000000000000000e+00 0.000000000000000000e+00 0.000000000000000000e+00 0.000000000000000000e+00
0.000000000000000000e+00 0.000000000000000000e+00 0.000000000000000000e+00 0.000000000000000000e+00 0.000000000000000000e+00
0.000000000000000000e+00 0.000000000000000000e+00 0.000000000000000000e+00 0.000000000000000000e+00 0.000000000000000000e+00
0.000000000000000000e+00 0.000000000000000000e+00 0.000000000000000000e+00 0.000000000000000000e+00 0.000000000000000000e+00
0.000000000000000000e+00 0.000000000000000000e+00 0.000000000000000000e+00 0.000000000000000000e+00 0.000000000000000000e+00
0.000000000000000000e+00 0.000000000000000000e+00 0.000000000000000000e+00 0.000000000000000000e+00 0.000000000000000000e+00
0.000000000000000000e+00 0.000000000000000000e+00 0.000000000000000000e+00 0.000000000000000000e+00 0.000000000000000000e+00
0.000000000000000000e+00 0.000000000000000000e+00 0.000000000000000000e+00 0.000000000000000000e+00 0.000000000000000000e+00
0.000000000000000000e+00 0.000000000000000000e+00 0.000000000000000000e+00 0.000000000000000000e+00 0.000000000000000000e+00
0.000000000000000000e+00 0.000000000000000000e+00 0.000000000000000000e+00 0.000000000000000000e+00 0.000000000000000000e+00
0.000000000000000000e+00 0.000000000000000000e+00 0.000000000000000000e+00 0.000000000000000000e+00 0.000000000000000000e+00
0.000000000000000000e+00 0.000000000000000000e+00 0.000000000000000000e+00 0.000000000000000000e+00 0.000000000000000000e+00
0.000000000000000000e+00 0.000000000000000000e+00 0.000000000000000000e+00 0.000000000000000000e+00 0.000000000000000000e+00
0.000000000000000000e+00 0.000000000000000000e+00 0.000000000000000000e+00 0.000000000000000000e+00 0.000000000000000000e+00
0.000000000000000000e+00 0.000000000000000000e+00 0.000000000000000000e+00 0.000000000000000000e+00 0.000000000000000000e+00
0.000000000000000000e+00 0.000000000000000000e+00 0.000000000000000000e+00 0.000000000000000000e+00 0.000000000000000000e+00
0.000000000000000000e+00 0.000000000000000000e+00 0.000000000000000000e+00 0.000000000000000000e+00 0.000000000000000000e+00
0.000000000000000000e+00 0.000000000000000000e+00 0.000000000000000000e+00 0.000000000000000000e+00 0.000000000000000000e+00
0.000000000000000000e+00 0.000000000000000000e+00 0.000000000000000000e+00 0.000000000000000000e+00 0.000000000000000000e+00
0.000000000000000000e+00 0.000000000000000000e+00 0.000000000000000000e+00 0.000000000000000000e+00 0.000000000000000000e+00
0.000000000000000000e+00 0.000000000000000000e+00 0.000000000000000000e+00 0.000000000000000000e+00 0.000000000000000000e+00
0.000000000000000000e+00 0.000000000000000000e+00 0.000000000000000000e+00 0.000000000000000000e+00 0.000000000000000000e+00
0.000000000000000000e+00 0.000000000000000000e+00 0.000000000000000000e+00 0.000000000000000000e+00 0.000000000000000000e+00
0.000000000000000000e+00 0.000000000000000000e+00 0.000000000000000000e+00 0.000000000000000000e+00 0.000000000000000000e+00
-3.005247310879905598e+00 -2.157489117890360575e+00 -6.204711107466962527e-01 2.866595941537856351e+00 3.932644459688536820e+00
-2.851227709632547125e+00 -2.364932444420711377e+00 -1.088032289493750859e+00 1.758525460492822434e+00 4.205332192197590579e+00
-2.494146106522506567e+00 -2.624624637094032042e+00 -1.435998126964104671e+00 8.720621400485724095e-01 3.938969242844622354e+00
-1.789591119282733844e+00 -2.860093145044068752e+00 -1.741079413455561165e+00 1.651888930280762946e-01 3.199824143162078638e+00
-7.259056135854259351e-01 -2.976390412984529110e+00 -2.033133313191093361e+00 -4.084482921497227803e-01 2.261880567318441226e+00
5.268662181984463677e-01 -2.876555224466859517e+00 -2.326249538826988150e+00 -8.768348578250579894e-01 1.343673144300198130e+00
1.759570106906511722e+00 -2.467969419463549752e+00 -2.607989762368398967e+00 -1.276172980314131067e+00 5.320230008479720496e-01
2.800210026972821176e+00 -1.730840588192728235e+00 -2.828569239604064478e+00 -1.638995577120346159e+00 -1.490263641274164330e-01
3.520975491005897240e+00 -7.311058301033255269e-01 -2.911613803004854173e+00 -1.984204350441333586e+00 -7.006539592889761137e-01
3.838331661736795297e+00 4.202309425094936657e-01 -2.777535842697590240e+00 -2.312117710037319362e+00 -1.142981501592567506e+00
3.736205455606067982e+00 1.586148310537230044e+00 -2.367386466395042799e+00 -2.602194714042821655e+00 -1.507382138590509735e+00
3.283620581128916083e+00 2.606900637955749556e+00 -1.662679429141601828e+00 -2.813300124845029337e+00 -1.824796415118746795e+00
2.608619759219192424e+00 3.327974044785507957e+00 -7.023377263507887269e-01 -2.885179248950612063e+00 -2.116538246121990596e+00
1.844536265546032450e+00 3.649917956038075229e+00 4.128480460427332299e-01 -2.745841275688814420e+00 -2.388476034543888016e+00
1.091197225655715641e+00 3.564766056612426404e+00 1.537218486798907158e+00 -2.334380063158273622e+00 -2.626038951518298248e+00
4.057727584563557421e-01 3.150841416098312031e+00 2.511542865104221089e+00 -1.634661692321672133e+00 -2.790051583404630442e+00
-1.898526755427070167e-01 2.530875923261868721e+00 3.198331861310476754e+00 -6.951777095317542843e-01 -2.818368238390031255e+00
-6.985170979380666001e-01 1.824595266954855521e+00 3.515100063838819455e+00 3.798532481995273713e-01 -2.639888181105154885e+00
-1.137478961662166776e+00 1.120999640558207000e+00 3.455354076175183309e+00 1.455064174593250659e+00 -2.201284575405840105e+00
-1.528096275684496685e+00 4.725884318733397649e-01 3.084032373860781107e+00 2.388917169239974658e+00 -1.494409617560051640e+00
-1.886374004668885940e+00 -9.897793874606464204e-02 2.507057643200230057e+00 3.059004334530348590e+00 -5.673034248362873733e-01
-2.215867812469193510e+00 -5.941623049208060170e-01 1.833204651070262869e+00 3.389021636093425549e+00 4.851932760613369422e-01
-2.503425865553719820e+00 -1.026470408256952238e+00 1.148240782396928727e+00 3.368033380472603699e+00 1.539921984799882182e+00
-2.717534606206544190e+00 -1.413541960620420035e+00 5.068188374464326351e-01 3.048628593572778378e+00 2.463899717695864133e+00
-2.809917527461954112e+00 -1.769183382370135948e+00 -6.450361521685965549e-02 2.522575776245172374e+00 3.134161178352874000e+00
-2.722753253606058355e+00 -2.097106054668419706e+00 -5.605840004702371537e-01 1.888545256976497111e+00 3.462326007880788925e+00
-2.403972100271828172e+00 -2.386474929745503459e+00 -9.903968272768286507e-01 1.228480701074627701e+00 3.419426172321431423e+00
-1.828879081495364822e+00 -2.609132155333869107e+00 -1.369488764807033077e+00 5.981453296725741664e-01 3.046998059585342311e+00
-1.018683944128245367e+00 -2.719633371049919646e+00 -1.712384932024971773e+00 2.746982488841398506e-02 2.442483080369258541e+00
-4.411598603763899895e-02 -2.661549013042495471e+00 -2.025548590716134356e+00 -4.749143436072055802e-01 1.724204253197040293e+00
9.874992068322004934e-01 -2.383106926681600068e+00 -2.301644834718016508e+00 -9.152580471037736753e-01 9.957446952702937448e-01
1.951843798593561052e+00 -1.858392327060123472e+00 -2.516043681671156662e+00 -1.306947157418015593e+00 3.258929561833061594e-01
2.726745344038300711e+00 -1.102851986978755638e+00 -2.626942562557040617e+00 -1.662494032719532555e+00 -2.536633637491167992e-01
3.213259478091039067e+00 -1.759239470054705656e-01 -2.580969493470557818e+00 -1.986699887781673723e+00 -7.398668973982135411e-01
3.359870031675367574e+00 8.256383332044092693e-01 -2.326036478969044197e+00 -2.271654163411652494e+00 -1.146636026677645193e+00
3.178909099939141392e+00 1.779690128895740520e+00 -1.830821310063355689e+00 -2.493460541569518352e+00 -1.494284114240665540e+00
2.740439780636518829e+00 2.558391571013632682e+00 -1.104202785344068571e+00 -2.611331983718703675e+00 -1.801106012462168504e+00
2.143898539296286820e+00 3.056966498187947856e+00 -2.037585291624837147e-01 -2.572026409649079692e+00 -2.076669943000268415e+00
1.485079331899656685e+00 3.223152509702913449e+00 7.715713666820559480e-01 -2.323500925555816998e+00 -2.316322108798259727e+00
8.353949192382076339e-01 3.071427805637795050e+00 1.699765631668034960e+00 -1.836636452276083409e+00 -2.497376701591968562e+00
2.366270957979006440e-01 2.671535258557612647e+00 2.458952097501842626e+00 -1.124542851048502046e+00 -2.578918807444607886e+00
-2.949673639561660177e-01 2.118199014649896128e+00 2.952793182700870211e+00 -2.472044766442237362e-01 -2.508287336809452484e+00
-7.610808643182953581e-01 1.500642316141084898e+00 3.133158198138271011e+00 6.994743531132289194e-01 -2.236194301462279377e+00
-1.172895783990768548e+00 8.851834794311448373e-01 3.010537040807011788e+00 1.601688498700882368e+00 -1.737126373974925642e+00
-1.542825328904401827e+00 3.114415548041167270e-01 2.644966285486402224e+00 2.347333161009655278e+00 -1.025210159999528470e+00
-1.877424462085200974e+00 -2.038579263069480174e-01 2.121583593388795208e+00 2.846868414700165051e+00 -1.567959274477757903e-01
-2.172223666940673148e+00 -6.603390791099278401e-01 1.524315341702307425e+00 3.052772028047965769e+00 7.791749054649250716e-01
-2.408806642438928503e+00 -1.066690831180061139e+00 9.190195864503205581e-01 2.969569261845566466e+00 1.675616316484072499e+00
-2.554493033653490119e+00 -1.433475857589421087e+00 3.481199000061672155e-01 2.647537091210829363e+00 2.422740105971154190e+00
-2.565725858550643945e+00 -1.766788867636591931e+00 -1.674533036261229846e-01 2.162546814066666823e+00 2.925787845457628045e+00
-2.396825473847108423e+00 -2.063311214086163581e+00 -6.232817311914422564e-01 1.592903284009847376e+00 3.125217246354304201e+00
-2.014468974063816198e+00 -2.306955704550401443e+00 -1.025412585787289776e+00 1.003112626757270531e+00 3.013288023528407411e+00
-1.414145532986487597e+00 -2.467520826117088895e+00 -1.383883989509657519e+00 4.372274714944002216e-01 2.636742763721819927e+00
-6.306092766044620879e-01 -2.502945224092818943e+00 -1.706304929463924980e+00 -8.102050629986391750e-02 2.080549694484715939e+00
2.639493583076084615e-01 -2.367637239927256498e+00 -1.992126557039974211e+00 -5.445500987349194411e-01 1.440049527649162275e+00
1.172191848597880393e+00 -2.027134513798295679e+00 -2.228383233820709908e+00 -9.573238875535798886e-01 7.957407279712181980e-01
1.987602035735583694e+00 -1.473787044896882836e+00 -2.387913172948177731e+00 -1.327699380513910121e+00 2.002313977845920079e-01
2.611030544772692252e+00 -7.356048424844474631e-01 -2.431356848831584649e+00 -1.661860254133663783e+00 -3.223557285988948862e-01
2.969061512807074088e+00 1.243647624641133348e-01 -2.314275327838251517e+00 -1.958375268693266724e+00 -7.695658714900112107e-01
3.031924485294152483e+00 1.015113128749822291e+00 -1.999864600414735794e+00 -2.204350403577456152e+00 -1.151518817303193165e+00
2.821589429740487986e+00 1.829726588106421747e+00 -1.474899924249564176e+00 -2.373430523457393804e+00 -1.482441323929345245e+00
2.402113432510786684e+00 2.463977433399848316e+00 -7.624558534334715532e-01 -2.426829158587128887e+00 -1.773658528210624086e+00
1.856143121254285377e+00 2.840027364123860920e+00 7.552750347784042972e-02 -2.319888880158187838e+00 -2.027918443653696112e+00
1.260770363382126780e+00 2.926988703452726881e+00 9.470822588217346905e-01 -2.015747546736504248e+00 -2.235050750956270260e+00
6.731058624152350678e-01 2.747120074332642492e+00 1.746422826369449677e+00 -1.502601946477731598e+00 -2.369793075943200655e+00
1.267872374695546700e-01 2.363072312501225181e+00 2.373722391233989537e+00 -8.056940377064857328e-01 -2.393631454777459311e+00
-3.647107690647981570e-01 1.853700074268894049e+00 2.755706506914975762e+00 1.282469750407511100e-02 -2.262749876773620272e+00
-8.018364004122811028e-01 1.291660188112416785e+00 2.861998141515718075e+00 8.645542541606996423e-01 -1.942172946636599562e+00
-1.191824589591183869e+00 7.309375301082021714e-01 2.709984360361161748e+00 1.650159140156334692e+00 -1.421647683545639973e+00
-1.541795991170119340e+00 2.041206596470870327e-01 2.354665203259670658e+00 2.276251227081923290e+00 -7.255528047419527171e-01
-1.852977302541342741e+00 -2.745964315207491957e-01 1.868447682865038706e+00 2.672872917406009297e+00 8.782557081138442356e-02
-2.116651916079515416e+00 -7.039854248385738478e-01 1.321070947427572362e+00 2.808067592854792682e+00 9.353566170569967975e-01
-2.312213695258441781e+00 -1.089564570132473431e+00 7.670971269698112494e-01 2.693217578263429779e+00 1.721504134036026645e+00
-2.407875535183880977e+00 -1.437481541044002720e+00 2.419076185678896707e-01 2.375410771654862696e+00 2.352238109546924694e+00
-2.365074251925912030e+00 -1.749191679650577758e+00 -2.367485377670028868e-01 1.920328769794640733e+00 2.751017332728526998e+00
-2.147541596290566179e+00 -2.017394518922895230e+00 -6.645804080936933422e-01 1.394101796953928663e+00 2.875436009313204533e+00
-1.734236317820721629e+00 -2.223543240407616750e+00 -1.045465820312170724e+00 8.509016224021799246e-01 2.728569000246924059e+00
-1.131948798437808712e+00 -2.337623975954757682e+00 -1.385736007496581879e+00 3.278058165241133359e-01 2.357587276713843050e+00
-3.813214368174314695e-01 -2.321737304031706195e+00 -1.688599422866149613e+00 -1.550281786953707774e-01 1.837942646190758866e+00
4.470891253938371057e-01 -2.138962011438660493e+00 -1.949364366674015470e+00 -5.911059814305864579e-01 1.250404201613434463e+00
1.264142335697370001e+00 -1.766314316990229116e+00 -2.152257147742349996e+00 -9.825690699162534791e-01 6.617062637847472839e-01
1.976085712284472828e+00 -1.206645814099931213e+00 -2.269822646847761138e+00 -1.334362943973806725e+00 1.151289595830968793e-01
2.499449499437475186e+00 -4.940306163342990109e-01 -2.266019018329653800e+00 -1.648639444137682153e+00 -3.693508468804035383e-01
2.776975289282350268e+00 3.082705092448942974e-01 -2.103857544202086149e+00 -1.920236468273894603e+00 -7.892607273593136297e-01
2.791132908746362773e+00 1.115090261445866648e+00 -1.757216914337525582e+00 -2.133675654318647030e+00 -1.152035561724708668e+00
2.567752831774098965e+00 1.831285963477928824e+00 -1.223835402524020566e+00 -2.262166977478285101e+00 -1.467822763871043490e+00
2.165475756321249889e+00 2.368911904113335520e+00 -5.339326089116006591e-01 -2.269906260229584749e+00 -1.743405481452881878e+00
1.655847411777204625e+00 2.667035126721977623e+00 2.500837624716421015e-01 -2.119505221261699379e+00 -1.977321286959393465e+00
1.104317151145695064e+00 2.706764979553832884e+00 1.042743538456603947e+00 -1.784687636801602473e+00 -2.156447184560397190e+00
5.592308774279262096e-01 2.513374318232796334e+00 1.750230435332404966e+00 -1.264061519988326276e+00 -2.255011737148671536e+00
4.930184712601359820e-02 2.143771080623821046e+00 2.287762292240034689e+00 -5.888820436214341481e-01 -2.237640494849582495e+00
-4.135013151082573835e-01 1.666362461228103387e+00 2.596811496119191265e+00 1.791879626575960671e-01 -2.067732079488121322e+00
-8.285388541212683755e-01 1.143328185562889843e+00 2.657399022475224637e+00 9.581543917521916365e-01 -1.720210816074496218e+00
-1.200273915421429471e+00 6.208990111131920120e-01 2.489960837998659304e+00 1.659335431272609185e+00 -1.194129128771560744e+00
-1.532313089738082779e+00 1.272702749315077764e-01 2.145198163824751258e+00 2.202378362223655017e+00 -5.191589437862053069e-01
-1.822517715012539119e+00 -3.248235279135063269e-01 1.686839686372306968e+00 2.530216331757084713e+00 2.466047647165625634e-01
-2.059735557188656863e+00 -7.333764656158803241e-01 1.175360506976052877e+00 2.620362560281507047e+00 1.025136398262568749e+00
-2.222574440722582700e+00 -1.101632931154685746e+00 6.580083164283855313e-01 2.487583284648301696e+00 1.729745091075199026e+00
-2.280827021995714077e+00 -1.432725413191231922e+00 1.656168533594930548e-01 2.175957558714386675e+00 2.277930937682826507e+00
-2.200415154088343428e+00 -1.725067879219414513e+00 -2.860381735373120904e-01 1.744002474488578258e+00 2.605831123490651269e+00
-1.952277916298644778e+00 -1.968946469636182250e+00 -6.925531249631549091e-01 1.249680261038823126e+00 2.682111235302995222e+00
-1.523772432957205769e+00 -2.144718525551069011e+00 -1.056135743896215784e+00 7.403025391328499349e-01 2.515874826198886360e+00
-9.285170705155576520e-01 -2.223421518440018119e+00 -1.380462372288108419e+00 2.483479240110977593e-01 2.153179009310094649e+00
-2.098005267408522556e-01 -2.171101122250852278e+00 -1.665748975399748977e+00 -2.082843348086225455e-01 1.662165973318457057e+00
5.642551238834758731e-01 -1.957581784856794016e+00 -1.904704144620263939e+00 -6.232818361129812690e-01 1.113548729798236270e+00
1.311207144346019593e+00 -1.567813379249747285e+00 -2.080154377181026248e+00 -9.973412525951382834e-01 5.649534110634937267e-01
1.946965655316886590e+00 -1.011183254158884104e+00 -2.165264995857339780e+00 -1.332959721800160091e+00 5.365363268132461450e-02
2.399399558958253742e+00 -3.248890312178936979e-01 -2.127271376936736402e+00 -1.629542042823266312e+00 -4.029108779790461226e-01
2.622220001332947525e+00 4.288487547766557384e-01 -1.935176402427211118e+00 -1.879552559053747629e+00 -8.020343319047456010e-01
2.605411018848673876e+00 1.170157395256486543e+00 -1.570524528457670765e+00 -2.066169447612113075e+00 -1.149137612082947735e+00
2.376293730243244529e+00 1.813144315009570295e+00 -1.038114669695080261e+00 -2.163053367620558110e+00 -1.451440802431098742e+00
1.988978751805432266e+00 2.281681408840592784e+00 -3.719920916989508664e-01 -2.137446955839176876e+00 -1.712571395410808162e+00
1.507114129854119522e+00 2.526254407525275525e+00 3.663839148158807846e-01 -1.957855109895142220e+00 -1.928317989769019691e+00
9.881942610077303346e-01 2.535342263306729294e+00 1.097186225629024348e+00 -1.605583649126350210e+00 -2.083951414380949441e+00
4.746632332526909415e-01 2.335285334799344525e+00 1.735781478265615796e+00 -1.085912841151671415e+00 -2.154091346275550656e+00
-8.018551701791221120e-03 1.978386297167254115e+00 2.208291417919811206e+00 -4.332548367044443127e-01 -2.106457931021786578e+00
-4.487606461684855441e-01 1.525623604133090394e+00 2.466316934157819940e+00 2.921201383358162929e-01 -1.910210807482162210e+00
-8.460047100980865320e-01 1.031937901301571037e+00 2.496486527564308666e+00 1.013605191484592716e+00 -1.547365377277458931e+00
-1.202169546150628765e+00 5.382458765543567392e-01 2.320576102839264188e+00 1.650723761283694691e+00 -1.023024876599452515e+00
-1.518385990620898740e+00 6.977065741310006786e-02 1.985710717425275051e+00 2.132718894377750640e+00 -3.697574751463246212e-01
-1.790262185711583243e+00 -3.616553412572075521e-01 1.549294408098040421e+00 2.411567028570669180e+00 3.553322169892700888e-01
-2.005200320476905773e+00 -7.533484401912937667e-01 1.065258102814983898e+00 2.470980216898208681e+00 1.078628066764475646e+00
-2.141713722547707199e+00 -1.106845505519898243e+00 5.757292732091782161e-01 2.327461556334260440e+00 1.720469570133301263e+00
-2.171346514800780003e+00 -1.423106395966987181e+00 1.083856449953648632e-01 2.022446347244261311e+00 2.207164386231877717e+00
-2.063874641936846110e+00 -1.698446635532726123e+00 -3.223026787216208833e-01 1.609113606201943769e+00 2.484105441828518668e+00
-1.795813042646292157e+00 -1.921641041251473725e+00 -7.117248446506958537e-01 1.139544871726103858e+00 2.527526127686918755e+00
-1.360478267807138320e+00 -2.072671186889906814e+00 -1.060769450529463365e+00 6.561670660811558253e-01 2.350074713614148880e+00
-7.758313832631745788e-01 -2.123931681140752925e+00 -1.371134684989160579e+00 1.882219673879472754e-01 1.996206811260603287e+00
-8.625139787106017586e-02 -2.044953837966873245e+00 -1.640914893092288329e+00 -2.479097063869644124e-01 1.528325432567871012e+00
6.426946068732615203e-01 -1.810834950336542848e+00 -1.861130097425013119e+00 -6.459148126789797661e-01 1.009796293601580075e+00
1.334103269067566266e+00 -1.412216828677220759e+00 -2.013967261436980571e+00 -1.005332291159010794e+00 4.917981117287153481e-01
1.911460092075619954e+00 -8.627769710192791930e-01 -2.073579814394436394e+00 -1.326834237893701252e+00 7.451201993788014732e-03
2.311170587883961680e+00 -2.013238243616247702e-01 -2.010180201954300028e+00 -1.607871672311018241e+00 -4.274717453961507374e-01
2.494766605952788652e+00 5.114383029557518778e-01 -1.797579475339037947e+00 -1.839345778578350910e+00 -8.099596432192269768e-01
2.457121838369577649e+00 1.200290043670082740e+00 -1.422976524189221603e+00 -2.003783372167227128e+00 -1.143865014278364400e+00
2.225961203738961558e+00 1.786745701474200532e+00 -8.959246731946923781e-01 -2.075681068418766095e+00 -1.434214413725010573e+00
1.851638864894958658e+00 2.203584157899062923e+00 -2.525524377726672265e-01 -2.025101363051529546e+00 -1.682350602028669595e+00
1.391892781350305919e+00 2.409408642766718067e+00 4.471596287893442878e-01 -1.825300645754635465e+00 -1.882203910577984196e+00
8.984411188810776938e-01 2.397505577803226373e+00 1.128219944835189947e+00 -1.463168971050416545e+00 -2.018198604537601692e+00
4.095012457464504152e-01 2.194396710195839262e+00 1.713252183497744552e+00 -9.484632691494296886e-01 -2.065737935909448098e+00
-5.174738995771344108e-02 1.848645503674854806e+00 2.136612587927313900e+00 -3.172634711400001417e-01 -1.995360535368730259e+00
-4.747510916000757808e-01 1.415666605809533296e+00 2.357207686960944848e+00 3.718435532906898544e-01 -1.780839356455905520e+00
-8.571806901723899585e-01 9.450991515957544165e-01 2.366101779669142147e+00 1.046802030449113241e+00 -1.409427938933460522e+00
-1.199894516385626719e+00 4.740034337603857839e-01 2.185569580754489927e+00 1.633652761910793894e+00 -8.903462987867089007e-01
-1.502208472819756224e+00 2.547930522008590160e-02 1.859752174859571339e+00 2.068975906301674605e+00 -2.577699422790452610e-01
-1.758165039442494582e+00 -3.892257128256924603e-01 1.441227825506266269e+00 2.311379755704289884e+00 4.324881770533382519e-01
-1.954304962325978501e+00 -7.668447559216201581e-01 9.790545908811931763e-01 2.348843596744808693e+00 1.110622740507291484e+00
-2.069400326570184578e+00 -1.107591066403819324e+00 5.115828268994326855e-01 2.198745024317538377e+00 1.702702342590119766e+00
-2.076714404085848287e+00 -1.410801685372207848e+00 6.418850885625104752e-02 1.900232265358241524e+00 2.141964922643775360e+00
-1.949293310351563502e+00 -1.671295317075758957e+00 -3.495626400374560738e-01 1.502342168081049145e+00 2.380797531089651642e+00
-1.668028982323292775e+00 -1.876889665925135064e+00 -7.248212252098326092e-01 1.052714447564386813e+00 2.400821245494575429e+00
-1.230594946472837181e+00 -2.007584836121830030e+00 -1.061413801381953181e+00 5.901272935412072984e-01 2.216828312062411932e+00
-6.578100017864587645e-01 -2.037196186965864353e+00 -1.359522916473306475e+00 1.414371688546594008e-01 1.871573050060810539e+00
5.663957373934991324e-03 -1.938263974727694405e+00 -1.615694383436995007e+00 -2.780440451224603371e-01 1.422852060962176868e+00
6.967099155078255723e-01 -1.690058144618957980e+00 -1.819830448335304274e+00 -6.619181921150373293e-01 9.284374024417261229e-01
1.343067688873382570e+00 -1.287429279886481703e+00 -1.953908363872434162e+00 -1.008784875294223449e+00 4.347223496611249405e-01
1.874312807955882620e+00 -7.469744344904264421e-01 -1.993192803496815824e+00 -1.317917359090005958e+00 -2.819135248035031793e-02
2.233471380805644557e+00 -1.082694464831351899e-01 -1.910521482944130156e+00 -1.585335164944191799e+00 -4.456819854289160165e-01
2.387856511347962396e+00 5.696492402252120169e-01 -1.683591692953384733e+00 -1.800890333534541199e+00 -8.144183719736659555e-01
2.335656344733121337e+00 1.215619268102400730e+00 -1.303874026669160191e+00 -1.946861385493432461e+00 -1.136998955098370345e+00
2.104468879343457388e+00 1.757188433258406457e+00 -7.842277893253286614e-01 -1.998729885395444716e+00 -1.416756156001622857e+00
1.741511860426529168e+00 2.134045450611836259e+00 -1.618803338867680353e-01 -1.929074837615632587e+00 -1.653329741714686163e+00
1.299934048078166482e+00 2.310785761354832601e+00 5.048357283441611276e-01 -1.715004462398579177e+00 -1.839365590451782495e+00
8.270749202664278155e-01 2.283966427273608879e+00 1.145076703292187137e+00 -1.347622523227316016e+00 -1.958889470726755011e+00
3.579895651502542631e-01 2.079863557682306130e+00 1.687333321753890392e+00 -8.397898252209711201e-01 -1.988242520170309113e+00
-8.581245657260284931e-02 1.743955575953461290e+00 2.072371528688613740e+00 -2.284180005449829298e-01 -1.900457254418240538e+00
-4.941153154922879320e-01 1.327330809222700303e+00 2.264559212849857506e+00 4.296379608413327111e-01 -1.673035183018348526e+00
-8.639409698871438614e-01 8.755820072293784007e-01 2.258056455761248582e+00 1.066199870530623262e+00 -1.297198512749144772e+00
-1.194925744273152235e+00 4.228539082794045001e-01 2.075195777968573019e+00 1.612605079824629417e+00 -7.850601640599006448e-01
-1.485016490583862980e+00 -9.331891595740549050e-03 1.757603369275466232e+00 2.011203467162055336e+00 -1.716580488321519660e-01
-1.727140365047498127e+00 -4.101200644058284883e-01 1.354049427019419438e+00 2.225628770435532644e+00 4.885764024033177333e-01
-1.907338599505135956e+00 -7.757426128720851244e-01 9.098235819796254287e-01 2.246906448316243754e+00 1.129148485073624197e+00
-2.004821231345578880e+00 -1.105362414147124550e+00 4.603824144149911146e-01 2.092806026086074578e+00 1.680881909782674377e+00
-1.994459023213358773e+00 -1.397072422908492761e+00 2.936111859034040705e-02 1.800496645745877533e+00 2.082590500611360085e+00
-1.852068401813444787e+00 -1.644598997406217844e+00 -3.703229534181081695e-01 1.415702388466492989e+00 2.292086914498530525e+00
-1.562027075190204783e+00 -1.835158285981536741e+00 -7.335787854506654604e-01 9.825891434051408080e-01 2.294946555353287287e+00
-1.125270363446353894e+00 -1.948986903670588022e+00 -1.059364804842121366e+00 5.371125674908179271e-01 2.107266884008796026e+00
-5.645372862712493278e-01 -1.961278062496097929e+00 -1.346677494759433102e+00 1.043101206247984969e-01 1.770150204571994568e+00
7.566615295890377624e-02 -1.847151881692459030e+00 -1.590908079301003530e+00 -3.012852109603970652e-01 1.337623213502022068e+00
7.344958495045886826e-01 -1.589224613410916698e+00 -1.781213857194554384e+00 -6.731527645684703964e-01 8.630648671003177119e-01
1.343631131655006250e+00 -1.185534227524924766e+00 -1.899611338499415547e+00 -1.009120716131278295e+00 3.891894574458076295e-01
1.837638272806573880e+00 -6.547126573499563174e-01 -1.922485651447895849e+00 -1.307367109736809141e+00 -5.617738776983705745e-02
2.164797318965527850e+00 -3.660763256927457299e-02 -1.824964604220968623e+00 -1.562839723860567132e+00 -4.592376234677704727e-01
2.296815250500391148e+00 6.114185725291536588e-01 -1.587916596471455666e+00 -1.764681406572390143e+00 -8.163489550267545303e-01
2.234192920034657526e+00 1.221740977110354676e+00 -1.206103920310718891e+00 -1.895162658487239637e+00 -1.129086764983058710e+00
2.004135573435812390e+00 1.726895720164758119e+00 -6.947378493912320652e-01 -1.930783194414558368e+00 -1.399445111789467289e+00
1.651214024605829334e+00 2.072055499264496170e+00 -9.155940311689247935e-02 -1.846335483734290905e+00 -1.625766566758766407e+00
1.224911520515877594e+00 2.226368098191862543e+00 5.467581634616585085e-01 -1.622077067282205576e+00 -1.799797206825815010e+00
7.691400033651067947e-01 2.188683064162962211e+00 1.152948192754678969e+00 -1.252355857117022131e+00 -1.905435912828357115e+00
3.165100769213957665e-01 1.984821817007180078e+00 1.660331195338478283e+00 -7.522352127943909839e-01 -1.919999706505069570e+00
-1.127317564807310823e-01 1.657677990844709237e+00 2.014779863678485494e+00 -1.589647444791350006e-01 -1.818703928879972898e+00
-5.085853149751804470e-01 1.254878789324216370e+00 2.184857355816044233e+00 4.722802517466475614e-01 -1.582095434959881919e+00
-8.675229237114672198e-01 8.188315436867447117e-01 2.166945805408295289e+00 1.076655179428572584e+00 -1.204465619083972427e+00
-1.188204769777902570e+00 3.814078622159180476e-01 1.983195810534980064e+00 1.589879146069070437e+00 -7.000073653247701477e-01
-1.467522573032498778e+00 -3.707989962744684398e-02 1.673089813817240978e+00 1.958938548470620100e+00 -1.041684103955484858e-01
-1.697595493566468994e+00 -4.260452574252976410e-01 1.282314520456895313e+00 2.151372305088741221e+00 5.299957569707871574e-01
-1.864196995665380774e+00 -7.812884936169426364e-01 8.531606934701665423e-01 2.160439394927307966e+00 1.138884222336859597e+00
-1.947060100481201372e+00 -1.101123519695311082e+00 4.188036771869596553e-01 2.004018530879235094e+00 1.657324670958758350e+00
-1.922525313556554316e+00 -1.382670603877754534e+00 1.524991356053995162e-03 1.717556847193891567e+00 2.028696125933634242e+00
-1.768762328095737857e+00 -1.618846038984984581e+00 -3.862350623885475454e-01 1.344066205175503681e+00 2.215107873910752367e+00
-1.472961097217242221e+00 -1.796499539977800097e+00 -7.391534693169986570e-01 9.249227630245475673e-01 2.205106055790465813e+00
-1.038544883389825202e+00 -1.896222416921566678e+00 -1.055469944007022542e+00 4.938397006548987389e-01 2.015567928631192274e+00
-4.895552763548945974e-01 -1.894498091063174572e+00 -1.333237254030435359e+00 7.443007349229180392e-02 1.686047880091663620e+00
1.299009491100016345e-01 -1.768658254937000684e+00 -1.566971856924541884e+00 -3.193561921733227837e-01 1.267435216329302339e+00
7.610600863929293247e-01 -1.504036227787146629e+00 -1.745337256881354993e+00 -6.808617322614768375e-01 8.095736708693869188e-01
1.338979319604676643e+00 -1.101129818246337155e+00 -1.850534146576556349e+00 -1.007274119171432725e+00 3.522715478579634962e-01
1.802377915338923442e+00 -5.800098141531722096e-01 -1.860024263284038692e+00 -1.295899332310763929e+00 -7.841084337581906427e-02
2.103782294071565140e+00 1.950496015260206120e-02 -1.750927095902042874e+00 -1.540869766000458219e+00 -4.692809507757420562e-01
2.218312343091297212e+00 6.416667301701282078e-01 -1.506723507640715276e+00 -1.730850780629799912e+00 -8.164035799485441780e-01
2.148115252783927343e+00 1.221944560582146400e+00 -1.124753738789582513e+00 -1.848249092349527167e+00 -1.120506253021309240e+00
1.919872264410856788e+00 1.697051840523633670e+00 -6.219284001104238291e-01 -1.870558658715997247e+00 -1.382506850368564688e+00
1.575895229075475523e+00 2.016594204345752317e+00 -3.614201935547312755e-02 -1.774508687317874589e+00 -1.599743159583227659e+00
1.162673735425473698e+00 2.153256492715172943e+00 5.775327937661574040e-01 -1.542954954416131841e+00 -1.763327131915999546e+00
7.213691571070905972e-01 2.107528916754271897e+00 1.154934187840816584e+00 -1.172784461887186103e+00 -1.857197682863000132e+00
2.826540558797008273e-01 1.904679310998053099e+00 1.633417435387190642e+00 -6.806479603777281229e-01 -1.859628329029882732e+00
-1.342049993433318544e-01 1.585405456992369011e+00 1.962999622767772623e+00 -1.038315125623640034e-01 -1.747738818542143191e+00
-5.193452168751115927e-01 1.194503061076886752e+00 2.115535776882615071e+00 5.040764902305268080e-01 -1.504588598097557961e+00
-8.687700571129574056e-01 7.718107943836284290e-01 2.089035392692409232e+00 1.081121564216168895e+00 -1.126882265088859914e+00
-1.180347356076004717e+00 3.473850543592209572e-01 1.905335152074174365e+00 1.566700102293961505e+00 -6.303316318501813731e-01
-1.450141884655160140e+00 -5.941041608487629411e-02 1.602069891210899710e+00 1.911589251296914149e+00 -5.050950164841339074e-02
-1.669681239521613847e+00 -4.381760190018261780e-01 1.222377959502572109e+00 2.086423162239387175e+00 5.608551279996483174e-01
-1.824622717821216211e+00 -7.843382336005391142e-01 8.061097319273256012e-01 2.086131178083727278e+00 1.142706488899823958e+00
-1.895254871792498630e+00 -1.095514630845317416e+00 3.846015512972284500e-01 1.928530327232116148e+00 1.633283335239155365e+00
-1.859247399364676090e+00 -1.368053178611815301e+00 -2.094096765862141218e-02 1.647558664858973287e+00 1.979755540138341541e+00
-1.696777706496823468e+00 -1.594262778977221684e+00 -3.984355866696542847e-01 1.283965493716759276e+00 2.147691839388519597e+00
-1.397330328226262131e+00 -1.760785537346222229e+00 -7.423420879369200254e-01 8.768393637263544038e-01 2.127910587675202247e+00
-9.662540998907758194e-01 -1.848627429250987886e+00 -1.050298690639003052e+00 4.580739145166761728e-01 1.937728065762236662e+00
-4.284723227513869137e-01 -1.835458780287814839e+00 -1.319597064094559347e+00 5.014311585377728697e-02 1.615270373583938657e+00
1.724414934051186066e-01 -1.700512059064252179e+00 -1.544082861328634815e+00 -3.334489057380817245e-01 1.208778094787098523e+00
7.796178860846380010e-01 -1.431350995082792066e+00 -1.712098949851128316e+00 -6.859057070290054403e-01 7.651938876999013761e-01
1.331036903830744800e+00 -1.030400087189467184e+00 -1.806113097833744074e+00 -1.003877517492181459e+00 3.219808698345081321e-01
1.768917258598580178e+00 -5.187536716581596652e-01 -1.804596526481119456e+00 -1.283966376614388505e+00 -9.620039590595108603e-02
2.049268813900928965e+00 6.398420307537211471e-02 -1.686401708705242752e+00 -1.519676857033530615e+00 -4.766114695530591638e-01
2.149908645773273896e+00 6.635920415705173214e-01 -1.437180830126615572e+00 -1.699358400469856312e+00 -8.150455157283943430e-01
2.074170743287811369e+00 1.218256958366089382e+00 -1.056319759919188028e+00 -1.805639547516575183e+00 -1.111518156594783813e+00
1.848152503356590648e+00 1.668228965198544023e+00 -5.619681116181097780e-01 -1.816957328480704792e+00 -1.366069449324563534e+00
1.512217381670037275e+00 1.966751206614437031e+00 8.052777078787487497e-03 -1.711733944248455375e+00 -1.575248577486377588e+00
1.110365536715921309e+00 2.089306193886597107e+00 6.001825921236456640e-01 -1.474987048221497510e+00 -1.729721171265519386e+00
