0.000000000000000000e+00 0.000000000000000000e+00 0.000000000000000000e+00 0.000000000000000000e+00 0.000000000000000000e+00
0.000000000000000000e+00 0.000000000000000000e+00 0.000000000000000000e+00 0.000000000000000000e+00 0.000000000000000000e+00
0.000000000000000000e+00 0.000000000000000000e+00 0.000000000000000000e+00 0.000000000000000000e+00 0.000000000000000000e+00
0.000000000000000000e+00 0.000000000000000000e+00 0.000000000000000000e+00 0.000000000000000000e+00 0.000000000000000000e+00
0.000000000000000000e+00 0.000000000000000000e+00 0.000000000000000000e+00 0.000000000000000000e+00 0.000000000000000000e+00
0.000000000000000000e+00 0.000000000000000000e+00 0.000000000000000000e+00 0.000000000000000000e+00 0.000000000000000000e+00
0.000000000000000000e+00 0.000000000000000000e+00 0.000000000000000000e+00 0.000000000000000000e+00 0.000000000000000000e+00
0.000000000000000000e+00 0.000000000000000000e+00 0.000000000000000000e+00 0.000000000000000000e+00 0.000000000000000000e+00
0.000000000000000000e+00 0.000000000000000000e+00 0.000000000000000000e+00 0.000000000000000000e+00 0.000000000000000000e+00
0.000000000000000000e+00 0.000000000000000000e+00 0.000000000000000000e+00 0.000000000000000000e+00 0.000000000000000000e+00
0.000000000000000000e+00 0.000000000000000000e+00 0.000000000000000000e+00 0.000000000000000000e+00 0.000000000000000000e+00
0.000000000000000000e+00 0.000000000000000000e+00 0.000000000000000000e+00 0.000000000000000000e+00 0.000000000000000000e+00
0.000000000000000000e+00 0.000000000000000000e+00 0.000000000000000000e+00 0.000000000000000000e+00 0.000000000000000000e+00
0.000000000000000000e+00 0.000000000000000000e+00 0.000000000000000000e+00 0.000000000000000000e+00 0.000000000000000000e+00
0.000000000000000000e+00 0.000000000000000000e+00 0.000000000000000000e+00 0.000000000000000000e+00 0.000000000000000000e+00
0.000000000000000000e+00 0.000000000000000000e+00 0.000000000000000000e+00 0.000000000000000000e+00 0.000000000000000000e+00
0.000000000000000000e+00 0.000000000000000000e+00 0.000000000000000000e+00 0.000000000000000000e+00 0.000000000000000000e+00
0.000000000000000000e+00 0.000000000000000000e+00 0.000000000000000000e+00 0.000000000000000000e+00 0.000000000000000000e+00
0.000000000000000000e+00 0.000000000000000000e+00 0.000000000000000000e+00 0.000000000000000000e+00 0.000000000000000000e+00
0.000000000000000000e+00 0.000000000000000000e+00 0.000000000000000000e+00 0.000000000000000000e+00 0.000000000000000000e+00
0.000000000000000000e+00 0.000000000000000000e+00 0.000000000000000000e+00 0.000000000000000000e+00 0.000000000000000000e+00
0.000000000000000000e+00 0.000000000000000000e+00 0.000000000000000000e+00 0.000000000000000000e+00 0.000000000000000000e+00
0.000000000000000000e+00 0.000000000000000000e+00 0.000000000000000000e+00 0.000000000000000000e+00 0.000000000000000000e+00
0.000000000000000000e+00 0.000000000000000000e+00 0.000000000000000000e+00 0.000000000000000000e+00 0.000000000000000000e+00
0.000000000000000000e+00 0.000000000000000000e+00 0.000000000000000000e+00 0.000000000000000000e+00 0.000000000000000000e+00
0.000000000000000000e+00 0.000000000000000000e+00 0.000000000000000000e+00 0.000000000000000000e+00 0.000000000000000000e+00
0.000000000000000000e+00 0.000000000000000000e+00 0.000000000000000000e+00 0.000000000000000000e+00 0.000000000000000000e+00
0.000000000000000000e+00 0.000000000000000000e+00 0.000000000000000000e+00 0.000000000000000000e+00 0.000000000000000000e+00
0.000000000000000000e+00 0.000000000000000000e+00 0.000000000000000000e+00 0.000000000000000000e+00 0.000000000000000000e+00
0.000000000000000000e+00 0.000000000000000000e+00 0.000000000000000000e+00 0.000000000000000000e+00 0.000000000000000000e+00
0.000000000000000000e+00 0.000000000000000000e+00 0.000000000000000000e+00 0.000000000000000000e+00 0.000000000000000000e+00
0.000000000000000000e+00 0.000000000000000000e+00 0.000000000000000000e+00 0.000000000000000000e+00 0.000000000000000000e+00
0.000000000000000000e+00 0.000000000000000000e+00 0.000000000000000000e+00 0.000000000000000000e+00 0.000000000000000000e+00
0.000000000000000000e+00 0.000000000000000000e+00 0.000000000000000000e+00 0.000000000000000000e+00 0.000000000000000000e+00
0.000000000000000000e+00 0.000000000000000000e+00 0.000000000000000000e+00 0.000000000000000000e+00 0.000000000000000000e+00
0.000000000000000000e+00 0.000000000000000000e+00 0.000000000000000000e+00 0.000000000000000000e+00 0.000000000000000000e+00
0.000000000000000000e+00 0.000000000000000000e+00 0.000000000000000000e+00 0.000000000000000000e+00 0.000000000000000000e+00
0.000000000000000000e+00 0.000000000000000000e+00 0.000000000000000000e+00 0.000000000000000000e+00 0.000000000000000000e+00
0.000000000000000000e+00 0.000000000000000000e+00 0.000000000000000000e+00 0.000000000000000000e+00 0.000000000000000000e+00
0.000000000000000000e+00 0.000000000000000000e+00 0.000000000000000000e+00 0.000000000000000000e+00 0.000000000000000000e+00
0.000000000000000000e+00 0.000000000000000000e+00 0.000000000000000000e+00 0.000000000000000000e+00 0.000000000000000000e+00
0.000000000000000000e+00 0.000000000000000000e+00 0.000000000000000000e+00 0.000000000000000000e+00 0.000000000000000000e+00
0.000000000000000000e+00 0.000000000000000000e+00 0.000000000000000000e+00 0.000000000000000000e+00 0.000000000000000000e+00
0.000000000000000000e+00 0.000000000000000000e+00 0.000000000000000000e+00 0.000000000000000000e+00 0.000000000000000000e+00
0.000000000000000000e+00 0.000000000000000000e+00 0.000000000000000000e+00 0.000000000000000000e+00 0.000000000000000000e+00
0.000000000000000000e+00 0.000000000000000000e+00 0.000000000000000000e+00 0.000000000000000000e+00 0.000000000000000000e+00
0.000000000000000000e+00 0.000000000000000000e+00 0.000000000000000000e+00 0.000000000000000000e+00 0.000000000000000000e+00
0.000000000000000000e+00 0.000000000000000000e+00 0.000000000000000000e+00 0.000000000000000000e+00 0.000000000000000000e+00
0.000000000000000000e+00 0.000000000000000000e+00 0.000000000000000000e+00 0.000000000000000000e+00 0.000000000000000000e+00
0.000000000000000000e+00 0.000000000000000000e+00 0.000000000000000000e+00 0.000000000000000000e+00 0.000000000000000000e+00
0.000000000000000000e+00 0.000000000000000000e+00 0.000000000000000000e+00 0.000000000000000000e+00 0.000000000000000000e+00
0.000000000000000000e+00 0.000000000000000000e+00 0.000000000000000000e+00 0.000000000000000000e+00 0.000000000000000000e+00
0.000000000000000000e+00 0.000000000000000000e+00 0.000000000000000000e+00 0.000000000000000000e+00 0.000000000000000000e+00
0.000000000000000000e+00 0.000000000000000000e+00 0.000000000000000000e+00 0.000000000000000000e+00 0.000000000000000000e+00
0.000000000000000000e+00 0.000000000000000000e+00 0.000000000000000000e+00 0.000000000000000000e+00 0.000000000000000000e+00
0.000000000000000000e+00 0.000000000000000000e+00 0.000000000000000000e+00 0.000000000000000000e+00 0.000000000000000000e+00
0.000000000000000000e+00 0.000000000000000000e+00 0.000000000000000000e+00 0.000000000000000000e+00 0.000000000000000000e+00
0.000000000000000000e+00 0.000000000000000000e+00 0.000000000000000000e+00 0.000000000000000000e+00 0.000000000000000000e+00
0.000000000000000000e+00 0.000000000000000000e+00 0.000000000000000000e+00 0.000000000000000000e+00 0.000000000000000000e+00
0.000000000000000000e+00 0.000000000000000000e+00 0.000000000000000000e+00 0.000000000000000000e+00 0.000000000000000000e+00
0.000000000000000000e+00 0.000000000000000000e+00 0.000000000000000000e+00 0.000000000000000000e+00 0.000000000000000000e+00
0.000000000000000000e+00 0.000000000000000000e+00 0.000000000000000000e+00 0.000000000000000000e+00 0.000000000000000000e+00
0.000000000000000000e+00 0.000000000000000000e+00 0.000000000000000000e+00 0.000000000000000000e+00 0.000000000000000000e+00
0.000000000000000000e+00 0.000000000000000000e+00 0.000000000000000000e+00 0.000000000000000000e+00 0.000000000000000000e+00
0.000000000000000000e+00 0.000000000000000000e+00 0.000000000000000000e+00 0.000000000000000000e+00 0.000000000000000000e+00
0.000000000000000000e+00 0.000000000000000000e+00 0.000000000000000000e+00 0.000000000000000000e+00 0.000000000000000000e+00
0.000000000000000000e+00 0.000000000000000000e+00 0.000000000000000000e+00 0.000000000000000000e+00 0.000000000000000000e+00
0.000000000000000000e+00 0.000000000000000000e+00 0.000000000000000000e+00 0.000000000000000000e+00 0.000000000000000000e+00
0.000000000000000000e+00 0.000000000000000000e+00 0.000000000000000000e+00 0.000000000000000000e+00 0.000000000000000000e+00
0.000000000000000000e+00 0.000000000000000000e+00 0.000000000000000000e+00 0.000000000000000000e+00 0.000000000000000000e+00
0.000000000000000000e+00 0.000000000000000000e+00 0.000000000000000000e+00 0.000000000000000000e+00 0.000000000000000000e+00
0.000000000000000000e+00 0.000000000000000000e+00 0.000000000000000000e+00 0.000000000000000000e+00 0.000000000000000000e+00
0.000000000000000000e+00 0.000000000000000000e+00 0.000000000000000000e+00 0.000000000000000000e+00 0.000000000000000000e+00
0.000000000000000000e+00 0.000000000000000000e+00 0.000000000000000000e+00 0.000000000000000000e+00 0.000000000000000000e+00
0.000000000000000000e+00 0.000000000000000000e+00 0.000000000000000000e+00 0.000000000000000000e+00 0.000000000000000000e+00
0.000000000000000000e+00 0.000000000000000000e+00 0.000000000000000000e+00 0.000000000000000000e+00 0.000000000000000000e+00
0.000000000000000000e+00 0.000000000000000000e+00 0.000000000000000000e+00 0.000000000000000000e+00 0.000000000000000000e+00
0.000000000000000000e+00 0.000000000000000000e+00 0.000000000000000000e+00 0.000000000000000000e+00 0.000000000000000000e+00
0.000000000000000000e+00 0.000000000000000000e+00 0.000000000000000000e+00 0.000000000000000000e+00 0.000000000000000000e+00
0.000000000000000000e+00 0.000000000000000000e+00 0.000000000000000000e+00 0.000000000000000000e+00 0.000000000000000000e+00
0.000000000000000000e+00 0.000000000000000000e+00 0.000000000000000000e+00 0.000000000000000000e+00 0.000000000000000000e+00
0.000000000000000000e+00 0.000000000000000000e+00 0.000000000000000000e+00 0.000000000000000000e+00 0.000000000000000000e+00
0.000000000000000000e+00 0.000000000000000000e+00 0.000000000000000000e+00 0.000000000000000000e+00 0.000000000000000000e+00
0.000000000000000000e+00 0.000000000000000000e+00 0.000000000000000000e+00 0.000000000000000000e+00 0.000000000000000000e+00
0.000000000000000000e+00 0.000000000000000000e+00 0.000000000000000000e+00 0.000000000000000000e+00 0.000000000000000000e+00
0.000000000000000000e+00 0.000000000000000000e+00 0.000000000000000000e+00 0.000000000000000000e+00 0.000000000000000000e+00
0.000000000000000000e+00 0.000000000000000000e+00 0.000000000000000000e+00 0.000000000000000000e+00 0.000000000000000000e+00
0.000000000000000000e+00 0.000000000000000000e+00 0.000000000000000000e+00 0.000000000000000000e+00 0.000000000000000000e+00
0.000000000000000000e+00 0.000000000000000000e+00 0.000000000000000000e+00 0.000000000000000000e+00 0.000000000000000000e+00
0.000000000000000000e+00 0.000000000000000000e+00 0.000000000000000000e+00 0.000000000000000000e+00 0.000000000000000000e+00
0.000000000000000000e+00 0.000000000000000000e+00 0.000000000000000000e+00 0.000000000000000000e+00 0.000000000000000000e+00
0.000000000000000000e+00 0.000000000000000000e+00 0.000000000000000000e+00 0.000000000000000000e+00 0.000000000000000000e+00
0.000000000000000000e+00 0.000000000000000000e+00 0.000000000000000000e+00 0.000000000000000000e+00 0.000000000000000000e+00
0.000000000000000000e+00 0.000000000000000000e+00 0.000000000000000000e+00 0.000000000000000000e+00 0.000000000000000000e+00
0.000000000000000000e+00 0.000000000000000000e+00 0.000000000000000000e+00 0.000000000000000000e+00 0.000000000000000000e+00
0.000000000000000000e+00 0.000000000000000000e+00 0.000000000000000000e+00 0.000000000000000000e+00 0.000000000000000000e+00
0.000000000000000000e+00 0.000000000000000000e+00 0.000000000000000000e+00 0.000000000000000000e+00 0.000000000000000000e+00
0.000000000000000000e+00 0.000000000000000000e+00 0.000000000000000000e+00 0.000000000000000000e+00 0.000000000000000000e+00
0.000000000000000000e+00 0.000000000000000000e+00 0.000000000000000000e+00 0.000000000000000000e+00 0.000000000000000000e+00
0.000000000000000000e+00 0.000000000000000000e+00 0.000000000000000000e+00 0.000000000000000000e+00 0.000000000000000000e+00
0.000000000000000000e+00 0.000000000000000000e+00 0.000000000000000000e+00 0.000000000000000000e+00 0.000000000000000000e+00
0.000000000000000000e+00 0.000000000000000000e+00 0.000000000000000000e+00 0.000000000000000000e+00 0.000000000000000000e+00
0.000000000000000000e+00 0.000000000000000000e+00 0.000000000000000000e+00 0.000000000000000000e+00 0.000000000000000000e+00
0.000000000000000000e+00 0.000000000000000000e+00 0.000000000000000000e+00 0.000000000000000000e+00 0.000000000000000000e+00
0.000000000000000000e+00 0.000000000000000000e+00 0.000000000000000000e+00 0.000000000000000000e+00 0.000000000000000000e+00
0.000000000000000000e+00 0.000000000000000000e+00 0.000000000000000000e+00 0.000000000000000000e+00 0.000000000000000000e+00
0.000000000000000000e+00 0.000000000000000000e+00 0.000000000000000000e+00 0.000000000000000000e+00 0.000000000000000000e+00
0.000000000000000000e+00 0.000000000000000000e+00 0.000000000000000000e+00 0.000000000000000000e+00 0.000000000000000000e+00
0.000000000000000000e+00 0.000000000000000000e+00 0.000000000000000000e+00 0.000000000000000000e+00 0.000000000000000000e+00
0.000000000000000000e+00 0.000000000000000000e+00 0.000000000000000000e+00 0.000000000000000000e+00 0.000000000000000000e+00
0.000000000000000000e+00 0.000000000000000000e+00 0.000000000000000000e+00 0.000000000000000000e+00 0.000000000000000000e+00
0.000000000000000000e+00 0.000000000000000000e+00 0.000000000000000000e+00 0.000000000000000000e+00 0.000000000000000000e+00
0.000000000000000000e+00 0.000000000000000000e+00 0.000000000000000000e+00 0.000000000000000000e+00 0.000000000000000000e+00
0.000000000000000000e+00 0.000000000000000000e+00 0.000000000000000000e+00 0.000000000000000000e+00 0.000000000000000000e+00
0.000000000000000000e+00 0.000000000000000000e+00 0.000000000000000000e+00 0.000000000000000000e+00 0.000000000000000000e+00
0.000000000000000000e+00 0.000000000000000000e+00 0.000000000000000000e+00 0.000000000000000000e+00 0.000000000000000000e+00
0.000000000000000000e+00 0.000000000000000000e+00 0.000000000000000000e+00 0.000000000000000000e+00 0.000000000000000000e+00
0.000000000000000000e+00 0.000000000000000000e+00 0.000000000000000000e+00 0.000000000000000000e+00 0.000000000000000000e+00
0.000000000000000000e+00 0.000000000000000000e+00 0.000000000000000000e+00 0.000000000000000000e+00 0.000000000000000000e+00
0.000000000000000000e+00 0.000000000000000000e+00 0.000000000000000000e+00 0.000000000000000000e+00 0.000000000000000000e+00
0.000000000000000000e+00 0.000000000000000000e+00 0.000000000000000000e+00 0.000000000000000000e+00 0.000000000000000000e+00
0.000000000000000000e+00 0.000000000000000000e+00 0.000000000000000000e+00 0.000000000000000000e+00 0.000000000000000000e+00
0.000000000000000000e+00 0.000000000000000000e+00 0.000000000000000000e+00 0.000000000000000000e+00 0.000000000000000000e+00
0.000000000000000000e+00 0.000000000000000000e+00 0.000000000000000000e+00 0.000000000000000000e+00 0.000000000000000000e+00
0.000000000000000000e+00 0.000000000000000000e+00 0.000000000000000000e+00 0.000000000000000000e+00 0.000000000000000000e+00
0.000000000000000000e+00 0.000000000000000000e+00 0.000000000000000000e+00 0.000000000000000000e+00 0.000000000000000000e+00
0.000000000000000000e+00 0.000000000000000000e+00 0.000000000000000000e+00 0.000000000000000000e+00 0.000000000000000000e+00
0.000000000000000000e+00 0.000000000000000000e+00 0.000000000000000000e+00 0.000000000000000000e+00 0.000000000000000000e+00
0.000000000000000000e+00 0.000000000000000000e+00 0.000000000000000000e+00 0.000000000000000000e+00 0.000000000000000000e+00
0.000000000000000000e+00 0.000000000000000000e+00 0.000000000000000000e+00 0.000000000000000000e+00 0.000000000000000000e+00
0.000000000000000000e+00 0.000000000000000000e+00 0.000000000000000000e+00 0.000000000000000000e+00 0.000000000000000000e+00
0.000000000000000000e+00 0.000000000000000000e+00 0.000000000000000000e+00 0.000000000000000000e+00 0.000000000000000000e+00
0.000000000000000000e+00 0.000000000000000000e+00 0.000000000000000000e+00 0.000000000000000000e+00 0.000000000000000000e+00
0.000000000000000000e+00 0.000000000000000000e+00 0.000000000000000000e+00 0.000000000000000000e+00 0.000000000000000000e+00
0.000000000000000000e+00 0.000000000000000000e+00 0.000000000000000000e+00 0.000000000000000000e+00 0.000000000000000000e+00
0.000000000000000000e+00 0.000000000000000000e+00 0.000000000000000000e+00 0.000000000000000000e+00 0.000000000000000000e+00
0.000000000000000000e+00 0.000000000000000000e+00 0.000000000000000000e+00 0.000000000000000000e+00 0.000000000000000000e+00
0.000000000000000000e+00 0.000000000000000000e+00 0.000000000000000000e+00 0.000000000000000000e+00 0.000000000000000000e+00
0.000000000000000000e+00 0.000000000000000000e+00 0.000000000000000000e+00 0.000000000000000000e+00 0.000000000000000000e+00
0.000000000000000000e+00 0.000000000000000000e+00 0.000000000000000000e+00 0.000000000000000000e+00 0.000000000000000000e+00
0.000000000000000000e+00 0.000000000000000000e+00 0.000000000000000000e+00 0.000000000000000000e+00 0.000000000000000000e+00
0.000000000000000000e+00 0.000000000000000000e+00 0.000000000000000000e+00 0.000000000000000000e+00 0.000000000000000000e+00
0.000000000000000000e+00 0.000000000000000000e+00 0.000000000000000000e+00 0.000000000000000000e+00 0.000000000000000000e+00
0.000000000000000000e+00 0.000000000000000000e+00 0.000000000000000000e+00 0.000000000000000000e+00 0.000000000000000000e+00
0.000000000000000000e+00 0.000000000000000000e+00 0.000000000000000000e+00 0.000000000000000000e+00 0.000000000000000000e+00
0.000000000000000000e+00 0.000000000000000000e+00 0.000000000000000000e+00 0.000000000000000000e+00 0.000000000000000000e+00
0.000000000000000000e+00 0.000000000000000000e+00 0.000000000000000000e+00 0.000000000000000000e+00 0.000000000000000000e+00
0.000000000000000000e+00 0.000000000000000000e+00 0.000000000000000000e+00 0.000000000000000000e+00 0.000000000000000000e+00
0.000000000000000000e+00 0.000000000000000000e+00 0.000000000000000000e+00 0.000000000000000000e+00 0.000000000000000000e+00
0.000000000000000000e+00 0.000000000000000000e+00 0.000000000000000000e+00 0.000000000000000000e+00 0.000000000000000000e+00
0.000000000000000000e+00 0.000000000000000000e+00 0.000000000000000000e+00 0.000000000000000000e+00 0.000000000000000000e+00
0.000000000000000000e+00 0.000000000000000000e+00 0.000000000000000000e+00 0.000000000000000000e+00 0.000000000000000000e+00
0.000000000000000000e+00 0.000000000000000000e+00 0.000000000000000000e+00 0.000000000000000000e+00 0.000000000000000000e+00
0.000000000000000000e+00 0.000000000000000000e+00 0.000000000000000000e+00 0.000000000000000000e+00 0.000000000000000000e+00
0.000000000000000000e+00 0.000000000000000000e+00 0.000000000000000000e+00 0.000000000000000000e+00 0.000000000000000000e+00
0.000000000000000000e+00 0.000000000000000000e+00 0.000000000000000000e+00 0.000000000000000000e+00 0.000000000000000000e+00
0.000000000000000000e+00 0.000000000000000000e+00 0.000000000000000000e+00 0.000000000000000000e+00 0.000000000000000000e+00
0.000000000000000000e+00 0.000000000000000000e+00 0.000000000000000000e+00 0.000000000000000000e+00 0.000000000000000000e+00
0.000000000000000000e+00 0.000000000000000000e+00 0.000000000000000000e+00 0.000000000000000000e+00 0.000000000000000000e+00
0.000000000000000000e+00 0.000000000000000000e+00 0.000000000000000000e+00 0.000000000000000000e+00 0.000000000000000000e+00
0.000000000000000000e+00 0.000000000000000000e+00 0.000000000000000000e+00 0.000000000000000000e+00 0.000000000000000000e+00
0.000000000000000000e+00 0.000000000000000000e+00 0.000000000000000000e+00 0.000000000000000000e+00 0.000000000000000000e+00
0.000000000000000000e+00 0.000000000000000000e+00 0.000000000000000000e+00 0.000000000000000000e+00 0.000000000000000000e+00
0.000000000000000000e+00 0.000000000000000000e+00 0.000000000000000000e+00 0.000000000000000000e+00 0.000000000000000000e+00
0.000000000000000000e+00 0.000000000000000000e+00 0.000000000000000000e+00 0.000000000000000000e+00 0.000000000000000000e+00
0.000000000000000000e+00 0.000000000000000000e+00 0.000000000000000000e+00 0.000000000000000000e+00 0.000000000000000000e+00
0.000000000000000000e+00 0.000000000000000000e+00 0.000000000000000000e+00 0.000000000000000000e+00 0.000000000000000000e+00
0.000000000000000000e+00 0.000000000000000000e+00 0.000000000000000000e+00 0.000000000000000000e+00 0.000000000000000000e+00
0.000000000000000000e+00 0.000000000000000000e+00 0.000000000000000000e+00 0.000000000000000000e+00 0.000000000000000000e+00
0.000000000000000000e+00 0.000000000000000000e+00 0.000000000000000000e+00 0.000000000000000000e+00 0.000000000000000000e+00
0.000000000000000000e+00 0.000000000000000000e+00 0.000000000000000000e+00 0.000000000000000000e+00 0.000000000000000000e+00
0.000000000000000000e+00 0.000000000000000000e+00 0.000000000000000000e+00 0.000000000000000000e+00 0.000000000000000000e+00
0.000000000000000000e+00 0.000000000000000000e+00 0.000000000000000000e+00 0.000000000000000000e+00 0.000000000000000000e+00
0.000000000000000000e+00 0.000000000000000000e+00 0.000000000000000000e+00 0.000000000000000000e+00 0.000000000000000000e+00
0.000000000000000000e+00 0.000000000000000000e+00 0.000000000000000000e+00 0.000000000000000000e+00 0.000000000000000000e+00
0.000000000000000000e+00 0.000000000000000000e+00 0.000000000000000000e+00 0.000000000000000000e+00 0.000000000000000000e+00
0.000000000000000000e+00 0.000000000000000000e+00 0.000000000000000000e+00 0.000000000000000000e+00 0.000000000000000000e+00
0.000000000000000000e+00 0.000000000000000000e+00 0.000000000000000000e+00 0.000000000000000000e+00 0.000000000000000000e+00
0.000000000000000000e+00 0.000000000000000000e+00 0.000000000000000000e+00 0.000000000000000000e+00 0.000000000000000000e+00
0.000000000000000000e+00 0.000000000000000000e+00 0.000000000000000000e+00 0.000000000000000000e+00 0.000000000000000000e+00
0.000000000000000000e+00 0.000000000000000000e+00 0.000000000000000000e+00 0.000000000000000000e+00 0.000000000000000000e+00
0.000000000000000000e+00 0.000000000000000000e+00 0.000000000000000000e+00 0.000000000000000000e+00 0.000000000000000000e+00
0.000000000000000000e+00 0.000000000000000000e+00 0.000000000000000000e+00 0.000000000000000000e+00 0.000000000000000000e+00
0.000000000000000000e+00 0.000000000000000000e+00 0.000000000000000000e+00 0.000000000000000000e+00 0.000000000000000000e+00
0.000000000000000000e+00 0.000000000000000000e+00 0.000000000000000000e+00 0.000000000000000000e+00 0.000000000000000000e+00
0.000000000000000000e+00 0.000000000000000000e+00 0.000000000000000000e+00 0.000000000000000000e+00 0.000000000000000000e+00
0.000000000000000000e+00 0.000000000000000000e+00 0.000000000000000000e+00 0.000000000000000000e+00 0.000000000000000000e+00
0.000000000000000000e+00 0.000000000000000000e+00 0.000000000000000000e+00 0.000000000000000000e+00 0.000000000000000000e+00
0.000000000000000000e+00 0.000000000000000000e+00 0.000000000000000000e+00 0.000000000000000000e+00 0.000000000000000000e+00
0.000000000000000000e+00 0.000000000000000000e+00 0.000000000000000000e+00 0.000000000000000000e+00 0.000000000000000000e+00
0.000000000000000000e+00 0.000000000000000000e+00 0.000000000000000000e+00 0.000000000000000000e+00 0.000000000000000000e+00
0.000000000000000000e+00 0.000000000000000000e+00 0.000000000000000000e+00 0.000000000000000000e+00 0.000000000000000000e+00
0.000000000000000000e+00 0.000000000000000000e+00 0.000000000000000000e+00 0.000000000000000000e+00 0.000000000000000000e+00
0.000000000000000000e+00 0.000000000000000000e+00 0.000000000000000000e+00 0.000000000000000000e+00 0.000000000000000000e+00
0.000000000000000000e+00 0.000000000000000000e+00 0.000000000000000000e+00 0.000000000000000000e+00 0.000000000000000000e+00
0.000000000000000000e+00 0.000000000000000000e+00 0.000000000000000000e+00 0.000000000000000000e+00 0.000000000000000000e+00
0.000000000000000000e+00 0.000000000000000000e+00 0.000000000000000000e+00 0.000000000000000000e+00 0.000000000000000000e+00
0.000000000000000000e+00 0.000000000000000000e+00 0.000000000000000000e+00 0.000000000000000000e+00 0.000000000000000000e+00
0.000000000000000000e+00 0.000000000000000000e+00 0.000000000000000000e+00 0.000000000000000000e+00 0.000000000000000000e+00
0.000000000000000000e+00 0.000000000000000000e+00 0.000000000000000000e+00 0.000000000000000000e+00 0.000000000000000000e+00
0.000000000000000000e+00 0.000000000000000000e+00 0.000000000000000000e+00 0.000000000000000000e+00 0.000000000000000000e+00
0.000000000000000000e+00 0.000000000000000000e+00 0.000000000000000000e+00 0.000000000000000000e+00 0.000000000000000000e+00
0.000000000000000000e+00 0.000000000000000000e+00 0.000000000000000000e+00 0.000000000000000000e+00 0.000000000000000000e+00
0.000000000000000000e+00 0.000000000000000000e+00 0.000000000000000000e+00 0.000000000000000000e+00 0.000000000000000000e+00
0.000000000000000000e+00 0.000000000000000000e+00 0.000000000000000000e+00 0.000000000000000000e+00 0.000000000000000000e+00
0.000000000000000000e+00 0.000000000000000000e+00 0.000000000000000000e+00 0.000000000000000000e+00 0.000000000000000000e+00
0.000000000000000000e+00 0.000000000000000000e+00 0.000000000000000000e+00 0.000000000000000000e+00 0.000000000000000000e+00
0.000000000000000000e+00 0.000000000000000000e+00 0.000000000000000000e+00 0.000000000000000000e+00 0.000000000000000000e+00
0.000000000000000000e+00 0.000000000000000000e+00 0.000000000000000000e+00 0.000000000000000000e+00 0.000000000000000000e+00
0.000000000000000000e+00 0.000000000000000000e+00 0.000000000000000000e+00 0.000000000000000000e+00 0.000000000000000000e+00
0.000000000000000000e+00 0.000000000000000000e+00 0.000000000000000000e+00 0.000000000000000000e+00 0.000000000000000000e+00
0.000000000000000000e+00 0.000000000000000000e+00 0.000000000000000000e+00 0.000000000000000000e+00 0.000000000000000000e+00
0.000000000000000000e+00 0.000000000000000000e+00 0.000000000000000000e+00 0.000000000000000000e+00 0.000000000000000000e+00
0.000000000000000000e+00 0.000000000000000000e+00 0.000000000000000000e+00 0.000000000000000000e+00 0.000000000000000000e+00
0.000000000000000000e+00 0.000000000000000000e+00 0.000000000000000000e+00 0.000000000000000000e+00 0.000000000000000000e+00
0.000000000000000000e+00 0.000000000000000000e+00 0.000000000000000000e+00 0.000000000000000000e+00 0.000000000000000000e+00
0.000000000000000000e+00 0.000000000000000000e+00 0.000000000000000000e+00 0.000000000000000000e+00 0.000000000000000000e+00
0.000000000000000000e+00 0.000000000000000000e+00 0.000000000000000000e+00 0.000000000000000000e+00 0.000000000000000000e+00
0.000000000000000000e+00 0.000000000000000000e+00 0.000000000000000000e+00 0.000000000000000000e+00 0.000000000000000000e+00
0.000000000000000000e+00 0.000000000000000000e+00 0.000000000000000000e+00 0.000000000000000000e+00 0.000000000000000000e+00
0.000000000000000000e+00 0.000000000000000000e+00 0.000000000000000000e+00 0.000000000000000000e+00 0.000000000000000000e+00
0.000000000000000000e+00 0.000000000000000000e+00 0.000000000000000000e+00 0.000000000000000000e+00 0.000000000000000000e+00
0.000000000000000000e+00 0.000000000000000000e+00 0.000000000000000000e+00 0.000000000000000000e+00 0.000000000000000000e+00
0.000000000000000000e+00 0.000000000000000000e+00 0.000000000000000000e+00 0.000000000000000000e+00 0.000000000000000000e+00
0.000000000000000000e+00 0.000000000000000000e+00 0.000000000000000000e+00 0.000000000000000000e+00 0.000000000000000000e+00
0.000000000000000000e+00 0.000000000000000000e+00 0.000000000000000000e+00 0.000000000000000000e+00 0.000000000000000000e+00
0.000000000000000000e+00 0.000000000000000000e+00 0.000000000000000000e+00 0.000000000000000000e+00 0.000000000000000000e+00
0.000000000000000000e+00 0.000000000000000000e+00 0.000000000000000000e+00 0.000000000000000000e+00 0.000000000000000000e+00
0.000000000000000000e+00 0.000000000000000000e+00 0.000000000000000000e+00 0.000000000000000000e+00 0.000000000000000000e+00
0.000000000000000000e+00 0.000000000000000000e+00 0.000000000000000000e+00 0.000000000000000000e+00 0.000000000000000000e+00
0.000000000000000000e+00 0.000000000000000000e+00 0.000000000000000000e+00 0.000000000000000000e+00 0.000000000000000000e+00
0.000000000000000000e+00 0.000000000000000000e+00 0.000000000000000000e+00 0.000000000000000000e+00 0.000000000000000000e+00
0.000000000000000000e+00 0.000000000000000000e+00 0.000000000000000000e+00 0.000000000000000000e+00 0.000000000000000000e+00
0.000000000000000000e+00 0.000000000000000000e+00 0.000000000000000000e+00 0.000000000000000000e+00 0.000000000000000000e+00
0.000000000000000000e+00 0.000000000000000000e+00 0.000000000000000000e+00 0.000000000000000000e+00 0.000000000000000000e+00
0.000000000000000000e+00 0.000000000000000000e+00 0.000000000000000000e+00 0.000000000000000000e+00 0.000000000000000000e+00
0.000000000000000000e+00 0.000000000000000000e+00 0.000000000000000000e+00 0.000000000000000000e+00 0.000000000000000000e+00
0.000000000000000000e+00 0.000000000000000000e+00 0.000000000000000000e+00 0.000000000000000000e+00 0.000000000000000000e+00
0.000000000000000000e+00 0.000000000000000000e+00 0.000000000000000000e+00 0.000000000000000000e+00 0.000000000000000000e+00
0.000000000000000000e+00 0.000000000000000000e+00 0.000000000000000000e+00 0.000000000000000000e+00 0.000000000000000000e+00
0.000000000000000000e+00 0.000000000000000000e+00 0.000000000000000000e+00 0.000000000000000000e+00 0.000000000000000000e+00
0.000000000000000000e+00 0.000000000000000000e+00 0.000000000000000000e+00 0.000000000000000000e+00 0.000000000000000000e+00
0.000000000000000000e+00 0.000000000000000000e+00 0.000000000000000000e+00 0.000000000000000000e+00 0.000000000000000000e+00
0.000000000000000000e+00 0.000000000000000000e+00 0.000000000000000000e+00 0.000000000000000000e+00 0.000000000000000000e+00
0.000000000000000000e+00 0.000000000000000000e+00 0.000000000000000000e+00 0.000000000000000000e+00 0.000000000000000000e+00
0.000000000000000000e+00 0.000000000000000000e+00 0.000000000000000000e+00 0.000000000000000000e+00 0.000000000000000000e+00
0.000000000000000000e+00 0.000000000000000000e+00 0.000000000000000000e+00 0.000000000000000000e+00 0.000000000000000000e+00
0.000000000000000000e+00 0.000000000000000000e+00 0.000000000000000000e+00 0.000000000000000000e+00 0.000000000000000000e+00
0.000000000000000000e+00 0.000000000000000000e+00 0.000000000000000000e+00 0.000000000000000000e+00 0.000000000000000000e+00
0.000000000000000000e+00 0.000000000000000000e+00 0.000000000000000000e+00 0.000000000000000000e+00 0.000000000000000000e+00
0.000000000000000000e+00 0.000000000000000000e+00 0.000000000000000000e+00 0.000000000000000000e+00 0.000000000000000000e+00
0.000000000000000000e+00 0.000000000000000000e+00 0.000000000000000000e+00 0.000000000000000000e+00 0.000000000000000000e+00
0.000000000000000000e+00 0.000000000000000000e+00 0.000000000000000000e+00 0.000000000000000000e+00 0.000000000000000000e+00
0.000000000000000000e+00 0.000000000000000000e+00 0.000000000000000000e+00 0.000000000000000000e+00 0.000000000000000000e+00
0.000000000000000000e+00 0.000000000000000000e+00 0.000000000000000000e+00 0.000000000000000000e+00 0.000000000000000000e+00
0.000000000000000000e+00 0.000000000000000000e+00 0.000000000000000000e+00 0.000000000000000000e+00 0.000000000000000000e+00
0.000000000000000000e+00 0.000000000000000000e+00 0.000000000000000000e+00 0.000000000000000000e+00 0.000000000000000000e+00
0.000000000000000000e+00 0.000000000000000000e+00 0.000000000000000000e+00 0.000000000000000000e+00 0.000000000000000000e+00
0.000000000000000000e+00 0.000000000000000000e+00 0.000000000000000000e+00 0.000000000000000000e+00 0.000000000000000000e+00
0.000000000000000000e+00 0.000000000000000000e+00 0.000000000000000000e+00 0.000000000000000000e+00 0.000000000000000000e+00
0.000000000000000000e+00 0.000000000000000000e+00 0.000000000000000000e+00 0.000000000000000000e+00 0.000000000000000000e+00
0.000000000000000000e+00 0.000000000000000000e+00 0.000000000000000000e+00 0.000000000000000000e+00 0.000000000000000000e+00
0.000000000000000000e+00 0.000000000000000000e+00 0.000000000000000000e+00 0.000000000000000000e+00 0.000000000000000000e+00
0.000000000000000000e+00 0.000000000000000000e+00 0.000000000000000000e+00 0.000000000000000000e+00 0.000000000000000000e+00
0.000000000000000000e+00 0.000000000000000000e+00 0.000000000000000000e+00 0.000000000000000000e+00 0.000000000000000000e+00
0.000000000000000000e+00 0.000000000000000000e+00 0.000000000000000000e+00 0.000000000000000000e+00 0.000000000000000000e+00
0.000000000000000000e+00 0.000000000000000000e+00 0.000000000000000000e+00 0.000000000000000000e+00 0.000000000000000000e+00
0.000000000000000000e+00 0.000000000000000000e+00 0.000000000000000000e+00 0.000000000000000000e+00 0.000000000000000000e+00
0.000000000000000000e+00 0.000000000000000000e+00 0.000000000000000000e+00 0.000000000000000000e+00 0.000000000000000000e+00
0.000000000000000000e+00 0.000000000000000000e+00 0.000000000000000000e+00 0.000000000000000000e+00 0.000000000000000000e+00
0.000000000000000000e+00 0.000000000000000000e+00 0.000000000000000000e+00 0.000000000000000000e+00 0.000000000000000000e+00
0.000000000000000000e+00 0.000000000000000000e+00 0.000000000000000000e+00 0.000000000000000000e+00 0.000000000000000000e+00
0.000000000000000000e+00 0.000000000000000000e+00 0.000000000000000000e+00 0.000000000000000000e+00 0.000000000000000000e+00
0.000000000000000000e+00 0.000000000000000000e+00 0.000000000000000000e+00 0.000000000000000000e+00 0.000000000000000000e+00
0.000000000000000000e+00 0.000000000000000000e+00 0.000000000000000000e+00 0.000000000000000000e+00 0.000000000000000000e+00
-7.628704712233606244e+00 -5.476703145413991614e+00 -1.575042050356998402e+00 7.276743543903789302e+00 9.982866705363209192e+00
-6.642212186723487122e+00 -5.687712141796625431e+00 -2.499971223652929009e+00 3.992183320917928935e+00 9.416606708298060013e+00
-5.350872239512736606e+00 -6.290577425053024641e+00 -3.143670498437799665e+00 2.136425438928930109e+00 7.913000513111019707e+00
-3.177945613245567014e+00 -6.771203097925039494e+00 -3.818592864843475265e+00 7.900321538340714378e-01 5.700661819111339845e+00
-3.797264617684176224e-01 -6.701042807675771762e+00 -4.524755169900562812e+00 -4.127473776659065785e-01 3.637095435048612657e+00
2.164297890312125716e+00 -5.871902029668705225e+00 -5.231403490183390126e+00 -1.492631970809335851e+00 2.029930700909958752e+00
4.021312985477390356e+00 -4.301363741299178756e+00 -5.788477045891219142e+00 -2.507426651684578456e+00 7.028182046163489183e-01
5.251942783237276480e+00 -2.353738713314177389e+00 -5.946142323835607257e+00 -3.485248908327999828e+00 -4.706988142736200365e-01
5.996980641015400515e+00 -4.072040606177558253e-01 -5.551243111667400143e+00 -4.368250455410890964e+00 -1.515497096894997231e+00
6.265524685386567150e+00 1.392445409640899578e+00 -4.654629233770100960e+00 -5.040142268181280194e+00 -2.445038542298127116e+00
6.038091599779503937e+00 2.978598465994370503e+00 -3.400401564978062119e+00 -5.396536523605078628e+00 -3.262369708254996947e+00
5.394369947742253757e+00 4.218957129097763215e+00 -1.899340609185473205e+00 -5.389435757446087827e+00 -3.946082153508232881e+00
4.480070461102021007e+00 4.985902437175782076e+00 -2.652215076997100351e-01 -5.004070910671115868e+00 -4.467136916183766182e+00
3.424676073983444979e+00 5.255323107897910795e+00 1.326095954537318988e+00 -4.230634313328057949e+00 -4.799693106422351363e+00
2.319044656920734138e+00 5.095997847263586067e+00 2.686786763128930833e+00 -3.099407617436495066e+00 -4.905111835100261608e+00
1.226181533731214524e+00 4.609675302836499178e+00 3.693708012140087593e+00 -1.723352441326022833e+00 -4.722761742546215835e+00
1.850736297496082816e-01 3.897716697847695588e+00 4.301998654710187608e+00 -2.702334264018013688e-01 -4.200892037129189127e+00
-7.856039319845520286e-01 3.050900284307110688e+00 4.520230660958424629e+00 1.101141337388025887e+00 -3.343223673117723393e+00
-1.673699921316106121e+00 2.141119385744911341e+00 4.392163206379408713e+00 2.272931038365149536e+00 -2.221367381964652221e+00
-2.459642432256033295e+00 1.217628214806909526e+00 3.985841331524342390e+00 3.167915312438031705e+00 -9.487742641759705498e-01
-3.112932408410348017e+00 3.131327876737668992e-01 3.378804345403110698e+00 3.745674467568938848e+00 3.492744999383592397e-01
-3.596674222224171213e+00 -5.469823566910557711e-01 2.643825220534149256e+00 4.001291936592425991e+00 1.552806433680422593e+00
-3.873092169003686802e+00 -1.339355111141547816e+00 1.842232378912560087e+00 3.959708310837331879e+00 2.558421726845307109e+00
-3.908696227254877087e+00 -2.040469373003665154e+00 1.022962520410159559e+00 3.665938893951682154e+00 3.289446341172642008e+00
-3.681999971121263648e+00 -2.624450756848828448e+00 2.231260191512003666e-01 3.175463711494902252e+00 3.703248232624671399e+00
-3.193716168859912941e+00 -3.061258004838605995e+00 -5.303087018924800278e-01 2.546241197793225997e+00 3.794419311918104665e+00
-2.474524241738533359e+00 -3.318059719752169290e+00 -1.216719643013893570e+00 1.832357153682995676e+00 3.592822061558225588e+00
-1.585292266920996340e+00 -3.365163970126915149e+00 -1.816858431915835626e+00 1.080157804133691890e+00 3.155250294796215105e+00
-6.086785120758282375e-01 -3.185024523430472154e+00 -2.308992894156584708e+00 3.274747092178620367e-01 2.552052552158357024e+00
3.647026926040881634e-01 -2.780845597033279049e+00 -2.667926247991426525e+00 -3.947366464889945359e-01 1.853266220946095055e+00
1.250440410514840561e+00 -2.180926667268479058e+00 -2.867434277309779844e+00 -1.059692576948908727e+00 1.118813318233406795e+00
1.980754955608501566e+00 -1.436600742852603974e+00 -2.885561627895389059e+00 -1.642220148496310594e+00 3.945011245042229220e-01
2.510022853601850290e+00 -6.147880391997336824e-01 -2.711209193216673086e+00 -2.117240570540434241e+00 -2.871806666578704537e-01
2.816393213304344112e+00 2.116749184360768865e-01 -2.349782510847059580e+00 -2.459913598409245505e+00 -9.036030172240289149e-01
2.900610917338002359e+00 9.732489155562096261e-01 -1.825916479190979658e+00 -2.647662681297838994e+00 -1.437842003371099464e+00
2.782431469454556439e+00 1.611395548466088679e+00 -1.182352415603459495e+00 -2.663808712087641695e+00 -1.875147067871808737e+00
2.495027271637517696e+00 2.084380113163223136e+00 -4.751815404906465368e-01 -2.502048387629295600e+00 -2.200785760177681905e+00
2.078515863896315707e+00 2.370474898204802283e+00 2.335158838096658140e-01 -2.170519903958862518e+00 -2.399683712712159078e+00
1.574149360313524371e+00 2.467881422629751409e+00 8.840287846964268725e-01 -1.693860029108472887e+00 -2.458051565359983925e+00
1.020309939658988752e+00 2.391524189480961571e+00 1.426521832711083126e+00 -1.111955727547776274e+00 -2.366781169023759013e+00
4.506419598356963263e-01 2.167873983995622034e+00 1.826193827196435748e+00 -4.752670420735609635e-01 -2.125690092047372470e+00
-1.060485305136666945e-01 1.829391446249404751e+00 2.065415517121272693e+00 1.619847889462169288e-01 -1.747049588336188286e+00
-6.248644795876000524e-01 1.409902215552331528e+00 2.143014965078374079e+00 7.488083669909388895e-01 -1.256841512421760232e+00
-1.083658418572168713e+00 9.415575121008585846e-01 2.071431184639260792e+00 1.243037867390783369e+00 -6.930434588966442044e-01
-1.462290166974898886e+00 4.533925985755853372e-01 1.872702872609426583e+00 1.614811439393189163e+00 -1.014088503582720735e-01
-1.742686795173419512e+00 -2.890831924888159765e-02 1.574262658098395606e+00 1.847890827172657291e+00 4.700593416263276758e-01
-1.909811716341421217e+00 -4.825727331738931536e-01 1.205307678371729141e+00 1.939127585108107343e+00 9.767042104092255039e-01
-1.953395665084303401e+00 -8.871283483950832549e-01 7.941860962782173461e-01 1.896543554717561531e+00 1.381993546000240380e+00
-1.870044928497449854e+00 -1.224028559246600034e+00 3.668987417941833584e-01 1.736588226892010756e+00 1.660942820743422033e+00
-1.665134784212420227e+00 -1.476812175471571953e+00 -5.343892295509744539e-02 1.481155176998091960e+00 1.801857907249622137e+00
-1.353803654524861289e+00 -1.631945387047556650e+00 -4.464789140247709121e-01 1.154853070266549375e+00 1.806249924291693620e+00
-9.604982564792609034e-01 -1.680278574313343265e+00 -7.942420066605024864e-01 7.828554865706537358e-01 1.687033523155438974e+00
-5.169044329493296397e-01 -1.618790507417144475e+00 -1.080818620479848002e+00 3.894555457531101439e-01 1.465454182229954272e+00
-5.859317558998911046e-02 -1.452080913747420432e+00 -1.292475771630855474e+00 -2.725757926470784298e-03 1.167464353117889209e+00
3.789172651395476543e-01 -1.193033582603387766e+00 -1.418317279968302813e+00 -3.730595096396186472e-01 8.203300249239013908e-01
7.638944577750175213e-01 -8.622687206336981935e-01 -1.451422504597861707e+00 -7.030114603238609705e-01 4.500569353862220456e-01
1.071308918329852533e+00 -4.863614335757212026e-01 -1.390172197637381535e+00 -9.762862490280218575e-01 7.987843586698128995e-02
1.284613755967347615e+00 -9.514668173616114277e-02 -1.239338721683731936e+00 -1.179207789992670952e+00 -2.702947333255543150e-01
1.396323814061911861e+00 2.813841107152044163e-01 -1.010526054591345257e+00 -1.301411735608794418e+00 -5.837806548893049730e-01
1.407512971666919466e+00 6.160795660123468132e-01 -7.216898057202280059e-01 -1.336781816017102553e+00 -8.467719015238651670e-01
1.326475369491046941e+00 8.870928005151892393e-01 -3.956942456879052328e-01 -1.284426232896259235e+00 -1.048053912800248400e+00
1.166885120016336375e+00 1.079514923924527636e+00 -5.809791225558059297e-02 -1.149399234094409028e+00 -1.179015267374144971e+00
9.458208380527677317e-01 1.186028674482572320e+00 2.654628763492912213e-01 -9.428635314397709744e-01 -1.234025839963631466e+00
6.819738897226552687e-01 1.206607791031660160e+00 5.518450025957637450e-01 -6.814854565915353657e-01 -1.211105982672605608e+00
3.942422666834484168e-01 1.147457461676403945e+00 7.825104215098135363e-01 -3.860413578138546797e-01 -1.112672378954114194e+00
1.007671073445568499e-01 1.019505556512922073e+00 9.448930242552266989e-01 -7.942537137866523267e-02 -9.460649679722357153e-01
-1.816558881832889272e-01 8.367765188842819502e-01 1.032910438697693056e+00 2.156004827174082816e-01 -7.235739945294106246e-01
-4.379316310134542811e-01 6.149147707471949165e-01 1.046681481604120556e+00 4.785349776001415201e-01 -4.618030007853752839e-01
-6.549435924356640237e-01 3.700097646623172754e-01 9.916375659703758894e-01 6.928357260225219694e-01 -1.803796089987899087e-01
-8.218764263996806152e-01 1.177564419998815559e-01 8.772794635669438623e-01 8.470044776972149858e-01 9.980859571583478029e-02
-9.306398194294145387e-01 -1.271046031682562250e-01 7.158301536719697822e-01 9.350120418491647545e-01 3.585755032003623555e-01
-9.763732637911168855e-01 -3.511705263197765214e-01 5.209838679489622315e-01 9.561255688772615224e-01 5.782974348066285408e-01
-9.579410080673089745e-01 -5.426943337545863111e-01 3.068736863746002186e-01 9.142746118218647577e-01 7.454173290006589347e-01
-8.782794314310229389e-01 -6.919248365945365187e-01 8.729843236034295906e-02 8.171277621114643175e-01 8.514127306427201614e-01
-7.444502760710539624e-01 -7.915092041203732887e-01 -1.248179753698901578e-01 6.750510451787168353e-01 8.931425501384722132e-01
-5.672904584771000236e-01 -8.369404101625878001e-01 -3.178048701607499305e-01 5.000896696447196810e-01 8.725872984058467008e-01
-3.606268700575269159e-01 -8.269752311311681092e-01 -4.815459965999754344e-01 3.050671732886771625e-01 7.960904517467295438e-01
-1.401207303284154326e-01 -7.639107577556107920e-01 -6.077757630026638935e-01 1.028432914913763874e-01 6.732769607533080070e-01
7.811020789998801561e-02 -6.536036118224616276e-01 -6.904074025386557345e-01 -9.427434244242173522e-02 5.158520632124836691e-01
2.788981788044596066e-01 -5.051514919495389000e-01 -7.258818564174199794e-01 -2.750008302540075666e-01 3.364635509139815017e-01
4.492702577221898697e-01 -3.302217810931253883e-01 -7.134801006956713598e-01 -4.294748989687111607e-01 1.477531104451714761e-01
5.793841938794216384e-01 -1.420856322464917332e-01 -6.555123534791120754e-01 -5.496299753052740211e-01 -3.835144535781487285e-02
6.630724461117172286e-01 4.552454308040899261e-02 -5.572955776690990959e-01 -6.295516959897409226e-01 -2.111179852271333202e-01
6.979797490525474490e-01 2.195854420774023819e-01 -4.268578654013538420e-01 -6.658064208711640397e-01 -3.613241352072679158e-01
6.853383048454126936e-01 3.688332383670140935e-01 -2.743572892040238020e-01 -6.576954768061816781e-01 -4.814759091698744831e-01
6.294665253205381505e-01 4.845734820581695246e-01 -1.112597786685866064e-01 -6.073718232171634313e-01 -5.659911797223063923e-01
5.370980188034992775e-01 5.611752953604800531e-01 5.063001743806295335e-02 -5.197570832405637997e-01 -6.113786579441424784e-01
4.166463691363107014e-01 5.962279868422020179e-01 2.001616173649190256e-01 -4.022197485876935485e-01 -6.164064371955270127e-01
2.774914864507305179e-01 5.903893708307981214e-01 3.277291485261399906e-01 -2.640152045522294877e-01 -5.822215600182595319e-01
1.293422764402469838e-01 5.469941606755843733e-01 4.259555020547511894e-01 -1.155340087834546559e-01 -5.123633233251236874e-01
-1.830250955534684643e-02 4.715109160061670135e-01 4.901065683468937006e-01 3.255702335371601919e-02 -4.126144468812871224e-01
-1.565996654680689160e-01 3.709355848549091839e-01 5.182191004546982116e-01 1.701767546745187598e-01 -2.906561509446255465e-01
-2.777320206412539072e-01 2.531927656531718362e-01 5.109689120456881728e-01 2.885934129801459580e-01 -1.555292849182825510e-01
-3.752243352937061349e-01 1.265901344396620498e-01 4.713370702267269952e-01 3.810108771702185315e-01 -1.694307750210455321e-02
-4.442157747815783098e-01 -6.546494653186796242e-04 4.041465609508749779e-01 4.429318161151443167e-01 1.154952759385046157e-01
-4.816851438277528485e-01 -1.208154217636231570e-01 3.155410061099774843e-01 4.722877116759609528e-01 2.330406069748656162e-01
-4.866098724600821379e-01 -2.269990766654794712e-01 2.124641450431450362e-01 4.693567030351575298e-01 3.284709638737231541e-01
-4.600297210927051794e-01 -3.134399946432160355e-01 1.021794649891350076e-01 4.365117408214682637e-01 3.965782364413050765e-01
-4.049852340940144346e-01 -3.757533236687897737e-01 -8.150756931191160959e-03 3.778520480858083008e-01 4.344437727880596789e-01
-3.263105875607741346e-01 -4.111419163841576463e-01 -1.118240502640992645e-01 2.987710287953111998e-01 4.414867693315178698e-01
-2.302790685742656107e-01 -4.185404408765414086e-01 -2.029006967236074432e-01 2.055059618700942892e-01 4.193044079195551443e-01
-1.241225790402804563e-01 -3.986730613044151550e-01 -2.764598824951516876e-01 1.047024837527399388e-01 3.713474680035149245e-01
-1.546828332888949831e-02 -3.540012836866666124e-01 -3.288135899438273668e-01 3.013609787911653015e-03 3.024894841549299329e-01
8.824980662289627631e-02 -2.885471141365632541e-01 -3.576745549441981975e-01 -9.325803753680683705e-02 2.185498742576650333e-01
1.803423303955143109e-01 -2.075920224655783963e-01 -3.622660340382617972e-01 -1.784730067928378405e-01 1.258231271339407265e-01
2.553238772728354533e-01 -1.172706284214937167e-01 -3.433556890188387833e-01 -2.479230057426339284e-01 3.065084209072011304e-02
3.092400427281085662e-01 -2.409490755605780965e-02 -3.031961580325384098e-01 -2.980520705628559863e-01 -6.094393574151524273e-02
3.398420970723539103e-01 6.554398275805772833e-02 -2.453616641957978572e-01 -3.266242180189272704e-01 -1.435554987641555202e-01
3.466094690111822807e-01 1.458457733191236283e-01 -1.744821517451253801e-01 -3.328262059147005791e-01 -2.126321794602860082e-01
3.306375115126616304e-01 2.119974013120984324e-01 -9.589115280609428194e-02 -3.172917736330434502e-01 -2.646587702260838615e-01
2.944198318697439642e-01 2.604615179565088479e-01 -1.521731811195714545e-02 -2.820356568750384541e-01 -2.972900499450825684e-01
2.415598461458916546e-01 2.891388240823504763e-01 6.204100782480570508e-02 -2.302922883013666100e-01 -3.094352910939557888e-01
1.764455415436800845e-01 2.974025248482796702e-01 1.309157782416547899e-01 -1.662644502663385149e-01 -3.012878545322336121e-01
1.039162094151280247e-01 2.860178049138704104e-01 1.873053630262697666e-01 -9.479901506439847303e-02 -2.742905997274343588e-01
2.894232789485995383e-02 2.569695511676335364e-01 2.282181471390403171e-01 -2.101746269600823780e-02 -2.310285874079883728e-01
-4.366791566579875106e-02 2.132265322626500925e-01 2.519082846279498966e-01 5.006444489528605324e-02 -1.750458228917467496e-01
-1.095279865524867446e-01 1.584701175770764081e-01 2.579023338141208654e-01 1.138921364224230182e-01 -1.105915472084297857e-01
-1.648941852592865631e-01 9.681168430617859144e-02 2.469277033271497501e-01 1.666712978526228295e-01 -4.231171488713636464e-02
-2.068453928785864981e-01 3.251695889268657602e-02 2.207623967073333304e-01 2.055874260211818516e-01 2.508970068699745495e-02
-2.334171328967296066e-01 -3.025046265911901511e-02 1.820297248708699911e-01 2.289335415576554400e-01 8.718924171372255394e-02
-2.436841770426514397e-01 -8.765888917803299485e-02 1.339617325344828469e-01 2.361447364862634402e-01 1.401508931614030562e-01
-2.377852065243682977e-01 -1.364068122176016473e-01 8.015209801313671889e-02 2.277476638123878683e-01 1.809736005763029620e-01
-2.168841742707660059e-01 -1.738856807935955651e-01 2.431463525453558816e-02 2.052397801671956845e-01 2.076591630942061784e-01
-1.830664463684166243e-01 -1.983026290283897985e-01 -2.994133243007823797e-02 1.709167009883454380e-01 2.192903033302213700e-01
-1.391732526092750444e-01 -2.087577329130771986e-01 -7.931144578069317108e-02 1.276666496579899057e-01 2.160193366508273982e-01
-8.858450513426308071e-02 -2.052701825646359168e-01 -1.209678680684868057e-01 7.874938142716536582e-02 1.989773186697014751e-01
-3.496630231125108512e-02 -1.887490460609947407e-01 -1.526981731624719174e-01 2.757408520562454335e-02 1.701204627737473718e-01
1.799595171007872807e-02 -1.609073838278154422e-01 -1.730077405519047096e-01 -2.251244250522899115e-02 1.320342428107583732e-01
6.685593305888581916e-02 -1.241230864312670157e-01 -1.811814383377494675e-01 -6.841885153810267628e-02 8.771591586178485722e-02
1.086345393178611562e-01 -8.125518356398442332e-02 -1.773004614370440324e-01 -1.074769847077434726e-01 4.035385975053640273e-02
1.409999819603113824e-01 -3.542944800411496065e-02 -1.622113941412972604e-01 -1.375788762143375088e-01 -6.881811813361116137e-03
1.623879900349436411e-01 1.018915953405197250e-02 -1.374471470803066975e-01 -1.572780708358637591e-01 -5.102724135240988002e-02
1.720571644729935734e-01 5.261806551459513592e-02 -1.051031884974021890e-01 -1.658507524881438489e-01 -8.948509848513608311e-02
1.700811865494964437e-01 8.925439473572582827e-02 -6.767685260631506328e-02 -1.633130337326754722e-01 -1.201534552043064252e-01
1.572851035227902372e-01 1.180328593928077208e-01 -2.788162527941751012e-02 -1.503924625775299173e-01 -1.415210173920964376e-01
1.351367063581181416e-01 1.375338703116935068e-01 1.154867579764662366e-02 -1.284544770137049374e-01 -1.527269753502114025e-01
1.056059055636111577e-01 1.470371390103342168e-01 4.804963759826242492e-02 -9.938796965634079383e-02 -1.535838956506496711e-01
7.100516531067269099e-02 1.465215968947597425e-01 7.939448096011747502e-02 -6.545784044552660497e-02 -1.445624759377483193e-01
3.382296684338870207e-02 1.366171250669041548e-01 1.038280288464224071e-01 -2.913571593069408383e-02 -1.267381099243906073e-01
-3.439528999218510741e-03 1.185169106666332794e-01 1.201577102100768180e-01 7.077726286007335332e-03 -1.017011888992451901e-01
-3.842041972256127202e-02 9.386100429103705345e-02 1.277976725560869831e-01 4.082460945327537338e-02 -7.143577360699848722e-02
-6.903114115756904534e-02 6.460198171853148708e-02 1.267667571535631144e-01 7.004256646726458868e-02 -3.817425315519262785e-02
-9.356758122553876511e-02 3.286288778022772306e-02 1.176450521686047690e-01 9.308737089311480695e-02 -4.238278724645216933e-03
-1.107941237595212458e-01 7.963020037293766507e-04 1.014965600285124836e-01 1.088180038740402950e-01 2.812195981874832454e-02
-1.199973745671629871e-01 -2.954815146245537427e-02 7.976705064721967275e-02 1.166406068558643039e-01 5.687757459301234775e-02
-1.210072853687349514e-01 -5.634191984818248677e-02 5.416652227236595785e-02 1.165116219989170698e-01 8.034839135861938930e-02
-1.141846915709303772e-01 -7.807646652740007909e-02 2.654514538464503373e-02 1.089037079999231050e-01 9.729872165545572216e-02
-1.003760170602361335e-01 -9.363914859286781578e-02 -1.229524699790207620e-03 9.474044179167107060e-02 1.069956061552115312e-01
-8.083801370513177265e-02 -1.023629523871728564e-01 -2.738756526237773326e-02 7.530726908852281021e-02 1.092274285853929161e-01
-5.713767673559710936e-02 -1.040479454262037695e-01 -5.035866215468398632e-02 5.214671572122697718e-02 1.042845080010594838e-01
-3.103458018413374209e-02 -9.895351223662263163e-02 -6.885682421986827340e-02 2.694570527357287304e-02 9.290641753263907676e-02
-4.354453807532965293e-03 -8.776199472834289583e-02 -8.194449595246690310e-02 1.422189762385395184e-03 7.620301564539566641e-02
2.113641778496000434e-02 -7.151619400476161292e-02 -8.907354001883906192e-02 -2.278257772451819374e-02 5.555737231000668769e-02
4.384660891753933143e-02 -5.153512623153978095e-02 -9.010144959707377943e-02 -4.420074172217081099e-02 3.251898176935475587e-02
6.245659324285313119e-02 -2.931419539973612043e-02 -8.528223912264143447e-02 -6.161904428853337556e-02 8.695080814064448660e-03
7.599119192290859637e-02 -6.417268842505596815e-03 -7.523280254262054711e-02 -7.414094173461238668e-02 -1.435317845320671637e-02
8.386367625934676440e-02 1.563121275496692775e-02 -6.087707227344830302e-02 -8.122696519240502067e-02 -3.520423268182082399e-02
8.589039187645708395e-02 3.544611473418735059e-02 -4.337191408554041949e-02 -8.271166901655857551e-02 -5.265508606949276249e-02
8.227721982750391128e-02 5.186645028682801417e-02 -2.402014152763476407e-02 -7.879669466351148233e-02 -6.578269045698015294e-02
7.358121056856981035e-02 6.401976518127794336e-02 -4.177101346797273962e-03 -7.002083489119692583e-02 -7.398562415727727437e-02
6.065216873939838216e-02 7.136268064479867057e-02 1.484221812456731904e-02 -5.720944817270157134e-02 -7.700483928103940556e-02
4.455978893322543738e-02 7.369639704781594247e-02 3.184877280958153811e-02 -4.140701610729191628e-02 -7.492311572196030944e-02
2.651220367804318911e-02 7.115802914286839531e-02 4.585179140308648371e-02 -2.379787897597029911e-02 -6.814380846173972994e-02
7.771619735128965090e-03 6.419038141512101170e-02 5.611327583249980933e-02 -5.621056133174096026e-03 -5.735053471966888861e-02
-1.042776775302778347e-02 5.349404459068174411e-02 6.218184106931801125e-02 1.191458079533846970e-02 -4.345058287813263753e-02
-2.695505241938023211e-02 3.996646049160768044e-02 6.390492526313495958e-02 2.770872576210448024e-02 -2.750593191489425493e-02
-4.084729207964687969e-02 2.463289964761084319e-02 6.142016529143190517e-02 4.083635350361891625e-02 -1.065670235746085659e-02
-5.136056190099014263e-02 8.574215497862303081e-03 5.512821879312213014e-02 5.059864660666835157e-02 5.957534729561952958e-03
-5.800516408780565653e-02 -7.144110685463167520e-03 4.565040747517490338e-02 5.655554554225949992e-02 2.127300443976509747e-02
-6.056362150568472824e-02 -2.153763249433937599e-02 3.377522349211758979e-02 5.853892779845959460e-02 3.436828851181217281e-02
-5.909099866866585060e-02 -3.375991031059644154e-02 2.039800749289044646e-02 5.664694244748225138e-02 4.451778553534624372e-02
-5.389807777085753315e-02 -4.314804799760918463e-02 6.458044367624315996e-03 5.122132940719148486e-02 5.122887529877573343e-02
-4.551893781277360773e-02 -4.925474454083611509e-02 -7.122978186422823654e-03 4.281054955806440354e-02 5.426105300450001501e-02
-3.466547428428312649e-02 -5.186556279735710095e-02 -1.949765689766103094e-02 3.212220693225420476e-02 5.362682311290689618e-02
-2.217226200997535202e-02 -5.100092608226824975e-02 -2.994175607994176147e-02 1.996857208584401633e-02 4.957556415252040161e-02
-8.935805076993987364e-03 -4.690322319722296102e-02 -3.789293178356134550e-02 7.209059976790666013e-03 4.256275032826284388e-02
4.147450297670607355e-03 -4.001029547707712908e-02 -4.297757374056977026e-02 -5.306662366807657349e-03 3.320775686197574572e-02
1.623999236739592789e-02 -3.091743953875569773e-02 -4.502471567385224471e-02 -1.679160421071135278e-02 2.224395208951013281e-02
2.661505514557727450e-02 -2.033080876481807575e-02 -4.406668530206514500e-02 -2.656754244130599130e-02 1.046491412374783714e-02
3.469813358044326890e-02 -9.015654918306026389e-03 -4.032690874963806849e-02 -3.410191335580603500e-02 -1.329565187025094630e-03
4.009589550262826485e-02 2.256860034287377914e-03 -3.419607133472613025e-02 -3.903381002948314027e-02 -1.238433480053802160e-02
4.261129908238836528e-02 1.276055020481470237e-02 -2.619853968445795545e-02 -4.118799351268277037e-02 -2.203380452218972607e-02
4.224482672986340503e-02 2.185936856918702098e-02 -1.695158571725696728e-02 -4.057655559057704586e-02 -2.973870655757882009e-02
3.918267137507869258e-02 2.904404606270927225e-02 -7.120389022534201473e-03 -3.738860714466707424e-02 -3.511299787192490723e-02
3.377362758609026017e-02 3.395815156526804657e-02 2.627945569253054003e-03 -3.196910060879376569e-02 -3.793991481344327621e-02
2.649700869853322330e-02 3.641245230409717593e-02 1.166816980428952988e-02 -2.478856871239276671e-02 -3.817676034263695062e-02
1.792428676976665428e-02 3.638737175594953382e-02 1.945556267751813451e-02 -1.640611809960945688e-02 -3.594862934644205144e-02
8.677312590917640733e-03 3.402419924762134507e-02 2.555709250244952990e-02 -7.428418839808270668e-03 -3.153189905085129752e-02
-6.140631615348945971e-04 2.960642477010400064e-02 2.967335836732409859e-02 1.532372000043080718e-03 -2.532889170649443855e-02
-9.352346077573514549e-03 2.353311341777586732e-02 3.165037968477713015e-02 9.898843472579743619e-03 -1.783563195135084989e-02
-1.700837531722054763e-02 1.628659720089897789e-02 3.148108102889612958e-02 1.716411299897790954e-02 -9.605032486872500108e-03
-2.315111299126360392e-02 8.396897139294701162e-03 2.929710031545695870e-02 2.292088727905317036e-02 -1.208096827849058919e-03
-2.746964326709822046e-02 4.053096676388534547e-04 2.535209501114943365e-02 2.688232397432322243e-02 6.804189311904629278e-03
-2.978652888532462573e-02 -7.170560296112848953e-03 1.999824904104996817e-02 2.889373178549603863e-02 1.393573485481769403e-02
-3.006209666261394631e-02 -1.386827327680684348e-02 1.365796081117442995e-02 2.893492135964348400e-02 1.977477770257185519e-02
-2.838978171308659260e-02 -1.930683958986567639e-02 6.792826640451554709e-03 2.711367139930165315e-02 2.401613921259638032e-02
-2.498320675765752785e-02 -2.320649879770242396e-02 -1.279678473310452702e-04 2.365132896616617755e-02 2.647516595239474135e-02
-2.015618217574344229e-02 -2.540111604801686962e-02 -6.657853105279332162e-03 1.886199773268826263e-02 2.709291195746277650e-02
-1.429719800145423832e-02 -2.584278158285846505e-02 -1.239995530276938318e-02 1.312708552101660153e-02 2.593272411976244030e-02
-7.840338952663339356e-03 -2.459866661405596400e-02 -1.702954214651486442e-02 6.867098581646136068e-03 2.316901272120919231e-02
-1.234693325162905531e-03 -2.184070105321733735e-02 -2.031072367871278317e-02 5.126276895579540138e-04 1.906949772759536366e-02
5.085628675932651888e-03 -1.782902446996148527e-02 -2.210671015153831132e-02 -5.523619475616414753e-03 1.397251658084197601e-02
1.072889173098645621e-02 -1.289055176821862943e-02 -2.238328547181534303e-02 -1.087207828088432478e-02 8.261192264786387796e-03
1.536885309019697665e-02 -7.394284468333234273e-03 -2.120558867115251989e-02 -1.522747886226194503e-02 2.336324343201079401e-03
1.876228552054981860e-02 -1.725130925007811733e-03 -1.872872296949279480e-02 -1.836481879306428935e-02 -3.410179423523396203e-03
2.076006007282815702e-02 3.741926504374548657e-03 -1.518304064487974343e-02 -2.014939931520354222e-02 -8.619767299211877898e-03
2.131144110862814856e-02 8.665647240986285027e-03 -1.085532125973498636e-02 -2.054060986325156879e-02 -1.298815568371747275e-02
2.046171786833439823e-02 1.275882793084726075e-02 -6.067237077605591722e-03 -1.958953426400766862e-02 -1.628164673121978989e-02
1.834376886409239127e-02 1.580391178139572972e-02 -1.152639090475693351e-03 -1.743080679641129116e-02 -1.834812642325156506e-02
1.516447459595715586e-02 1.766315738256385437e-02 3.564747424796621544e-03 -1.426950001982962846e-02 -1.912231603901526356e-02
1.118719480644325692e-02 1.828301255422193350e-02 7.791781543335263294e-03 -1.036413896063814732e-02 -1.862527175458861262e-02
6.711681659036017322e-03 1.769275392630498267e-02 1.128324226632404503e-02 -6.007127023621272599e-03 -1.695844488517761484e-02
2.052855100701300728e-03 1.599785021156296949e-02 1.385505732395841960e-02 -1.503993617498533553e-03 -1.429292285324745837e-02
-2.480158511385610609e-03 1.336881432630110389e-02 1.539278230188245722e-02 2.847106506265406622e-03 -1.085475568283966741e-02
-6.603427377875781268e-03 1.002654336891239950e-02 1.585505281595223082e-02 6.774300470206995328e-03 -6.907490417280670592e-03
-1.007493403332859749e-02 6.225301619224410388e-03 1.527208901492316251e-02 1.004814710661783295e-02 -2.733172921037474445e-03
-1.270772155237542833e-02 2.234571280823827166e-03 1.373965589787262687e-02 1.249411629973962157e-02 1.386872443525311027e-03
-1.437883790651817151e-02 -1.679017486396539027e-03 1.140915555012944615e-02 1.400078600137977247e-02 5.190213322617598379e-03
-1.503373697098020489e-02 -5.268549793524313074e-03 8.474732433797704800e-03 1.452347046814872478e-02 8.449283845213262367e-03
-1.468608931036186234e-02 -8.321497895478537424e-03 5.158402492520197669e-03 1.408331684474317669e-02 1.098421922148551388e-02
-1.341324244212571855e-02 -1.067140685714473847e-02 1.694271419118820177e-03 1.276220480019940595e-02 1.267186825343702417e-02
-1.134783316437382172e-02 -1.220602337974530105e-02 -1.687107589953606990e-03 1.069403591971451739e-02 1.345059965247252798e-02
-8.666278476313295578e-03 -1.287154297679204973e-02 -4.773262676497580514e-03 8.053193059905261464e-03 1.332082679417845306e-02
-5.575041718784645717e-03 -1.267290527584463873e-02 -7.382371822429512065e-03 5.041079079243671046e-03 1.234146699173499506e-02
-2.295680780356801343e-03 -1.167031500670523414e-02 -9.373197420027179483e-03 1.871700643509610629e-03 1.062282770127209730e-02
9.502878233120792828e-04 -9.972399447965352159e-03 -1.065190010223138195e-02 -1.242727218341621587e-03 8.316569951041685727e-03
3.955707926164953037e-03 -7.726609091335823187e-03 -1.117546915867917434e-02 -4.105253962024990599e-03 5.603607748408068190e-03
6.540384768254803305e-03 -5.107614944421801084e-03 -1.095173278412597817e-02 -6.545949610505807925e-03 2.680840685775898180e-03
8.561235854383619781e-03 -2.304558471918016771e-03 -1.003611522392833244e-02 -8.431294357220342484e-03 -2.523671447142161739e-04
9.919464611807260468e-03 4.919527345772500837e-04 -8.525509158886614494e-03 -9.670738212138152434e-03 -3.007087871105040833e-03
1.056445658177218583e-02 3.102240434990521933e-03 -6.549801968050106282e-03 -1.022016502341360766e-02 -5.416329306264566767e-03
1.049433664663190768e-02 5.368563802499615178e-03 -4.261721154639408482e-03 -1.008220518450975156e-02 -7.344493915429239905e-03
9.753342637007778038e-03 7.164093897557233248e-03 -1.825743011107272551e-03 -9.303530595532905068e-03 -8.694313031674782977e-03
8.426377346206992414e-03 8.399382581029790629e-03 5.931659024600577368e-04 -7.969467314206779562e-03 -9.410961424230923633e-03
6.631260237786262834e-03 9.026041211103175144e-03 2.840231284113814425e-03 -6.196407210117382824e-03 -9.483249260880843856e-03
4.509312327615866423e-03 9.037553521777930143e-03 4.780308316676196156e-03 -4.122619506034763681e-03 -8.941967186203549425e-03
2.214973840216183376e-03 8.467339293280584656e-03 6.305522726354206853e-03 -1.898141174707101975e-03 -7.855636098085372332e-03
-9.482740700939018552e-05 7.384356047210660634e-03 7.340716626325738403e-03 3.255474415795323040e-04 -6.324065111096177638e-03
