0.000000000000000000e+00 0.000000000000000000e+00 0.000000000000000000e+00 0.000000000000000000e+00 0.000000000000000000e+00
0.000000000000000000e+00 0.000000000000000000e+00 0.000000000000000000e+00 0.000000000000000000e+00 0.000000000000000000e+00
0.000000000000000000e+00 0.000000000000000000e+00 0.000000000000000000e+00 0.000000000000000000e+00 0.000000000000000000e+00
0.000000000000000000e+00 0.000000000000000000e+00 0.000000000000000000e+00 0.000000000000000000e+00 0.000000000000000000e+00
0.000000000000000000e+00 0.000000000000000000e+00 0.000000000000000000e+00 0.000000000000000000e+00 0.000000000000000000e+00
0.000000000000000000e+00 0.000000000000000000e+00 0.000000000000000000e+00 0.000000000000000000e+00 0.000000000000000000e+00
0.000000000000000000e+00 0.000000000000000000e+00 0.000000000000000000e+00 0.000000000000000000e+00 0.000000000000000000e+00
0.000000000000000000e+00 0.000000000000000000e+00 0.000000000000000000e+00 0.000000000000000000e+00 0.000000000000000000e+00
0.000000000000000000e+00 0.000000000000000000e+00 0.000000000000000000e+00 0.000000000000000000e+00 0.000000000000000000e+00
0.000000000000000000e+00 0.000000000000000000e+00 0.000000000000000000e+00 0.000000000000000000e+00 0.000000000000000000e+00
0.000000000000000000e+00 0.000000000000000000e+00 0.000000000000000000e+00 0.000000000000000000e+00 0.000000000000000000e+00
0.000000000000000000e+00 0.000000000000000000e+00 0.000000000000000000e+00 0.000000000000000000e+00 0.000000000000000000e+00
0.000000000000000000e+00 0.000000000000000000e+00 0.000000000000000000e+00 0.000000000000000000e+00 0.000000000000000000e+00
0.000000000000000000e+00 0.000000000000000000e+00 0.000000000000000000e+00 0.000000000000000000e+00 0.000000000000000000e+00
0.000000000000000000e+00 0.000000000000000000e+00 0.000000000000000000e+00 0.000000000000000000e+00 0.000000000000000000e+00
0.000000000000000000e+00 0.000000000000000000e+00 0.000000000000000000e+00 0.000000000000000000e+00 0.000000000000000000e+00
0.000000000000000000e+00 0.000000000000000000e+00 0.000000000000000000e+00 0.000000000000000000e+00 0.000000000000000000e+00
0.000000000000000000e+00 0.000000000000000000e+00 0.000000000000000000e+00 0.000000000000000000e+00 0.000000000000000000e+00
0.000000000000000000e+00 0.000000000000000000e+00 0.000000000000000000e+00 0.000000000000000000e+00 0.000000000000000000e+00
0.000000000000000000e+00 0.000000000000000000e+00 0.000000000000000000e+00 0.000000000000000000e+00 0.000000000000000000e+00
0.000000000000000000e+00 0.000000000000000000e+00 0.000000000000000000e+00 0.000000000000000000e+00 0.000000000000000000e+00
0.000000000000000000e+00 0.000000000000000000e+00 0.000000000000000000e+00 0.000000000000000000e+00 0.000000000000000000e+00
0.000000000000000000e+00 0.000000000000000000e+00 0.000000000000000000e+00 0.000000000000000000e+00 0.000000000000000000e+00
0.000000000000000000e+00 0.000000000000000000e+00 0.000000000000000000e+00 0.000000000000000000e+00 0.000000000000000000e+00
0.000000000000000000e+00 0.000000000000000000e+00 0.000000000000000000e+00 0.000000000000000000e+00 0.000000000000000000e+00
0.000000000000000000e+00 0.000000000000000000e+00 0.000000000000000000e+00 0.000000000000000000e+00 0.000000000000000000e+00
0.000000000000000000e+00 0.000000000000000000e+00 0.000000000000000000e+00 0.000000000000000000e+00 0.000000000000000000e+00
0.000000000000000000e+00 0.000000000000000000e+00 0.000000000000000000e+00 0.000000000000000000e+00 0.000000000000000000e+00
0.000000000000000000e+00 0.000000000000000000e+00 0.000000000000000000e+00 0.000000000000000000e+00 0.000000000000000000e+00
0.000000000000000000e+00 0.000000000000000000e+00 0.000000000000000000e+00 0.000000000000000000e+00 0.000000000000000000e+00
0.000000000000000000e+00 0.000000000000000000e+00 0.000000000000000000e+00 0.000000000000000000e+00 0.000000000000000000e+00
0.000000000000000000e+00 0.000000000000000000e+00 0.000000000000000000e+00 0.000000000000000000e+00 0.000000000000000000e+00
0.000000000000000000e+00 0.000000000000000000e+00 0.000000000000000000e+00 0.000000000000000000e+00 0.000000000000000000e+00
0.000000000000000000e+00 0.000000000000000000e+00 0.000000000000000000e+00 0.000000000000000000e+00 0.000000000000000000e+00
0.000000000000000000e+00 0.000000000000000000e+00 0.000000000000000000e+00 0.000000000000000000e+00 0.000000000000000000e+00
0.000000000000000000e+00 0.000000000000000000e+00 0.000000000000000000e+00 0.000000000000000000e+00 0.000000000000000000e+00
0.000000000000000000e+00 0.000000000000000000e+00 0.000000000000000000e+00 0.000000000000000000e+00 0.000000000000000000e+00
0.000000000000000000e+00 0.000000000000000000e+00 0.000000000000000000e+00 0.000000000000000000e+00 0.000000000000000000e+00
0.000000000000000000e+00 0.000000000000000000e+00 0.000000000000000000e+00 0.000000000000000000e+00 0.000000000000000000e+00
0.000000000000000000e+00 0.000000000000000000e+00 0.000000000000000000e+00 0.000000000000000000e+00 0.000000000000000000e+00
0.000000000000000000e+00 0.000000000000000000e+00 0.000000000000000000e+00 0.000000000000000000e+00 0.000000000000000000e+00
0.000000000000000000e+00 0.000000000000000000e+00 0.000000000000000000e+00 0.000000000000000000e+00 0.000000000000000000e+00
0.000000000000000000e+00 0.000000000000000000e+00 0.000000000000000000e+00 0.000000000000000000e+00 0.000000000000000000e+00
0.000000000000000000e+00 0.000000000000000000e+00 0.000000000000000000e+00 0.000000000000000000e+00 0.000000000000000000e+00
0.000000000000000000e+00 0.000000000000000000e+00 0.000000000000000000e+00 0.000000000000000000e+00 0.000000000000000000e+00
0.000000000000000000e+00 0.000000000000000000e+00 0.000000000000000000e+00 0.000000000000000000e+00 0.000000000000000000e+00
0.000000000000000000e+00 0.000000000000000000e+00 0.000000000000000000e+00 0.000000000000000000e+00 0.000000000000000000e+00
0.000000000000000000e+00 0.000000000000000000e+00 0.000000000000000000e+00 0.000000000000000000e+00 0.000000000000000000e+00
0.000000000000000000e+00 0.000000000000000000e+00 0.000000000000000000e+00 0.000000000000000000e+00 0.000000000000000000e+00
0.000000000000000000e+00 0.000000000000000000e+00 0.000000000000000000e+00 0.000000000000000000e+00 0.000000000000000000e+00
0.000000000000000000e+00 0.000000000000000000e+00 0.000000000000000000e+00 0.000000000000000000e+00 0.000000000000000000e+00
0.000000000000000000e+00 0.000000000000000000e+00 0.000000000000000000e+00 0.000000000000000000e+00 0.000000000000000000e+00
0.000000000000000000e+00 0.000000000000000000e+00 0.000000000000000000e+00 0.000000000000000000e+00 0.000000000000000000e+00
0.000000000000000000e+00 0.000000000000000000e+00 0.000000000000000000e+00 0.000000000000000000e+00 0.000000000000000000e+00
0.000000000000000000e+00 0.000000000000000000e+00 0.000000000000000000e+00 0.000000000000000000e+00 0.000000000000000000e+00
0.000000000000000000e+00 0.000000000000000000e+00 0.000000000000000000e+00 0.000000000000000000e+00 0.000000000000000000e+00
0.000000000000000000e+00 0.000000000000000000e+00 0.000000000000000000e+00 0.000000000000000000e+00 0.000000000000000000e+00
0.000000000000000000e+00 0.000000000000000000e+00 0.000000000000000000e+00 0.000000000000000000e+00 0.000000000000000000e+00
0.000000000000000000e+00 0.000000000000000000e+00 0.000000000000000000e+00 0.000000000000000000e+00 0.000000000000000000e+00
0.000000000000000000e+00 0.000000000000000000e+00 0.000000000000000000e+00 0.000000000000000000e+00 0.000000000000000000e+00
0.000000000000000000e+00 0.000000000000000000e+00 0.000000000000000000e+00 0.000000000000000000e+00 0.000000000000000000e+00
0.000000000000000000e+00 0.000000000000000000e+00 0.000000000000000000e+00 0.000000000000000000e+00 0.000000000000000000e+00
0.000000000000000000e+00 0.000000000000000000e+00 0.000000000000000000e+00 0.000000000000000000e+00 0.000000000000000000e+00
0.000000000000000000e+00 0.000000000000000000e+00 0.000000000000000000e+00 0.000000000000000000e+00 0.000000000000000000e+00
0.000000000000000000e+00 0.000000000000000000e+00 0.000000000000000000e+00 0.000000000000000000e+00 0.000000000000000000e+00
0.000000000000000000e+00 0.000000000000000000e+00 0.000000000000000000e+00 0.000000000000000000e+00 0.000000000000000000e+00
0.000000000000000000e+00 0.000000000000000000e+00 0.000000000000000000e+00 0.000000000000000000e+00 0.000000000000000000e+00
0.000000000000000000e+00 0.000000000000000000e+00 0.000000000000000000e+00 0.000000000000000000e+00 0.000000000000000000e+00
0.000000000000000000e+00 0.000000000000000000e+00 0.000000000000000000e+00 0.000000000000000000e+00 0.000000000000000000e+00
0.000000000000000000e+00 0.000000000000000000e+00 0.000000000000000000e+00 0.000000000000000000e+00 0.000000000000000000e+00
0.000000000000000000e+00 0.000000000000000000e+00 0.000000000000000000e+00 0.000000000000000000e+00 0.000000000000000000e+00
0.000000000000000000e+00 0.000000000000000000e+00 0.000000000000000000e+00 0.000000000000000000e+00 0.000000000000000000e+00
0.000000000000000000e+00 0.000000000000000000e+00 0.000000000000000000e+00 0.000000000000000000e+00 0.000000000000000000e+00
0.000000000000000000e+00 0.000000000000000000e+00 0.000000000000000000e+00 0.000000000000000000e+00 0.000000000000000000e+00
0.000000000000000000e+00 0.000000000000000000e+00 0.000000000000000000e+00 0.000000000000000000e+00 0.000000000000000000e+00
0.000000000000000000e+00 0.000000000000000000e+00 0.000000000000000000e+00 0.000000000000000000e+00 0.000000000000000000e+00
0.000000000000000000e+00 0.000000000000000000e+00 0.000000000000000000e+00 0.000000000000000000e+00 0.000000000000000000e+00
0.000000000000000000e+00 0.000000000000000000e+00 0.000000000000000000e+00 0.000000000000000000e+00 0.000000000000000000e+00
0.000000000000000000e+00 0.000000000000000000e+00 0.000000000000000000e+00 0.000000000000000000e+00 0.000000000000000000e+00
0.000000000000000000e+00 0.000000000000000000e+00 0.000000000000000000e+00 0.000000000000000000e+00 0.000000000000000000e+00
0.000000000000000000e+00 0.000000000000000000e+00 0.000000000000000000e+00 0.000000000000000000e+00 0.000000000000000000e+00
0.000000000000000000e+00 0.000000000000000000e+00 0.000000000000000000e+00 0.000000000000000000e+00 0.000000000000000000e+00
0.000000000000000000e+00 0.000000000000000000e+00 0.000000000000000000e+00 0.000000000000000000e+00 0.000000000000000000e+00
0.000000000000000000e+00 0.000000000000000000e+00 0.000000000000000000e+00 0.000000000000000000e+00 0.000000000000000000e+00
0.000000000000000000e+00 0.000000000000000000e+00 0.000000000000000000e+00 0.000000000000000000e+00 0.000000000000000000e+00
0.000000000000000000e+00 0.000000000000000000e+00 0.000000000000000000e+00 0.000000000000000000e+00 0.000000000000000000e+00
0.000000000000000000e+00 0.000000000000000000e+00 0.000000000000000000e+00 0.000000000000000000e+00 0.000000000000000000e+00
0.000000000000000000e+00 0.000000000000000000e+00 0.000000000000000000e+00 0.000000000000000000e+00 0.000000000000000000e+00
0.000000000000000000e+00 0.000000000000000000e+00 0.000000000000000000e+00 0.000000000000000000e+00 0.000000000000000000e+00
0.000000000000000000e+00 0.000000000000000000e+00 0.000000000000000000e+00 0.000000000000000000e+00 0.000000000000000000e+00
0.000000000000000000e+00 0.000000000000000000e+00 0.000000000000000000e+00 0.000000000000000000e+00 0.000000000000000000e+00
0.000000000000000000e+00 0.000000000000000000e+00 0.000000000000000000e+00 0.000000000000000000e+00 0.000000000000000000e+00
0.000000000000000000e+00 0.000000000000000000e+00 0.000000000000000000e+00 0.000000000000000000e+00 0.000000000000000000e+00
0.000000000000000000e+00 0.000000000000000000e+00 0.000000000000000000e+00 0.000000000000000000e+00 0.000000000000000000e+00
0.000000000000000000e+00 0.000000000000000000e+00 0.000000000000000000e+00 0.000000000000000000e+00 0.000000000000000000e+00
0.000000000000000000e+00 0.000000000000000000e+00 0.000000000000000000e+00 0.000000000000000000e+00 0.000000000000000000e+00
0.000000000000000000e+00 0.000000000000000000e+00 0.000000000000000000e+00 0.000000000000000000e+00 0.000000000000000000e+00
0.000000000000000000e+00 0.000000000000000000e+00 0.000000000000000000e+00 0.000000000000000000e+00 0.000000000000000000e+00
0.000000000000000000e+00 0.000000000000000000e+00 0.000000000000000000e+00 0.000000000000000000e+00 0.000000000000000000e+00
0.000000000000000000e+00 0.000000000000000000e+00 0.000000000000000000e+00 0.000000000000000000e+00 0.000000000000000000e+00
0.000000000000000000e+00 0.000000000000000000e+00 0.000000000000000000e+00 0.000000000000000000e+00 0.000000000000000000e+00
0.000000000000000000e+00 0.000000000000000000e+00 0.000000000000000000e+00 0.000000000000000000e+00 0.000000000000000000e+00
0.000000000000000000e+00 0.000000000000000000e+00 0.000000000000000000e+00 0.000000000000000000e+00 0.000000000000000000e+00
0.000000000000000000e+00 0.000000000000000000e+00 0.000000000000000000e+00 0.000000000000000000e+00 0.000000000000000000e+00
0.000000000000000000e+00 0.000000000000000000e+00 0.000000000000000000e+00 0.000000000000000000e+00 0.000000000000000000e+00
0.000000000000000000e+00 0.000000000000000000e+00 0.000000000000000000e+00 0.000000000000000000e+00 0.000000000000000000e+00
0.000000000000000000e+00 0.000000000000000000e+00 0.000000000000000000e+00 0.000000000000000000e+00 0.000000000000000000e+00
0.000000000000000000e+00 0.000000000000000000e+00 0.000000000000000000e+00 0.000000000000000000e+00 0.000000000000000000e+00
0.000000000000000000e+00 0.000000000000000000e+00 0.000000000000000000e+00 0.000000000000000000e+00 0.000000000000000000e+00
0.000000000000000000e+00 0.000000000000000000e+00 0.000000000000000000e+00 0.000000000000000000e+00 0.000000000000000000e+00
0.000000000000000000e+00 0.000000000000000000e+00 0.000000000000000000e+00 0.000000000000000000e+00 0.000000000000000000e+00
0.000000000000000000e+00 0.000000000000000000e+00 0.000000000000000000e+00 0.000000000000000000e+00 0.000000000000000000e+00
0.000000000000000000e+00 0.000000000000000000e+00 0.000000000000000000e+00 0.000000000000000000e+00 0.000000000000000000e+00
0.000000000000000000e+00 0.000000000000000000e+00 0.000000000000000000e+00 0.000000000000000000e+00 0.000000000000000000e+00
0.000000000000000000e+00 0.000000000000000000e+00 0.000000000000000000e+00 0.000000000000000000e+00 0.000000000000000000e+00
0.000000000000000000e+00 0.000000000000000000e+00 0.000000000000000000e+00 0.000000000000000000e+00 0.000000000000000000e+00
0.000000000000000000e+00 0.000000000000000000e+00 0.000000000000000000e+00 0.000000000000000000e+00 0.000000000000000000e+00
0.000000000000000000e+00 0.000000000000000000e+00 0.000000000000000000e+00 0.000000000000000000e+00 0.000000000000000000e+00
0.000000000000000000e+00 0.000000000000000000e+00 0.000000000000000000e+00 0.000000000000000000e+00 0.000000000000000000e+00
0.000000000000000000e+00 0.000000000000000000e+00 0.000000000000000000e+00 0.000000000000000000e+00 0.000000000000000000e+00
0.000000000000000000e+00 0.000000000000000000e+00 0.000000000000000000e+00 0.000000000000000000e+00 0.000000000000000000e+00
0.000000000000000000e+00 0.000000000000000000e+00 0.000000000000000000e+00 0.000000000000000000e+00 0.000000000000000000e+00
0.000000000000000000e+00 0.000000000000000000e+00 0.000000000000000000e+00 0.000000000000000000e+00 0.000000000000000000e+00
0.000000000000000000e+00 0.000000000000000000e+00 0.000000000000000000e+00 0.000000000000000000e+00 0.000000000000000000e+00
0.000000000000000000e+00 0.000000000000000000e+00 0.000000000000000000e+00 0.000000000000000000e+00 0.000000000000000000e+00
0.000000000000000000e+00 0.000000000000000000e+00 0.000000000000000000e+00 0.000000000000000000e+00 0.000000000000000000e+00
0.000000000000000000e+00 0.000000000000000000e+00 0.000000000000000000e+00 0.000000000000000000e+00 0.000000000000000000e+00
0.000000000000000000e+00 0.000000000000000000e+00 0.000000000000000000e+00 0.000000000000000000e+00 0.000000000000000000e+00
0.000000000000000000e+00 0.000000000000000000e+00 0.000000000000000000e+00 0.000000000000000000e+00 0.000000000000000000e+00
0.000000000000000000e+00 0.000000000000000000e+00 0.000000000000000000e+00 0.000000000000000000e+00 0.000000000000000000e+00
0.000000000000000000e+00 0.000000000000000000e+00 0.000000000000000000e+00 0.000000000000000000e+00 0.000000000000000000e+00
0.000000000000000000e+00 0.000000000000000000e+00 0.000000000000000000e+00 0.000000000000000000e+00 0.000000000000000000e+00
0.000000000000000000e+00 0.000000000000000000e+00 0.000000000000000000e+00 0.000000000000000000e+00 0.000000000000000000e+00
0.000000000000000000e+00 0.000000000000000000e+00 0.000000000000000000e+00 0.000000000000000000e+00 0.000000000000000000e+00
0.000000000000000000e+00 0.000000000000000000e+00 0.000000000000000000e+00 0.000000000000000000e+00 0.000000000000000000e+00
0.000000000000000000e+00 0.000000000000000000e+00 0.000000000000000000e+00 0.000000000000000000e+00 0.000000000000000000e+00
0.000000000000000000e+00 0.000000000000000000e+00 0.000000000000000000e+00 0.000000000000000000e+00 0.000000000000000000e+00
0.000000000000000000e+00 0.000000000000000000e+00 0.000000000000000000e+00 0.000000000000000000e+00 0.000000000000000000e+00
0.000000000000000000e+00 0.000000000000000000e+00 0.000000000000000000e+00 0.000000000000000000e+00 0.000000000000000000e+00
0.000000000000000000e+00 0.000000000000000000e+00 0.000000000000000000e+00 0.000000000000000000e+00 0.000000000000000000e+00
0.000000000000000000e+00 0.000000000000000000e+00 0.000000000000000000e+00 0.000000000000000000e+00 0.000000000000000000e+00
0.000000000000000000e+00 0.000000000000000000e+00 0.000000000000000000e+00 0.000000000000000000e+00 0.000000000000000000e+00
0.000000000000000000e+00 0.000000000000000000e+00 0.000000000000000000e+00 0.000000000000000000e+00 0.000000000000000000e+00
0.000000000000000000e+00 0.000000000000000000e+00 0.000000000000000000e+00 0.000000000000000000e+00 0.000000000000000000e+00
0.000000000000000000e+00 0.000000000000000000e+00 0.000000000000000000e+00 0.000000000000000000e+00 0.000000000000000000e+00
0.000000000000000000e+00 0.000000000000000000e+00 0.000000000000000000e+00 0.000000000000000000e+00 0.000000000000000000e+00
0.000000000000000000e+00 0.000000000000000000e+00 0.000000000000000000e+00 0.000000000000000000e+00 0.000000000000000000e+00
0.000000000000000000e+00 0.000000000000000000e+00 0.000000000000000000e+00 0.000000000000000000e+00 0.000000000000000000e+00
0.000000000000000000e+00 0.000000000000000000e+00 0.000000000000000000e+00 0.000000000000000000e+00 0.000000000000000000e+00
0.000000000000000000e+00 0.000000000000000000e+00 0.000000000000000000e+00 0.000000000000000000e+00 0.000000000000000000e+00
0.000000000000000000e+00 0.000000000000000000e+00 0.000000000000000000e+00 0.000000000000000000e+00 0.000000000000000000e+00
0.000000000000000000e+00 0.000000000000000000e+00 0.000000000000000000e+00 0.000000000000000000e+00 0.000000000000000000e+00
0.000000000000000000e+00 0.000000000000000000e+00 0.000000000000000000e+00 0.000000000000000000e+00 0.000000000000000000e+00
0.000000000000000000e+00 0.000000000000000000e+00 0.000000000000000000e+00 0.000000000000000000e+00 0.000000000000000000e+00
0.000000000000000000e+00 0.000000000000000000e+00 0.000000000000000000e+00 0.000000000000000000e+00 0.000000000000000000e+00
0.000000000000000000e+00 0.000000000000000000e+00 0.000000000000000000e+00 0.000000000000000000e+00 0.000000000000000000e+00
0.000000000000000000e+00 0.000000000000000000e+00 0.000000000000000000e+00 0.000000000000000000e+00 0.000000000000000000e+00
0.000000000000000000e+00 0.000000000000000000e+00 0.000000000000000000e+00 0.000000000000000000e+00 0.000000000000000000e+00
0.000000000000000000e+00 0.000000000000000000e+00 0.000000000000000000e+00 0.000000000000000000e+00 0.000000000000000000e+00
0.000000000000000000e+00 0.000000000000000000e+00 0.000000000000000000e+00 0.000000000000000000e+00 0.000000000000000000e+00
0.000000000000000000e+00 0.000000000000000000e+00 0.000000000000000000e+00 0.000000000000000000e+00 0.000000000000000000e+00
0.000000000000000000e+00 0.000000000000000000e+00 0.000000000000000000e+00 0.000000000000000000e+00 0.000000000000000000e+00
0.000000000000000000e+00 0.000000000000000000e+00 0.000000000000000000e+00 0.000000000000000000e+00 0.000000000000000000e+00
0.000000000000000000e+00 0.000000000000000000e+00 0.000000000000000000e+00 0.000000000000000000e+00 0.000000000000000000e+00
0.000000000000000000e+00 0.000000000000000000e+00 0.000000000000000000e+00 0.000000000000000000e+00 0.000000000000000000e+00
0.000000000000000000e+00 0.000000000000000000e+00 0.000000000000000000e+00 0.000000000000000000e+00 0.000000000000000000e+00
0.000000000000000000e+00 0.000000000000000000e+00 0.000000000000000000e+00 0.000000000000000000e+00 0.000000000000000000e+00
0.000000000000000000e+00 0.000000000000000000e+00 0.000000000000000000e+00 0.000000000000000000e+00 0.000000000000000000e+00
0.000000000000000000e+00 0.000000000000000000e+00 0.000000000000000000e+00 0.000000000000000000e+00 0.000000000000000000e+00
0.000000000000000000e+00 0.000000000000000000e+00 0.000000000000000000e+00 0.000000000000000000e+00 0.000000000000000000e+00
0.000000000000000000e+00 0.000000000000000000e+00 0.000000000000000000e+00 0.000000000000000000e+00 0.000000000000000000e+00
0.000000000000000000e+00 0.000000000000000000e+00 0.000000000000000000e+00 0.000000000000000000e+00 0.000000000000000000e+00
0.000000000000000000e+00 0.000000000000000000e+00 0.000000000000000000e+00 0.000000000000000000e+00 0.000000000000000000e+00
0.000000000000000000e+00 0.000000000000000000e+00 0.000000000000000000e+00 0.000000000000000000e+00 0.000000000000000000e+00
0.000000000000000000e+00 0.000000000000000000e+00 0.000000000000000000e+00 0.000000000000000000e+00 0.000000000000000000e+00
0.000000000000000000e+00 0.000000000000000000e+00 0.000000000000000000e+00 0.000000000000000000e+00 0.000000000000000000e+00
0.000000000000000000e+00 0.000000000000000000e+00 0.000000000000000000e+00 0.000000000000000000e+00 0.000000000000000000e+00
0.000000000000000000e+00 0.000000000000000000e+00 0.000000000000000000e+00 0.000000000000000000e+00 0.000000000000000000e+00
0.000000000000000000e+00 0.000000000000000000e+00 0.000000000000000000e+00 0.000000000000000000e+00 0.000000000000000000e+00
0.000000000000000000e+00 0.000000000000000000e+00 0.000000000000000000e+00 0.000000000000000000e+00 0.000000000000000000e+00
0.000000000000000000e+00 0.000000000000000000e+00 0.000000000000000000e+00 0.000000000000000000e+00 0.000000000000000000e+00
0.000000000000000000e+00 0.000000000000000000e+00 0.000000000000000000e+00 0.000000000000000000e+00 0.000000000000000000e+00
0.000000000000000000e+00 0.000000000000000000e+00 0.000000000000000000e+00 0.000000000000000000e+00 0.000000000000000000e+00
0.000000000000000000e+00 0.000000000000000000e+00 0.000000000000000000e+00 0.000000000000000000e+00 0.000000000000000000e+00
0.000000000000000000e+00 0.000000000000000000e+00 0.000000000000000000e+00 0.000000000000000000e+00 0.000000000000000000e+00
0.000000000000000000e+00 0.000000000000000000e+00 0.000000000000000000e+00 0.000000000000000000e+00 0.000000000000000000e+00
0.000000000000000000e+00 0.000000000000000000e+00 0.000000000000000000e+00 0.000000000000000000e+00 0.000000000000000000e+00
0.000000000000000000e+00 0.000000000000000000e+00 0.000000000000000000e+00 0.000000000000000000e+00 0.000000000000000000e+00
0.000000000000000000e+00 0.000000000000000000e+00 0.000000000000000000e+00 0.000000000000000000e+00 0.000000000000000000e+00
0.000000000000000000e+00 0.000000000000000000e+00 0.000000000000000000e+00 0.000000000000000000e+00 0.000000000000000000e+00
0.000000000000000000e+00 0.000000000000000000e+00 0.000000000000000000e+00 0.000000000000000000e+00 0.000000000000000000e+00
0.000000000000000000e+00 0.000000000000000000e+00 0.000000000000000000e+00 0.000000000000000000e+00 0.000000000000000000e+00
0.000000000000000000e+00 0.000000000000000000e+00 0.000000000000000000e+00 0.000000000000000000e+00 0.000000000000000000e+00
0.000000000000000000e+00 0.000000000000000000e+00 0.000000000000000000e+00 0.000000000000000000e+00 0.000000000000000000e+00
0.000000000000000000e+00 0.000000000000000000e+00 0.000000000000000000e+00 0.000000000000000000e+00 0.000000000000000000e+00
0.000000000000000000e+00 0.000000000000000000e+00 0.000000000000000000e+00 0.000000000000000000e+00 0.000000000000000000e+00
0.000000000000000000e+00 0.000000000000000000e+00 0.000000000000000000e+00 0.000000000000000000e+00 0.000000000000000000e+00
0.000000000000000000e+00 0.000000000000000000e+00 0.000000000000000000e+00 0.000000000000000000e+00 0.000000000000000000e+00
0.000000000000000000e+00 0.000000000000000000e+00 0.000000000000000000e+00 0.000000000000000000e+00 0.000000000000000000e+00
0.000000000000000000e+00 0.000000000000000000e+00 0.000000000000000000e+00 0.000000000000000000e+00 0.000000000000000000e+00
0.000000000000000000e+00 0.000000000000000000e+00 0.000000000000000000e+00 0.000000000000000000e+00 0.000000000000000000e+00
0.000000000000000000e+00 0.000000000000000000e+00 0.000000000000000000e+00 0.000000000000000000e+00 0.000000000000000000e+00
0.000000000000000000e+00 0.000000000000000000e+00 0.000000000000000000e+00 0.000000000000000000e+00 0.000000000000000000e+00
0.000000000000000000e+00 0.000000000000000000e+00 0.000000000000000000e+00 0.000000000000000000e+00 0.000000000000000000e+00
0.000000000000000000e+00 0.000000000000000000e+00 0.000000000000000000e+00 0.000000000000000000e+00 0.000000000000000000e+00
0.000000000000000000e+00 0.000000000000000000e+00 0.000000000000000000e+00 0.000000000000000000e+00 0.000000000000000000e+00
0.000000000000000000e+00 0.000000000000000000e+00 0.000000000000000000e+00 0.000000000000000000e+00 0.000000000000000000e+00
0.000000000000000000e+00 0.000000000000000000e+00 0.000000000000000000e+00 0.000000000000000000e+00 0.000000000000000000e+00
0.000000000000000000e+00 0.000000000000000000e+00 0.000000000000000000e+00 0.000000000000000000e+00 0.000000000000000000e+00
0.000000000000000000e+00 0.000000000000000000e+00 0.000000000000000000e+00 0.000000000000000000e+00 0.000000000000000000e+00
0.000000000000000000e+00 0.000000000000000000e+00 0.000000000000000000e+00 0.000000000000000000e+00 0.000000000000000000e+00
0.000000000000000000e+00 0.000000000000000000e+00 0.000000000000000000e+00 0.000000000000000000e+00 0.000000000000000000e+00
0.000000000000000000e+00 0.000000000000000000e+00 0.000000000000000000e+00 0.000000000000000000e+00 0.000000000000000000e+00
0.000000000000000000e+00 0.000000000000000000e+00 0.000000000000000000e+00 0.000000000000000000e+00 0.000000000000000000e+00
0.000000000000000000e+00 0.000000000000000000e+00 0.000000000000000000e+00 0.000000000000000000e+00 0.000000000000000000e+00
0.000000000000000000e+00 0.000000000000000000e+00 0.000000000000000000e+00 0.000000000000000000e+00 0.000000000000000000e+00
0.000000000000000000e+00 0.000000000000000000e+00 0.000000000000000000e+00 0.000000000000000000e+00 0.000000000000000000e+00
0.000000000000000000e+00 0.000000000000000000e+00 0.000000000000000000e+00 0.000000000000000000e+00 0.000000000000000000e+00
0.000000000000000000e+00 0.000000000000000000e+00 0.000000000000000000e+00 0.000000000000000000e+00 0.000000000000000000e+00
0.000000000000000000e+00 0.000000000000000000e+00 0.000000000000000000e+00 0.000000000000000000e+00 0.000000000000000000e+00
0.000000000000000000e+00 0.000000000000000000e+00 0.000000000000000000e+00 0.000000000000000000e+00 0.000000000000000000e+00
0.000000000000000000e+00 0.000000000000000000e+00 0.000000000000000000e+00 0.000000000000000000e+00 0.000000000000000000e+00
0.000000000000000000e+00 0.000000000000000000e+00 0.000000000000000000e+00 0.000000000000000000e+00 0.000000000000000000e+00
0.000000000000000000e+00 0.000000000000000000e+00 0.000000000000000000e+00 0.000000000000000000e+00 0.000000000000000000e+00
0.000000000000000000e+00 0.000000000000000000e+00 0.000000000000000000e+00 0.000000000000000000e+00 0.000000000000000000e+00
0.000000000000000000e+00 0.000000000000000000e+00 0.000000000000000000e+00 0.000000000000000000e+00 0.000000000000000000e+00
0.000000000000000000e+00 0.000000000000000000e+00 0.000000000000000000e+00 0.000000000000000000e+00 0.000000000000000000e+00
0.000000000000000000e+00 0.000000000000000000e+00 0.000000000000000000e+00 0.000000000000000000e+00 0.000000000000000000e+00
0.000000000000000000e+00 0.000000000000000000e+00 0.000000000000000000e+00 0.000000000000000000e+00 0.000000000000000000e+00
0.000000000000000000e+00 0.000000000000000000e+00 0.000000000000000000e+00 0.000000000000000000e+00 0.000000000000000000e+00
0.000000000000000000e+00 0.000000000000000000e+00 0.000000000000000000e+00 0.000000000000000000e+00 0.000000000000000000e+00
0.000000000000000000e+00 0.000000000000000000e+00 0.000000000000000000e+00 0.000000000000000000e+00 0.000000000000000000e+00
0.000000000000000000e+00 0.000000000000000000e+00 0.000000000000000000e+00 0.000000000000000000e+00 0.000000000000000000e+00
0.000000000000000000e+00 0.000000000000000000e+00 0.000000000000000000e+00 0.000000000000000000e+00 0.000000000000000000e+00
0.000000000000000000e+00 0.000000000000000000e+00 0.000000000000000000e+00 0.000000000000000000e+00 0.000000000000000000e+00
0.000000000000000000e+00 0.000000000000000000e+00 0.000000000000000000e+00 0.000000000000000000e+00 0.000000000000000000e+00
0.000000000000000000e+00 0.000000000000000000e+00 0.000000000000000000e+00 0.000000000000000000e+00 0.000000000000000000e+00
0.000000000000000000e+00 0.000000000000000000e+00 0.000000000000000000e+00 0.000000000000000000e+00 0.000000000000000000e+00
0.000000000000000000e+00 0.000000000000000000e+00 0.000000000000000000e+00 0.000000000000000000e+00 0.000000000000000000e+00
0.000000000000000000e+00 0.000000000000000000e+00 0.000000000000000000e+00 0.000000000000000000e+00 0.000000000000000000e+00
0.000000000000000000e+00 0.000000000000000000e+00 0.000000000000000000e+00 0.000000000000000000e+00 0.000000000000000000e+00
0.000000000000000000e+00 0.000000000000000000e+00 0.000000000000000000e+00 0.000000000000000000e+00 0.000000000000000000e+00
0.000000000000000000e+00 0.000000000000000000e+00 0.000000000000000000e+00 0.000000000000000000e+00 0.000000000000000000e+00
0.000000000000000000e+00 0.000000000000000000e+00 0.000000000000000000e+00 0.000000000000000000e+00 0.000000000000000000e+00
0.000000000000000000e+00 0.000000000000000000e+00 0.000000000000000000e+00 0.000000000000000000e+00 0.000000000000000000e+00
0.000000000000000000e+00 0.000000000000000000e+00 0.000000000000000000e+00 0.000000000000000000e+00 0.000000000000000000e+00
0.000000000000000000e+00 0.000000000000000000e+00 0.000000000000000000e+00 0.000000000000000000e+00 0.000000000000000000e+00
0.000000000000000000e+00 0.000000000000000000e+00 0.000000000000000000e+00 0.000000000000000000e+00 0.000000000000000000e+00
0.000000000000000000e+00 0.000000000000000000e+00 0.000000000000000000e+00 0.000000000000000000e+00 0.000000000000000000e+00
0.000000000000000000e+00 0.000000000000000000e+00 0.000000000000000000e+00 0.000000000000000000e+00 0.000000000000000000e+00
0.000000000000000000e+00 0.000000000000000000e+00 0.000000000000000000e+00 0.000000000000000000e+00 0.000000000000000000e+00
0.000000000000000000e+00 0.000000000000000000e+00 0.000000000000000000e+00 0.000000000000000000e+00 0.000000000000000000e+00
0.000000000000000000e+00 0.000000000000000000e+00 0.000000000000000000e+00 0.000000000000000000e+00 0.000000000000000000e+00
0.000000000000000000e+00 0.000000000000000000e+00 0.000000000000000000e+00 0.000000000000000000e+00 0.000000000000000000e+00
0.000000000000000000e+00 0.000000000000000000e+00 0.000000000000000000e+00 0.000000000000000000e+00 0.000000000000000000e+00
0.000000000000000000e+00 0.000000000000000000e+00 0.000000000000000000e+00 0.000000000000000000e+00 0.000000000000000000e+00
0.000000000000000000e+00 0.000000000000000000e+00 0.000000000000000000e+00 0.000000000000000000e+00 0.000000000000000000e+00
0.000000000000000000e+00 0.000000000000000000e+00 0.000000000000000000e+00 0.000000000000000000e+00 0.000000000000000000e+00
0.000000000000000000e+00 0.000000000000000000e+00 0.000000000000000000e+00 0.000000000000000000e+00 0.000000000000000000e+00
0.000000000000000000e+00 0.000000000000000000e+00 0.000000000000000000e+00 0.000000000000000000e+00 0.000000000000000000e+00
0.000000000000000000e+00 0.000000000000000000e+00 0.000000000000000000e+00 0.000000000000000000e+00 0.000000000000000000e+00
0.000000000000000000e+00 0.000000000000000000e+00 0.000000000000000000e+00 0.000000000000000000e+00 0.000000000000000000e+00
0.000000000000000000e+00 0.000000000000000000e+00 0.000000000000000000e+00 0.000000000000000000e+00 0.000000000000000000e+00
0.000000000000000000e+00 0.000000000000000000e+00 0.000000000000000000e+00 0.000000000000000000e+00 0.000000000000000000e+00
0.000000000000000000e+00 0.000000000000000000e+00 0.000000000000000000e+00 0.000000000000000000e+00 0.000000000000000000e+00
0.000000000000000000e+00 0.000000000000000000e+00 0.000000000000000000e+00 0.000000000000000000e+00 0.000000000000000000e+00
0.000000000000000000e+00 0.000000000000000000e+00 0.000000000000000000e+00 0.000000000000000000e+00 0.000000000000000000e+00
0.000000000000000000e+00 0.000000000000000000e+00 0.000000000000000000e+00 0.000000000000000000e+00 0.000000000000000000e+00
0.000000000000000000e+00 0.000000000000000000e+00 0.000000000000000000e+00 0.000000000000000000e+00 0.000000000000000000e+00
0.000000000000000000e+00 0.000000000000000000e+00 0.000000000000000000e+00 0.000000000000000000e+00 0.000000000000000000e+00
0.000000000000000000e+00 0.000000000000000000e+00 0.000000000000000000e+00 0.000000000000000000e+00 0.000000000000000000e+00
0.000000000000000000e+00 0.000000000000000000e+00 0.000000000000000000e+00 0.000000000000000000e+00 0.000000000000000000e+00
0.000000000000000000e+00 0.000000000000000000e+00 0.000000000000000000e+00 0.000000000000000000e+00 0.000000000000000000e+00
0.000000000000000000e+00 0.000000000000000000e+00 0.000000000000000000e+00 0.000000000000000000e+00 0.000000000000000000e+00
0.000000000000000000e+00 0.000000000000000000e+00 0.000000000000000000e+00 0.000000000000000000e+00 0.000000000000000000e+00
-8.553396192504346018e+00 -6.140545950918717466e+00 -1.765956238279058788e+00 8.158773064376974915e+00 1.119291115449814455e+01
-7.313026654646443525e+00 -6.306301808830992783e+00 -2.743373525915598687e+00 4.369449904446073951e+00 1.027887459856171581e+01
-5.792246123085538656e+00 -6.972172910259550882e+00 -3.418954137132129034e+00 2.376029518247858352e+00 8.461072627007004243e+00
-3.297197952197891357e+00 -7.478394666796964074e+00 -4.160898594860409361e+00 9.374531511432897535e-01 5.963832990553149749e+00
-1.885456078869798546e-01 -7.310413501634909217e+00 -4.944999781573638842e+00 -3.858909151656815806e-01 3.743887507067014564e+00
2.487674570002788688e+00 -6.266452108849783542e+00 -5.721795612790368857e+00 -1.587491235063385409e+00 2.078000008352096639e+00
4.330053350085648844e+00 -4.443484658397300002e+00 -6.296571134869849651e+00 -2.724283957049281835e+00 7.001547390641389423e-01
5.520101259303634933e+00 -2.320346554626256275e+00 -6.375421276645529822e+00 -3.816852892801429586e+00 -5.446942125974161275e-01
6.254085303437942223e+00 -3.026112466592756345e-01 -5.826935580855941765e+00 -4.777562476634338751e+00 -1.674048572801411616e+00
6.520687415295371103e+00 1.520382181437226699e+00 -4.776283116030751508e+00 -5.460502703133045976e+00 -2.688589998268166692e+00
6.277399205733018128e+00 3.121050761716883226e+00 -3.412192190211882359e+00 -5.761603185180113051e+00 -3.572124953745452025e+00
5.608036856256645386e+00 4.361812138952792850e+00 -1.837704307862892961e+00 -5.662292247439960846e+00 -4.284317343166434533e+00
4.665597315821322866e+00 5.110260133391925308e+00 -1.561330943433444363e-01 -5.174680145618731686e+00 -4.791475865840406634e+00
3.577263564643256899e+00 5.356340192874950112e+00 1.448672715609238271e+00 -4.298941786143397614e+00 -5.076078545500165795e+00
2.431814758977083990e+00 5.181251826947963934e+00 2.787186976357568735e+00 -3.076354017346010217e+00 -5.106773039584643570e+00
1.294939469998801940e+00 4.686206145797194189e+00 3.752874422614346450e+00 -1.639781928952992685e+00 -4.825895943366239393e+00
2.084916943489096841e-01 3.967286840168775530e+00 4.320475764080550007e+00 -1.686957456311356518e-01 -4.192465873257218867e+00
-8.065211913578949066e-01 3.111733532865837759e+00 4.508596713091113983e+00 1.185028536468574645e+00 -3.233660999022489602e+00
-1.732414056831105498e+00 2.188683065326624266e+00 4.363175016391312333e+00 2.319818895190381092e+00 -2.044213424574698124e+00
-2.540847253957996266e+00 1.245622905837473482e+00 3.950769356744674887e+00 3.172858378278196945e+00 -7.475033606202196035e-01
-3.194139181455342147e+00 3.172029802742977189e-01 3.344820070762343001e+00 3.713554977927609801e+00 5.337755103697100489e-01
-3.653794889104899468e+00 -5.653374669017358078e-01 2.613043182370606843e+00 3.942686458583717357e+00 1.688498087270342563e+00
-3.886151898468582555e+00 -1.371839597956457935e+00 1.813553110582110550e+00 3.886580641030461525e+00 2.625124042086881548e+00
-3.865913889111941337e+00 -2.073636722281069211e+00 9.949274185596089781e-01 3.588246487555670328e+00 3.280415772001128882e+00
-3.582715423709184499e+00 -2.642001599241373899e+00 1.957669957103518321e-01 3.099932122640450149e+00 3.624651510014957445e+00
-3.049893522023123360e+00 -3.046540744192263617e+00 -5.545482404004075105e-01 2.476655479754111600e+00 3.662473148489054697e+00
-2.309329462389805077e+00 -3.257504876653402714e+00 -1.232229433265497720e+00 1.770319155368956565e+00 3.429206635561427241e+00
-1.428247485440224951e+00 -3.252532772995766486e+00 -1.814525507028105222e+00 1.026214681974057852e+00 2.981825183927897527e+00
-4.889594546332325931e-01 -3.024855192576278107e+00 -2.277188501238323504e+00 2.827542718822324552e-01 2.386438759869295989e+00
4.244119377017152583e-01 -2.589180538301535162e+00 -2.595184610368263645e+00 -4.268658247884813406e-01 1.706795324132578173e+00
1.237794400222753000e+00 -1.982613656202395713e+00 -2.746220762347467925e+00 -1.072759398650319884e+00 9.971826033344259876e-01
1.894790669169652553e+00 -1.260146477925493835e+00 -2.715880134684893754e+00 -1.627104455682369943e+00 3.001432652052889449e-01
2.359861414849298455e+00 -4.866457397423727405e-01 -2.502696246458786966e+00 -2.063940457426696629e+00 -3.524551333712628853e-01
2.618425925274118438e+00 2.717983503398784251e-01 -2.121388668725683768e+00 -2.360245829918270921e+00 -9.367248713694437123e-01
2.674956195377599766e+00 9.553194246675645873e-01 -1.603126521401471161e+00 -2.498273381554185768e+00 -1.433789946757885181e+00
2.549395875654763000e+00 1.516028300591905742e+00 -9.927179555236876896e-01 -2.468698563141663804e+00 -1.827478242954728715e+00
2.272302106555383006e+00 1.921880246904141165e+00 -3.433594429036799234e-01 -2.273767093066167089e+00 -2.103243158538735003e+00
1.879656053202911403e+00 2.158208224747468762e+00 2.900263458996017452e-01 -1.929389838757885833e+00 -2.248578271402053907e+00
1.408442673769856102e+00 2.226681333756769021e+00 8.575308260576690600e-01 -1.465130811933956112e+00 -2.254883849936822671e+00
8.936841064724784234e-01 2.142149815352858866e+00 1.319696979740775156e+00 -9.215384398704760116e-01 -2.120307805909698029e+00
3.670146509330676210e-01 1.928408080592390883e+00 1.650726338179485220e+00 -3.452557341783044631e-01 -1.852567619190941484e+00
-1.435643490550563561e-01 1.613984125548436177e+00 1.839262046773385340e+00 2.167905643382854741e-01 -1.470525089146166087e+00
-6.133257853063877052e-01 1.228746621797893956e+00 1.887141956104431806e+00 7.226741861639590647e-01 -1.003653588205942970e+00
-1.020426897224199436e+00 8.016618751314379399e-01 1.806795838512500474e+00 1.139289614534496842e+00 -4.893550962482194899e-01
-1.345897436092752919e+00 3.596294058704072594e-01 1.618018687098489616e+00 1.444420034958600718e+00 3.117660450702430808e-02
-1.574185297745569256e+00 -7.291565044031511622e-02 1.344775584799901003e+00 1.627189415791237659e+00 5.175692363727275591e-01
-1.694222599226126613e+00 -4.740131249402424474e-01 1.012513745372082719e+00 1.687224794939356176e+00 9.345150547824438991e-01
-1.700794516786769517e+00 -8.241410771878840968e-01 6.462219922368089842e-01 1.632929905976780116e+00 1.255073536853726468e+00
-1.595844684851728923e+00 -1.106389880413324533e+00 2.692577303797409893e-01 1.479292984669387856e+00 1.462705029520275701e+00
-1.389264604015908455e+00 -1.306999544451074913e+00 -9.719972247967090251e-02 1.245619918323927156e+00 1.551892958006767742e+00
-1.098756084774452635e+00 -1.416269086052345250e+00 -4.343066003186013546e-01 9.534968885299025532e-01 1.527395867605191526e+00
-7.485611883645018061e-01 -1.429672121228056980e+00 -7.255942495082934318e-01 6.251626207829690252e-01 1.402377114762464183e+00
-3.671688263779852024e-01 -1.348859089379898402e+00 -9.571307549247936031e-01 2.823387079428840707e-01 1.195848857014524480e+00
1.560050870553397750e-02 -1.182168352345184470e+00 -1.117947762519198029e+00 -5.454506148733606619e-02 9.299600903966963594e-01
3.715865240163007677e-01 -9.443529726567679861e-01 -1.200732602076391098e+00 -3.668655680057906210e-01 6.276054556255215022e-01
6.768558565331683763e-01 -6.554345436358169907e-01 -1.202638211082128761e+00 -6.382197656851480438e-01 3.106530504732134546e-01
9.135141929372291303e-01 -3.388310641693249026e-01 -1.125962175641154861e+00 -8.548689893189870270e-01 -1.136148242109724649e-03
1.070635627218256447e+00 -1.907366340814009575e-02 -9.784292322816399157e-01 -1.006281029911728186e+00 -2.906124970441801292e-01
1.144343753023710386e+00 2.805188617874532220e-01 -7.728844416381345228e-01 -1.085750359665108133e+00 -5.433823322744286699e-01
1.137187488760170062e+00 5.398786953427825441e-01 -5.263386928581842428e-01 -1.090993015876056349e+00 -7.478221003239168274e-01
1.057020101583520555e+00 7.437004808791878308e-01 -2.584585043434470819e-01 -1.024555194494240817e+00 -8.951384660138690386e-01
9.156186306330615921e-01 8.822917939211941674e-01 1.028469794750463961e-02 -8.938635348186593221e-01 -9.795630593176142265e-01
7.272691859309641238e-01 9.517406319405816717e-01 2.605234053500866676e-01 -7.107915060218625847e-01 -9.986714134214028649e-01
5.074916035823835436e-01 9.534845908637374912e-01 4.756792594280894737e-01 -4.907137524852197563e-01 -9.537264471682932454e-01
2.719987459274242347e-01 8.934474426394745095e-01 6.432053663858906534e-01 -2.511400374542598346e-01 -8.498901002561624063e-01
3.590526687458184263e-02 7.809456262353280387e-01 7.552679391752523674e-01 -1.012004208323336214e-02 -6.961425953653243015e-01
-1.868597402256249040e-01 6.275540014581675319e-01 8.088598148372412311e-01 2.153451489910207517e-01 -5.048026772046494415e-01
-3.840098510158608258e-01 4.460691469294542633e-01 8.054299874144464910e-01 4.106684754325040654e-01 -2.906364836105619354e-01
-5.452972267125340000e-01 2.496417052181405527e-01 7.501699650826760823e-01 5.646687272956139036e-01 -6.964303488634704387e-02
-6.628876505511934747e-01 5.108830910117689861e-02 6.511156241134845590e-01 6.701215569648685255e-01 1.423227817791337113e-01
-7.317146309835226292e-01 -1.376478961992130268e-01 5.182079473463954145e-01 7.238787598787403965e-01 3.309004343337902387e-01
-7.497732921835182918e-01 -3.059367760042229767e-01 3.624188021474836763e-01 7.266210437207212269e-01 4.843719563818189577e-01
-7.182878353614809974e-01 -4.448453812560640430e-01 1.950017075653485144e-01 6.823416592627069566e-01 5.944768006401446314e-01
-6.416800723549972441e-01 -5.474912877006491430e-01 2.688403749554124644e-02 5.976678083592945612e-01 6.568215584489800474e-01
-5.272846430482152069e-01 -6.093609080595029370e-01 -1.318152549795942596e-01 4.811177519767488864e-01 6.708765850452704793e-01
-3.847960249198933980e-01 -6.285600274930424058e-01 -2.721749689491884117e-01 3.423698141747897328e-01 6.396100891857720017e-01
-2.254829612156969976e-01 -6.059446635246806823e-01 -3.868008150324799832e-01 1.915918443781439162e-01 5.688545191723046734e-01
-6.125263960663674540e-02 -5.450780448295257097e-01 -4.701135935006959254e-01 3.885284889711271283e-02 4.665227008042591716e-01
9.632393820259733952e-02 -4.519766527958994917e-01 -5.185941413416049750e-01 -1.063820756504307852e-01 3.417892107915936339e-01
2.369095042293756226e-01 -3.346407643025635092e-01 -5.309612604098480348e-01 -2.356834134371303124e-01 2.043292001532270863e-01
3.521238451222661325e-01 -2.024032305740671722e-01 -5.082450024547980894e-01 -3.420262541304520676e-01 6.367122331493701992e-02
4.360298259539969745e-01 -6.516319410567916748e-02 -4.537168767992446061e-01 -4.200999389871928891e-01 -7.131627079966007532e-02
4.853584861107544945e-01 6.740928803489554255e-02 -3.726519032499751027e-01 -4.665496995375258416e-01 -1.928137982976653453e-01
4.994859100884905256e-01 1.866094084934033503e-01 -2.719216077147227351e-01 -4.801303107749613219e-01 -2.943393088187913342e-01
4.802022865694613452e-01 2.852992647534486892e-01 -1.594455146134684531e-01 -4.617457460619905363e-01 -3.709619300719405044e-01
4.313299545166258686e-01 3.583235480156290453e-01 -4.355392850627404222e-02 -4.143513957097417766e-01 -4.194575153899582909e-01
3.582518790226059124e-01 4.027168407016026297e-01 6.766942773082051943e-02 -3.427073848282767843e-01 -4.384081900124019437e-01
2.674064920053429439e-01 4.177086730666708103e-01 1.669933974646604646e-01 -2.529906487653386105e-01 -4.282344425418924683e-01
1.657923584527454253e-01 4.045557638977248516e-01 2.485323258008571845e-01 -1.522950119326529350e-01 -3.911403823324609563e-01
6.051087567824531277e-02 3.662454697797841163e-01 3.080837968804959193e-01 -4.806676242990970405e-02 -3.309536534721296275e-01
-4.163877824034134534e-02 3.071192844345312367e-01 3.432932714258853935e-01 5.246665954944385035e-02 -2.528513971903332269e-01
-1.345080202531451496e-01 2.324614067886832114e-01 3.536513808469694542e-01 1.428174841845115672e-01 -1.629799633808515225e-01
-2.128905200022046529e-01 1.480878699691547951e-01 3.403484172209396696e-01 2.176603691260472484e-01 -6.799418792175693227e-02
-2.727565989025014792e-01 5.996007440536499367e-02 3.060219924367943989e-01 2.731257720617488172e-01 2.544295153035025861e-02
-3.114263284324511050e-01 -2.616395547136241007e-02 2.544375032474646137e-01 3.069512524323829705e-01 1.111513432441999516e-01
-3.276732457300333690e-01 -1.050345811692691145e-01 1.901381520350735876e-01 3.184953328945272499e-01 1.838667224892731877e-01
-3.217484354696452664e-01 -1.721691677942769616e-01 1.180941103098851613e-01 3.086319573195153154e-01 2.395750657959729857e-01
-2.953161217182244114e-01 -2.240615382512973763e-01 4.337156435560829415e-02 2.795518354365504887e-01 2.757217080733340708e-01
-2.512974244595849171e-01 -2.583373112337394306e-01 -2.916584657775767031e-02 2.345000423993439664e-01 2.912851804494211994e-01
-1.936278139499527651e-01 -2.738477492953670933e-01 -9.511671182188619067e-02 1.774780318984050531e-01 2.867222230048449561e-01
-1.269441878546118119e-01 -2.706938468321075097e-01 -1.507593126202506628e-01 1.129341497824614265e-01 2.638039946831880478e-01
-5.622697632228502301e-02 -2.501742338749454175e-01 -1.932240575831262186e-01 4.546139500743385381e-02 2.253723350128378211e-01
1.357101374711477959e-02 -2.146553729486069262e-01 -2.206169691950213008e-01 -2.048401253175558337e-02 1.750482814864400272e-01
7.787560962140793741e-02 -1.673697882632566580e-01 -2.320889230486081756e-01 -8.083374059789472099e-02 1.169233389527484235e-01
1.327919138633844032e-01 -1.121562021179792756e-01 -2.278450461068776134e-01 -1.321210894520880030e-01 5.525862709946349760e-02
1.753315518485667468e-01 -5.316264917347912622e-02 -2.090903899128059296e-01 -1.716513969786078730e-01 -5.790088518744074264e-03
2.035531268707095887e-01 5.461702255292077979e-03 -1.779119401980967519e-01 -1.976233886126818051e-01 -6.241046532144134407e-02
2.166126925612548160e-01 5.985913326287284342e-02 -1.371026875337093553e-01 -2.091960556739784760e-01 -1.113292089366008097e-01
2.147301996521915612e-01 1.067159601039202599e-01 -8.993976348608434535e-02 -2.064967907122362556e-01 -1.499630396925032416e-01
1.990847997789275681e-01 1.434562530004002134e-01 -3.993418923020775058e-02 -1.905690142694085321e-01 -1.765241064178239005e-01
1.716560347524989094e-01 1.683652779347666328e-01 9.426638832551903491e-03 -1.632614445530277125e-01 -1.900789787722611257e-01
1.350293345172322024e-01 1.806393012475164817e-01 5.492177292838107405e-02 -1.270660369783296328e-01 -1.905600588465550249e-01
9.218339113073703572e-02 1.803657707077412908e-01 9.380498088132971368e-02 -8.491661090238622478e-02 -1.787285686096055093e-01
4.627465351060311427e-02 1.684436236692812283e-01 1.239631492230253151e-01 -3.996428996378464937e-02 -1.560897828169563184e-01
4.312477063495023799e-04 1.464570602363701735e-01 1.440156508121823720e-01 4.651753269623526421e-03 -1.247639913612739321e-01
-4.243421725586871140e-02 1.165175304093712949e-01 1.533521078418911276e-01 4.601962836870998608e-02 -8.732038875692837987e-02
-7.978580322840644889e-02 8.108826805762348044e-02 1.521120384008260995e-01 8.163963907462701286e-02 -4.658499121253090181e-02
-1.095938695320056722e-01 4.280410177639359937e-02 1.411145524967891696e-01 1.095662037386677667e-01 -5.436819596922326525e-03
-1.304288401062696501e-01 4.297117627786173344e-03 1.217492346251640711e-01 1.284992240663773710e-01 3.339168559325078611e-02
-1.415158255041782942e-01 -3.196340988725254739e-02 9.584055549561343312e-02 1.378225970445441373e-01 6.749424162047135134e-02
-1.427480544758369385e-01 -6.381021467501934996e-02 6.549790054731287336e-02 1.375923332854347425e-01 9.493663483679017079e-02
-1.346588141909871306e-01 -8.949115237824689650e-02 3.296205307650379446e-02 1.284805119778238414e-01 1.143590074882496754e-01
-1.183539052072706266e-01 -1.077521099039332464e-01 4.572367698725265939e-04 1.116838048656150217e-01 1.250292394013163833e-01
-9.540932508376254173e-02 -1.178866244804231966e-01 -2.994396993842951549e-02 8.880654061417692091e-02 1.268470700255752703e-01
-6.774165155737477129e-02 -1.197503613231027941e-01 -5.643712071583995710e-02 6.172844854872061582e-02 1.203030791448513881e-01
-3.746094954633250040e-02 -1.137402129039534193e-01 -7.757935430905893437e-02 3.246661572521780670e-02 1.064001207990095121e-01
-6.717542465452641665e-03 -1.007398011904989676e-01 -9.235644782087161497e-02 3.040134461142374178e-03 8.654697912333420007e-02
2.244563222000351202e-02 -8.203544277450425248e-02 -1.002211193021662616e-01 -2.465531935373965755e-02 6.243484202178795073e-02
4.822421406430166257e-02 -5.920889295687048470e-02 -1.011013749562974517e-01 -4.895697725123993732e-02 3.590685192772458123e-02
6.915824190049503495e-02 -3.401507117268320890e-02 -9.537909998734306338e-02 -6.852371717303018528e-02 8.829826200935197988e-03
8.420644398846777179e-02 -8.254165142248859333e-03 -8.384077033313097616e-02 -8.240037278061795867e-02 -1.702437121179123380e-02
9.278597050832315674e-02 1.635220376649915153e-02 -6.760399914571091351e-02 -9.005513037211644589e-02 -4.008203956547896213e-02
9.477764821904788306e-02 3.827175756340372992e-02 -4.802541599227205804e-02 -9.138885882958991402e-02 -5.905124918546611479e-02
9.049954933744430718e-02 5.625184177244513251e-02 -2.659683845784532874e-02 -8.671672506341510100e-02 -7.298302302819092979e-02
8.065374362333765923e-02 6.938397405751217661e-02 -4.837596566812263355e-03 -7.672409831970705696e-02 -8.130841434845981208e-02
6.625244139878239125e-02 7.713994071791052676e-02 1.580897406980796838e-02 -6.240042609107798732e-02 -8.385085451088625241e-02
4.853034577836079499e-02 7.937925497181753942e-02 3.406747361151851727e-02 -4.495629635203635815e-02 -8.081418464517931000e-02
2.885004462212603649e-02 7.633001863397836928e-02 4.890473777438963943e-02 -2.573007544436090033e-02 -7.274792001587038204e-02
8.606828282674783281e-03 6.854698449681584371e-02 5.958225949103246322e-02 -6.091166180348883685e-03 -6.049250479670631453e-02
-1.086140446093752931e-02 5.685178684082625722e-02 6.568459084949429538e-02 1.265304381037579695e-02 -4.510853415386518322e-02
-2.835435801713093174e-02 4.226090152176720238e-02 6.712367396731089286e-02 2.934009179418506363e-02 -2.779500705388326942e-02
-4.287580415081193586e-02 2.590699413712060917e-02 6.412090150440730163e-02 4.301992932493692301e-02 -9.802461237961246354e-03
-5.368338858273336012e-02 8.959035014248328821e-03 5.717015977268058435e-02 5.300328178780655541e-02 7.652815017035408118e-03
-6.031985758580526991e-02 -7.453970429620038196e-03 4.698608549960692216e-02 5.888893539981432390e-02 2.346749311180196598e-02
-6.262478730139853234e-02 -2.231147071704087104e-02 3.444225394481925662e-02 6.056973211576033300e-02 3.671754778917324380e-02
-6.072702666450980474e-02 -3.475865578917558540e-02 2.050413418495789300e-02 5.821869713535554602e-02 4.670818634727980090e-02
-5.501912882947457284e-02 -4.414994608899969197e-02 6.161362579691243013e-03 5.225789402593949973e-02 5.300479180788264522e-02
-4.611613933552027866e-02 -5.007692490825843556e-02 -7.636533008637869102e-03 4.331354776248530492e-02 5.544398315894150109e-02
-3.480209980410353676e-02 -5.237985157211711568e-02 -2.003743556644654866e-02 3.216149969456538749e-02 5.412551456298486663e-02
-2.196838288041558229e-02 -5.114283133602781639e-02 -3.033411611836167934e-02 1.966723105099754676e-02 4.938712035892622865e-02
-8.548434464345501874e-03 -4.667367875827610479e-02 -3.799974243209503638e-02 6.724589310204365233e-03 4.176547328932733727e-02
4.546403022382738968e-03 -3.947043957092055688e-02 -4.271002794397193991e-02 -5.802960217261010634e-03 3.194709478504043076e-02
1.648559446839326093e-02 -3.017735564390777725e-02 -4.435141361529959525e-02 -1.713520886270925025e-02 2.071334330449436933e-02
2.656891276406714297e-02 -1.953370786439212470e-02 -4.301546756518537934e-02 -2.661939839559446241e-02 8.883512024246087435e-03
3.426386295215810840e-02 -8.319335441387964991e-03 -3.898051450401052165e-02 -3.376367068273755656e-02 -2.740162808051560539e-03
3.922931263363271803e-02 2.699251030813032415e-03 -3.268224654575702798e-02 -3.825835145265688020e-02 -1.342239365094211045e-02
4.132472513658913549e-02 1.281848238312188748e-02 -2.467573593403948884e-02 -3.998442657061263006e-02 -2.253701746789382732e-02
4.060546637624784516e-02 2.143991583377613530e-02 -1.559178934272875683e-02 -3.900936197298010555e-02 -2.959948482470808884e-02
3.730561123222853048e-02 2.810256415626244744e-02 -6.090836239591279622e-03 -3.557119977298772717e-02 -3.428842075655591515e-02
3.181036699857298089e-02 3.250384892407653936e-02 3.182308778713949238e-03 -3.005250803006664917e-02 -3.645561560246302069e-02
2.462072484934130223e-02 3.450859919837468565e-02 1.163984588281996579e-02 -2.294647591207277237e-02 -3.612453424800088353e-02
1.631332497517746019e-02 3.414631009941371254e-02 1.878591897951742765e-02 -1.481773190182389399e-02 -3.347816544227866925e-02
7.498274731289722439e-03 3.159788299511112619e-02 2.424304992082660162e-02 -6.260889121607937646e-03 -2.883735279442134480e-02
-1.222144492820320671e-03 2.717344735792370791e-02 2.776892962922472563e-02 2.140332210007311886e-03 -2.263158254370212230e-02
-9.291442338607236451e-03 2.128343974621271784e-02 2.926306882442841761e-02 9.850645935322699387e-03 -1.536443566510426080e-02
-1.623146752825066486e-02 1.440533791029752209e-02 2.876362897205520311e-02 1.641507054395741419e-02 -7.576215463315660870e-03
-2.166789689523707096e-02 7.048475041058877011e-03 2.643540605109362396e-02 2.148334530724937963e-02 1.936255774068751379e-04
-2.534753376265552749e-02 -2.807282332337734942e-04 2.255044543451356631e-02 2.482576651802070877e-02 7.441730868136930965e-03
-2.714683559744490715e-02 -7.110984000316067366e-03 1.746311802789812795e-02 2.634000310472384143e-02 1.373150769556463757e-02
-2.707164821277208144e-02 -1.303399050885023502e-02 1.158168312958784973e-02 2.604910052439213253e-02 1.871741333396959028e-02
-2.524866078008514148e-02 -1.772648500099160973e-02 5.338409685492928602e-03 2.409145730181894152e-02 2.216161529086546622e-02
-2.190958825020372647e-02 -2.096549623893584346e-02 -8.397587486449475946e-04 2.070402801918880611e-02 2.394240050239693218e-02
-1.736950608553144981e-02 -2.263625978961969487e-02 -6.558204263286016023e-03 1.620034583219820412e-02 2.405433251800537589e-02
-1.200107769433711447e-02 -2.273273024184152558e-02 -1.147778496723816932e-02 1.094515718558808359e-02 2.260073485366742574e-02
-6.206605054505764940e-03 -2.135108221472836743e-02 -1.533295541186530109e-02 5.327527402480880525e-03 1.977956632905275569e-02
-3.898833557596237398e-04 -1.867701250713793559e-02 -1.794405177191216172e-02 -2.657767001299493614e-04 1.586411781170093960e-02
5.070252428021948532e-03 -1.496801428112426620e-02 -1.922333299645995197e-02 -5.474974171765789599e-03 1.118018547739407786e-02
9.843026928787246277e-03 -1.053206675575313334e-02 -1.917476946411356131e-02 -9.988609401902825979e-03 6.081465283157339030e-03
1.366414237401669673e-02 -5.704350453789475139e-03 -1.788795600046522508e-02 -1.356042396693846186e-02 9.248793838327884487e-04
1.634859805500244248e-02 -8.236465958121330644e-04 -1.552687611670422463e-02 -1.602098333216306347e-02 -3.952593014285743500e-03
1.779744194789700806e-02 3.789991593045272111e-03 -1.231453802961413047e-02 -1.728364836168705398e-02 -8.254227774029510023e-03
1.799843242454990389e-02 7.854888651229297025e-03 -8.514721233424005220e-03 -1.734485485764991619e-02 -1.173993700627662395e-02
1.702099764463649648e-02 1.114358352408073571e-02 -4.412201391603920442e-03 -1.627902354337429358e-02 -1.423795807462246987e-02
1.500624593105892579e-02 1.349404722724800720e-02 -2.928432812732140178e-04 -1.422874509633820228e-02 -1.565144608333490783e-02
1.215300988877632271e-02 1.481586698044767836e-02 3.575094773696552153e-03 -1.139115828247894147e-02 -1.595984406694583857e-02
8.701127790464058265e-03 1.509132894484888077e-02 6.957298419882684826e-03 -8.001638622039732376e-03 -1.521529808464261620e-02
4.913234091652451951e-03 1.437168535448862805e-02 9.666433707220756233e-03 -4.316025633233189218e-03 -1.353464043730279176e-02
1.056321432101547941e-03 1.276920133979198013e-02 1.157123504851287343e-02 -5.926488914526073515e-04 -1.108770689002791521e-02
-2.615740365915386612e-03 1.044580074310652584e-02 1.260131148721743699e-02 2.924646265322516925e-03 -8.082954001044417858e-03
-5.877683916685305654e-03 7.599283640459031375e-03 1.274765230413410499e-02 6.021416326646100714e-03 -4.751468720064933038e-03
-8.545474813113740353e-03 4.448171110946974594e-03 1.205910128476239684e-02 8.524630597313453961e-03 -1.330508639975858109e-03
-1.048547777829944572e-02 1.216241408161566895e-03 1.063531400952788530e-02 1.031117731269537430e-02 1.952319784554124027e-03
-1.161980229002002041e-02 -1.882232174027942406e-03 8.616908309464488269e-03 1.131254593547326159e-02 4.893247037446757375e-03
-1.192771862452191023e-02 -4.655663053349856639e-03 6.173637272334664416e-03 1.151563579714709462e-02 7.324046157662689183e-03
-1.144330979609409216e-02 -6.946002685608410054e-03 3.491491609682650932e-03 1.095990956470482836e-02 9.120662343421903628e-03
-1.024972636034293672e-02 -8.636744801636120350e-03 7.596241687277682786e-04 9.731335106763161491e-03 1.020836903335364809e-02
-8.470635260584669091e-03 -9.657738696646657808e-03 -1.842049332854811539e-03 7.953725129340005751e-03 1.056336410927904979e-02
-6.259585248503896082e-03 -9.986714502049687248e-03 -4.153836212925643423e-03 5.778218865477580124e-03 1.021093377791104650e-02
-3.788107834546527997e-03 -9.647625836737283578e-03 -6.045233075859024474e-03 3.371710490479351563e-03 9.220539488321355392e-03
-1.233410397641354628e-03 -8.706112697244305920e-03 -7.421434029170947966e-03 9.050365082692302110e-04 7.698365050251121389e-03
1.233506310409637763e-03 -7.262555103443202320e-03 -8.227124630267980757e-03 -1.458306002548703795e-03 5.777987716962806886e-03
3.458553230954564128e-03 -5.443316492893424119e-03 -8.447491179396582339e-03 -3.572224916109867365e-03 3.609909430557278753e-03
5.313453979261639759e-03 -3.390859469048601582e-03 -8.106554464942683502e-03 -5.316318928584640169e-03 1.350703151681287295e-03
6.702375247602310182e-03 -1.253449592743316465e-03 -7.263103849148633273e-03 -6.601975391078984678e-03 -8.474975857608590957e-04
7.566006129780200595e-03 8.248514277062746203e-04 -6.004638071124168697e-03 -7.376019841939696065e-03 -2.846524590469301508e-03
7.882987284575371234e-03 2.713267350817449852e-03 -4.439833923569058705e-03 -7.621847915438961785e-03 -4.530165225981930277e-03
7.668778459448688523e-03 4.301928782441954979e-03 -2.690123016180656634e-03 -7.358124612421801380e-03 -5.810213382885454081e-03
6.972212985566716981e-03 5.507629720177487087e-03 -8.809811624588270718e-04 -6.635286068987444885e-03 -6.630324365134554476e-03
5.870121526320382088e-03 6.277466538170406452e-03 8.664819003663115637e-04 -5.530208441240747064e-03 -6.967570512409926309e-03
4.460505367334999249e-03 6.590264168722548277e-03 2.443100894658156719e-03 -4.139505587573255596e-03 -6.831745462087090992e-03
2.854798807918612624e-03 6.455846383122354482e-03 3.757959013515055346e-03 -2.571978247741468770e-03 -6.262604613436417722e-03
1.169780706052669927e-03 5.912344340422537314e-03 4.743088493018410290e-03 -9.407607544414942069e-04 -5.325349365037812532e-03
-4.803212940281964549e-04 5.021851786488396030e-03 5.356366714279081620e-03 6.443029289149304617e-04 -4.104756500245443362e-03
-1.991039975883568403e-03 3.864820804243551677e-03 5.582539515305517952e-03 2.083570891158847971e-03 -2.698417156421939467e-03
-3.273774568363085891e-03 2.533645589129385201e-03 5.432431055971242984e-03 3.293397106172601951e-03 -1.209579251445935810e-03
-4.260473498881145460e-03 1.125902693428715295e-03 4.940515909049869592e-03 4.210506281679071705e-03 2.599144921644480632e-04
-4.906689200147584806e-03 -2.622948402158931103e-04 4.161120002234897086e-03 4.794751224335369599e-03 1.616143247848977893e-03
-5.192909643723431223e-03 -1.542409547522938240e-03 3.163591326458048414e-03 5.030188098796850582e-03 2.778684675310172381e-03
-5.124193630257067866e-03 -2.638702201808063030e-03 2.026822327953814451e-03 4.924510510526003415e-03 3.684948043369828952e-03
-4.728244713871010418e-03 -3.492285939659112159e-03 8.335204999563305961e-04 4.506988704176873028e-03 4.293067191344812628e-03
-4.052140638489687419e-03 -4.063830914835975250e-03 -3.353878641118024362e-04 3.825149496164081953e-03 4.583249810753198261e-03
-3.158021262530286144e-03 -4.334829690061048346e-03 -1.405869051051888974e-03 2.940495412807164755e-03 4.557605556622545961e-03
-2.118080311069525656e-03 -4.307435391672553848e-03 -2.315112907315342028e-03 1.923604853981020213e-03 4.238563611730139513e-03
-1.009229181790916030e-03 -4.002975245736450916e-03 -3.014855754841727631e-03 8.489714030641692943e-04 3.666075209923125300e-03
9.219589673636896521e-05 -3.459318844521774849e-03 -3.473548617893840174e-03 -2.100715791616414307e-04 2.893870610237714303e-03
1.115348219820955222e-03 -2.727347969262217120e-03 -3.677303948920518373e-03 -1.186012816114301316e-03 1.985065913924888292e-03
1.999104407994334309e-03 -1.866810440003474625e-03 -3.629640972026337842e-03 -2.021145152586889537e-03 1.007459677356159489e-03
2.695387984541497417e-03 -9.418676617928278816e-04 -3.350122839510638606e-03 -2.670654631617974673e-03 2.884029126803966392e-05
3.171427047949704203e-03 -1.664635801601477283e-05 -2.872043616382380371e-03 -3.104674789735195617e-03 -8.873957762595141574e-04
3.410869693047935414e-03 8.489163278579958671e-04 -2.239375644898511375e-03 -3.309240911438804389e-03 -1.686052767159051946e-03
3.413762261871733372e-03 1.602682949210842978e-03 -1.503223707889245198e-03 -3.286154541164876264e-03 -2.323165454649833706e-03
3.195464212599752329e-03 2.203183602271785446e-03 -7.180469292922264657e-04 -3.051836404246222045e-03 -2.768102909533665112e-03
2.784643336333880725e-03 2.621602078284102078e-03 6.209019643321767035e-05 -2.635307865809566330e-03 -3.004674625001424459e-03
2.220542719150175870e-03 2.842809858947470403e-03 7.869965483731089506e-04 -2.075488008295267583e-03 -3.031232427150643005e-03
1.549744504256045374e-03 2.865444092724933611e-03 1.413353927917970765e-03 -1.418025301604952659e-03 -2.859826295433021137e-03
8.226730618015043461e-04 2.701088389676309376e-03 1.907073412440452032e-03 -7.118994450304727550e-04 -2.514529803771758942e-03
9.008071444105425485e-05 2.372669378789771244e-03 2.244897651141108952e-03 -6.029164609233639283e-06 -2.029096835063026738e-03
-6.002560761149133839e-04 1.912225124749866723e-03 2.415194879773929770e-03 6.538938783988701431e-04 -1.444144052278883983e-03
