0.000000000000000000e+00 0.000000000000000000e+00 0.000000000000000000e+00 0.000000000000000000e+00 0.000000000000000000e+00
0.000000000000000000e+00 0.000000000000000000e+00 0.000000000000000000e+00 0.000000000000000000e+00 0.000000000000000000e+00
0.000000000000000000e+00 0.000000000000000000e+00 0.000000000000000000e+00 0.000000000000000000e+00 0.000000000000000000e+00
0.000000000000000000e+00 0.000000000000000000e+00 0.000000000000000000e+00 0.000000000000000000e+00 0.000000000000000000e+00
0.000000000000000000e+00 0.000000000000000000e+00 0.000000000000000000e+00 0.000000000000000000e+00 0.000000000000000000e+00
0.000000000000000000e+00 0.000000000000000000e+00 0.000000000000000000e+00 0.000000000000000000e+00 0.000000000000000000e+00
0.000000000000000000e+00 0.000000000000000000e+00 0.000000000000000000e+00 0.000000000000000000e+00 0.000000000000000000e+00
0.000000000000000000e+00 0.000000000000000000e+00 0.000000000000000000e+00 0.000000000000000000e+00 0.000000000000000000e+00
0.000000000000000000e+00 0.000000000000000000e+00 0.000000000000000000e+00 0.000000000000000000e+00 0.000000000000000000e+00
0.000000000000000000e+00 0.000000000000000000e+00 0.000000000000000000e+00 0.000000000000000000e+00 0.000000000000000000e+00
0.000000000000000000e+00 0.000000000000000000e+00 0.000000000000000000e+00 0.000000000000000000e+00 0.000000000000000000e+00
0.000000000000000000e+00 0.000000000000000000e+00 0.000000000000000000e+00 0.000000000000000000e+00 0.000000000000000000e+00
0.000000000000000000e+00 0.000000000000000000e+00 0.000000000000000000e+00 0.000000000000000000e+00 0.000000000000000000e+00
0.000000000000000000e+00 0.000000000000000000e+00 0.000000000000000000e+00 0.000000000000000000e+00 0.000000000000000000e+00
0.000000000000000000e+00 0.000000000000000000e+00 0.000000000000000000e+00 0.000000000000000000e+00 0.000000000000000000e+00
0.000000000000000000e+00 0.000000000000000000e+00 0.000000000000000000e+00 0.000000000000000000e+00 0.000000000000000000e+00
0.000000000000000000e+00 0.000000000000000000e+00 0.000000000000000000e+00 0.000000000000000000e+00 0.000000000000000000e+00
0.000000000000000000e+00 0.000000000000000000e+00 0.000000000000000000e+00 0.000000000000000000e+00 0.000000000000000000e+00
0.000000000000000000e+00 0.000000000000000000e+00 0.000000000000000000e+00 0.000000000000000000e+00 0.000000000000000000e+00
0.000000000000000000e+00 0.000000000000000000e+00 0.000000000000000000e+00 0.000000000000000000e+00 0.000000000000000000e+00
0.000000000000000000e+00 0.000000000000000000e+00 0.000000000000000000e+00 0.000000000000000000e+00 0.000000000000000000e+00
0.000000000000000000e+00 0.000000000000000000e+00 0.000000000000000000e+00 0.000000000000000000e+00 0.000000000000000000e+00
0.000000000000000000e+00 0.000000000000000000e+00 0.000000000000000000e+00 0.000000000000000000e+00 0.000000000000000000e+00
0.000000000000000000e+00 0.000000000000000000e+00 0.000000000000000000e+00 0.000000000000000000e+00 0.000000000000000000e+00
0.000000000000000000e+00 0.000000000000000000e+00 0.000000000000000000e+00 0.000000000000000000e+00 0.000000000000000000e+00
0.000000000000000000e+00 0.000000000000000000e+00 0.000000000000000000e+00 0.000000000000000000e+00 0.000000000000000000e+00
0.000000000000000000e+00 0.000000000000000000e+00 0.000000000000000000e+00 0.000000000000000000e+00 0.000000000000000000e+00
0.000000000000000000e+00 0.000000000000000000e+00 0.000000000000000000e+00 0.000000000000000000e+00 0.000000000000000000e+00
0.000000000000000000e+00 0.000000000000000000e+00 0.000000000000000000e+00 0.000000000000000000e+00 0.000000000000000000e+00
0.000000000000000000e+00 0.000000000000000000e+00 0.000000000000000000e+00 0.000000000000000000e+00 0.000000000000000000e+00
0.000000000000000000e+00 0.000000000000000000e+00 0.000000000000000000e+00 0.000000000000000000e+00 0.000000000000000000e+00
0.000000000000000000e+00 0.000000000000000000e+00 0.000000000000000000e+00 0.000000000000000000e+00 0.000000000000000000e+00
0.000000000000000000e+00 0.000000000000000000e+00 0.000000000000000000e+00 0.000000000000000000e+00 0.000000000000000000e+00
0.000000000000000000e+00 0.000000000000000000e+00 0.000000000000000000e+00 0.000000000000000000e+00 0.000000000000000000e+00
0.000000000000000000e+00 0.000000000000000000e+00 0.000000000000000000e+00 0.000000000000000000e+00 0.000000000000000000e+00
0.000000000000000000e+00 0.000000000000000000e+00 0.000000000000000000e+00 0.000000000000000000e+00 0.000000000000000000e+00
0.000000000000000000e+00 0.000000000000000000e+00 0.000000000000000000e+00 0.000000000000000000e+00 0.000000000000000000e+00
0.000000000000000000e+00 0.000000000000000000e+00 0.000000000000000000e+00 0.000000000000000000e+00 0.000000000000000000e+00
0.000000000000000000e+00 0.000000000000000000e+00 0.000000000000000000e+00 0.000000000000000000e+00 0.000000000000000000e+00
0.000000000000000000e+00 0.000000000000000000e+00 0.000000000000000000e+00 0.000000000000000000e+00 0.000000000000000000e+00
0.000000000000000000e+00 0.000000000000000000e+00 0.000000000000000000e+00 0.000000000000000000e+00 0.000000000000000000e+00
0.000000000000000000e+00 0.000000000000000000e+00 0.000000000000000000e+00 0.000000000000000000e+00 0.000000000000000000e+00
0.000000000000000000e+00 0.000000000000000000e+00 0.000000000000000000e+00 0.000000000000000000e+00 0.000000000000000000e+00
0.000000000000000000e+00 0.000000000000000000e+00 0.000000000000000000e+00 0.000000000000000000e+00 0.000000000000000000e+00
0.000000000000000000e+00 0.000000000000000000e+00 0.000000000000000000e+00 0.000000000000000000e+00 0.000000000000000000e+00
0.000000000000000000e+00 0.000000000000000000e+00 0.000000000000000000e+00 0.000000000000000000e+00 0.000000000000000000e+00
0.000000000000000000e+00 0.000000000000000000e+00 0.000000000000000000e+00 0.000000000000000000e+00 0.000000000000000000e+00
0.000000000000000000e+00 0.000000000000000000e+00 0.000000000000000000e+00 0.000000000000000000e+00 0.000000000000000000e+00
0.000000000000000000e+00 0.000000000000000000e+00 0.000000000000000000e+00 0.000000000000000000e+00 0.000000000000000000e+00
0.000000000000000000e+00 0.000000000000000000e+00 0.000000000000000000e+00 0.000000000000000000e+00 0.000000000000000000e+00
0.000000000000000000e+00 0.000000000000000000e+00 0.000000000000000000e+00 0.000000000000000000e+00 0.000000000000000000e+00
0.000000000000000000e+00 0.000000000000000000e+00 0.000000000000000000e+00 0.000000000000000000e+00 0.000000000000000000e+00
0.000000000000000000e+00 0.000000000000000000e+00 0.000000000000000000e+00 0.000000000000000000e+00 0.000000000000000000e+00
0.000000000000000000e+00 0.000000000000000000e+00 0.000000000000000000e+00 0.000000000000000000e+00 0.000000000000000000e+00
0.000000000000000000e+00 0.000000000000000000e+00 0.000000000000000000e+00 0.000000000000000000e+00 0.000000000000000000e+00
0.000000000000000000e+00 0.000000000000000000e+00 0.000000000000000000e+00 0.000000000000000000e+00 0.000000000000000000e+00
0.000000000000000000e+00 0.000000000000000000e+00 0.000000000000000000e+00 0.000000000000000000e+00 0.000000000000000000e+00
0.000000000000000000e+00 0.000000000000000000e+00 0.000000000000000000e+00 0.000000000000000000e+00 0.000000000000000000e+00
0.000000000000000000e+00 0.000000000000000000e+00 0.000000000000000000e+00 0.000000000000000000e+00 0.000000000000000000e+00
0.000000000000000000e+00 0.000000000000000000e+00 0.000000000000000000e+00 0.000000000000000000e+00 0.000000000000000000e+00
0.000000000000000000e+00 0.000000000000000000e+00 0.000000000000000000e+00 0.000000000000000000e+00 0.000000000000000000e+00
0.000000000000000000e+00 0.000000000000000000e+00 0.000000000000000000e+00 0.000000000000000000e+00 0.000000000000000000e+00
0.000000000000000000e+00 0.000000000000000000e+00 0.000000000000000000e+00 0.000000000000000000e+00 0.000000000000000000e+00
0.000000000000000000e+00 0.000000000000000000e+00 0.000000000000000000e+00 0.000000000000000000e+00 0.000000000000000000e+00
0.000000000000000000e+00 0.000000000000000000e+00 0.000000000000000000e+00 0.000000000000000000e+00 0.000000000000000000e+00
0.000000000000000000e+00 0.000000000000000000e+00 0.000000000000000000e+00 0.000000000000000000e+00 0.000000000000000000e+00
0.000000000000000000e+00 0.000000000000000000e+00 0.000000000000000000e+00 0.000000000000000000e+00 0.000000000000000000e+00
0.000000000000000000e+00 0.000000000000000000e+00 0.000000000000000000e+00 0.000000000000000000e+00 0.000000000000000000e+00
0.000000000000000000e+00 0.000000000000000000e+00 0.000000000000000000e+00 0.000000000000000000e+00 0.000000000000000000e+00
0.000000000000000000e+00 0.000000000000000000e+00 0.000000000000000000e+00 0.000000000000000000e+00 0.000000000000000000e+00
0.000000000000000000e+00 0.000000000000000000e+00 0.000000000000000000e+00 0.000000000000000000e+00 0.000000000000000000e+00
0.000000000000000000e+00 0.000000000000000000e+00 0.000000000000000000e+00 0.000000000000000000e+00 0.000000000000000000e+00
0.000000000000000000e+00 0.000000000000000000e+00 0.000000000000000000e+00 0.000000000000000000e+00 0.000000000000000000e+00
0.000000000000000000e+00 0.000000000000000000e+00 0.000000000000000000e+00 0.000000000000000000e+00 0.000000000000000000e+00
0.000000000000000000e+00 0.000000000000000000e+00 0.000000000000000000e+00 0.000000000000000000e+00 0.000000000000000000e+00
0.000000000000000000e+00 0.000000000000000000e+00 0.000000000000000000e+00 0.000000000000000000e+00 0.000000000000000000e+00
0.000000000000000000e+00 0.000000000000000000e+00 0.000000000000000000e+00 0.000000000000000000e+00 0.000000000000000000e+00
0.000000000000000000e+00 0.000000000000000000e+00 0.000000000000000000e+00 0.000000000000000000e+00 0.000000000000000000e+00
0.000000000000000000e+00 0.000000000000000000e+00 0.000000000000000000e+00 0.000000000000000000e+00 0.000000000000000000e+00
0.000000000000000000e+00 0.000000000000000000e+00 0.000000000000000000e+00 0.000000000000000000e+00 0.000000000000000000e+00
0.000000000000000000e+00 0.000000000000000000e+00 0.000000000000000000e+00 0.000000000000000000e+00 0.000000000000000000e+00
0.000000000000000000e+00 0.000000000000000000e+00 0.000000000000000000e+00 0.000000000000000000e+00 0.000000000000000000e+00
0.000000000000000000e+00 0.000000000000000000e+00 0.000000000000000000e+00 0.000000000000000000e+00 0.000000000000000000e+00
0.000000000000000000e+00 0.000000000000000000e+00 0.000000000000000000e+00 0.000000000000000000e+00 0.000000000000000000e+00
0.000000000000000000e+00 0.000000000000000000e+00 0.000000000000000000e+00 0.000000000000000000e+00 0.000000000000000000e+00
0.000000000000000000e+00 0.000000000000000000e+00 0.000000000000000000e+00 0.000000000000000000e+00 0.000000000000000000e+00
0.000000000000000000e+00 0.000000000000000000e+00 0.000000000000000000e+00 0.000000000000000000e+00 0.000000000000000000e+00
0.000000000000000000e+00 0.000000000000000000e+00 0.000000000000000000e+00 0.000000000000000000e+00 0.000000000000000000e+00
0.000000000000000000e+00 0.000000000000000000e+00 0.000000000000000000e+00 0.000000000000000000e+00 0.000000000000000000e+00
0.000000000000000000e+00 0.000000000000000000e+00 0.000000000000000000e+00 0.000000000000000000e+00 0.000000000000000000e+00
0.000000000000000000e+00 0.000000000000000000e+00 0.000000000000000000e+00 0.000000000000000000e+00 0.000000000000000000e+00
0.000000000000000000e+00 0.000000000000000000e+00 0.000000000000000000e+00 0.000000000000000000e+00 0.000000000000000000e+00
0.000000000000000000e+00 0.000000000000000000e+00 0.000000000000000000e+00 0.000000000000000000e+00 0.000000000000000000e+00
0.000000000000000000e+00 0.000000000000000000e+00 0.000000000000000000e+00 0.000000000000000000e+00 0.000000000000000000e+00
0.000000000000000000e+00 0.000000000000000000e+00 0.000000000000000000e+00 0.000000000000000000e+00 0.000000000000000000e+00
0.000000000000000000e+00 0.000000000000000000e+00 0.000000000000000000e+00 0.000000000000000000e+00 0.000000000000000000e+00
0.000000000000000000e+00 0.000000000000000000e+00 0.000000000000000000e+00 0.000000000000000000e+00 0.000000000000000000e+00
0.000000000000000000e+00 0.000000000000000000e+00 0.000000000000000000e+00 0.000000000000000000e+00 0.000000000000000000e+00
0.000000000000000000e+00 0.000000000000000000e+00 0.000000000000000000e+00 0.000000000000000000e+00 0.000000000000000000e+00
0.000000000000000000e+00 0.000000000000000000e+00 0.000000000000000000e+00 0.000000000000000000e+00 0.000000000000000000e+00
0.000000000000000000e+00 0.000000000000000000e+00 0.000000000000000000e+00 0.000000000000000000e+00 0.000000000000000000e+00
0.000000000000000000e+00 0.000000000000000000e+00 0.000000000000000000e+00 0.000000000000000000e+00 0.000000000000000000e+00
0.000000000000000000e+00 0.000000000000000000e+00 0.000000000000000000e+00 0.000000000000000000e+00 0.000000000000000000e+00
0.000000000000000000e+00 0.000000000000000000e+00 0.000000000000000000e+00 0.000000000000000000e+00 0.000000000000000000e+00
0.000000000000000000e+00 0.000000000000000000e+00 0.000000000000000000e+00 0.000000000000000000e+00 0.000000000000000000e+00
0.000000000000000000e+00 0.000000000000000000e+00 0.000000000000000000e+00 0.000000000000000000e+00 0.000000000000000000e+00
0.000000000000000000e+00 0.000000000000000000e+00 0.000000000000000000e+00 0.000000000000000000e+00 0.000000000000000000e+00
0.000000000000000000e+00 0.000000000000000000e+00 0.000000000000000000e+00 0.000000000000000000e+00 0.000000000000000000e+00
0.000000000000000000e+00 0.000000000000000000e+00 0.000000000000000000e+00 0.000000000000000000e+00 0.000000000000000000e+00
0.000000000000000000e+00 0.000000000000000000e+00 0.000000000000000000e+00 0.000000000000000000e+00 0.000000000000000000e+00
0.000000000000000000e+00 0.000000000000000000e+00 0.000000000000000000e+00 0.000000000000000000e+00 0.000000000000000000e+00
0.000000000000000000e+00 0.000000000000000000e+00 0.000000000000000000e+00 0.000000000000000000e+00 0.000000000000000000e+00
0.000000000000000000e+00 0.000000000000000000e+00 0.000000000000000000e+00 0.000000000000000000e+00 0.000000000000000000e+00
0.000000000000000000e+00 0.000000000000000000e+00 0.000000000000000000e+00 0.000000000000000000e+00 0.000000000000000000e+00
0.000000000000000000e+00 0.000000000000000000e+00 0.000000000000000000e+00 0.000000000000000000e+00 0.000000000000000000e+00
0.000000000000000000e+00 0.000000000000000000e+00 0.000000000000000000e+00 0.000000000000000000e+00 0.000000000000000000e+00
0.000000000000000000e+00 0.000000000000000000e+00 0.000000000000000000e+00 0.000000000000000000e+00 0.000000000000000000e+00
0.000000000000000000e+00 0.000000000000000000e+00 0.000000000000000000e+00 0.000000000000000000e+00 0.000000000000000000e+00
0.000000000000000000e+00 0.000000000000000000e+00 0.000000000000000000e+00 0.000000000000000000e+00 0.000000000000000000e+00
0.000000000000000000e+00 0.000000000000000000e+00 0.000000000000000000e+00 0.000000000000000000e+00 0.000000000000000000e+00
0.000000000000000000e+00 0.000000000000000000e+00 0.000000000000000000e+00 0.000000000000000000e+00 0.000000000000000000e+00
0.000000000000000000e+00 0.000000000000000000e+00 0.000000000000000000e+00 0.000000000000000000e+00 0.000000000000000000e+00
0.000000000000000000e+00 0.000000000000000000e+00 0.000000000000000000e+00 0.000000000000000000e+00 0.000000000000000000e+00
0.000000000000000000e+00 0.000000000000000000e+00 0.000000000000000000e+00 0.000000000000000000e+00 0.000000000000000000e+00
0.000000000000000000e+00 0.000000000000000000e+00 0.000000000000000000e+00 0.000000000000000000e+00 0.000000000000000000e+00
0.000000000000000000e+00 0.000000000000000000e+00 0.000000000000000000e+00 0.000000000000000000e+00 0.000000000000000000e+00
0.000000000000000000e+00 0.000000000000000000e+00 0.000000000000000000e+00 0.000000000000000000e+00 0.000000000000000000e+00
0.000000000000000000e+00 0.000000000000000000e+00 0.000000000000000000e+00 0.000000000000000000e+00 0.000000000000000000e+00
0.000000000000000000e+00 0.000000000000000000e+00 0.000000000000000000e+00 0.000000000000000000e+00 0.000000000000000000e+00
0.000000000000000000e+00 0.000000000000000000e+00 0.000000000000000000e+00 0.000000000000000000e+00 0.000000000000000000e+00
0.000000000000000000e+00 0.000000000000000000e+00 0.000000000000000000e+00 0.000000000000000000e+00 0.000000000000000000e+00
0.000000000000000000e+00 0.000000000000000000e+00 0.000000000000000000e+00 0.000000000000000000e+00 0.000000000000000000e+00
0.000000000000000000e+00 0.000000000000000000e+00 0.000000000000000000e+00 0.000000000000000000e+00 0.000000000000000000e+00
0.000000000000000000e+00 0.000000000000000000e+00 0.000000000000000000e+00 0.000000000000000000e+00 0.000000000000000000e+00
0.000000000000000000e+00 0.000000000000000000e+00 0.000000000000000000e+00 0.000000000000000000e+00 0.000000000000000000e+00
0.000000000000000000e+00 0.000000000000000000e+00 0.000000000000000000e+00 0.000000000000000000e+00 0.000000000000000000e+00
0.000000000000000000e+00 0.000000000000000000e+00 0.000000000000000000e+00 0.000000000000000000e+00 0.000000000000000000e+00
0.000000000000000000e+00 0.000000000000000000e+00 0.000000000000000000e+00 0.000000000000000000e+00 0.000000000000000000e+00
0.000000000000000000e+00 0.000000000000000000e+00 0.000000000000000000e+00 0.000000000000000000e+00 0.000000000000000000e+00
0.000000000000000000e+00 0.000000000000000000e+00 0.000000000000000000e+00 0.000000000000000000e+00 0.000000000000000000e+00
0.000000000000000000e+00 0.000000000000000000e+00 0.000000000000000000e+00 0.000000000000000000e+00 0.000000000000000000e+00
0.000000000000000000e+00 0.000000000000000000e+00 0.000000000000000000e+00 0.000000000000000000e+00 0.000000000000000000e+00
0.000000000000000000e+00 0.000000000000000000e+00 0.000000000000000000e+00 0.000000000000000000e+00 0.000000000000000000e+00
0.000000000000000000e+00 0.000000000000000000e+00 0.000000000000000000e+00 0.000000000000000000e+00 0.000000000000000000e+00
0.000000000000000000e+00 0.000000000000000000e+00 0.000000000000000000e+00 0.000000000000000000e+00 0.000000000000000000e+00
0.000000000000000000e+00 0.000000000000000000e+00 0.000000000000000000e+00 0.000000000000000000e+00 0.000000000000000000e+00
0.000000000000000000e+00 0.000000000000000000e+00 0.000000000000000000e+00 0.000000000000000000e+00 0.000000000000000000e+00
0.000000000000000000e+00 0.000000000000000000e+00 0.000000000000000000e+00 0.000000000000000000e+00 0.000000000000000000e+00
0.000000000000000000e+00 0.000000000000000000e+00 0.000000000000000000e+00 0.000000000000000000e+00 0.000000000000000000e+00
0.000000000000000000e+00 0.000000000000000000e+00 0.000000000000000000e+00 0.000000000000000000e+00 0.000000000000000000e+00
0.000000000000000000e+00 0.000000000000000000e+00 0.000000000000000000e+00 0.000000000000000000e+00 0.000000000000000000e+00
0.000000000000000000e+00 0.000000000000000000e+00 0.000000000000000000e+00 0.000000000000000000e+00 0.000000000000000000e+00
0.000000000000000000e+00 0.000000000000000000e+00 0.000000000000000000e+00 0.000000000000000000e+00 0.000000000000000000e+00
0.000000000000000000e+00 0.000000000000000000e+00 0.000000000000000000e+00 0.000000000000000000e+00 0.000000000000000000e+00
0.000000000000000000e+00 0.000000000000000000e+00 0.000000000000000000e+00 0.000000000000000000e+00 0.000000000000000000e+00
0.000000000000000000e+00 0.000000000000000000e+00 0.000000000000000000e+00 0.000000000000000000e+00 0.000000000000000000e+00
0.000000000000000000e+00 0.000000000000000000e+00 0.000000000000000000e+00 0.000000000000000000e+00 0.000000000000000000e+00
0.000000000000000000e+00 0.000000000000000000e+00 0.000000000000000000e+00 0.000000000000000000e+00 0.000000000000000000e+00
0.000000000000000000e+00 0.000000000000000000e+00 0.000000000000000000e+00 0.000000000000000000e+00 0.000000000000000000e+00
0.000000000000000000e+00 0.000000000000000000e+00 0.000000000000000000e+00 0.000000000000000000e+00 0.000000000000000000e+00
0.000000000000000000e+00 0.000000000000000000e+00 0.000000000000000000e+00 0.000000000000000000e+00 0.000000000000000000e+00
0.000000000000000000e+00 0.000000000000000000e+00 0.000000000000000000e+00 0.000000000000000000e+00 0.000000000000000000e+00
0.000000000000000000e+00 0.000000000000000000e+00 0.000000000000000000e+00 0.000000000000000000e+00 0.000000000000000000e+00
0.000000000000000000e+00 0.000000000000000000e+00 0.000000000000000000e+00 0.000000000000000000e+00 0.000000000000000000e+00
0.000000000000000000e+00 0.000000000000000000e+00 0.000000000000000000e+00 0.000000000000000000e+00 0.000000000000000000e+00
0.000000000000000000e+00 0.000000000000000000e+00 0.000000000000000000e+00 0.000000000000000000e+00 0.000000000000000000e+00
0.000000000000000000e+00 0.000000000000000000e+00 0.000000000000000000e+00 0.000000000000000000e+00 0.000000000000000000e+00
0.000000000000000000e+00 0.000000000000000000e+00 0.000000000000000000e+00 0.000000000000000000e+00 0.000000000000000000e+00
0.000000000000000000e+00 0.000000000000000000e+00 0.000000000000000000e+00 0.000000000000000000e+00 0.000000000000000000e+00
0.000000000000000000e+00 0.000000000000000000e+00 0.000000000000000000e+00 0.000000000000000000e+00 0.000000000000000000e+00
0.000000000000000000e+00 0.000000000000000000e+00 0.000000000000000000e+00 0.000000000000000000e+00 0.000000000000000000e+00
0.000000000000000000e+00 0.000000000000000000e+00 0.000000000000000000e+00 0.000000000000000000e+00 0.000000000000000000e+00
0.000000000000000000e+00 0.000000000000000000e+00 0.000000000000000000e+00 0.000000000000000000e+00 0.000000000000000000e+00
0.000000000000000000e+00 0.000000000000000000e+00 0.000000000000000000e+00 0.000000000000000000e+00 0.000000000000000000e+00
0.000000000000000000e+00 0.000000000000000000e+00 0.000000000000000000e+00 0.000000000000000000e+00 0.000000000000000000e+00
0.000000000000000000e+00 0.000000000000000000e+00 0.000000000000000000e+00 0.000000000000000000e+00 0.000000000000000000e+00
0.000000000000000000e+00 0.000000000000000000e+00 0.000000000000000000e+00 0.000000000000000000e+00 0.000000000000000000e+00
0.000000000000000000e+00 0.000000000000000000e+00 0.000000000000000000e+00 0.000000000000000000e+00 0.000000000000000000e+00
0.000000000000000000e+00 0.000000000000000000e+00 0.000000000000000000e+00 0.000000000000000000e+00 0.000000000000000000e+00
0.000000000000000000e+00 0.000000000000000000e+00 0.000000000000000000e+00 0.000000000000000000e+00 0.000000000000000000e+00
0.000000000000000000e+00 0.000000000000000000e+00 0.000000000000000000e+00 0.000000000000000000e+00 0.000000000000000000e+00
0.000000000000000000e+00 0.000000000000000000e+00 0.000000000000000000e+00 0.000000000000000000e+00 0.000000000000000000e+00
0.000000000000000000e+00 0.000000000000000000e+00 0.000000000000000000e+00 0.000000000000000000e+00 0.000000000000000000e+00
0.000000000000000000e+00 0.000000000000000000e+00 0.000000000000000000e+00 0.000000000000000000e+00 0.000000000000000000e+00
0.000000000000000000e+00 0.000000000000000000e+00 0.000000000000000000e+00 0.000000000000000000e+00 0.000000000000000000e+00
0.000000000000000000e+00 0.000000000000000000e+00 0.000000000000000000e+00 0.000000000000000000e+00 0.000000000000000000e+00
0.000000000000000000e+00 0.000000000000000000e+00 0.000000000000000000e+00 0.000000000000000000e+00 0.000000000000000000e+00
0.000000000000000000e+00 0.000000000000000000e+00 0.000000000000000000e+00 0.000000000000000000e+00 0.000000000000000000e+00
0.000000000000000000e+00 0.000000000000000000e+00 0.000000000000000000e+00 0.000000000000000000e+00 0.000000000000000000e+00
0.000000000000000000e+00 0.000000000000000000e+00 0.000000000000000000e+00 0.000000000000000000e+00 0.000000000000000000e+00
0.000000000000000000e+00 0.000000000000000000e+00 0.000000000000000000e+00 0.000000000000000000e+00 0.000000000000000000e+00
0.000000000000000000e+00 0.000000000000000000e+00 0.000000000000000000e+00 0.000000000000000000e+00 0.000000000000000000e+00
0.000000000000000000e+00 0.000000000000000000e+00 0.000000000000000000e+00 0.000000000000000000e+00 0.000000000000000000e+00
0.000000000000000000e+00 0.000000000000000000e+00 0.000000000000000000e+00 0.000000000000000000e+00 0.000000000000000000e+00
0.000000000000000000e+00 0.000000000000000000e+00 0.000000000000000000e+00 0.000000000000000000e+00 0.000000000000000000e+00
0.000000000000000000e+00 0.000000000000000000e+00 0.000000000000000000e+00 0.000000000000000000e+00 0.000000000000000000e+00
0.000000000000000000e+00 0.000000000000000000e+00 0.000000000000000000e+00 0.000000000000000000e+00 0.000000000000000000e+00
0.000000000000000000e+00 0.000000000000000000e+00 0.000000000000000000e+00 0.000000000000000000e+00 0.000000000000000000e+00
0.000000000000000000e+00 0.000000000000000000e+00 0.000000000000000000e+00 0.000000000000000000e+00 0.000000000000000000e+00
0.000000000000000000e+00 0.000000000000000000e+00 0.000000000000000000e+00 0.000000000000000000e+00 0.000000000000000000e+00
0.000000000000000000e+00 0.000000000000000000e+00 0.000000000000000000e+00 0.000000000000000000e+00 0.000000000000000000e+00
0.000000000000000000e+00 0.000000000000000000e+00 0.000000000000000000e+00 0.000000000000000000e+00 0.000000000000000000e+00
0.000000000000000000e+00 0.000000000000000000e+00 0.000000000000000000e+00 0.000000000000000000e+00 0.000000000000000000e+00
0.000000000000000000e+00 0.000000000000000000e+00 0.000000000000000000e+00 0.000000000000000000e+00 0.000000000000000000e+00
0.000000000000000000e+00 0.000000000000000000e+00 0.000000000000000000e+00 0.000000000000000000e+00 0.000000000000000000e+00
0.000000000000000000e+00 0.000000000000000000e+00 0.000000000000000000e+00 0.000000000000000000e+00 0.000000000000000000e+00
0.000000000000000000e+00 0.000000000000000000e+00 0.000000000000000000e+00 0.000000000000000000e+00 0.000000000000000000e+00
0.000000000000000000e+00 0.000000000000000000e+00 0.000000000000000000e+00 0.000000000000000000e+00 0.000000000000000000e+00
0.000000000000000000e+00 0.000000000000000000e+00 0.000000000000000000e+00 0.000000000000000000e+00 0.000000000000000000e+00
0.000000000000000000e+00 0.000000000000000000e+00 0.000000000000000000e+00 0.000000000000000000e+00 0.000000000000000000e+00
0.000000000000000000e+00 0.000000000000000000e+00 0.000000000000000000e+00 0.000000000000000000e+00 0.000000000000000000e+00
0.000000000000000000e+00 0.000000000000000000e+00 0.000000000000000000e+00 0.000000000000000000e+00 0.000000000000000000e+00
0.000000000000000000e+00 0.000000000000000000e+00 0.000000000000000000e+00 0.000000000000000000e+00 0.000000000000000000e+00
0.000000000000000000e+00 0.000000000000000000e+00 0.000000000000000000e+00 0.000000000000000000e+00 0.000000000000000000e+00
0.000000000000000000e+00 0.000000000000000000e+00 0.000000000000000000e+00 0.000000000000000000e+00 0.000000000000000000e+00
0.000000000000000000e+00 0.000000000000000000e+00 0.000000000000000000e+00 0.000000000000000000e+00 0.000000000000000000e+00
0.000000000000000000e+00 0.000000000000000000e+00 0.000000000000000000e+00 0.000000000000000000e+00 0.000000000000000000e+00
0.000000000000000000e+00 0.000000000000000000e+00 0.000000000000000000e+00 0.000000000000000000e+00 0.000000000000000000e+00
0.000000000000000000e+00 0.000000000000000000e+00 0.000000000000000000e+00 0.000000000000000000e+00 0.000000000000000000e+00
0.000000000000000000e+00 0.000000000000000000e+00 0.000000000000000000e+00 0.000000000000000000e+00 0.000000000000000000e+00
0.000000000000000000e+00 0.000000000000000000e+00 0.000000000000000000e+00 0.000000000000000000e+00 0.000000000000000000e+00
0.000000000000000000e+00 0.000000000000000000e+00 0.000000000000000000e+00 0.000000000000000000e+00 0.000000000000000000e+00
0.000000000000000000e+00 0.000000000000000000e+00 0.000000000000000000e+00 0.000000000000000000e+00 0.000000000000000000e+00
0.000000000000000000e+00 0.000000000000000000e+00 0.000000000000000000e+00 0.000000000000000000e+00 0.000000000000000000e+00
0.000000000000000000e+00 0.000000000000000000e+00 0.000000000000000000e+00 0.000000000000000000e+00 0.000000000000000000e+00
0.000000000000000000e+00 0.000000000000000000e+00 0.000000000000000000e+00 0.000000000000000000e+00 0.000000000000000000e+00
0.000000000000000000e+00 0.000000000000000000e+00 0.000000000000000000e+00 0.000000000000000000e+00 0.000000000000000000e+00
0.000000000000000000e+00 0.000000000000000000e+00 0.000000000000000000e+00 0.000000000000000000e+00 0.000000000000000000e+00
0.000000000000000000e+00 0.000000000000000000e+00 0.000000000000000000e+00 0.000000000000000000e+00 0.000000000000000000e+00
0.000000000000000000e+00 0.000000000000000000e+00 0.000000000000000000e+00 0.000000000000000000e+00 0.000000000000000000e+00
0.000000000000000000e+00 0.000000000000000000e+00 0.000000000000000000e+00 0.000000000000000000e+00 0.000000000000000000e+00
0.000000000000000000e+00 0.000000000000000000e+00 0.000000000000000000e+00 0.000000000000000000e+00 0.000000000000000000e+00
0.000000000000000000e+00 0.000000000000000000e+00 0.000000000000000000e+00 0.000000000000000000e+00 0.000000000000000000e+00
0.000000000000000000e+00 0.000000000000000000e+00 0.000000000000000000e+00 0.000000000000000000e+00 0.000000000000000000e+00
0.000000000000000000e+00 0.000000000000000000e+00 0.000000000000000000e+00 0.000000000000000000e+00 0.000000000000000000e+00
0.000000000000000000e+00 0.000000000000000000e+00 0.000000000000000000e+00 0.000000000000000000e+00 0.000000000000000000e+00
0.000000000000000000e+00 0.000000000000000000e+00 0.000000000000000000e+00 0.000000000000000000e+00 0.000000000000000000e+00
0.000000000000000000e+00 0.000000000000000000e+00 0.000000000000000000e+00 0.000000000000000000e+00 0.000000000000000000e+00
0.000000000000000000e+00 0.000000000000000000e+00 0.000000000000000000e+00 0.000000000000000000e+00 0.000000000000000000e+00
0.000000000000000000e+00 0.000000000000000000e+00 0.000000000000000000e+00 0.000000000000000000e+00 0.000000000000000000e+00
0.000000000000000000e+00 0.000000000000000000e+00 0.000000000000000000e+00 0.000000000000000000e+00 0.000000000000000000e+00
0.000000000000000000e+00 0.000000000000000000e+00 0.000000000000000000e+00 0.000000000000000000e+00 0.000000000000000000e+00
0.000000000000000000e+00 0.000000000000000000e+00 0.000000000000000000e+00 0.000000000000000000e+00 0.000000000000000000e+00
0.000000000000000000e+00 0.000000000000000000e+00 0.000000000000000000e+00 0.000000000000000000e+00 0.000000000000000000e+00
0.000000000000000000e+00 0.000000000000000000e+00 0.000000000000000000e+00 0.000000000000000000e+00 0.000000000000000000e+00
0.000000000000000000e+00 0.000000000000000000e+00 0.000000000000000000e+00 0.000000000000000000e+00 0.000000000000000000e+00
0.000000000000000000e+00 0.000000000000000000e+00 0.000000000000000000e+00 0.000000000000000000e+00 0.000000000000000000e+00
0.000000000000000000e+00 0.000000000000000000e+00 0.000000000000000000e+00 0.000000000000000000e+00 0.000000000000000000e+00
0.000000000000000000e+00 0.000000000000000000e+00 0.000000000000000000e+00 0.000000000000000000e+00 0.000000000000000000e+00
0.000000000000000000e+00 0.000000000000000000e+00 0.000000000000000000e+00 0.000000000000000000e+00 0.000000000000000000e+00
0.000000000000000000e+00 0.000000000000000000e+00 0.000000000000000000e+00 0.000000000000000000e+00 0.000000000000000000e+00
0.000000000000000000e+00 0.000000000000000000e+00 0.000000000000000000e+00 0.000000000000000000e+00 0.000000000000000000e+00
0.000000000000000000e+00 0.000000000000000000e+00 0.000000000000000000e+00 0.000000000000000000e+00 0.000000000000000000e+00
0.000000000000000000e+00 0.000000000000000000e+00 0.000000000000000000e+00 0.000000000000000000e+00 0.000000000000000000e+00
0.000000000000000000e+00 0.000000000000000000e+00 0.000000000000000000e+00 0.000000000000000000e+00 0.000000000000000000e+00
0.000000000000000000e+00 0.000000000000000000e+00 0.000000000000000000e+00 0.000000000000000000e+00 0.000000000000000000e+00
0.000000000000000000e+00 0.000000000000000000e+00 0.000000000000000000e+00 0.000000000000000000e+00 0.000000000000000000e+00
0.000000000000000000e+00 0.000000000000000000e+00 0.000000000000000000e+00 0.000000000000000000e+00 0.000000000000000000e+00
0.000000000000000000e+00 0.000000000000000000e+00 0.000000000000000000e+00 0.000000000000000000e+00 0.000000000000000000e+00
0.000000000000000000e+00 0.000000000000000000e+00 0.000000000000000000e+00 0.000000000000000000e+00 0.000000000000000000e+00
0.000000000000000000e+00 0.000000000000000000e+00 0.000000000000000000e+00 0.000000000000000000e+00 0.000000000000000000e+00
0.000000000000000000e+00 0.000000000000000000e+00 0.000000000000000000e+00 0.000000000000000000e+00 0.000000000000000000e+00
0.000000000000000000e+00 0.000000000000000000e+00 0.000000000000000000e+00 0.000000000000000000e+00 0.000000000000000000e+00
0.000000000000000000e+00 0.000000000000000000e+00 0.000000000000000000e+00 0.000000000000000000e+00 0.000000000000000000e+00
0.000000000000000000e+00 0.000000000000000000e+00 0.000000000000000000e+00 0.000000000000000000e+00 0.000000000000000000e+00
0.000000000000000000e+00 0.000000000000000000e+00 0.000000000000000000e+00 0.000000000000000000e+00 0.000000000000000000e+00
0.000000000000000000e+00 0.000000000000000000e+00 0.000000000000000000e+00 0.000000000000000000e+00 0.000000000000000000e+00
0.000000000000000000e+00 0.000000000000000000e+00 0.000000000000000000e+00 0.000000000000000000e+00 0.000000000000000000e+00
0.000000000000000000e+00 0.000000000000000000e+00 0.000000000000000000e+00 0.000000000000000000e+00 0.000000000000000000e+00
0.000000000000000000e+00 0.000000000000000000e+00 0.000000000000000000e+00 0.000000000000000000e+00 0.000000000000000000e+00
0.000000000000000000e+00 0.000000000000000000e+00 0.000000000000000000e+00 0.000000000000000000e+00 0.000000000000000000e+00
0.000000000000000000e+00 0.000000000000000000e+00 0.000000000000000000e+00 0.000000000000000000e+00 0.000000000000000000e+00
0.000000000000000000e+00 0.000000000000000000e+00 0.000000000000000000e+00 0.000000000000000000e+00 0.000000000000000000e+00
0.000000000000000000e+00 0.000000000000000000e+00 0.000000000000000000e+00 0.000000000000000000e+00 0.000000000000000000e+00
0.000000000000000000e+00 0.000000000000000000e+00 0.000000000000000000e+00 0.000000000000000000e+00 0.000000000000000000e+00
-1.132747063331656712e+01 -8.132074367432897688e+00 -2.338698802045239944e+00 1.080486162579653531e+01 1.482304450190294709e+01
-9.149286888473943335e+00 -8.069989917420633319e+00 -3.394016887681627459e+00 5.360886697548332691e+00 1.251170627723952933e+01
-6.883318610777806157e+00 -8.918458241172254830e+00 -4.127260244950557322e+00 3.068382394715167383e+00 9.711158531089125745e+00
-3.413196810853738050e+00 -9.443203904416456851e+00 -5.069889358911054522e+00 1.382024756901560902e+00 6.444639942888371387e+00
4.924060908843068685e-01 -8.859002775896403392e+00 -6.077521367458865953e+00 -3.216892351629265789e-01 3.889662756216509365e+00
3.325302745909099578e+00 -7.083650296265239454e+00 -7.028970039389301760e+00 -1.886411186101004223e+00 2.148132282253893521e+00
4.975761772046650044e+00 -4.564927046100473618e+00 -7.568433701830571181e+00 -3.369939684729684082e+00 6.545343180286611329e-01
6.045272298659672749e+00 -2.109260320256384436e+00 -7.300150685986548815e+00 -4.760328157033820062e+00 -7.971930405295638566e-01
6.790299673398978442e+00 -5.144392769780814501e-02 -6.267460571456311413e+00 -5.858612845903783395e+00 -2.171336036748454212e+00
7.054637425967489328e+00 1.775504160163713152e+00 -4.860672571501098993e+00 -6.450759757168352593e+00 -3.406073177080937153e+00
6.743151279021050826e+00 3.406716257579381679e+00 -3.311581740012334851e+00 -6.504913970248539457e+00 -4.407985637892275932e+00
5.989247027369511756e+00 4.622624419957034547e+00 -1.617061181146680848e+00 -6.135454069419963297e+00 -5.093266339365860595e+00
4.969692621993935688e+00 5.281861984796112353e+00 1.386649921688654086e-01 -5.402907086896169275e+00 -5.460759842705336098e+00
3.799767867093003737e+00 5.439820154017360743e+00 1.715918169390311387e+00 -4.290763032500009899e+00 -5.551612945492003348e+00
2.570518667580699912e+00 5.210278037158865949e+00 2.931488997598890478e+00 -2.871728518664819596e+00 -5.350420872563879549e+00
1.358516737982116140e+00 4.684226629885428927e+00 3.747649112263289339e+00 -1.346893685445590183e+00 -4.794654492031116710e+00
2.034662515658653970e-01 3.948206501446251071e+00 4.189306887008191538e+00 9.037048550309800810e-02 -3.883677258304730984e+00
-8.743452353313935221e-01 3.084521657204667644e+00 4.288243078422933507e+00 1.335280628778306555e+00 -2.721808132513726886e+00
-1.838321671349204767e+00 2.150782385218988235e+00 4.092684317601441357e+00 2.336047026798430348e+00 -1.451838638497454204e+00
-2.634539988272101230e+00 1.187937182817014881e+00 3.666470428941583037e+00 3.057998859340989917e+00 -1.936959202993751017e-01
-3.216822908250922985e+00 2.413550270259567920e-01 3.070848350383261760e+00 3.487653334178261844e+00 9.571486638725479335e-01
-3.559465166919081547e+00 -6.389294157853587786e-01 2.360968579328278416e+00 3.636058972626515118e+00 1.920227920533826627e+00
-3.651296406896691771e+00 -1.410957359491404661e+00 1.591555341743014163e+00 3.530826182815368419e+00 2.636764555955272371e+00
-3.491726100620763606e+00 -2.043936906808272003e+00 8.136556177035553228e-01 3.211689681618556502e+00 3.076556176705617318e+00
-3.097237647225405954e+00 -2.511885651036087630e+00 6.768933987590064483e-02 2.727998469909335810e+00 3.238037277804300729e+00
-2.507460384297499623e+00 -2.791446576891867704e+00 -6.157144990361205217e-01 2.131516139834015000e+00 3.145941714096818664e+00
-1.782174805462113154e+00 -2.867730390257536399e+00 -1.209660170182146333e+00 1.469525397816619838e+00 2.845288113507145500e+00
-9.918150102016312086e-01 -2.741413778539501855e+00 -1.688158282265280530e+00 7.838830852664359083e-01 2.390702975277235076e+00
-2.067058433343333945e-01 -2.431530135206689813e+00 -2.028353644338991124e+00 1.132093493908763460e-01 1.836418374522955865e+00
5.119621533967375626e-01 -1.973600599933709843e+00 -2.214388095966290049e+00 -5.065320749826448532e-01 1.231332275161467704e+00
1.117478558318609538e+00 -1.414601876182199458e+00 -2.240427520831900665e+00 -1.043488772701172129e+00 6.178725590691522829e-01
1.579049119654529543e+00 -8.064559615989526087e-01 -2.112371629869390866e+00 -1.471576219896510107e+00 3.177069080822114699e-02
1.881157879122908660e+00 -1.999965905657936638e-01 -1.848012307026094980e+00 -1.771654101391803460e+00 -4.980392380639002692e-01
2.022332630856512381e+00 3.595149172208789712e-01 -1.475481120826849235e+00 -1.932588919109712977e+00 -9.489795981303339456e-01
2.013176158352331768e+00 8.356210872847713578e-01 -1.030396300170610235e+00 -1.952277428371422818e+00 -1.304009048054699305e+00
1.873361391718524338e+00 1.202945600961665029e+00 -5.522325499599717302e-01 -1.838272853991768097e+00 -1.551075765917098170e+00
1.628202852968189340e+00 1.448092283635484590e+00 -8.021545131959928465e-02 -1.607638268826449890e+00 -1.683211305353714327e+00
1.305670465227001698e+00 1.568890857757546664e+00 3.507155132340227799e-01 -1.285699305546004201e+00 -1.699188657107915779e+00
9.341905312186350452e-01 1.572467338794766967e+00 7.129994602247251567e-01 -9.035405061430981100e-01 -1.604384024444869938e+00
5.411448954759116026e-01 1.472883736282672329e+00 9.880506494163860953e-01 -4.946095386762588419e-01 -1.411278294388419896e+00
1.518792430695323770e-01 1.288821517854874310e+00 1.166475481772357492e+00 -9.124717801622640734e-02 -1.139051236495728592e+00
-2.109802383470568421e-01 1.041526765997180082e+00 1.247328621622741496e+00 2.781430330173377818e-01 -8.120989076761714331e-01
-5.280951695148935476e-01 7.531348807993418770e-01 1.236756818783459000e+00 5.910165484119771495e-01 -4.577646237636590620e-01
-7.839750760957624465e-01 4.453985044288957251e-01 1.146300405547729273e+00 8.317257625310179314e-01 -1.037560626986712142e-01
-9.675261132953788534e-01 1.387447871563545487e-01 9.911188992032823331e-01 9.917652518263659900e-01 2.243519288777449106e-01
-1.072530780481608659e+00 -1.484421142918974645e-01 7.883622919597567114e-01 1.069350203653614217e+00 5.052305235628140601e-01
-1.097977007556240725e+00 -4.004003069822037464e-01 5.558111314580429507e-01 1.068515001510082163e+00 7.232939781454359451e-01
-1.048119458194785913e+00 -6.044988847192092063e-01 3.108195829912270280e-01 9.979406272938566858e-01 8.694458643823016475e-01
-9.321434092725602305e-01 -7.517093153401726013e-01 6.953251956167671999e-02 8.696888077423846619e-01 9.410737587850742658e-01
-7.633621773127678978e-01 -8.370076167376373499e-01 -1.536967175551450238e-01 6.979726798718903780e-01 9.414068823411390063e-01
-5.579942542451683529e-01 -8.596141851694065750e-01 -3.467720296195697660e-01 4.980435201546593582e-01 8.784218653250359665e-01
-3.336719673134417308e-01 -8.229649073538674031e-01 -5.002567008847758068e-01 2.852242555106900834e-01 7.635105416351684049e-01
-1.078867681437707393e-01 -7.343463682349051780e-01 -6.077147064729100379e-01 7.408637901680226179e-02 6.101118204314006643e-01
1.034271305656289108e-01 -6.041934070324701533e-01 -6.659541281593002182e-01 -1.222443512470497984e-01 4.324624421780856043e-01
2.870149812425111246e-01 -4.451132888932823328e-01 -6.751176060996747497e-01 -2.926641130789904843e-01 2.445573545668386917e-01
4.330420182093626114e-01 -2.707507166139570542e-01 -6.385675065258639149e-01 -4.285508527533837819e-01 5.934987330664753813e-02
5.354334191915075536e-01 -9.463087021321781034e-02 -5.625351803661909900e-01 -5.240985091583179045e-01 -1.118238881589233014e-01
5.918489441587884148e-01 7.088911709573020303e-02 -4.555401633395941841e-01 -5.765050599822356681e-01 -2.596378090065767363e-01
6.033623517477646470e-01 2.154591502670388792e-01 -3.276260875250347482e-01 -5.859878899796027163e-01 -3.770320300054575968e-01
5.739325972103626050e-01 3.313050044080467771e-01 -1.894930061273019106e-01 -5.556054137432816509e-01 -4.593662247106598540e-01
5.097549951848532324e-01 4.135085222692220785e-01 -5.162242589642873636e-02 -4.908815491637683603e-01 -5.044823222388266082e-01
4.185693168786173146e-01 4.600177537828233909e-01 7.651092652522684112e-02 -3.992550807967783499e-01 -5.126700594021535995e-01
3.089833636098624492e-01 4.714326568476877033e-01 1.870653945264828533e-01 -2.894020355528946764e-01 -4.865189272921943697e-01
1.898505068015088337e-01 4.506266058735761693e-01 2.742509032842921357e-01 -1.704985030515812072e-01 -4.306424325732867153e-01
6.972228744558472968e-02 4.022667811427505513e-01 3.345260772349583078e-01 -5.149852838722412951e-02 -3.512739635881994560e-01
-4.361498218175252628e-02 3.322901324208751284e-01 3.665886989606781388e-01 5.950453128462895869e-02 -2.557533548729590267e-01
-1.435168022290184142e-01 2.473797257223400436e-01 3.711946220606268110e-01 1.557815479596209585e-01 -1.519429938949314884e-01
-2.247684303273811413e-01 1.544726444600492965e-01 3.508512218569297403e-01 2.323065619508486446e-01 -4.762609785558269415e-02
-2.837805085492440815e-01 6.031855638851135737e-02 3.094335814429227671e-01 2.859239852296351359e-01 5.005583096459642611e-02
-3.186867222151742451e-01 -2.890041673830701097e-02 2.517668924371900818e-01 3.153556961203460851e-01 1.350748098877758707e-01
-3.293380354842632141e-01 -1.078823689109706940e-01 1.832098398252928195e-01 3.210727376398121446e-01 2.028591743408700854e-01
-3.171916815033859471e-01 -1.724460067620633419e-01 1.092638741392055746e-01 3.050633443077019891e-01 2.504869042558623971e-01
-2.851001529833838699e-01 -2.196937499333622423e-01 3.522444917096834160e-02 2.705307828438276996e-01 2.767276756279470895e-01
-2.370146780424569055e-01 -2.480924963263168026e-01 -3.411620352801025824e-02 2.215524329911320311e-01 2.819482539522829012e-01
-1.776269480080591157e-01 -2.574686174605984590e-01 -9.470906187591110470e-02 1.627272125882359699e-01 2.679078933785716821e-01
-1.119798940835118328e-01 -2.489176488582833802e-01 -1.434271027973392787e-01 9.883326885518317617e-02 2.374770474325458292e-01
-4.508136324366007752e-02 -2.246350753696254865e-01 -1.781795962424662649e-01 3.451288231367843906e-02 1.943139738180208465e-01
1.844705050967032633e-02 -1.876815081206334446e-01 -1.979593635775730442e-01 -2.600262921427753948e-02 1.425306888018837981e-01
7.465953170018502227e-02 -1.417019076257049204e-01 -2.028222258647959242e-01 -7.911842492804121996e-02 8.637376425919197909e-02
1.204960376642603137e-01 -9.062289121934319347e-02 -1.938010229939213236e-01 -1.220449869663946529e-01 2.993840013625814755e-02
1.539045822493771976e-01 -3.835362880498350419e-02 -1.727609013829366491e-01 -1.529054490953693224e-01 -2.307247289015801339e-02
1.738768349344139708e-01 1.148585360688203494e-02 -1.422073184281249514e-01 -1.707790129298673021e-01 -6.953766579214004651e-02
1.804055869288403446e-01 5.578953388588403506e-02 -1.050624259034611679e-01 -1.756810380178345232e-01 -1.070531241960046565e-01
1.743778524486301329e-01 9.213018554351259937e-02 -6.442826321712458171e-02 -1.684839416812610458e-01 -1.340129402576420992e-01
1.574201792216025630e-01 1.188577854158630043e-01 -2.335591933530334341e-02 -1.507868853733470571e-01 -1.496372068749336481e-01
1.317134079463657681e-01 1.351318433141304176e-01 1.536164944666507104e-02 -1.247458629809808928e-01 -1.539492457094431277e-01
9.979317069379067817e-02 1.408935003797620045e-01 4.935884829960923703e-02 -9.287864552136992913e-02 -1.477062971700729144e-01
6.435045075865275521e-02 1.367872361870328124e-01 7.681911783716799391e-02 -5.786056271479356194e-02 -1.322897387044311701e-01
2.804409269825081097e-02 1.240443368636292565e-01 9.654468180403097399e-02 -2.232702568656419473e-02 -1.095631592699244372e-01
-6.665340614293469024e-03 1.043410519279346499e-01 1.079750057694190968e-01 1.130297553809000988e-02 -8.170878700333294997e-02
-3.765329162570063559e-02 7.964393456125273829e-02 1.111587964907934101e-01 4.097114116740496748e-02 -5.105437098407095142e-02
-6.323554971977618511e-02 5.205362684960523900e-02 1.066873971917605690e-01 6.508442901548217030e-02 -1.990324326387760134e-02
-8.223619982834695641e-02 2.365668843699308965e-02 9.559918297919933750e-02 8.257651448974412389e-02 9.620297397794796979e-03
-9.401808143237100346e-02 -3.606730556643289454e-03 7.926514779041027303e-02 9.292655510186031975e-02 3.569992849544090241e-02
-9.847661144378028197e-02 -2.805335091998373276e-02 5.926553626866781777e-02 9.613888068141718257e-02 5.692298710433219694e-02
-9.599981391467160563e-02 -4.834104522053017661e-02 3.726640574882278401e-02 9.268961355900917631e-02 7.233866266296673508e-02
-8.739933444495630310e-02 -6.352428145138178106e-02 1.490368311404433044e-02 8.344772595698413120e-02 8.147796110535088232e-02
-7.381893083725055149e-02 -7.307972325939993130e-02 -6.319181106616000854e-03 6.957872314592283836e-02 8.433791189112606335e-02
-5.662821767435610720e-02 -7.690265054866562977e-02 -2.511533084080541656e-02 5.243914251042625096e-02 8.133507724784228010e-02
-3.731012319237658748e-02 -7.527652226602199459e-02 -4.047719638274893672e-02 3.346954668514401376e-02 7.323519865501704196e-02
-1.735048625021107238e-02 -6.881955854192267630e-02 -5.171594977377846902e-02 1.409281921730909382e-02 6.106672353060038638e-02
1.862527143209113945e-03 -5.841354385215025841e-02 -5.847727198024177397e-02 -4.376523322071057542e-03 4.602606560879185515e-02
1.912287678857049755e-02 -4.512100662809581664e-02 -6.073431522915950787e-02 -2.080751457002527616e-02 2.938192486134316717e-02
3.347046224801109027e-02 -3.009739529726473961e-02 -5.876002602274910114e-02 -3.430923957643117195e-02 1.238502637621374802e-02
4.423182771696709814e-02 -1.450480322751623863e-02 -5.308213221696356926e-02 -4.426676551764197054e-02 -3.811625516254468771e-03
5.103722966755341872e-02 5.668445753466144765e-04 -4.442508417870205673e-02 -5.035606216257260126e-02 -1.821809489230008863e-02
5.381542390237959578e-02 1.416624595812443488e-02 -3.364384409817389177e-02 -5.253866342357971231e-02 -3.005602263328122081e-02
5.276893782669023203e-02 2.553130926129099434e-02 -2.165469406997366786e-02 -5.103805394157745479e-02 -3.878902767436831489e-02
4.833362012106179328e-02 3.412191182081247831e-02 -9.368104114274690766e-03 -4.630083094623005380e-02 -4.413484317466731532e-02
4.112692285055685737e-02 3.963435429352624162e-02 2.371839487620652775e-03 -3.894646246715139509e-02 -4.606014222438026273e-02
3.188948659999968349e-02 4.199845708235550035e-02 1.283780616117957685e-02 -2.971000255202749241e-02 -4.475979169127075608e-02
2.142451142819457033e-02 4.135934016173471034e-02 2.145681654750464587e-02 -1.938228448901513357e-02 -4.062310837852911583e-02
1.053914518343934681e-02 3.804667788553817154e-02 2.783372867764022374e-02 -8.751814452363171348e-03 -3.419052144797807280e-02
-8.701694508950197360e-06 3.253489802356113181e-02 3.176036532593107253e-02 1.447678554439502108e-03 -2.610399530137797255e-02
-9.555231828693333540e-03 2.539785714828113328e-02 3.321115012780495590e-02 1.058103512389840795e-02 -1.705513337186848055e-02
-1.756530436077241575e-02 1.726151887243432270e-02 3.232696613068575253e-02 1.814460696034148057e-02 -7.734592586686406257e-03
-2.365542200678771856e-02 8.757887940571196239e-03 2.938956223704147774e-02 2.378714805346238137e-02 1.213889783273192080e-03
-2.760474266973545268e-02 4.830177306185401420e-04 2.478920732157741114e-02 2.731844726891341849e-02 9.232107311486492662e-03
-2.935446873057390160e-02 -7.038633014583406400e-03 1.898843003090200376e-02 2.870636609277310569e-02 1.587663394286153995e-02
-2.899666712336868013e-02 -1.338182797831866111e-02 1.248461398448630355e-02 2.806366121950243722e-02 2.083756395332403769e-02
-2.675416721359869313e-02 -1.823914478696531116e-02 5.773983135778593123e-03 2.562651120126502660e-02 2.394645178477006198e-02
-2.295363678813489017e-02 -2.143015851125928961e-02 -6.808473936696923801e-04 2.172701094390361645e-02 2.517395608639883334e-02
-1.799422159459518333e-02 -2.290146656050728868e-02 -6.478024762713086027e-03 1.676204903684852532e-02 2.461836966486607992e-02
-1.231423862669966951e-02 -2.271836539261107291e-02 -1.129708391979022952e-02 1.116096033648750208e-02 2.248673307806869914e-02
-6.358339244890709452e-03 -2.104946058637480188e-02 -1.491233396670788025e-02 5.354176212161831927e-03 1.907056147585972639e-02
-5.473187468826301583e-04 -1.814584944707176017e-02 -1.719880934192052901e-02 -2.551937852606211976e-04 1.471836118381353309e-02
4.747628297633310623e-03 -1.431674162410823299e-02 -1.813107342801667868e-02 -5.315291370914687619e-03 9.807089863136830843e-03
9.224882610273210659e-03 -9.903467485615546906e-03 -1.777559185601074176e-02 -9.543825336430389328e-03 4.714548242084060092e-03
1.266580669599548514e-02 -5.253766577853036246e-03 -1.627774760193467785e-02 -1.274010893650057326e-02 -2.055846825084195473e-04
1.494131704088363932e-02 -6.980623750009185002e-04 -1.384483145951753702e-02 -1.479061430130812482e-02 -4.644712958437269279e-03
1.601185154361073337e-02 3.470861883523523872e-03 -1.072649663941538378e-02 -1.566827406260817845e-02 -8.355317137855313228e-03
1.592138805958276393e-02 7.013737571931688564e-03 -7.194209890943215058e-03 -1.542614557515487039e-02 -1.116142676715181636e-02
1.478650377733492505e-02 9.755592828167625186e-03 -3.521166899209782208e-03 -1.418636818613494555e-02 -1.296342116678339540e-02
1.278169418947583402e-02 1.159121162252318982e-02 3.602175296002485538e-05 -1.212557339609221518e-02 -1.373738028562654367e-02
1.012229213521842475e-02 1.248542443201938745e-02 3.252807260269330314e-03 -9.458041913995018923e-03 -1.352953270859746926e-02
7.046347230978078358e-03 1.246871932105397818e-02 5.948568533384879231e-03 -6.417937729579770156e-03 -1.244661200729679784e-02
3.796755436960896901e-03 1.162892686106986595e-02 7.994414678411443376e-03 -3.241891754558801075e-03 -1.064312491840158081e-02
6.047830172895007905e-04 1.009991711652813429e-02 9.316792627374725910e-03 -1.530674948184707063e-04 -8.306648465673527326e-03
-2.324073573779950053e-03 8.048348909008407048e-03 9.897066629632744750e-03 2.652364583554556177e-03 -5.642305791556667671e-03
-4.821191841180905158e-03 5.659534060396209654e-03 9.767491881057521752e-03 5.015668192675626358e-03 -2.857524923024934438e-03
-6.762453374701271613e-03 3.123430451843267619e-03 9.004204076090260855e-03 6.822495623782787177e-03 -1.480689054060846388e-04
-8.072226923239946353e-03 6.216689290761134856e-04 7.717982696630487638e-03 8.006227502076468383e-03 2.313847624309417483e-03
-8.723783425151232507e-03 -1.683636236691210541e-03 6.043616623747638528e-03 8.547825490940352822e-03 4.388754926164972758e-03
-8.736446873371495059e-03 -3.658731086107924746e-03 4.128709201553837360e-03 8.472546282699999765e-03 5.976074406366382874e-03
-8.169970830193218347e-03 -5.204362726919709026e-03 2.122712941364790495e-03 7.844039722772366829e-03 7.017092096976984550e-03
-7.116768617941637842e-03 -6.259068528727151914e-03 1.668909984959832116e-04 6.756475442468934389e-03 7.494863418758601625e-03
-5.692710387380395254e-03 -6.799664298451801869e-03 -1.614225679358760601e-03 5.325408707300027800e-03 7.431350691631921634e-03
-4.027230833543393729e-03 -6.839160166436486499e-03 -3.119468422281168607e-03 3.678109082312586153e-03 6.882251903700842277e-03
-2.253469447276668092e-03 -6.422480724557533271e-03 -4.275494728678497225e-03 1.944039963975185970e-03 5.930089023394646830e-03
-4.990965479548803430e-04 -5.620476352703240863e-03 -5.038997084416574346e-03 2.461004350009510233e-04 4.676184070619315847e-03
1.121628410595931769e-03 -4.522781379640017363e-03 -5.396722944302489999e-03 -1.306867657383636860e-03 3.232162646290337449e-03
2.514153840177613120e-03 -3.230100488186393726e-03 -5.363509031608204580e-03 -2.625935009382018848e-03 1.711592321505417402e-03
3.608025426038219408e-03 -1.846489351973734649e-03 -4.978644724834890845e-03 -3.646072322650795172e-03 2.222942641856295864e-04
4.359258108032504353e-03 -4.721433788348328164e-04 -4.300960526144037566e-03 -4.328183473432889450e-03 -1.140230685273135869e-03
4.750726417079409458e-03 8.028736135006209196e-04 -3.403085627125657098e-03 -4.659234109725796102e-03 -2.297936290860502773e-03
4.790737796664723547e-03 1.903632618562411949e-03 -2.365332927043883871e-03 -4.650645933263808374e-03 -3.193725853410822602e-03
4.510058493194080143e-03 2.773862475954347317e-03 -1.269652335247339892e-03 -4.335225406224996192e-03 -3.793234215699214928e-03
3.957738017851264445e-03 3.377899928207250824e-03 -1.940476865368578885e-04 -3.762967529639005271e-03 -4.084942014221049078e-03
3.196123103432535473e-03 3.701088262631602177e-03 7.922151583394931862e-04 -2.996118853701545959e-03 -4.078770813045973220e-03
2.295472918523389083e-03 3.748744461746555956e-03 1.632366418122366269e-03 -2.103893176661819631e-03 -3.803401313957288643e-03
1.328559790334304935e-03 3.543906753139092203e-03 2.284702947215055957e-03 -1.157230650003837624e-03 -3.302596258502488169e-03
3.656209920563924243e-04 3.124122696190889670e-03 2.723915703811918831e-03 -2.239368812704256584e-04 -2.630879075659953159e-03
-5.300409494360946994e-04 2.537583873509552390e-03 2.941205004896252362e-03 6.355092634215964154e-04 -1.848909530778986010e-03
-1.305582410185524012e-03 1.838926598697776527e-03 2.943290821544986002e-03 1.371263296391811437e-03 -1.018888457266942105e-03
-1.921118467620552828e-03 1.085007821868932965e-03 2.750489778197806601e-03 1.946403262763851671e-03 -2.002940749519233066e-04
-2.351130278697599607e-03 3.309365011598952577e-04 2.394076399838684921e-03 2.338144019220944614e-03 5.537977425362772266e-04
-2.584789744080051577e-03 -3.734027116143456837e-04 1.913171858816564708e-03 2.537999659771195127e-03 1.199619777808358378e-03
-2.625283455492510853e-03 -9.861502748308437205e-04 1.351411206265362708e-03 2.550984572117664939e-03 1.704728068591343515e-03
-2.488272631191223994e-03 -1.475477683050230304e-03 7.536291399656835921e-04 2.393997223378629968e-03 2.049073071878737551e-03
-2.199674147413066549e-03 -1.820739755501121770e-03 1.627823157657193320e-04 2.093571882008316010e-03 2.225148625128792190e-03
-1.792973574322953567e-03 -2.012778681807048109e-03 -3.827117546399971815e-04 1.683207482423343393e-03 2.237296205221062095e-03
-1.306291679428750463e-03 -2.053440067716905126e-03 -8.510830463203111762e-04 1.200490321045855069e-03 2.100290527563108967e-03
-7.794218557672927261e-04 -1.954407460983409450e-03 -1.218678003572670754e-03 6.842203461481233262e-04 1.837369026050916787e-03
-2.510376257958135682e-04 -1.735496557229154746e-03 -1.470753033608218630e-03 1.717305691535386813e-04 1.477889109268382128e-03
2.437606851446449951e-04 -1.422572794823606657e-03 -1.601604110648580104e-03 -3.034418201357524936e-04 1.054803927954983678e-03
6.754296003008697369e-04 -1.045265808566675503e-03 -1.614086579482032491e-03 -7.134123928779212420e-04 6.021409880336836551e-04
1.021409619329283203e-03 -6.346514100873390518e-04 -1.518614424521502748e-03 -1.037256658622309757e-03 1.526499431379058080e-04
1.266954221887717225e-03 -2.210577666112989448e-04 -1.331754361831860578e-03 -1.261733183864799379e-03 -2.642412688029782686e-04
1.405362813780897113e-03 1.678706437198140833e-04 -1.074546088945305122e-03 -1.381430148148399262e-03 -6.240563808976862248e-04
1.437659013830305810e-03 5.087474953198167782e-04 -7.706857646122555749e-04 -1.398380249608477399e-03 -9.084185952473733394e-04
1.371788219967751132e-03 7.835876473951675081e-04 -4.447059266460273719e-04 -1.321219846787680119e-03 -1.105685957362601002e-03
1.221434676000887620e-03 9.804834399913531229e-04 -1.202726695375133659e-04 -1.163990615892451785e-03 -1.211082733643342735e-03
1.004570046253316917e-03 1.093815398797604033e-03 1.812981189543982907e-04 -9.446979278983080874e-04 -1.226362263051727908e-03
7.418571719308708623e-04 1.124026145400636167e-03 4.422280121465504976e-04 -6.837432284595434950e-04 -1.159071498565644731e-03
4.550278195574186668e-04 1.077014680703314298e-03 6.491164327340204210e-04 -4.023467981952855155e-04 -1.021502176034916332e-03
1.653448641556476417e-04 9.632269035699803084e-04 7.934115643446482125e-04 -1.210651639482751563e-04 -8.294287865451277497e-04
-1.077599829305553314e-04 7.965331520900509332e-04 8.715149326450344347e-04 1.415052355400181483e-04 -6.007331188531139787e-04
-3.477973100733944278e-04 5.929854399524536746e-04 8.845485572690492404e-04 3.697722765452216009e-04 -3.540214314650125260e-04
-5.420308847995380930e-04 3.695482697778640357e-04 8.378322090880629958e-04 5.518945060107860456e-04 -1.073251115666362665e-04
-6.819634207421154670e-04 1.428899041500120148e-04 7.401325518878731913e-04 6.802081973318330199e-04 1.230376960170698197e-04
-7.634960103267696141e-04 -7.169172868271012078e-05 6.027555119620942037e-04 7.513372923027006323e-04 3.233791406642705368e-04
-7.867819565877676169e-04 -2.611503271241488733e-04 4.385571906171392698e-04 7.660093297880976593e-04 4.832978298674461826e-04
-7.558127390242530552e-04 -4.153403649134190800e-04 2.609462375702253922e-04 7.286172461811180057e-04 5.960545406704653715e-04
-6.777898273520044370e-04 -5.274124795028312107e-04 8.294468291025758333e-05 6.465803187996055357e-04 6.586705266937720182e-04
-5.623435302519741441e-04 -5.939536227157482529e-04 -8.363655029208771907e-05 5.295659617723380563e-04 6.717671410754189054e-04
-4.206651837285191320e-04 -6.148866128925511987e-04 -2.288637106632185336e-04 3.886367766383624911e-04 6.391824354410324815e-04
-2.646186052501775521e-04 -5.931584523722888136e-04 -3.451589618291839301e-04 2.353861916553068312e-04 5.674117548435386738e-04
-1.058910636040355513e-04 -5.342584054622845358e-04 -4.275777685814885487e-04 8.112151846906279218e-05 4.649250969093188246e-04
4.476297721800470697e-05 -4.456133201039547131e-04 -4.738859209970636144e-04 -6.385685961918241560e-05 3.414195022080068753e-04
1.781429765315145630e-04 -3.359119479441341483e-04 -4.844532400838374997e-04 -1.908450136693939925e-04 2.070667606914877723e-04
2.870709453941522327e-04 -2.144112310807910760e-04 -4.619715271814150981e-04 -2.931485966930491571e-04 7.177380782397158043e-05
3.666626361902292075e-04 -9.027061312050221886e-05 -4.110650933868420509e-04 -3.663415536702130382e-04 -5.541986126944564717e-05
4.144392330132085078e-04 2.804916584686623082e-05 -3.378030616471017211e-04 -4.083497247001632857e-04 -1.668664860307034203e-04
4.302614842621732549e-04 1.332752061418140954e-04 -2.491562103312805476e-04 -4.193580454282530567e-04 -2.566882391271674280e-04
4.161212298092742401e-04 2.196889032661797359e-04 -1.524496226815719169e-04 -4.015830704513501104e-04 -3.210031178629835225e-04
3.757970555711143135e-04 2.833630939689246730e-04 -5.484401742372746469e-05 -3.589344323104981527e-04 -3.579750865971842444e-04
3.144416711071684745e-04 3.222443632620031195e-04 3.711715000909165951e-05 -2.965942155812584247e-04 -3.677542122269006342e-04
2.381126597579275028e-04 3.361150184761907411e-04 1.178872999223479212e-04 -2.205560228574210413e-04 -3.522789881329480011e-04
1.532829985901873471e-04 3.264326981666787475e-04 1.831867924710905982e-04 -1.371512603736135816e-04 -3.149728394309381230e-04
6.637189700198220521e-05 2.960756173318035422e-04 2.301650228144769272e-04 -5.259700572735059865e-05 -2.603766090359949104e-04
-1.667465957799763032e-05 2.490167705575530022e-04 2.574542465583196105e-04 2.740415237423299288e-05 -1.937432474204969779e-04
-9.073105406853798627e-05 1.899557761186887461e-04 2.651198596350656800e-04 9.799243382380140588e-05 -1.206235332037453034e-04
-1.517527173440225141e-04 1.239390637344239821e-04 2.545193874203821593e-04 1.553924519199778587e-04 -4.647044789607424065e-05
-1.969411695256217953e-04 5.599382618326487204e-05 2.280892909010123759e-04 1.970601834644369887e-04 2.371238541032383296e-05
-2.248110646481116248e-04 -9.202405189201456892e-06 1.890813326610452094e-04 2.217340418275703939e-04 8.565936757598535678e-05
-2.351638018739388158e-04 -6.759810069667526733e-05 1.412703976131357564e-04 2.293961853763182290e-04 1.360551576139457097e-04
-2.289784444784448425e-04 -1.159764242607552731e-04 8.865524056456131063e-05 2.211555979982904319e-04 1.726635139767118687e-04
-2.082371278990802210e-04 -1.520882559151726099e-04 3.517243973916173161e-05 1.990676601000274104e-04 1.943755723281537229e-04
-1.756920727402633275e-04 -1.747117672632469976e-04 -1.555805711239699463e-05 1.659094618606804517e-04 2.011657475744499379e-04
-1.346158501641658845e-04 -1.836312203427059586e-04 -6.044105484415140950e-05 1.249258057225421936e-04 1.940011982508593746e-04
-8.853667676078647020e-05 -1.795573252869608893e-04 -9.706390738961623299e-05 7.957052574503187259e-05 1.746835331923879409e-04
-4.097905902034071346e-05 -1.639929783882054792e-04 -1.237891200771557010e-04 3.325888740501881102e-05 1.456461452060686668e-04
4.770252896912907659e-06 -1.390594524102173324e-04 -1.397884472722488169e-04 -1.085490038366110355e-05 1.097327692856087111e-04
4.585650604127522456e-05 -1.072966167575684082e-04 -1.450228390420527091e-04 -5.006269498786242167e-05 6.997339102210453632e-05
8.000666101115605500e-05 -7.145467548475004094e-05 -1.401675181189609987e-04 -8.223564126419447007e-05 2.935964709505078929e-05
1.056205803720011716e-04 -3.429232941298820947e-05 -1.265026088527188008e-04 -1.059133066747541818e-04 -9.340036028704368221e-06
1.218147935937441417e-04 1.608182232937238609e-06 -1.057685262313423635e-04 -1.203366466230315623e-04 -4.374735320045175513e-05
1.284115601902779957e-04 3.399192417985474890e-05 -8.000837063648624792e-05 -1.254304864084510029e-04 -7.199271415614383329e-05
1.258859462225370152e-04 6.105066233219602623e-05 -5.140345306176019591e-05 -1.217445464802846544e-04 -9.279302866183058995e-05
1.152718396555396652e-04 8.149986287842025945e-05 -2.211605527913107494e-05 -1.103567009406170030e-04 -1.054800174693504289e-04
9.804114137934583084e-05 9.461409281374955071e-05 5.851842283188801730e-06 -9.275114984808041640e-05 -1.099873118651784054e-04
7.596192398251488953e-05 1.002233317421996617e-04 3.077566756926053415e-05 -7.068286904521325908e-05 -1.067929255973432134e-04
5.095400674259842333e-05 9.867003844643562616e-05 5.129544278781317246e-05 -4.603575238859569652e-05 -9.683789922299013142e-05
2.494895519644657611e-05 9.073724363206636667e-05 6.647221872202457860e-05 -2.068527675247455733e-05 -8.142233937424858681e-05
-2.383322181831459829e-07 7.755497746964046257e-05 7.580995034373039232e-05 3.624894612030971075e-06 -6.208504997518016211e-05
-2.301898160483872857e-05 6.049327851664898503e-05 7.924560745364850334e-05 2.538573009780442646e-05 -4.047813508301079111e-05
-4.211434803613745004e-05 4.104917360225890377e-05 7.711219792438939180e-05 4.340013996162461751e-05 -1.824651356741036068e-05
-5.661131898249127659e-05 2.073535725144459718e-05 7.007950973769716541e-05 5.683229982333948271e-05 3.080131692145826605e-06
