0.000000000000000000e+00 0.000000000000000000e+00 0.000000000000000000e+00 0.000000000000000000e+00 0.000000000000000000e+00
0.000000000000000000e+00 0.000000000000000000e+00 0.000000000000000000e+00 0.000000000000000000e+00 0.000000000000000000e+00
0.000000000000000000e+00 0.000000000000000000e+00 0.000000000000000000e+00 0.000000000000000000e+00 0.000000000000000000e+00
0.000000000000000000e+00 0.000000000000000000e+00 0.000000000000000000e+00 0.000000000000000000e+00 0.000000000000000000e+00
0.000000000000000000e+00 0.000000000000000000e+00 0.000000000000000000e+00 0.000000000000000000e+00 0.000000000000000000e+00
0.000000000000000000e+00 0.000000000000000000e+00 0.000000000000000000e+00 0.000000000000000000e+00 0.000000000000000000e+00
0.000000000000000000e+00 0.000000000000000000e+00 0.000000000000000000e+00 0.000000000000000000e+00 0.000000000000000000e+00
0.000000000000000000e+00 0.000000000000000000e+00 0.000000000000000000e+00 0.000000000000000000e+00 0.000000000000000000e+00
0.000000000000000000e+00 0.000000000000000000e+00 0.000000000000000000e+00 0.000000000000000000e+00 0.000000000000000000e+00
0.000000000000000000e+00 0.000000000000000000e+00 0.000000000000000000e+00 0.000000000000000000e+00 0.000000000000000000e+00
0.000000000000000000e+00 0.000000000000000000e+00 0.000000000000000000e+00 0.000000000000000000e+00 0.000000000000000000e+00
0.000000000000000000e+00 0.000000000000000000e+00 0.000000000000000000e+00 0.000000000000000000e+00 0.000000000000000000e+00
0.000000000000000000e+00 0.000000000000000000e+00 0.000000000000000000e+00 0.000000000000000000e+00 0.000000000000000000e+00
0.000000000000000000e+00 0.000000000000000000e+00 0.000000000000000000e+00 0.000000000000000000e+00 0.000000000000000000e+00
0.000000000000000000e+00 0.000000000000000000e+00 0.000000000000000000e+00 0.000000000000000000e+00 0.000000000000000000e+00
0.000000000000000000e+00 0.000000000000000000e+00 0.000000000000000000e+00 0.000000000000000000e+00 0.000000000000000000e+00
0.000000000000000000e+00 0.000000000000000000e+00 0.000000000000000000e+00 0.000000000000000000e+00 0.000000000000000000e+00
0.000000000000000000e+00 0.000000000000000000e+00 0.000000000000000000e+00 0.000000000000000000e+00 0.000000000000000000e+00
0.000000000000000000e+00 0.000000000000000000e+00 0.000000000000000000e+00 0.000000000000000000e+00 0.000000000000000000e+00
0.000000000000000000e+00 0.000000000000000000e+00 0.000000000000000000e+00 0.000000000000000000e+00 0.000000000000000000e+00
0.000000000000000000e+00 0.000000000000000000e+00 0.000000000000000000e+00 0.000000000000000000e+00 0.000000000000000000e+00
0.000000000000000000e+00 0.000000000000000000e+00 0.000000000000000000e+00 0.000000000000000000e+00 0.000000000000000000e+00
0.000000000000000000e+00 0.000000000000000000e+00 0.000000000000000000e+00 0.000000000000000000e+00 0.000000000000000000e+00
0.000000000000000000e+00 0.000000000000000000e+00 0.000000000000000000e+00 0.000000000000000000e+00 0.000000000000000000e+00
0.000000000000000000e+00 0.000000000000000000e+00 0.000000000000000000e+00 0.000000000000000000e+00 0.000000000000000000e+00
0.000000000000000000e+00 0.000000000000000000e+00 0.000000000000000000e+00 0.000000000000000000e+00 0.000000000000000000e+00
0.000000000000000000e+00 0.000000000000000000e+00 0.000000000000000000e+00 0.000000000000000000e+00 0.000000000000000000e+00
0.000000000000000000e+00 0.000000000000000000e+00 0.000000000000000000e+00 0.000000000000000000e+00 0.000000000000000000e+00
0.000000000000000000e+00 0.000000000000000000e+00 0.000000000000000000e+00 0.000000000000000000e+00 0.000000000000000000e+00
0.000000000000000000e+00 0.000000000000000000e+00 0.000000000000000000e+00 0.000000000000000000e+00 0.000000000000000000e+00
0.000000000000000000e+00 0.000000000000000000e+00 0.000000000000000000e+00 0.000000000000000000e+00 0.000000000000000000e+00
0.000000000000000000e+00 0.000000000000000000e+00 0.000000000000000000e+00 0.000000000000000000e+00 0.000000000000000000e+00
0.000000000000000000e+00 0.000000000000000000e+00 0.000000000000000000e+00 0.000000000000000000e+00 0.000000000000000000e+00
0.000000000000000000e+00 0.000000000000000000e+00 0.000000000000000000e+00 0.000000000000000000e+00 0.000000000000000000e+00
0.000000000000000000e+00 0.000000000000000000e+00 0.000000000000000000e+00 0.000000000000000000e+00 0.000000000000000000e+00
0.000000000000000000e+00 0.000000000000000000e+00 0.000000000000000000e+00 0.000000000000000000e+00 0.000000000000000000e+00
0.000000000000000000e+00 0.000000000000000000e+00 0.000000000000000000e+00 0.000000000000000000e+00 0.000000000000000000e+00
0.000000000000000000e+00 0.000000000000000000e+00 0.000000000000000000e+00 0.000000000000000000e+00 0.000000000000000000e+00
0.000000000000000000e+00 0.000000000000000000e+00 0.000000000000000000e+00 0.000000000000000000e+00 0.000000000000000000e+00
0.000000000000000000e+00 0.000000000000000000e+00 0.000000000000000000e+00 0.000000000000000000e+00 0.000000000000000000e+00
0.000000000000000000e+00 0.000000000000000000e+00 0.000000000000000000e+00 0.000000000000000000e+00 0.000000000000000000e+00
0.000000000000000000e+00 0.000000000000000000e+00 0.000000000000000000e+00 0.000000000000000000e+00 0.000000000000000000e+00
0.000000000000000000e+00 0.000000000000000000e+00 0.000000000000000000e+00 0.000000000000000000e+00 0.000000000000000000e+00
0.000000000000000000e+00 0.000000000000000000e+00 0.000000000000000000e+00 0.000000000000000000e+00 0.000000000000000000e+00
0.000000000000000000e+00 0.000000000000000000e+00 0.000000000000000000e+00 0.000000000000000000e+00 0.000000000000000000e+00
0.000000000000000000e+00 0.000000000000000000e+00 0.000000000000000000e+00 0.000000000000000000e+00 0.000000000000000000e+00
0.000000000000000000e+00 0.000000000000000000e+00 0.000000000000000000e+00 0.000000000000000000e+00 0.000000000000000000e+00
0.000000000000000000e+00 0.000000000000000000e+00 0.000000000000000000e+00 0.000000000000000000e+00 0.000000000000000000e+00
0.000000000000000000e+00 0.000000000000000000e+00 0.000000000000000000e+00 0.000000000000000000e+00 0.000000000000000000e+00
0.000000000000000000e+00 0.000000000000000000e+00 0.000000000000000000e+00 0.000000000000000000e+00 0.000000000000000000e+00
0.000000000000000000e+00 0.000000000000000000e+00 0.000000000000000000e+00 0.000000000000000000e+00 0.000000000000000000e+00
0.000000000000000000e+00 0.000000000000000000e+00 0.000000000000000000e+00 0.000000000000000000e+00 0.000000000000000000e+00
0.000000000000000000e+00 0.000000000000000000e+00 0.000000000000000000e+00 0.000000000000000000e+00 0.000000000000000000e+00
0.000000000000000000e+00 0.000000000000000000e+00 0.000000000000000000e+00 0.000000000000000000e+00 0.000000000000000000e+00
0.000000000000000000e+00 0.000000000000000000e+00 0.000000000000000000e+00 0.000000000000000000e+00 0.000000000000000000e+00
0.000000000000000000e+00 0.000000000000000000e+00 0.000000000000000000e+00 0.000000000000000000e+00 0.000000000000000000e+00
0.000000000000000000e+00 0.000000000000000000e+00 0.000000000000000000e+00 0.000000000000000000e+00 0.000000000000000000e+00
0.000000000000000000e+00 0.000000000000000000e+00 0.000000000000000000e+00 0.000000000000000000e+00 0.000000000000000000e+00
0.000000000000000000e+00 0.000000000000000000e+00 0.000000000000000000e+00 0.000000000000000000e+00 0.000000000000000000e+00
0.000000000000000000e+00 0.000000000000000000e+00 0.000000000000000000e+00 0.000000000000000000e+00 0.000000000000000000e+00
0.000000000000000000e+00 0.000000000000000000e+00 0.000000000000000000e+00 0.000000000000000000e+00 0.000000000000000000e+00
0.000000000000000000e+00 0.000000000000000000e+00 0.000000000000000000e+00 0.000000000000000000e+00 0.000000000000000000e+00
0.000000000000000000e+00 0.000000000000000000e+00 0.000000000000000000e+00 0.000000000000000000e+00 0.000000000000000000e+00
0.000000000000000000e+00 0.000000000000000000e+00 0.000000000000000000e+00 0.000000000000000000e+00 0.000000000000000000e+00
0.000000000000000000e+00 0.000000000000000000e+00 0.000000000000000000e+00 0.000000000000000000e+00 0.000000000000000000e+00
0.000000000000000000e+00 0.000000000000000000e+00 0.000000000000000000e+00 0.000000000000000000e+00 0.000000000000000000e+00
0.000000000000000000e+00 0.000000000000000000e+00 0.000000000000000000e+00 0.000000000000000000e+00 0.000000000000000000e+00
0.000000000000000000e+00 0.000000000000000000e+00 0.000000000000000000e+00 0.000000000000000000e+00 0.000000000000000000e+00
0.000000000000000000e+00 0.000000000000000000e+00 0.000000000000000000e+00 0.000000000000000000e+00 0.000000000000000000e+00
0.000000000000000000e+00 0.000000000000000000e+00 0.000000000000000000e+00 0.000000000000000000e+00 0.000000000000000000e+00
0.000000000000000000e+00 0.000000000000000000e+00 0.000000000000000000e+00 0.000000000000000000e+00 0.000000000000000000e+00
0.000000000000000000e+00 0.000000000000000000e+00 0.000000000000000000e+00 0.000000000000000000e+00 0.000000000000000000e+00
0.000000000000000000e+00 0.000000000000000000e+00 0.000000000000000000e+00 0.000000000000000000e+00 0.000000000000000000e+00
0.000000000000000000e+00 0.000000000000000000e+00 0.000000000000000000e+00 0.000000000000000000e+00 0.000000000000000000e+00
0.000000000000000000e+00 0.000000000000000000e+00 0.000000000000000000e+00 0.000000000000000000e+00 0.000000000000000000e+00
0.000000000000000000e+00 0.000000000000000000e+00 0.000000000000000000e+00 0.000000000000000000e+00 0.000000000000000000e+00
0.000000000000000000e+00 0.000000000000000000e+00 0.000000000000000000e+00 0.000000000000000000e+00 0.000000000000000000e+00
0.000000000000000000e+00 0.000000000000000000e+00 0.000000000000000000e+00 0.000000000000000000e+00 0.000000000000000000e+00
0.000000000000000000e+00 0.000000000000000000e+00 0.000000000000000000e+00 0.000000000000000000e+00 0.000000000000000000e+00
0.000000000000000000e+00 0.000000000000000000e+00 0.000000000000000000e+00 0.000000000000000000e+00 0.000000000000000000e+00
0.000000000000000000e+00 0.000000000000000000e+00 0.000000000000000000e+00 0.000000000000000000e+00 0.000000000000000000e+00
0.000000000000000000e+00 0.000000000000000000e+00 0.000000000000000000e+00 0.000000000000000000e+00 0.000000000000000000e+00
0.000000000000000000e+00 0.000000000000000000e+00 0.000000000000000000e+00 0.000000000000000000e+00 0.000000000000000000e+00
0.000000000000000000e+00 0.000000000000000000e+00 0.000000000000000000e+00 0.000000000000000000e+00 0.000000000000000000e+00
0.000000000000000000e+00 0.000000000000000000e+00 0.000000000000000000e+00 0.000000000000000000e+00 0.000000000000000000e+00
0.000000000000000000e+00 0.000000000000000000e+00 0.000000000000000000e+00 0.000000000000000000e+00 0.000000000000000000e+00
0.000000000000000000e+00 0.000000000000000000e+00 0.000000000000000000e+00 0.000000000000000000e+00 0.000000000000000000e+00
0.000000000000000000e+00 0.000000000000000000e+00 0.000000000000000000e+00 0.000000000000000000e+00 0.000000000000000000e+00
0.000000000000000000e+00 0.000000000000000000e+00 0.000000000000000000e+00 0.000000000000000000e+00 0.000000000000000000e+00
0.000000000000000000e+00 0.000000000000000000e+00 0.000000000000000000e+00 0.000000000000000000e+00 0.000000000000000000e+00
0.000000000000000000e+00 0.000000000000000000e+00 0.000000000000000000e+00 0.000000000000000000e+00 0.000000000000000000e+00
0.000000000000000000e+00 0.000000000000000000e+00 0.000000000000000000e+00 0.000000000000000000e+00 0.000000000000000000e+00
0.000000000000000000e+00 0.000000000000000000e+00 0.000000000000000000e+00 0.000000000000000000e+00 0.000000000000000000e+00
0.000000000000000000e+00 0.000000000000000000e+00 0.000000000000000000e+00 0.000000000000000000e+00 0.000000000000000000e+00
0.000000000000000000e+00 0.000000000000000000e+00 0.000000000000000000e+00 0.000000000000000000e+00 0.000000000000000000e+00
0.000000000000000000e+00 0.000000000000000000e+00 0.000000000000000000e+00 0.000000000000000000e+00 0.000000000000000000e+00
0.000000000000000000e+00 0.000000000000000000e+00 0.000000000000000000e+00 0.000000000000000000e+00 0.000000000000000000e+00
0.000000000000000000e+00 0.000000000000000000e+00 0.000000000000000000e+00 0.000000000000000000e+00 0.000000000000000000e+00
0.000000000000000000e+00 0.000000000000000000e+00 0.000000000000000000e+00 0.000000000000000000e+00 0.000000000000000000e+00
0.000000000000000000e+00 0.000000000000000000e+00 0.000000000000000000e+00 0.000000000000000000e+00 0.000000000000000000e+00
0.000000000000000000e+00 0.000000000000000000e+00 0.000000000000000000e+00 0.000000000000000000e+00 0.000000000000000000e+00
0.000000000000000000e+00 0.000000000000000000e+00 0.000000000000000000e+00 0.000000000000000000e+00 0.000000000000000000e+00
0.000000000000000000e+00 0.000000000000000000e+00 0.000000000000000000e+00 0.000000000000000000e+00 0.000000000000000000e+00
0.000000000000000000e+00 0.000000000000000000e+00 0.000000000000000000e+00 0.000000000000000000e+00 0.000000000000000000e+00
0.000000000000000000e+00 0.000000000000000000e+00 0.000000000000000000e+00 0.000000000000000000e+00 0.000000000000000000e+00
0.000000000000000000e+00 0.000000000000000000e+00 0.000000000000000000e+00 0.000000000000000000e+00 0.000000000000000000e+00
0.000000000000000000e+00 0.000000000000000000e+00 0.000000000000000000e+00 0.000000000000000000e+00 0.000000000000000000e+00
0.000000000000000000e+00 0.000000000000000000e+00 0.000000000000000000e+00 0.000000000000000000e+00 0.000000000000000000e+00
0.000000000000000000e+00 0.000000000000000000e+00 0.000000000000000000e+00 0.000000000000000000e+00 0.000000000000000000e+00
0.000000000000000000e+00 0.000000000000000000e+00 0.000000000000000000e+00 0.000000000000000000e+00 0.000000000000000000e+00
0.000000000000000000e+00 0.000000000000000000e+00 0.000000000000000000e+00 0.000000000000000000e+00 0.000000000000000000e+00
0.000000000000000000e+00 0.000000000000000000e+00 0.000000000000000000e+00 0.000000000000000000e+00 0.000000000000000000e+00
0.000000000000000000e+00 0.000000000000000000e+00 0.000000000000000000e+00 0.000000000000000000e+00 0.000000000000000000e+00
0.000000000000000000e+00 0.000000000000000000e+00 0.000000000000000000e+00 0.000000000000000000e+00 0.000000000000000000e+00
0.000000000000000000e+00 0.000000000000000000e+00 0.000000000000000000e+00 0.000000000000000000e+00 0.000000000000000000e+00
0.000000000000000000e+00 0.000000000000000000e+00 0.000000000000000000e+00 0.000000000000000000e+00 0.000000000000000000e+00
0.000000000000000000e+00 0.000000000000000000e+00 0.000000000000000000e+00 0.000000000000000000e+00 0.000000000000000000e+00
0.000000000000000000e+00 0.000000000000000000e+00 0.000000000000000000e+00 0.000000000000000000e+00 0.000000000000000000e+00
0.000000000000000000e+00 0.000000000000000000e+00 0.000000000000000000e+00 0.000000000000000000e+00 0.000000000000000000e+00
0.000000000000000000e+00 0.000000000000000000e+00 0.000000000000000000e+00 0.000000000000000000e+00 0.000000000000000000e+00
0.000000000000000000e+00 0.000000000000000000e+00 0.000000000000000000e+00 0.000000000000000000e+00 0.000000000000000000e+00
0.000000000000000000e+00 0.000000000000000000e+00 0.000000000000000000e+00 0.000000000000000000e+00 0.000000000000000000e+00
0.000000000000000000e+00 0.000000000000000000e+00 0.000000000000000000e+00 0.000000000000000000e+00 0.000000000000000000e+00
0.000000000000000000e+00 0.000000000000000000e+00 0.000000000000000000e+00 0.000000000000000000e+00 0.000000000000000000e+00
0.000000000000000000e+00 0.000000000000000000e+00 0.000000000000000000e+00 0.000000000000000000e+00 0.000000000000000000e+00
0.000000000000000000e+00 0.000000000000000000e+00 0.000000000000000000e+00 0.000000000000000000e+00 0.000000000000000000e+00
0.000000000000000000e+00 0.000000000000000000e+00 0.000000000000000000e+00 0.000000000000000000e+00 0.000000000000000000e+00
0.000000000000000000e+00 0.000000000000000000e+00 0.000000000000000000e+00 0.000000000000000000e+00 0.000000000000000000e+00
0.000000000000000000e+00 0.000000000000000000e+00 0.000000000000000000e+00 0.000000000000000000e+00 0.000000000000000000e+00
0.000000000000000000e+00 0.000000000000000000e+00 0.000000000000000000e+00 0.000000000000000000e+00 0.000000000000000000e+00
0.000000000000000000e+00 0.000000000000000000e+00 0.000000000000000000e+00 0.000000000000000000e+00 0.000000000000000000e+00
0.000000000000000000e+00 0.000000000000000000e+00 0.000000000000000000e+00 0.000000000000000000e+00 0.000000000000000000e+00
0.000000000000000000e+00 0.000000000000000000e+00 0.000000000000000000e+00 0.000000000000000000e+00 0.000000000000000000e+00
0.000000000000000000e+00 0.000000000000000000e+00 0.000000000000000000e+00 0.000000000000000000e+00 0.000000000000000000e+00
0.000000000000000000e+00 0.000000000000000000e+00 0.000000000000000000e+00 0.000000000000000000e+00 0.000000000000000000e+00
0.000000000000000000e+00 0.000000000000000000e+00 0.000000000000000000e+00 0.000000000000000000e+00 0.000000000000000000e+00
0.000000000000000000e+00 0.000000000000000000e+00 0.000000000000000000e+00 0.000000000000000000e+00 0.000000000000000000e+00
0.000000000000000000e+00 0.000000000000000000e+00 0.000000000000000000e+00 0.000000000000000000e+00 0.000000000000000000e+00
0.000000000000000000e+00 0.000000000000000000e+00 0.000000000000000000e+00 0.000000000000000000e+00 0.000000000000000000e+00
0.000000000000000000e+00 0.000000000000000000e+00 0.000000000000000000e+00 0.000000000000000000e+00 0.000000000000000000e+00
0.000000000000000000e+00 0.000000000000000000e+00 0.000000000000000000e+00 0.000000000000000000e+00 0.000000000000000000e+00
0.000000000000000000e+00 0.000000000000000000e+00 0.000000000000000000e+00 0.000000000000000000e+00 0.000000000000000000e+00
0.000000000000000000e+00 0.000000000000000000e+00 0.000000000000000000e+00 0.000000000000000000e+00 0.000000000000000000e+00
0.000000000000000000e+00 0.000000000000000000e+00 0.000000000000000000e+00 0.000000000000000000e+00 0.000000000000000000e+00
0.000000000000000000e+00 0.000000000000000000e+00 0.000000000000000000e+00 0.000000000000000000e+00 0.000000000000000000e+00
0.000000000000000000e+00 0.000000000000000000e+00 0.000000000000000000e+00 0.000000000000000000e+00 0.000000000000000000e+00
0.000000000000000000e+00 0.000000000000000000e+00 0.000000000000000000e+00 0.000000000000000000e+00 0.000000000000000000e+00
0.000000000000000000e+00 0.000000000000000000e+00 0.000000000000000000e+00 0.000000000000000000e+00 0.000000000000000000e+00
0.000000000000000000e+00 0.000000000000000000e+00 0.000000000000000000e+00 0.000000000000000000e+00 0.000000000000000000e+00
0.000000000000000000e+00 0.000000000000000000e+00 0.000000000000000000e+00 0.000000000000000000e+00 0.000000000000000000e+00
0.000000000000000000e+00 0.000000000000000000e+00 0.000000000000000000e+00 0.000000000000000000e+00 0.000000000000000000e+00
0.000000000000000000e+00 0.000000000000000000e+00 0.000000000000000000e+00 0.000000000000000000e+00 0.000000000000000000e+00
0.000000000000000000e+00 0.000000000000000000e+00 0.000000000000000000e+00 0.000000000000000000e+00 0.000000000000000000e+00
0.000000000000000000e+00 0.000000000000000000e+00 0.000000000000000000e+00 0.000000000000000000e+00 0.000000000000000000e+00
0.000000000000000000e+00 0.000000000000000000e+00 0.000000000000000000e+00 0.000000000000000000e+00 0.000000000000000000e+00
0.000000000000000000e+00 0.000000000000000000e+00 0.000000000000000000e+00 0.000000000000000000e+00 0.000000000000000000e+00
0.000000000000000000e+00 0.000000000000000000e+00 0.000000000000000000e+00 0.000000000000000000e+00 0.000000000000000000e+00
0.000000000000000000e+00 0.000000000000000000e+00 0.000000000000000000e+00 0.000000000000000000e+00 0.000000000000000000e+00
0.000000000000000000e+00 0.000000000000000000e+00 0.000000000000000000e+00 0.000000000000000000e+00 0.000000000000000000e+00
0.000000000000000000e+00 0.000000000000000000e+00 0.000000000000000000e+00 0.000000000000000000e+00 0.000000000000000000e+00
0.000000000000000000e+00 0.000000000000000000e+00 0.000000000000000000e+00 0.000000000000000000e+00 0.000000000000000000e+00
0.000000000000000000e+00 0.000000000000000000e+00 0.000000000000000000e+00 0.000000000000000000e+00 0.000000000000000000e+00
0.000000000000000000e+00 0.000000000000000000e+00 0.000000000000000000e+00 0.000000000000000000e+00 0.000000000000000000e+00
0.000000000000000000e+00 0.000000000000000000e+00 0.000000000000000000e+00 0.000000000000000000e+00 0.000000000000000000e+00
0.000000000000000000e+00 0.000000000000000000e+00 0.000000000000000000e+00 0.000000000000000000e+00 0.000000000000000000e+00
0.000000000000000000e+00 0.000000000000000000e+00 0.000000000000000000e+00 0.000000000000000000e+00 0.000000000000000000e+00
0.000000000000000000e+00 0.000000000000000000e+00 0.000000000000000000e+00 0.000000000000000000e+00 0.000000000000000000e+00
0.000000000000000000e+00 0.000000000000000000e+00 0.000000000000000000e+00 0.000000000000000000e+00 0.000000000000000000e+00
0.000000000000000000e+00 0.000000000000000000e+00 0.000000000000000000e+00 0.000000000000000000e+00 0.000000000000000000e+00
0.000000000000000000e+00 0.000000000000000000e+00 0.000000000000000000e+00 0.000000000000000000e+00 0.000000000000000000e+00
0.000000000000000000e+00 0.000000000000000000e+00 0.000000000000000000e+00 0.000000000000000000e+00 0.000000000000000000e+00
0.000000000000000000e+00 0.000000000000000000e+00 0.000000000000000000e+00 0.000000000000000000e+00 0.000000000000000000e+00
0.000000000000000000e+00 0.000000000000000000e+00 0.000000000000000000e+00 0.000000000000000000e+00 0.000000000000000000e+00
0.000000000000000000e+00 0.000000000000000000e+00 0.000000000000000000e+00 0.000000000000000000e+00 0.000000000000000000e+00
0.000000000000000000e+00 0.000000000000000000e+00 0.000000000000000000e+00 0.000000000000000000e+00 0.000000000000000000e+00
0.000000000000000000e+00 0.000000000000000000e+00 0.000000000000000000e+00 0.000000000000000000e+00 0.000000000000000000e+00
0.000000000000000000e+00 0.000000000000000000e+00 0.000000000000000000e+00 0.000000000000000000e+00 0.000000000000000000e+00
0.000000000000000000e+00 0.000000000000000000e+00 0.000000000000000000e+00 0.000000000000000000e+00 0.000000000000000000e+00
0.000000000000000000e+00 0.000000000000000000e+00 0.000000000000000000e+00 0.000000000000000000e+00 0.000000000000000000e+00
0.000000000000000000e+00 0.000000000000000000e+00 0.000000000000000000e+00 0.000000000000000000e+00 0.000000000000000000e+00
0.000000000000000000e+00 0.000000000000000000e+00 0.000000000000000000e+00 0.000000000000000000e+00 0.000000000000000000e+00
0.000000000000000000e+00 0.000000000000000000e+00 0.000000000000000000e+00 0.000000000000000000e+00 0.000000000000000000e+00
0.000000000000000000e+00 0.000000000000000000e+00 0.000000000000000000e+00 0.000000000000000000e+00 0.000000000000000000e+00
0.000000000000000000e+00 0.000000000000000000e+00 0.000000000000000000e+00 0.000000000000000000e+00 0.000000000000000000e+00
0.000000000000000000e+00 0.000000000000000000e+00 0.000000000000000000e+00 0.000000000000000000e+00 0.000000000000000000e+00
0.000000000000000000e+00 0.000000000000000000e+00 0.000000000000000000e+00 0.000000000000000000e+00 0.000000000000000000e+00
0.000000000000000000e+00 0.000000000000000000e+00 0.000000000000000000e+00 0.000000000000000000e+00 0.000000000000000000e+00
0.000000000000000000e+00 0.000000000000000000e+00 0.000000000000000000e+00 0.000000000000000000e+00 0.000000000000000000e+00
0.000000000000000000e+00 0.000000000000000000e+00 0.000000000000000000e+00 0.000000000000000000e+00 0.000000000000000000e+00
0.000000000000000000e+00 0.000000000000000000e+00 0.000000000000000000e+00 0.000000000000000000e+00 0.000000000000000000e+00
0.000000000000000000e+00 0.000000000000000000e+00 0.000000000000000000e+00 0.000000000000000000e+00 0.000000000000000000e+00
0.000000000000000000e+00 0.000000000000000000e+00 0.000000000000000000e+00 0.000000000000000000e+00 0.000000000000000000e+00
0.000000000000000000e+00 0.000000000000000000e+00 0.000000000000000000e+00 0.000000000000000000e+00 0.000000000000000000e+00
0.000000000000000000e+00 0.000000000000000000e+00 0.000000000000000000e+00 0.000000000000000000e+00 0.000000000000000000e+00
0.000000000000000000e+00 0.000000000000000000e+00 0.000000000000000000e+00 0.000000000000000000e+00 0.000000000000000000e+00
0.000000000000000000e+00 0.000000000000000000e+00 0.000000000000000000e+00 0.000000000000000000e+00 0.000000000000000000e+00
0.000000000000000000e+00 0.000000000000000000e+00 0.000000000000000000e+00 0.000000000000000000e+00 0.000000000000000000e+00
0.000000000000000000e+00 0.000000000000000000e+00 0.000000000000000000e+00 0.000000000000000000e+00 0.000000000000000000e+00
0.000000000000000000e+00 0.000000000000000000e+00 0.000000000000000000e+00 0.000000000000000000e+00 0.000000000000000000e+00
0.000000000000000000e+00 0.000000000000000000e+00 0.000000000000000000e+00 0.000000000000000000e+00 0.000000000000000000e+00
0.000000000000000000e+00 0.000000000000000000e+00 0.000000000000000000e+00 0.000000000000000000e+00 0.000000000000000000e+00
0.000000000000000000e+00 0.000000000000000000e+00 0.000000000000000000e+00 0.000000000000000000e+00 0.000000000000000000e+00
0.000000000000000000e+00 0.000000000000000000e+00 0.000000000000000000e+00 0.000000000000000000e+00 0.000000000000000000e+00
0.000000000000000000e+00 0.000000000000000000e+00 0.000000000000000000e+00 0.000000000000000000e+00 0.000000000000000000e+00
0.000000000000000000e+00 0.000000000000000000e+00 0.000000000000000000e+00 0.000000000000000000e+00 0.000000000000000000e+00
0.000000000000000000e+00 0.000000000000000000e+00 0.000000000000000000e+00 0.000000000000000000e+00 0.000000000000000000e+00
0.000000000000000000e+00 0.000000000000000000e+00 0.000000000000000000e+00 0.000000000000000000e+00 0.000000000000000000e+00
0.000000000000000000e+00 0.000000000000000000e+00 0.000000000000000000e+00 0.000000000000000000e+00 0.000000000000000000e+00
0.000000000000000000e+00 0.000000000000000000e+00 0.000000000000000000e+00 0.000000000000000000e+00 0.000000000000000000e+00
0.000000000000000000e+00 0.000000000000000000e+00 0.000000000000000000e+00 0.000000000000000000e+00 0.000000000000000000e+00
0.000000000000000000e+00 0.000000000000000000e+00 0.000000000000000000e+00 0.000000000000000000e+00 0.000000000000000000e+00
0.000000000000000000e+00 0.000000000000000000e+00 0.000000000000000000e+00 0.000000000000000000e+00 0.000000000000000000e+00
0.000000000000000000e+00 0.000000000000000000e+00 0.000000000000000000e+00 0.000000000000000000e+00 0.000000000000000000e+00
0.000000000000000000e+00 0.000000000000000000e+00 0.000000000000000000e+00 0.000000000000000000e+00 0.000000000000000000e+00
0.000000000000000000e+00 0.000000000000000000e+00 0.000000000000000000e+00 0.000000000000000000e+00 0.000000000000000000e+00
0.000000000000000000e+00 0.000000000000000000e+00 0.000000000000000000e+00 0.000000000000000000e+00 0.000000000000000000e+00
0.000000000000000000e+00 0.000000000000000000e+00 0.000000000000000000e+00 0.000000000000000000e+00 0.000000000000000000e+00
0.000000000000000000e+00 0.000000000000000000e+00 0.000000000000000000e+00 0.000000000000000000e+00 0.000000000000000000e+00
0.000000000000000000e+00 0.000000000000000000e+00 0.000000000000000000e+00 0.000000000000000000e+00 0.000000000000000000e+00
0.000000000000000000e+00 0.000000000000000000e+00 0.000000000000000000e+00 0.000000000000000000e+00 0.000000000000000000e+00
0.000000000000000000e+00 0.000000000000000000e+00 0.000000000000000000e+00 0.000000000000000000e+00 0.000000000000000000e+00
0.000000000000000000e+00 0.000000000000000000e+00 0.000000000000000000e+00 0.000000000000000000e+00 0.000000000000000000e+00
0.000000000000000000e+00 0.000000000000000000e+00 0.000000000000000000e+00 0.000000000000000000e+00 0.000000000000000000e+00
0.000000000000000000e+00 0.000000000000000000e+00 0.000000000000000000e+00 0.000000000000000000e+00 0.000000000000000000e+00
0.000000000000000000e+00 0.000000000000000000e+00 0.000000000000000000e+00 0.000000000000000000e+00 0.000000000000000000e+00
0.000000000000000000e+00 0.000000000000000000e+00 0.000000000000000000e+00 0.000000000000000000e+00 0.000000000000000000e+00
0.000000000000000000e+00 0.000000000000000000e+00 0.000000000000000000e+00 0.000000000000000000e+00 0.000000000000000000e+00
0.000000000000000000e+00 0.000000000000000000e+00 0.000000000000000000e+00 0.000000000000000000e+00 0.000000000000000000e+00
0.000000000000000000e+00 0.000000000000000000e+00 0.000000000000000000e+00 0.000000000000000000e+00 0.000000000000000000e+00
0.000000000000000000e+00 0.000000000000000000e+00 0.000000000000000000e+00 0.000000000000000000e+00 0.000000000000000000e+00
0.000000000000000000e+00 0.000000000000000000e+00 0.000000000000000000e+00 0.000000000000000000e+00 0.000000000000000000e+00
0.000000000000000000e+00 0.000000000000000000e+00 0.000000000000000000e+00 0.000000000000000000e+00 0.000000000000000000e+00
0.000000000000000000e+00 0.000000000000000000e+00 0.000000000000000000e+00 0.000000000000000000e+00 0.000000000000000000e+00
0.000000000000000000e+00 0.000000000000000000e+00 0.000000000000000000e+00 0.000000000000000000e+00 0.000000000000000000e+00
0.000000000000000000e+00 0.000000000000000000e+00 0.000000000000000000e+00 0.000000000000000000e+00 0.000000000000000000e+00
0.000000000000000000e+00 0.000000000000000000e+00 0.000000000000000000e+00 0.000000000000000000e+00 0.000000000000000000e+00
0.000000000000000000e+00 0.000000000000000000e+00 0.000000000000000000e+00 0.000000000000000000e+00 0.000000000000000000e+00
0.000000000000000000e+00 0.000000000000000000e+00 0.000000000000000000e+00 0.000000000000000000e+00 0.000000000000000000e+00
0.000000000000000000e+00 0.000000000000000000e+00 0.000000000000000000e+00 0.000000000000000000e+00 0.000000000000000000e+00
0.000000000000000000e+00 0.000000000000000000e+00 0.000000000000000000e+00 0.000000000000000000e+00 0.000000000000000000e+00
0.000000000000000000e+00 0.000000000000000000e+00 0.000000000000000000e+00 0.000000000000000000e+00 0.000000000000000000e+00
0.000000000000000000e+00 0.000000000000000000e+00 0.000000000000000000e+00 0.000000000000000000e+00 0.000000000000000000e+00
0.000000000000000000e+00 0.000000000000000000e+00 0.000000000000000000e+00 0.000000000000000000e+00 0.000000000000000000e+00
0.000000000000000000e+00 0.000000000000000000e+00 0.000000000000000000e+00 0.000000000000000000e+00 0.000000000000000000e+00
0.000000000000000000e+00 0.000000000000000000e+00 0.000000000000000000e+00 0.000000000000000000e+00 0.000000000000000000e+00
0.000000000000000000e+00 0.000000000000000000e+00 0.000000000000000000e+00 0.000000000000000000e+00 0.000000000000000000e+00
0.000000000000000000e+00 0.000000000000000000e+00 0.000000000000000000e+00 0.000000000000000000e+00 0.000000000000000000e+00
0.000000000000000000e+00 0.000000000000000000e+00 0.000000000000000000e+00 0.000000000000000000e+00 0.000000000000000000e+00
0.000000000000000000e+00 0.000000000000000000e+00 0.000000000000000000e+00 0.000000000000000000e+00 0.000000000000000000e+00
0.000000000000000000e+00 0.000000000000000000e+00 0.000000000000000000e+00 0.000000000000000000e+00 0.000000000000000000e+00
0.000000000000000000e+00 0.000000000000000000e+00 0.000000000000000000e+00 0.000000000000000000e+00 0.000000000000000000e+00
0.000000000000000000e+00 0.000000000000000000e+00 0.000000000000000000e+00 0.000000000000000000e+00 0.000000000000000000e+00
0.000000000000000000e+00 0.000000000000000000e+00 0.000000000000000000e+00 0.000000000000000000e+00 0.000000000000000000e+00
0.000000000000000000e+00 0.000000000000000000e+00 0.000000000000000000e+00 0.000000000000000000e+00 0.000000000000000000e+00
0.000000000000000000e+00 0.000000000000000000e+00 0.000000000000000000e+00 0.000000000000000000e+00 0.000000000000000000e+00
0.000000000000000000e+00 0.000000000000000000e+00 0.000000000000000000e+00 0.000000000000000000e+00 0.000000000000000000e+00
0.000000000000000000e+00 0.000000000000000000e+00 0.000000000000000000e+00 0.000000000000000000e+00 0.000000000000000000e+00
0.000000000000000000e+00 0.000000000000000000e+00 0.000000000000000000e+00 0.000000000000000000e+00 0.000000000000000000e+00
0.000000000000000000e+00 0.000000000000000000e+00 0.000000000000000000e+00 0.000000000000000000e+00 0.000000000000000000e+00
0.000000000000000000e+00 0.000000000000000000e+00 0.000000000000000000e+00 0.000000000000000000e+00 0.000000000000000000e+00
0.000000000000000000e+00 0.000000000000000000e+00 0.000000000000000000e+00 0.000000000000000000e+00 0.000000000000000000e+00
0.000000000000000000e+00 0.000000000000000000e+00 0.000000000000000000e+00 0.000000000000000000e+00 0.000000000000000000e+00
0.000000000000000000e+00 0.000000000000000000e+00 0.000000000000000000e+00 0.000000000000000000e+00 0.000000000000000000e+00
0.000000000000000000e+00 0.000000000000000000e+00 0.000000000000000000e+00 0.000000000000000000e+00 0.000000000000000000e+00
0.000000000000000000e+00 0.000000000000000000e+00 0.000000000000000000e+00 0.000000000000000000e+00 0.000000000000000000e+00
0.000000000000000000e+00 0.000000000000000000e+00 0.000000000000000000e+00 0.000000000000000000e+00 0.000000000000000000e+00
0.000000000000000000e+00 0.000000000000000000e+00 0.000000000000000000e+00 0.000000000000000000e+00 0.000000000000000000e+00
0.000000000000000000e+00 0.000000000000000000e+00 0.000000000000000000e+00 0.000000000000000000e+00 0.000000000000000000e+00
0.000000000000000000e+00 0.000000000000000000e+00 0.000000000000000000e+00 0.000000000000000000e+00 0.000000000000000000e+00
0.000000000000000000e+00 0.000000000000000000e+00 0.000000000000000000e+00 0.000000000000000000e+00 0.000000000000000000e+00
0.000000000000000000e+00 0.000000000000000000e+00 0.000000000000000000e+00 0.000000000000000000e+00 0.000000000000000000e+00
0.000000000000000000e+00 0.000000000000000000e+00 0.000000000000000000e+00 0.000000000000000000e+00 0.000000000000000000e+00
0.000000000000000000e+00 0.000000000000000000e+00 0.000000000000000000e+00 0.000000000000000000e+00 0.000000000000000000e+00
0.000000000000000000e+00 0.000000000000000000e+00 0.000000000000000000e+00 0.000000000000000000e+00 0.000000000000000000e+00
0.000000000000000000e+00 0.000000000000000000e+00 0.000000000000000000e+00 0.000000000000000000e+00 0.000000000000000000e+00
-8.091050452368977020e+00 -5.808624548166354984e+00 -1.670499144318028373e+00 7.717758304140381220e+00 1.058788892993067599e+01
-6.981278654716637888e+00 -5.998924041027817289e+00 -2.623317518393286196e+00 4.183729991257641778e+00 9.855163843239200361e+00
-5.576639960668838825e+00 -6.633464696244538494e+00 -3.283888881988321184e+00 2.256792796380853172e+00 8.196017422109862949e+00
-3.243199001319103214e+00 -7.128014665098945990e+00 -3.992432241455456055e+00 8.634059945263017344e-01 5.839839965167246127e+00
-2.873349871502033914e-01 -7.011532243424120736e+00 -4.737765802857392572e+00 -3.994126361261712832e-01 3.695149882230003957e+00
2.328082642764737198e+00 -6.077261277724852029e+00 -5.480153642444641982e+00 -1.540120924137217573e+00 2.056076166079972900e+00
4.181926386707953469e+00 -4.379959448709064951e+00 -6.047856806103468763e+00 -2.616163467425503875e+00 7.024050549943039456e-01
5.393161089190668278e+00 -2.340720167856194855e+00 -6.168704012825594774e+00 -3.652117072665638009e+00 -5.071587364834884148e-01
6.131889397796851604e+00 -3.542079273389731053e-01 -5.698272376714345278e+00 -4.575772917582130894e+00 -1.594449782683484029e+00
6.399070763891771207e+00 1.459533978791673903e+00 -4.723040141346211307e+00 -5.255894173907717182e+00 -2.567059024814809298e+00
6.163929602335886493e+00 3.053744392978445799e+00 -3.410649608178002001e+00 -5.586962025584283786e+00 -3.418930297272633645e+00
5.507511848399710530e+00 4.294879718237328170e+00 -1.870016144624290222e+00 -5.534390853103113628e+00 -4.119202133339661565e+00
4.578939907236558859e+00 5.053270516931785750e+00 -2.101001525760393118e-01 -5.096925246058003012e+00 -4.635762326359570196e+00
3.506635404078655149e+00 5.311488176567771724e+00 1.389746145607586358e+00 -4.270657808418213186e+00 -4.946072203049220128e+00
2.380312593744958516e+00 5.144490546658091468e+00 2.740840495187465642e+00 -3.091769317829237362e+00 -5.014883177897056399e+00
1.264199465825307511e+00 4.653916401873298803e+00 3.728009544864695268e+00 -1.683154586602963576e+00 -4.783178044104248627e+00
1.988386024200716751e-01 3.938418245504822224e+00 4.316258965179904372e+00 -2.187755156620946329e-01 -4.204508752057325438e+00
-7.957465089798976265e-01 3.086850541614540866e+00 4.519526904600600581e+00 1.145452777923468002e+00 -3.294181174616675811e+00
-1.704605566499326930e+00 2.169726117854938963e+00 4.382836290065464269e+00 2.299631941849398231e+00 -2.135691455421512508e+00
-2.503775538639297693e+00 1.235462533961260156e+00 3.973458966577956275e+00 3.173986550203214740e+00 -8.481569308447018951e-01
-3.158965367131830515e+00 3.176914912906037558e-01 3.366833080452247717e+00 3.733338647090132856e+00 4.438616702028042038e-01
-3.632109002648609142e+00 -5.553205065251581862e-01 2.633146831306187874e+00 3.975836738633574452e+00 1.624569905905639766e+00
-3.887156471856071160e+00 -1.356705564393177577e+00 1.832017171945311551e+00 3.927207078081274449e+00 2.596476196403132430e+00
-3.894568612167291555e+00 -2.060119190775077769e+00 1.012111900472889570e+00 3.631418627124556320e+00 3.289744887378900362e+00
-3.638469653797062886e+00 -2.637971756053945072e+00 2.112963056870243161e-01 3.142182908950066356e+00 3.668428126075790718e+00
-3.126108300451333477e+00 -3.059787525454421786e+00 -5.421519305510358322e-01 2.515823263455637893e+00 3.732402818397773103e+00
-2.394133896888565705e+00 -3.294064561211524467e+00 -1.225878307961355329e+00 1.805236599537958009e+00 3.514458415522187185e+00
-1.507017339359013608e+00 -3.314660029615108972e+00 -1.818700228502657001e+00 1.056217205605611831e+00 3.071559916615050234e+00
-5.475897262608832028e-01 -3.109480113793881451e+00 -2.297397595343476873e+00 3.069140595360742019e-01 2.471906265658676549e+00
3.966096029072108120e-01 -2.687757497991575040e+00 -2.636600331719414214e+00 -4.105121486569646150e-01 1.782281311500965248e+00
1.246361812673044689e+00 -2.082606928807248181e+00 -2.811848287100862542e+00 -1.067563044624180835e+00 1.059658721444390661e+00
1.939753032141875444e+00 -1.347600164127566336e+00 -2.804902467246007891e+00 -1.637502335024735745e+00 3.481248569609507459e-01
2.436453371068007190e+00 -5.489169932171383826e-01 -2.609630596220435361e+00 -2.094537229376211673e+00 -3.201401048481982703e-01
2.718487796963635628e+00 2.438744575754459021e-01 -2.236426217009999107e+00 -2.414496036485365149e+00 -9.217731857622957214e-01
2.788619441045757874e+00 9.661490933147531823e-01 -1.713606840255517794e+00 -2.577081791615271733e+00 -1.438684534881724542e+00
2.666729228238919891e+00 1.564909489644189522e+00 -1.085321777022709711e+00 -2.569322479051661556e+00 -1.855173508239509772e+00
2.384601549235716433e+00 2.003544778827889505e+00 -4.064468106769397182e-01 -2.389402791310648588e+00 -2.156359151448330458e+00
1.980142961126977408e+00 2.264108885737754484e+00 2.644733477738858696e-01 -2.049701823326215422e+00 -2.328265969275557623e+00
1.492329109814614307e+00 2.346686726397771316e+00 8.727614980951725610e-01 -1.577716908134649820e+00 -2.359634029118641951e+00
9.577713280869126766e-01 2.266183210894259226e+00 1.374022144828339620e+00 -1.013988424955777790e+00 -2.245085190072746872e+00
4.090999032795350487e-01 2.047637703839447987e+00 1.738242394326756646e+00 -4.072313738377258963e-01 -1.988659130036152911e+00
-1.252033283286901888e-01 1.721396255741704850e+00 1.951171632908008657e+00 1.919999337808131479e-01 -1.606306504322789763e+00
-6.201768693866344107e-01 1.319164562435296562e+00 2.013285211297427768e+00 7.374160192066281372e-01 -1.126148932791384949e+00
-1.053637739889086156e+00 8.714132323803923663e-01 1.937043632995554265e+00 1.191633571399407732e+00 -5.861781944120963983e-01
-1.405848605125527673e+00 4.060979610491033398e-01 1.743294832132517014e+00 1.528874754037150563e+00 -3.001519794634643912e-02
-1.659868473893120200e+00 -5.165579113741214368e-02 1.457617836149788237e+00 1.735791393202328559e+00 4.981733262781196103e-01
-1.802612219568312080e+00 -4.793550878958985351e-01 1.107212450999698339e+00 1.810741855957371804e+00 9.585713225057646003e-01
-1.826425536657583670e+00 -8.568452447896495183e-01 7.186608377706127371e-01 1.761960277375840267e+00 1.319709892907063642e+00
-1.730789354394320911e+00 -1.166248469382783037e+00 3.166142868363486240e-01 1.605108075793545641e+00 1.561137843862291152e+00
-1.523625195496735474e+00 -1.392355367128856214e+00 -7.674338824754822763e-02 1.360684417938923252e+00 1.674539055423526213e+00
-1.221658055793284792e+00 -1.523539702302989518e+00 -4.417254453179869644e-01 1.051682780613663049e+00 1.663256176884922999e+00
-8.494773103165353945e-01 -1.553067448689414709e+00 -7.609870671528751185e-01 7.017355241862177628e-01 1.540417970813986681e+00
-4.372937795775594383e-01 -1.480463580111277100e+00 -1.019493067701658484e+00 3.338273886949538749e-01 1.326124685460342567e+00
-1.777919631137103718e-02 -1.312473035537202071e+00 -1.204826983863448442e+00 -3.048221754790914062e-02 1.044315238594436535e+00
3.773838427522546723e-01 -1.063190122162986917e+00 -1.307903453649097436e+00 -3.714876882456280560e-01 7.199296930152532248e-01
7.206071899535038128e-01 -7.531435312671724835e-01 -1.323959374497356123e+00 -6.716211462002807941e-01 3.767891204670137384e-01
9.907044644987983428e-01 -4.074212277534144944e-01 -1.253544402557281723e+00 -9.157822603716747611e-01 3.633307658431506049e-02
1.174190399868745294e+00 -5.316435008274777996e-02 -1.103166632189602092e+00 -1.091836118668444877e+00 -2.828996363160168892e-01
1.265568447356427706e+00 2.831333863080931490e-01 -8.853003444488415363e-01 -1.191297066042639852e+00 -5.653118173445026429e-01
1.266744501413125112e+00 5.781058349509470284e-01 -6.176088996258832786e-01 -1.210103047045255176e+00 -7.981091547870489133e-01
1.185797327446692639e+00 8.134509384811472454e-01 -3.214244916035580157e-01 -1.149291984059946925e+00 -9.712279333600382092e-01
1.035389419135026579e+00 9.771187150093618712e-01 -1.969979562038148835e-02 -1.015347451856628558e+00 -1.077473841719406300e+00
8.311059258926732918e-01 1.063678192774093478e+00 2.652397614484536259e-01 -8.200081363957452130e-01 -1.112895036032935492e+00
5.899563339617974744e-01 1.073929038101838485e+00 5.137843325455859755e-01 -5.794392511743778895e-01 -1.077292464830515994e+00
3.291771147031941069e-01 1.013942354104837573e+00 7.106643985768622551e-01 -3.128177879489146829e-01 -9.746775135825797021e-01
6.536521416715901367e-02 8.937822666912677017e-01 8.459243210729018303e-01 -4.053215264334942419e-02 -8.134521909388310323e-01
-1.861151541529432185e-01 7.261585970751216479e-01 9.151978185364251228e-01 2.177160436597791460e-01 -6.061296528109272330e-01
-4.115565388668435132e-01 5.252018056763552156e-01 9.193644376392474671e-01 4.446196099984056627e-01 -3.685224275974630648e-01
-5.992696510915207497e-01 3.054636018443968037e-01 8.637518762722029564e-01 6.265651379499104223e-01 -1.184612798809342449e-01
-7.399560673260130450e-01 8.116150011293288280e-02 7.570842707644931391e-01 7.544106131219852074e-01 1.257803317997641113e-01
-8.271134986083146234e-01 -1.343757388838207056e-01 6.103656130836322413e-01 8.237294717571952418e-01 3.471242626671011688e-01
-8.574383701806714830e-01 -3.291345894561537033e-01 4.358433100009462824e-01 8.345884276103487931e-01 5.311577632680930527e-01
-8.311445447453919000e-01 -4.927881267121436704e-01 2.461367335260489231e-01 7.909753714260792101e-01 6.672497586015246895e-01
-7.520943214843589519e-01 -6.170622823713662886e-01 5.355585015639485746e-02 7.000129185138381782e-01 7.491962495560056112e-01
-6.276469094284808925e-01 -6.961092526582535189e-01 -1.304121151283921254e-01 5.710864966711270974e-01 7.753564953663605319e-01
-4.681713270452658726e-01 -7.268578161535166338e-01 -2.954975138859800010e-01 4.149899038627602454e-01 7.483193431625900782e-01
-2.862354173445369465e-01 -7.092750430171251841e-01 -4.329796366850557909e-01 2.431547255735810875e-01 6.742042809086912225e-01
-9.555132195806781414e-02 -6.464578828835398916e-01 -5.359950216643760701e-01 6.699217121312495138e-02 5.617425405019149665e-01
9.019088375479489272e-02 -5.444839446877625111e-01 -5.998342777140390769e-01 -1.026552166462785243e-01 4.212916567016100622e-01
2.584501293300589531e-01 -4.119872518482170509e-01 -6.222054191513648469e-01 -2.559734210868669368e-01 2.639128864145423581e-01
3.987849139541754795e-01 -2.594761470056705654e-01 -6.034144462943286102e-01 -3.845742372723248703e-01 1.005948289259361861e-01
5.035299885214172821e-01 -9.846095398849452618e-02 -5.464024523028515601e-01 -4.818470162070992435e-01 -5.834586803922792164e-02
5.681525978984602876e-01 5.950566391128120358e-02 -4.565875173729871950e-01 -5.432640951983375155e-01 -2.036997011602764696e-01
5.912917321908106594e-01 2.037598318969791045e-01 -3.414871929351582236e-01 -5.666188469119121107e-01 -3.276742636213852422e-01
5.745243847981995611e-01 3.253227103135214460e-01 -2.101358922744645252e-01 -5.521596610516560366e-01 -4.241233613513444856e-01
5.219291843891915583e-01 4.174822201188432835e-01 -7.235042887174081283e-02 -5.025783740919514964e-01 -4.887283310229428857e-01
4.395281755248548472e-01 4.761174875030560472e-01 6.207385439816803796e-02 -4.228209794133713229e-01 -5.191431376340588377e-01
3.346828727138617676e-01 4.997626637238861691e-01 1.841413290594751118e-01 -3.197109608057785435e-01 -5.150913835640780203e-01
2.155046018274142661e-01 4.894414237224098962e-01 2.863197755311308601e-01 -2.014059232505727437e-01 -4.783856991548013360e-01
9.031723917280243263e-02 4.483274105766787976e-01 3.630226654933399466e-01 -7.673799088916299915e-02 -4.128339760375715484e-01
-3.281100513906343163e-02 3.812960360518946601e-01 4.108748531773664947e-01 4.549068173855252972e-02 -3.240049530237503750e-01
-1.464660779488330400e-01 2.944298217760599190e-01 4.287600622951537321e-01 1.571793100761786910e-01 -2.188457836572454962e-01
-2.442239705156185048e-01 1.945265262826623154e-01 4.176770522016415299e-01 2.514970606310973356e-01 -1.051705768866073726e-01
-3.209307722250065442e-01 8.864194011378279114e-02 3.804501692622453413e-01 3.232986603190147190e-01 8.936017366810711238e-03
-3.729274085506500414e-01 -1.631732949325226389e-02 3.213475510115026967e-01 3.693620041522727160e-01 1.157389206823911110e-01
-3.982109387492743791e-01 -1.139478172612473639e-01 2.456576476157179556e-01 3.884476243090551617e-01 2.084295575501116105e-01
-3.965170882851992706e-01 -1.986524804420508605e-01 1.592649575976490262e-01 3.812001699741685012e-01 2.815990183137285219e-01
-3.693061211155568291e-01 -2.658957390974209245e-01 6.825274613343146335e-02 3.499253032096982796e-01 3.315627724866355153e-01
-3.196380153038663186e-01 -3.124083003895150590e-01 -2.145233494875387406e-02 2.982810809175562294e-01 3.565139861823418688e-01
-2.519330907526889929e-01 -3.363337313072261581e-01 -1.043886234180874117e-01 2.309218922463796009e-01 3.565057688939022307e-01
-1.716287062951926679e-01 -3.373039244162939765e-01 -1.758210334997994950e-01 1.531272659365590094e-01 3.332833998766826511e-01
-8.475793991910562930e-02 -3.164294645882576029e-01 -2.319567944707046081e-01 7.043971851986130517e-02 2.900024873317186280e-01
2.511530396583916414e-03 -2.761947674717130097e-01 -2.701135603053145262e-01 -1.167242089199993504e-02 2.308761975750484030e-01
8.433380844002580368e-02 -2.202564787000810265e-01 -2.888339323849403728e-01 -8.811781213180269745e-02 1.607940165914334418e-01
1.555928588893851217e-01 -1.531552351017679003e-01 -2.879370889012427548e-01 -1.544449884620618940e-01 8.494754943229820832e-02
2.122264008753671494e-01 -7.996277548643848654e-02 -2.684976284724244211e-01 -2.070608690425152221e-01 8.488382220712686888e-03
2.514420929556837603e-01 -5.895740945536243061e-03 -2.327449360519034949e-01 -2.433995095720176138e-01 -6.376789456580267412e-02
2.718168020302369481e-01 6.406775918247675783e-02 -1.838831899275428228e-01 -2.620340536933574160e-01 -1.275862298831664798e-01
2.732833701496351075e-01 1.255334790449980087e-01 -1.258412338142295139e-01 -2.627239717422430454e-01 -1.795052616162895465e-01
2.570201634040480965e-01 1.749687434335778224e-01 -6.297087536614898173e-02 -2.463908172241330297e-01 -2.169807574238807879e-01
2.252656048253398602e-01 2.098925863434497607e-01 2.803261739847684453e-04 -2.150194750918243969e-01 -2.384798966171414181e-01
1.810826055361614007e-01 2.289696428538512407e-01 5.969199235011934945e-02 -1.714880522946982122e-01 -2.435246924376488487e-01
1.280968410233840338e-01 2.320101959771159184e-01 1.115603278323284986e-01 -1.193370252566411382e-01 -2.326810582702204533e-01
7.022931366521767416e-02 2.198878744816035180e-01 1.529295961302545859e-01 -6.249551931750752659e-02 -2.074901210221780090e-01
1.143898422897859923e-02 1.943924740252634120e-01 1.817492231711459738e-01 -4.987994421838948256e-03 -1.703409531731969739e-01
-4.451328361605444428e-02 1.580379600397308348e-01 1.969495127005138624e-01 4.935307088528296388e-02 -1.242887328540309699e-01
-9.427173887117390461e-02 1.138452825294677950e-01 1.984381311867589037e-01 9.714412875930777957e-02 -7.282845218410549659e-02
-1.350581328774591860e-01 6.511711176930057299e-02 1.870270197983547877e-01 1.356571701827824494e-01 -1.964023832566997099e-02
-1.648048095573456662e-01 1.521808835219240486e-02 1.643043551463641005e-01 1.629626506648029771e-01 3.167322676832506900e-02
-1.822441246237399559e-01 -3.262927793540760374e-02 1.324683747699773317e-01 1.780028831971280923e-01 7.783498698514802749e-02
-1.869501666084821823e-01 -7.552565985150307137e-02 9.413966522846983764e-02 1.805972542212996856e-01 1.161068144550825298e-01
-1.793298712392649152e-01 -1.110472830916703346e-01 5.216658130517415337e-02 1.713865006578918493e-01 1.444500430447781536e-01
-1.605628443652612480e-01 -1.373648771782548517e-01 9.435693580328585739e-03 1.517272949017489658e-01 1.616234663112148251e-01
-1.324925625713685440e-01 -1.533249457445440278e-01 -3.130368022439100617e-02 1.235504290497935198e-01 1.672146204946700632e-01
-9.747569164335778691e-02 -1.584896863765755670e-01 -6.759416248238782343e-02 8.919618600577218503e-02 1.616076739807748019e-01
-5.820034079792701931e-02 -1.531330904436883911e-01 -9.739916068308762664e-02 5.123951917879177032e-02 1.458968552413497655e-01
-1.748736271094675221e-02 -1.381928187404973807e-01 -1.192018006690470644e-01 1.231598373536479940e-02 1.217582064190336905e-01
2.190936840112844841e-02 -1.151803405357093579e-01 -1.320705273820121928e-01 -2.504251555288661280e-02 9.129419426847973362e-02
5.748780524823970950e-02 -8.605520170006487890e-02 -1.356886638123822042e-01 -5.855481133690221274e-02 5.686551250435711857e-02
8.715371424366070985e-02 -5.307260072275887808e-02 -1.303463587862402351e-01 -8.631444169336532912e-02 2.092276019677541399e-02
1.093372444339069105e-01 -1.861608703195849479e-02 -1.168951276216118051e-01 -1.068856530858036669e-01 -1.415176903147130801e-02
1.230638862983457482e-01 1.497135829496620829e-02 -9.666756887194316583e-02 -1.193675940412053382e-01 -4.618456721467045778e-02
1.279782339571156058e-01 4.554463148854215326e-02 -7.136756388587295330e-02 -1.234239931320396666e-01 -7.332834794904097286e-02
1.243231737107963752e-01 7.129049278195354056e-02 -4.293890666451249949e-02 -1.192770950325855450e-01 -9.415289000854032420e-02
1.128804564391427956e-01 9.082926172030325596e-02 -1.342238941033413457e-02 -1.076665433285317608e-01 -1.077069794408064274e-01
9.488082583233416190e-02 1.032787639183208039e-01 1.518752171466575263e-02 -8.977616490813800088e-02 -1.135500558127716664e-01
7.189292069175290401e-02 1.082788384205890519e-01 4.107538254056630755e-02 -6.713401594526657856e-02 -1.117530234042052456e-01
4.570024618776979963e-02 1.059781833334072498e-01 6.271710679751851814e-02 -4.149322082481311097e-02 -1.028687592704163878e-01
1.817484220061893474e-02 9.698814760429108617e-02 7.896453125293190212e-02 -1.470275471655624333e-02 -8.787424059169102186e-02
-8.844784702365382500e-03 8.230999967205777923e-02 8.909774271023908343e-02 1.142193620647491414e-02 -6.808791648307721545e-02
-3.366511247241465998e-02 6.324321034413937781e-02 9.284383892902314805e-02 3.521883699246552979e-02 -4.506776307074300547e-02
-5.483327079869482201e-02 4.128247362551684674e-02 9.036371740045012757e-02 5.528137280536360443e-02 -2.049711210070748191e-02
-7.121285766494400704e-02 1.801077632414216367e-02 8.221084490683151780e-02 7.053611216931043870e-02 3.933494956335215065e-03
-8.203687423966654624e-02 -5.004948963100996906e-03 6.926759228919388001e-02 8.029223137890563466e-02 2.663974934502433625e-02
-8.693580826695912478e-02 -2.630998988611799039e-02 5.266558178542712909e-02 8.426141979872904531e-02 4.624407677613851658e-02
-8.594007392491166686e-02 -4.464519795029543020e-02 3.369668150226434733e-02 8.254933117369467332e-02 6.165624963092364297e-02
-7.945735274081766608e-02 -5.901379588488908645e-02 1.372095545775331438e-02 7.562169367707927137e-02 7.212912775936608512e-02
-6.822685326391075833e-02 -6.872884738618190159e-02 -5.922774168491407032e-03 6.424964159431612032e-02 7.728692537815717856e-02
-5.325401195999113213e-02 -7.343954602447189117e-02 -2.399890430828222065e-02 4.943969748959164967e-02 7.712587150074390330e-02
-3.573053526298886062e-02 -7.313553786323756523e-02 -3.944557247535230432e-02 3.235416414041347721e-02 7.198939258015069065e-02
-1.694574629389433706e-02 -6.812967604161113133e-02 -5.143057073940915380e-02 1.422758782882893591e-02 6.252175470175758143e-02
1.804214855454233657e-03 -5.902088643735203810e-02 -5.939033991387621114e-02 -3.715444857516070343e-03 4.960531952166280512e-02
1.930278286616848860e-02 -4.664011124743572961e-02 -6.305060293884057199e-02 -2.033650530601116557e-02 3.428716105897456484e-02
3.448898479900597974e-02 -3.198345858957674093e-02 -6.242813380938683904e-02 -3.464954860302293937e-02 1.770081922243704753e-02
4.651823113707376223e-02 -1.613757812093385979e-02 -5.781418048081743422e-02 -4.587396788384102281e-02 9.885586283431280208e-04
5.480451854062651229e-02 -2.027752947142413831e-04 -4.974113789648793027e-02 -5.347210562401394363e-02 -1.477119204960408716e-02
5.904236226667025633e-02 1.478060730591979066e-02 -3.893512943992871733e-02 -5.716974149454878695e-02 -2.862738276367293722e-02
5.920844962423067043e-02 2.789748552350146751e-02 -2.625809781550803024e-02 -5.695903735598473183e-02 -3.980790760749086665e-02
5.554451120798664654e-02 3.841085110308561923e-02 -1.264371480550530169e-02 -5.308443543645514212e-02 -4.775710585447624085e-02
4.852404868616155831e-02 4.579918965885055454e-02 9.682098358154700435e-04 -4.601305339166750913e-02 -5.215787434935170719e-02
3.880653346627904732e-02 4.977691322663125445e-02 1.369415395194195639e-02 -3.639205284259594553e-02 -5.293805939766582647e-02
2.718297973865357875e-02 5.029768874240336807e-02 2.476191555563778124e-02 -2.499636023464702275e-02 -5.026136326307939495e-02
1.451702077178040895e-02 4.754175211494349185e-02 3.355478407880974068e-02 -1.267066529256011265e-02 -4.450396789537625075e-02
1.685472608210503154e-03 4.188933042310827998e-02 3.964243760942953720e-02 -2.699277511780673322e-04 -3.621886008785324407e-02
-1.047798394119836551e-02 3.388303623213850813e-02 4.279731789224694438e-02 1.139742467341720022e-02 -2.609054265969579234e-02
-2.123285894354898229e-02 2.418253750475884978e-02 4.299640746564081795e-02 2.161982993099997863e-02 -1.488341248719271537e-02
-2.997309212434240422e-02 1.351497107395127628e-02 4.040938257416359924e-02 2.982333659397817804e-02 -3.387439933720814977e-03
-3.625752547054827968e-02 2.624465876331916192e-03 3.537502421592897406e-02 3.560060776082729639e-02 7.635014083451352462e-03
-3.982837981516107462e-02 -7.776090275560809673e-03 2.836835599755005433e-02 3.872698086326953337e-02 1.749768822168151772e-02
-4.061721610281898709e-02 -1.704829123448603836e-02 1.996135275967980682e-02 3.916341310811755072e-02 2.563109877197322986e-02
-3.873859871625696255e-02 -2.466419398781172223e-02 1.078020097155296675e-02 3.704708507252796323e-02 3.161299587490895568e-02
-3.447240626643310879e-02 -3.023331462983836274e-02 1.462021647885558551e-03 3.267120796634936930e-02 3.518708399517179314e-02
-2.823641787183250873e-02 -3.351949542993171161e-02 -7.386263396982339913e-03 2.645615657703270784e-02 3.626945600686326543e-02
-2.055138901865261047e-02 -3.444713586765069113e-02 -1.522456853689957597e-02 1.891441923148939885e-02 3.494316063734848737e-02
-1.200126129558665156e-02 -3.309688933363641450e-02 -2.160991573474102534e-02 1.061203327968440746e-02 3.144209295200206533e-02
-3.191420709682257772e-03 -2.969158817269057504e-02 -2.621881612285159591e-02 2.129131469144063260e-03 2.612606787892546301e-02
5.292133335575988085e-03 -2.457377896611157020e-02 -2.886087931587955069e-02 -5.977879251125584048e-03 1.944943895841433346e-02
1.291995107124521702e-02 -1.817666935468587042e-02 -2.948330756741501801e-02 -1.321030561014846505e-02 1.192577628524649214e-02
1.925031681333511102e-02 -1.099072104721876726e-02 -2.816640600045217102e-02 -1.915547737720790789e-02 4.091153735732433461e-03
2.395271500732154557e-02 -3.528347072186965860e-03 -2.511081407416348998e-02 -2.350798261651632429e-02 -3.531531260170805986e-03
2.682248318400359821e-02 3.710824701858017605e-03 -2.061767280313098194e-02 -2.608290624850573280e-02 -1.046505975429212754e-02
2.778624715643496224e-02 1.027181671086396797e-02 -1.506335136927550167e-02 -2.682066738842303621e-02 -1.630544024015412319e-02
2.689840871255122501e-02 1.577130593741316034e-02 -8.870650893616494059e-03 -2.578358555671456456e-02 -2.074314809131116988e-02
2.432954755090865895e-02 1.991823639378553779e-02 -2.478567525429076213e-03 -2.314481319794448044e-02 -2.357715287035933027e-02
2.034806913752462698e-02 2.252705952793032651e-02 3.687287907526703989e-03 -1.917072611763381840e-02 -2.472130228115265727e-02
1.529676417635128516e-02 2.352320452085554514e-02 9.241660016697794688e-03 -1.419824337575537228e-02 -2.420309625447869539e-02
9.566137707611721552e-03 2.294094358187948046e-02 1.386234230187133321e-02 -8.608825077121573521e-03 -2.215532741832004771e-02
3.566420448302132229e-03 2.091432030595474778e-02 1.730732501001308946e-02 -2.801043710980999357e-03 -1.880147183790314980e-02
-2.299892180218088278e-03 1.766221935268541543e-02 1.942559604239724180e-02 2.836369496100887844e-03 -1.443606555545595867e-02
-7.663295330399000349e-03 1.346895262511305091e-02 2.016128837387665129e-02 7.949233399905386577e-03 -9.401573374998584143e-03
-1.220889362749166991e-02 8.661914685622607024e-03 1.955134655038715322e-02 1.223886481846570007e-02 -4.063425781359875089e-03
-1.569326154308714472e-02 3.587923339976040182e-03 1.771731061585568937e-02 1.547809966388147274e-02 1.215045966870276217e-03
-1.795577426644434649e-02 -1.410178793177507828e-03 1.485216119157528603e-02 1.752163444460275513e-02 6.096113534878044860e-03
-1.892401329762927187e-02 -6.015214844929950289e-03 1.120341875557651079e-02 1.831037299977689159e-02 1.028811468553603170e-02
-1.861323189820463311e-02 -9.954410716009887139e-03 7.053837843976618061e-03 1.786988965279734387e-02 1.356168094302834248e-02
-1.712023334135726049e-02 -1.301418943288834562e-02 2.701085783619605607e-03 1.630350384837830902e-02 1.576089351972287389e-02
-1.461234796271693170e-02 -1.505032938235839612e-02 -1.562245235577908176e-03 1.378077977258196363e-02 1.680892863882510468e-02
-1.131248804491280513e-02 -1.599311192929442349e-02 -5.467057678251729946e-03 1.052249502178526086e-02 1.670818201574775230e-02
-7.481442308175378919e-03 -1.584741216784535389e-02 -8.783556244957304096e-03 6.783287232685619728e-03 1.553518580043933284e-02
-3.398731133727461717e-03 -1.468799923520613948e-02 -1.133359550919477328e-02 2.833221175686517768e-03 1.343103603025808113e-02
6.566427005982866660e-04 -1.265060579891119814e-02 -1.299901699894634617e-02 -1.060481036136984301e-03 1.058824908604982795e-02
4.424273510111875751e-03 -9.919568016646396202e-03 -1.372567425880488745e-02 -4.650402188969282591e-03 7.235137874761488064e-03
7.678136962294690449e-03 -6.713026533231580828e-03 -1.352313030626051300e-02 -7.723600643942951649e-03 3.618885704729235542e-03
1.023917347207525808e-02 -3.266788341622639535e-03 -1.246028612696736815e-02 -1.011320297067186402e-02 -1.150943099326173780e-05
1.198403490624944112e-02 1.820185123380113623e-04 -1.065744230616172405e-02 -1.170636650585477057e-02 -3.421328094145303922e-03
1.284965851616970411e-02 3.410409649100554219e-03 -8.275498020089977480e-03 -1.244831707997107358e-02 -6.404305810506771834e-03
1.283363514048008192e-02 6.223159432011682313e-03 -5.503142706475561141e-03 -1.234242804611151989e-02 -8.794121717133340788e-03
1.199062047300358813e-02 8.463779078590194516e-03 -2.542986081578990643e-03 -1.144655687238760322e-02 -1.047264433089056812e-02
1.042528114973961806e-02 1.002229668721432709e-02 4.024051811657436417e-04 -9.866082403734433015e-03 -1.137461228004676972e-02
8.282458994146590925e-03 1.083952823181522085e-02 3.143641230168858769e-03 -7.744276030371977093e-03 -1.148866484609600835e-02
5.735368422946640621e-03 1.090778302950790035e-02 5.515997495563196296e-03 -5.250780999394577542e-03 -1.085486674258562267e-02
2.972710714458370873e-03 1.026818737650980751e-02 7.388599857738320509e-03 -2.569057473368330236e-03 -9.559081989380381963e-03
1.855949022788738745e-04 9.005020155389287240e-03 8.670842735587491745e-03 1.163251612501525756e-04 -7.724729793428530833e-03
-2.444880602660570723e-03 7.237618367236242634e-03 9.315792209313444872e-03 2.631717873901040505e-03 -5.502605904302293460e-03
-4.758661959892163118e-03 5.110538708540390829e-03 9.320539787822657019e-03 4.824973190470371875e-03 -3.059511440991480313e-03
-6.625749087929566628e-03 2.782708808186651339e-03 8.723681687549111885e-03 6.573994412066852533e-03 -5.665155001582933281e-04
-7.952741643925120840e-03 4.163286740943572539e-04 7.600272205506852785e-03 7.792808977639120727e-03 1.812370792159123667e-03
-8.686651771857012427e-03 -1.833752956119649724e-03 6.054740146955728264e-03 8.434922093609742433e-03 3.930395260713925865e-03
-8.815898167395254739e-03 -3.829543267006019214e-03 4.212355923223221055e-03 8.493903924865486843e-03 5.666535091759516973e-03
-8.368586440107851979e-03 -5.457754392118041586e-03 2.209892932463208837e-03 8.001347079119591754e-03 6.931788609506606136e-03
-7.408328036483946555e-03 -6.635603713081583699e-03 1.861262543534358826e-04 7.022497515011272284e-03 7.672992435840964021e-03
-6.028017859729395411e-03 -7.314309051751899382e-03 -1.727210459802619447e-03 5.649985194261519794e-03 7.874080322307630553e-03
-4.342086929558508501e-03 -7.480195147898660579e-03 -3.413466161327205484e-03 3.996181192000847204e-03 7.554855224933820779e-03
-2.477818267374587435e-03 -7.153477829018317635e-03 -4.777660377673909053e-03 2.184758098477956878e-03 6.767510515560681839e-03
-5.663445887738038920e-04 -6.384937513547739307e-03 -5.751286243427244926e-03 3.420429454592532892e-04 5.591270690767924378e-03
1.266067171618034948e-03 -5.250817271407748343e-03 -6.295128935334126652e-03 -1.411271718079754045e-03 4.125619375493494445e-03
2.905892727098624562e-03 -3.846376594039413455e-03 -6.400036210470472220e-03 -2.967551350027131107e-03 2.482642321488537362e-03
4.258924706554978457e-03 -2.278596051069059492e-03 -6.085710621228090922e-03 -4.238356627557782197e-03 7.790348292557869314e-04
5.255194401391216630e-03 -6.585562861954885605e-04 -5.397714961645760923e-03 -5.158979903722715754e-03 -8.716923539298093715e-04
5.852021448262689773e-03 9.059934795019319864e-04 -4.402986604170044949e-03 -5.691185960309819158e-03 -2.366322675866894265e-03
6.035108704224301235e-03 2.317404509658560485e-03 -3.184236386805650021e-03 -5.824087234620467513e-03 -3.617947770344631664e-03
5.817733034679806181e-03 3.493833650101141330e-03 -1.833659262865938722e-03 -5.573206554480569785e-03 -4.560569714747719772e-03
5.238202901195476713e-03 4.373577339649159512e-03 -4.464049986974139017e-04 -4.977893691099910534e-03 -5.152082826229698043e-03
4.355860766233066173e-03 4.917834620400407530e-03 8.857527994621250400e-04 -4.097356365606041884e-03 -5.375548476961866662e-03
3.245970288561217387e-03 5.111820504749564620e-03 2.080148216961896779e-03 -3.005646839711606511e-03 -5.238769553367883525e-03
1.993895076509710762e-03 4.964255767508918282e-03 3.068018103674630126e-03 -1.785985892269748021e-03 -4.772304612291611292e-03
6.889858229885970076e-04 4.505368703898726679e-03 3.798105660799411254e-03 -5.248326192819341429e-04 -4.026136582264139285e-03
-5.814158393829815807e-04 3.783632266416425693e-03 4.238909656276712568e-03 6.938985585036583359e-04 -3.065285530727823726e-03
