0.000000000000000000e+00 0.000000000000000000e+00 0.000000000000000000e+00 0.000000000000000000e+00 0.000000000000000000e+00
0.000000000000000000e+00 0.000000000000000000e+00 0.000000000000000000e+00 0.000000000000000000e+00 0.000000000000000000e+00
0.000000000000000000e+00 0.000000000000000000e+00 0.000000000000000000e+00 0.000000000000000000e+00 0.000000000000000000e+00
0.000000000000000000e+00 0.000000000000000000e+00 0.000000000000000000e+00 0.000000000000000000e+00 0.000000000000000000e+00
0.000000000000000000e+00 0.000000000000000000e+00 0.000000000000000000e+00 0.000000000000000000e+00 0.000000000000000000e+00
0.000000000000000000e+00 0.000000000000000000e+00 0.000000000000000000e+00 0.000000000000000000e+00 0.000000000000000000e+00
0.000000000000000000e+00 0.000000000000000000e+00 0.000000000000000000e+00 0.000000000000000000e+00 0.000000000000000000e+00
0.000000000000000000e+00 0.000000000000000000e+00 0.000000000000000000e+00 0.000000000000000000e+00 0.000000000000000000e+00
0.000000000000000000e+00 0.000000000000000000e+00 0.000000000000000000e+00 0.000000000000000000e+00 0.000000000000000000e+00
0.000000000000000000e+00 0.000000000000000000e+00 0.000000000000000000e+00 0.000000000000000000e+00 0.000000000000000000e+00
0.000000000000000000e+00 0.000000000000000000e+00 0.000000000000000000e+00 0.000000000000000000e+00 0.000000000000000000e+00
0.000000000000000000e+00 0.000000000000000000e+00 0.000000000000000000e+00 0.000000000000000000e+00 0.000000000000000000e+00
0.000000000000000000e+00 0.000000000000000000e+00 0.000000000000000000e+00 0.000000000000000000e+00 0.000000000000000000e+00
0.000000000000000000e+00 0.000000000000000000e+00 0.000000000000000000e+00 0.000000000000000000e+00 0.000000000000000000e+00
0.000000000000000000e+00 0.000000000000000000e+00 0.000000000000000000e+00 0.000000000000000000e+00 0.000000000000000000e+00
0.000000000000000000e+00 0.000000000000000000e+00 0.000000000000000000e+00 0.000000000000000000e+00 0.000000000000000000e+00
0.000000000000000000e+00 0.000000000000000000e+00 0.000000000000000000e+00 0.000000000000000000e+00 0.000000000000000000e+00
0.000000000000000000e+00 0.000000000000000000e+00 0.000000000000000000e+00 0.000000000000000000e+00 0.000000000000000000e+00
0.000000000000000000e+00 0.000000000000000000e+00 0.000000000000000000e+00 0.000000000000000000e+00 0.000000000000000000e+00
0.000000000000000000e+00 0.000000000000000000e+00 0.000000000000000000e+00 0.000000000000000000e+00 0.000000000000000000e+00
0.000000000000000000e+00 0.000000000000000000e+00 0.000000000000000000e+00 0.000000000000000000e+00 0.000000000000000000e+00
0.000000000000000000e+00 0.000000000000000000e+00 0.000000000000000000e+00 0.000000000000000000e+00 0.000000000000000000e+00
0.000000000000000000e+00 0.000000000000000000e+00 0.000000000000000000e+00 0.000000000000000000e+00 0.000000000000000000e+00
0.000000000000000000e+00 0.000000000000000000e+00 0.000000000000000000e+00 0.000000000000000000e+00 0.000000000000000000e+00
0.000000000000000000e+00 0.000000000000000000e+00 0.000000000000000000e+00 0.000000000000000000e+00 0.000000000000000000e+00
0.000000000000000000e+00 0.000000000000000000e+00 0.000000000000000000e+00 0.000000000000000000e+00 0.000000000000000000e+00
0.000000000000000000e+00 0.000000000000000000e+00 0.000000000000000000e+00 0.000000000000000000e+00 0.000000000000000000e+00
0.000000000000000000e+00 0.000000000000000000e+00 0.000000000000000000e+00 0.000000000000000000e+00 0.000000000000000000e+00
0.000000000000000000e+00 0.000000000000000000e+00 0.000000000000000000e+00 0.000000000000000000e+00 0.000000000000000000e+00
0.000000000000000000e+00 0.000000000000000000e+00 0.000000000000000000e+00 0.000000000000000000e+00 0.000000000000000000e+00
0.000000000000000000e+00 0.000000000000000000e+00 0.000000000000000000e+00 0.000000000000000000e+00 0.000000000000000000e+00
0.000000000000000000e+00 0.000000000000000000e+00 0.000000000000000000e+00 0.000000000000000000e+00 0.000000000000000000e+00
0.000000000000000000e+00 0.000000000000000000e+00 0.000000000000000000e+00 0.000000000000000000e+00 0.000000000000000000e+00
0.000000000000000000e+00 0.000000000000000000e+00 0.000000000000000000e+00 0.000000000000000000e+00 0.000000000000000000e+00
0.000000000000000000e+00 0.000000000000000000e+00 0.000000000000000000e+00 0.000000000000000000e+00 0.000000000000000000e+00
0.000000000000000000e+00 0.000000000000000000e+00 0.000000000000000000e+00 0.000000000000000000e+00 0.000000000000000000e+00
0.000000000000000000e+00 0.000000000000000000e+00 0.000000000000000000e+00 0.000000000000000000e+00 0.000000000000000000e+00
0.000000000000000000e+00 0.000000000000000000e+00 0.000000000000000000e+00 0.000000000000000000e+00 0.000000000000000000e+00
0.000000000000000000e+00 0.000000000000000000e+00 0.000000000000000000e+00 0.000000000000000000e+00 0.000000000000000000e+00
0.000000000000000000e+00 0.000000000000000000e+00 0.000000000000000000e+00 0.000000000000000000e+00 0.000000000000000000e+00
0.000000000000000000e+00 0.000000000000000000e+00 0.000000000000000000e+00 0.000000000000000000e+00 0.000000000000000000e+00
0.000000000000000000e+00 0.000000000000000000e+00 0.000000000000000000e+00 0.000000000000000000e+00 0.000000000000000000e+00
0.000000000000000000e+00 0.000000000000000000e+00 0.000000000000000000e+00 0.000000000000000000e+00 0.000000000000000000e+00
0.000000000000000000e+00 0.000000000000000000e+00 0.000000000000000000e+00 0.000000000000000000e+00 0.000000000000000000e+00
0.000000000000000000e+00 0.000000000000000000e+00 0.000000000000000000e+00 0.000000000000000000e+00 0.000000000000000000e+00
0.000000000000000000e+00 0.000000000000000000e+00 0.000000000000000000e+00 0.000000000000000000e+00 0.000000000000000000e+00
0.000000000000000000e+00 0.000000000000000000e+00 0.000000000000000000e+00 0.000000000000000000e+00 0.000000000000000000e+00
0.000000000000000000e+00 0.000000000000000000e+00 0.000000000000000000e+00 0.000000000000000000e+00 0.000000000000000000e+00
0.000000000000000000e+00 0.000000000000000000e+00 0.000000000000000000e+00 0.000000000000000000e+00 0.000000000000000000e+00
0.000000000000000000e+00 0.000000000000000000e+00 0.000000000000000000e+00 0.000000000000000000e+00 0.000000000000000000e+00
0.000000000000000000e+00 0.000000000000000000e+00 0.000000000000000000e+00 0.000000000000000000e+00 0.000000000000000000e+00
0.000000000000000000e+00 0.000000000000000000e+00 0.000000000000000000e+00 0.000000000000000000e+00 0.000000000000000000e+00
0.000000000000000000e+00 0.000000000000000000e+00 0.000000000000000000e+00 0.000000000000000000e+00 0.000000000000000000e+00
0.000000000000000000e+00 0.000000000000000000e+00 0.000000000000000000e+00 0.000000000000000000e+00 0.000000000000000000e+00
0.000000000000000000e+00 0.000000000000000000e+00 0.000000000000000000e+00 0.000000000000000000e+00 0.000000000000000000e+00
0.000000000000000000e+00 0.000000000000000000e+00 0.000000000000000000e+00 0.000000000000000000e+00 0.000000000000000000e+00
0.000000000000000000e+00 0.000000000000000000e+00 0.000000000000000000e+00 0.000000000000000000e+00 0.000000000000000000e+00
0.000000000000000000e+00 0.000000000000000000e+00 0.000000000000000000e+00 0.000000000000000000e+00 0.000000000000000000e+00
0.000000000000000000e+00 0.000000000000000000e+00 0.000000000000000000e+00 0.000000000000000000e+00 0.000000000000000000e+00
0.000000000000000000e+00 0.000000000000000000e+00 0.000000000000000000e+00 0.000000000000000000e+00 0.000000000000000000e+00
0.000000000000000000e+00 0.000000000000000000e+00 0.000000000000000000e+00 0.000000000000000000e+00 0.000000000000000000e+00
0.000000000000000000e+00 0.000000000000000000e+00 0.000000000000000000e+00 0.000000000000000000e+00 0.000000000000000000e+00
0.000000000000000000e+00 0.000000000000000000e+00 0.000000000000000000e+00 0.000000000000000000e+00 0.000000000000000000e+00
0.000000000000000000e+00 0.000000000000000000e+00 0.000000000000000000e+00 0.000000000000000000e+00 0.000000000000000000e+00
0.000000000000000000e+00 0.000000000000000000e+00 0.000000000000000000e+00 0.000000000000000000e+00 0.000000000000000000e+00
0.000000000000000000e+00 0.000000000000000000e+00 0.000000000000000000e+00 0.000000000000000000e+00 0.000000000000000000e+00
0.000000000000000000e+00 0.000000000000000000e+00 0.000000000000000000e+00 0.000000000000000000e+00 0.000000000000000000e+00
0.000000000000000000e+00 0.000000000000000000e+00 0.000000000000000000e+00 0.000000000000000000e+00 0.000000000000000000e+00
0.000000000000000000e+00 0.000000000000000000e+00 0.000000000000000000e+00 0.000000000000000000e+00 0.000000000000000000e+00
0.000000000000000000e+00 0.000000000000000000e+00 0.000000000000000000e+00 0.000000000000000000e+00 0.000000000000000000e+00
0.000000000000000000e+00 0.000000000000000000e+00 0.000000000000000000e+00 0.000000000000000000e+00 0.000000000000000000e+00
0.000000000000000000e+00 0.000000000000000000e+00 0.000000000000000000e+00 0.000000000000000000e+00 0.000000000000000000e+00
0.000000000000000000e+00 0.000000000000000000e+00 0.000000000000000000e+00 0.000000000000000000e+00 0.000000000000000000e+00
0.000000000000000000e+00 0.000000000000000000e+00 0.000000000000000000e+00 0.000000000000000000e+00 0.000000000000000000e+00
0.000000000000000000e+00 0.000000000000000000e+00 0.000000000000000000e+00 0.000000000000000000e+00 0.000000000000000000e+00
0.000000000000000000e+00 0.000000000000000000e+00 0.000000000000000000e+00 0.000000000000000000e+00 0.000000000000000000e+00
0.000000000000000000e+00 0.000000000000000000e+00 0.000000000000000000e+00 0.000000000000000000e+00 0.000000000000000000e+00
0.000000000000000000e+00 0.000000000000000000e+00 0.000000000000000000e+00 0.000000000000000000e+00 0.000000000000000000e+00
0.000000000000000000e+00 0.000000000000000000e+00 0.000000000000000000e+00 0.000000000000000000e+00 0.000000000000000000e+00
0.000000000000000000e+00 0.000000000000000000e+00 0.000000000000000000e+00 0.000000000000000000e+00 0.000000000000000000e+00
0.000000000000000000e+00 0.000000000000000000e+00 0.000000000000000000e+00 0.000000000000000000e+00 0.000000000000000000e+00
0.000000000000000000e+00 0.000000000000000000e+00 0.000000000000000000e+00 0.000000000000000000e+00 0.000000000000000000e+00
0.000000000000000000e+00 0.000000000000000000e+00 0.000000000000000000e+00 0.000000000000000000e+00 0.000000000000000000e+00
0.000000000000000000e+00 0.000000000000000000e+00 0.000000000000000000e+00 0.000000000000000000e+00 0.000000000000000000e+00
0.000000000000000000e+00 0.000000000000000000e+00 0.000000000000000000e+00 0.000000000000000000e+00 0.000000000000000000e+00
0.000000000000000000e+00 0.000000000000000000e+00 0.000000000000000000e+00 0.000000000000000000e+00 0.000000000000000000e+00
0.000000000000000000e+00 0.000000000000000000e+00 0.000000000000000000e+00 0.000000000000000000e+00 0.000000000000000000e+00
0.000000000000000000e+00 0.000000000000000000e+00 0.000000000000000000e+00 0.000000000000000000e+00 0.000000000000000000e+00
0.000000000000000000e+00 0.000000000000000000e+00 0.000000000000000000e+00 0.000000000000000000e+00 0.000000000000000000e+00
0.000000000000000000e+00 0.000000000000000000e+00 0.000000000000000000e+00 0.000000000000000000e+00 0.000000000000000000e+00
0.000000000000000000e+00 0.000000000000000000e+00 0.000000000000000000e+00 0.000000000000000000e+00 0.000000000000000000e+00
0.000000000000000000e+00 0.000000000000000000e+00 0.000000000000000000e+00 0.000000000000000000e+00 0.000000000000000000e+00
0.000000000000000000e+00 0.000000000000000000e+00 0.000000000000000000e+00 0.000000000000000000e+00 0.000000000000000000e+00
0.000000000000000000e+00 0.000000000000000000e+00 0.000000000000000000e+00 0.000000000000000000e+00 0.000000000000000000e+00
0.000000000000000000e+00 0.000000000000000000e+00 0.000000000000000000e+00 0.000000000000000000e+00 0.000000000000000000e+00
0.000000000000000000e+00 0.000000000000000000e+00 0.000000000000000000e+00 0.000000000000000000e+00 0.000000000000000000e+00
0.000000000000000000e+00 0.000000000000000000e+00 0.000000000000000000e+00 0.000000000000000000e+00 0.000000000000000000e+00
0.000000000000000000e+00 0.000000000000000000e+00 0.000000000000000000e+00 0.000000000000000000e+00 0.000000000000000000e+00
0.000000000000000000e+00 0.000000000000000000e+00 0.000000000000000000e+00 0.000000000000000000e+00 0.000000000000000000e+00
0.000000000000000000e+00 0.000000000000000000e+00 0.000000000000000000e+00 0.000000000000000000e+00 0.000000000000000000e+00
0.000000000000000000e+00 0.000000000000000000e+00 0.000000000000000000e+00 0.000000000000000000e+00 0.000000000000000000e+00
0.000000000000000000e+00 0.000000000000000000e+00 0.000000000000000000e+00 0.000000000000000000e+00 0.000000000000000000e+00
0.000000000000000000e+00 0.000000000000000000e+00 0.000000000000000000e+00 0.000000000000000000e+00 0.000000000000000000e+00
0.000000000000000000e+00 0.000000000000000000e+00 0.000000000000000000e+00 0.000000000000000000e+00 0.000000000000000000e+00
0.000000000000000000e+00 0.000000000000000000e+00 0.000000000000000000e+00 0.000000000000000000e+00 0.000000000000000000e+00
0.000000000000000000e+00 0.000000000000000000e+00 0.000000000000000000e+00 0.000000000000000000e+00 0.000000000000000000e+00
0.000000000000000000e+00 0.000000000000000000e+00 0.000000000000000000e+00 0.000000000000000000e+00 0.000000000000000000e+00
0.000000000000000000e+00 0.000000000000000000e+00 0.000000000000000000e+00 0.000000000000000000e+00 0.000000000000000000e+00
0.000000000000000000e+00 0.000000000000000000e+00 0.000000000000000000e+00 0.000000000000000000e+00 0.000000000000000000e+00
0.000000000000000000e+00 0.000000000000000000e+00 0.000000000000000000e+00 0.000000000000000000e+00 0.000000000000000000e+00
0.000000000000000000e+00 0.000000000000000000e+00 0.000000000000000000e+00 0.000000000000000000e+00 0.000000000000000000e+00
0.000000000000000000e+00 0.000000000000000000e+00 0.000000000000000000e+00 0.000000000000000000e+00 0.000000000000000000e+00
0.000000000000000000e+00 0.000000000000000000e+00 0.000000000000000000e+00 0.000000000000000000e+00 0.000000000000000000e+00
0.000000000000000000e+00 0.000000000000000000e+00 0.000000000000000000e+00 0.000000000000000000e+00 0.000000000000000000e+00
0.000000000000000000e+00 0.000000000000000000e+00 0.000000000000000000e+00 0.000000000000000000e+00 0.000000000000000000e+00
0.000000000000000000e+00 0.000000000000000000e+00 0.000000000000000000e+00 0.000000000000000000e+00 0.000000000000000000e+00
0.000000000000000000e+00 0.000000000000000000e+00 0.000000000000000000e+00 0.000000000000000000e+00 0.000000000000000000e+00
0.000000000000000000e+00 0.000000000000000000e+00 0.000000000000000000e+00 0.000000000000000000e+00 0.000000000000000000e+00
0.000000000000000000e+00 0.000000000000000000e+00 0.000000000000000000e+00 0.000000000000000000e+00 0.000000000000000000e+00
0.000000000000000000e+00 0.000000000000000000e+00 0.000000000000000000e+00 0.000000000000000000e+00 0.000000000000000000e+00
0.000000000000000000e+00 0.000000000000000000e+00 0.000000000000000000e+00 0.000000000000000000e+00 0.000000000000000000e+00
0.000000000000000000e+00 0.000000000000000000e+00 0.000000000000000000e+00 0.000000000000000000e+00 0.000000000000000000e+00
0.000000000000000000e+00 0.000000000000000000e+00 0.000000000000000000e+00 0.000000000000000000e+00 0.000000000000000000e+00
0.000000000000000000e+00 0.000000000000000000e+00 0.000000000000000000e+00 0.000000000000000000e+00 0.000000000000000000e+00
0.000000000000000000e+00 0.000000000000000000e+00 0.000000000000000000e+00 0.000000000000000000e+00 0.000000000000000000e+00
0.000000000000000000e+00 0.000000000000000000e+00 0.000000000000000000e+00 0.000000000000000000e+00 0.000000000000000000e+00
0.000000000000000000e+00 0.000000000000000000e+00 0.000000000000000000e+00 0.000000000000000000e+00 0.000000000000000000e+00
0.000000000000000000e+00 0.000000000000000000e+00 0.000000000000000000e+00 0.000000000000000000e+00 0.000000000000000000e+00
0.000000000000000000e+00 0.000000000000000000e+00 0.000000000000000000e+00 0.000000000000000000e+00 0.000000000000000000e+00
0.000000000000000000e+00 0.000000000000000000e+00 0.000000000000000000e+00 0.000000000000000000e+00 0.000000000000000000e+00
0.000000000000000000e+00 0.000000000000000000e+00 0.000000000000000000e+00 0.000000000000000000e+00 0.000000000000000000e+00
0.000000000000000000e+00 0.000000000000000000e+00 0.000000000000000000e+00 0.000000000000000000e+00 0.000000000000000000e+00
0.000000000000000000e+00 0.000000000000000000e+00 0.000000000000000000e+00 0.000000000000000000e+00 0.000000000000000000e+00
0.000000000000000000e+00 0.000000000000000000e+00 0.000000000000000000e+00 0.000000000000000000e+00 0.000000000000000000e+00
0.000000000000000000e+00 0.000000000000000000e+00 0.000000000000000000e+00 0.000000000000000000e+00 0.000000000000000000e+00
0.000000000000000000e+00 0.000000000000000000e+00 0.000000000000000000e+00 0.000000000000000000e+00 0.000000000000000000e+00
0.000000000000000000e+00 0.000000000000000000e+00 0.000000000000000000e+00 0.000000000000000000e+00 0.000000000000000000e+00
0.000000000000000000e+00 0.000000000000000000e+00 0.000000000000000000e+00 0.000000000000000000e+00 0.000000000000000000e+00
0.000000000000000000e+00 0.000000000000000000e+00 0.000000000000000000e+00 0.000000000000000000e+00 0.000000000000000000e+00
0.000000000000000000e+00 0.000000000000000000e+00 0.000000000000000000e+00 0.000000000000000000e+00 0.000000000000000000e+00
0.000000000000000000e+00 0.000000000000000000e+00 0.000000000000000000e+00 0.000000000000000000e+00 0.000000000000000000e+00
0.000000000000000000e+00 0.000000000000000000e+00 0.000000000000000000e+00 0.000000000000000000e+00 0.000000000000000000e+00
0.000000000000000000e+00 0.000000000000000000e+00 0.000000000000000000e+00 0.000000000000000000e+00 0.000000000000000000e+00
0.000000000000000000e+00 0.000000000000000000e+00 0.000000000000000000e+00 0.000000000000000000e+00 0.000000000000000000e+00
0.000000000000000000e+00 0.000000000000000000e+00 0.000000000000000000e+00 0.000000000000000000e+00 0.000000000000000000e+00
0.000000000000000000e+00 0.000000000000000000e+00 0.000000000000000000e+00 0.000000000000000000e+00 0.000000000000000000e+00
0.000000000000000000e+00 0.000000000000000000e+00 0.000000000000000000e+00 0.000000000000000000e+00 0.000000000000000000e+00
0.000000000000000000e+00 0.000000000000000000e+00 0.000000000000000000e+00 0.000000000000000000e+00 0.000000000000000000e+00
0.000000000000000000e+00 0.000000000000000000e+00 0.000000000000000000e+00 0.000000000000000000e+00 0.000000000000000000e+00
0.000000000000000000e+00 0.000000000000000000e+00 0.000000000000000000e+00 0.000000000000000000e+00 0.000000000000000000e+00
0.000000000000000000e+00 0.000000000000000000e+00 0.000000000000000000e+00 0.000000000000000000e+00 0.000000000000000000e+00
0.000000000000000000e+00 0.000000000000000000e+00 0.000000000000000000e+00 0.000000000000000000e+00 0.000000000000000000e+00
0.000000000000000000e+00 0.000000000000000000e+00 0.000000000000000000e+00 0.000000000000000000e+00 0.000000000000000000e+00
0.000000000000000000e+00 0.000000000000000000e+00 0.000000000000000000e+00 0.000000000000000000e+00 0.000000000000000000e+00
0.000000000000000000e+00 0.000000000000000000e+00 0.000000000000000000e+00 0.000000000000000000e+00 0.000000000000000000e+00
0.000000000000000000e+00 0.000000000000000000e+00 0.000000000000000000e+00 0.000000000000000000e+00 0.000000000000000000e+00
0.000000000000000000e+00 0.000000000000000000e+00 0.000000000000000000e+00 0.000000000000000000e+00 0.000000000000000000e+00
0.000000000000000000e+00 0.000000000000000000e+00 0.000000000000000000e+00 0.000000000000000000e+00 0.000000000000000000e+00
0.000000000000000000e+00 0.000000000000000000e+00 0.000000000000000000e+00 0.000000000000000000e+00 0.000000000000000000e+00
0.000000000000000000e+00 0.000000000000000000e+00 0.000000000000000000e+00 0.000000000000000000e+00 0.000000000000000000e+00
0.000000000000000000e+00 0.000000000000000000e+00 0.000000000000000000e+00 0.000000000000000000e+00 0.000000000000000000e+00
0.000000000000000000e+00 0.000000000000000000e+00 0.000000000000000000e+00 0.000000000000000000e+00 0.000000000000000000e+00
0.000000000000000000e+00 0.000000000000000000e+00 0.000000000000000000e+00 0.000000000000000000e+00 0.000000000000000000e+00
0.000000000000000000e+00 0.000000000000000000e+00 0.000000000000000000e+00 0.000000000000000000e+00 0.000000000000000000e+00
0.000000000000000000e+00 0.000000000000000000e+00 0.000000000000000000e+00 0.000000000000000000e+00 0.000000000000000000e+00
0.000000000000000000e+00 0.000000000000000000e+00 0.000000000000000000e+00 0.000000000000000000e+00 0.000000000000000000e+00
0.000000000000000000e+00 0.000000000000000000e+00 0.000000000000000000e+00 0.000000000000000000e+00 0.000000000000000000e+00
0.000000000000000000e+00 0.000000000000000000e+00 0.000000000000000000e+00 0.000000000000000000e+00 0.000000000000000000e+00
0.000000000000000000e+00 0.000000000000000000e+00 0.000000000000000000e+00 0.000000000000000000e+00 0.000000000000000000e+00
0.000000000000000000e+00 0.000000000000000000e+00 0.000000000000000000e+00 0.000000000000000000e+00 0.000000000000000000e+00
0.000000000000000000e+00 0.000000000000000000e+00 0.000000000000000000e+00 0.000000000000000000e+00 0.000000000000000000e+00
0.000000000000000000e+00 0.000000000000000000e+00 0.000000000000000000e+00 0.000000000000000000e+00 0.000000000000000000e+00
0.000000000000000000e+00 0.000000000000000000e+00 0.000000000000000000e+00 0.000000000000000000e+00 0.000000000000000000e+00
0.000000000000000000e+00 0.000000000000000000e+00 0.000000000000000000e+00 0.000000000000000000e+00 0.000000000000000000e+00
0.000000000000000000e+00 0.000000000000000000e+00 0.000000000000000000e+00 0.000000000000000000e+00 0.000000000000000000e+00
0.000000000000000000e+00 0.000000000000000000e+00 0.000000000000000000e+00 0.000000000000000000e+00 0.000000000000000000e+00
0.000000000000000000e+00 0.000000000000000000e+00 0.000000000000000000e+00 0.000000000000000000e+00 0.000000000000000000e+00
0.000000000000000000e+00 0.000000000000000000e+00 0.000000000000000000e+00 0.000000000000000000e+00 0.000000000000000000e+00
0.000000000000000000e+00 0.000000000000000000e+00 0.000000000000000000e+00 0.000000000000000000e+00 0.000000000000000000e+00
0.000000000000000000e+00 0.000000000000000000e+00 0.000000000000000000e+00 0.000000000000000000e+00 0.000000000000000000e+00
0.000000000000000000e+00 0.000000000000000000e+00 0.000000000000000000e+00 0.000000000000000000e+00 0.000000000000000000e+00
0.000000000000000000e+00 0.000000000000000000e+00 0.000000000000000000e+00 0.000000000000000000e+00 0.000000000000000000e+00
0.000000000000000000e+00 0.000000000000000000e+00 0.000000000000000000e+00 0.000000000000000000e+00 0.000000000000000000e+00
0.000000000000000000e+00 0.000000000000000000e+00 0.000000000000000000e+00 0.000000000000000000e+00 0.000000000000000000e+00
0.000000000000000000e+00 0.000000000000000000e+00 0.000000000000000000e+00 0.000000000000000000e+00 0.000000000000000000e+00
0.000000000000000000e+00 0.000000000000000000e+00 0.000000000000000000e+00 0.000000000000000000e+00 0.000000000000000000e+00
0.000000000000000000e+00 0.000000000000000000e+00 0.000000000000000000e+00 0.000000000000000000e+00 0.000000000000000000e+00
0.000000000000000000e+00 0.000000000000000000e+00 0.000000000000000000e+00 0.000000000000000000e+00 0.000000000000000000e+00
0.000000000000000000e+00 0.000000000000000000e+00 0.000000000000000000e+00 0.000000000000000000e+00 0.000000000000000000e+00
0.000000000000000000e+00 0.000000000000000000e+00 0.000000000000000000e+00 0.000000000000000000e+00 0.000000000000000000e+00
0.000000000000000000e+00 0.000000000000000000e+00 0.000000000000000000e+00 0.000000000000000000e+00 0.000000000000000000e+00
0.000000000000000000e+00 0.000000000000000000e+00 0.000000000000000000e+00 0.000000000000000000e+00 0.000000000000000000e+00
0.000000000000000000e+00 0.000000000000000000e+00 0.000000000000000000e+00 0.000000000000000000e+00 0.000000000000000000e+00
0.000000000000000000e+00 0.000000000000000000e+00 0.000000000000000000e+00 0.000000000000000000e+00 0.000000000000000000e+00
0.000000000000000000e+00 0.000000000000000000e+00 0.000000000000000000e+00 0.000000000000000000e+00 0.000000000000000000e+00
0.000000000000000000e+00 0.000000000000000000e+00 0.000000000000000000e+00 0.000000000000000000e+00 0.000000000000000000e+00
0.000000000000000000e+00 0.000000000000000000e+00 0.000000000000000000e+00 0.000000000000000000e+00 0.000000000000000000e+00
0.000000000000000000e+00 0.000000000000000000e+00 0.000000000000000000e+00 0.000000000000000000e+00 0.000000000000000000e+00
0.000000000000000000e+00 0.000000000000000000e+00 0.000000000000000000e+00 0.000000000000000000e+00 0.000000000000000000e+00
0.000000000000000000e+00 0.000000000000000000e+00 0.000000000000000000e+00 0.000000000000000000e+00 0.000000000000000000e+00
0.000000000000000000e+00 0.000000000000000000e+00 0.000000000000000000e+00 0.000000000000000000e+00 0.000000000000000000e+00
0.000000000000000000e+00 0.000000000000000000e+00 0.000000000000000000e+00 0.000000000000000000e+00 0.000000000000000000e+00
0.000000000000000000e+00 0.000000000000000000e+00 0.000000000000000000e+00 0.000000000000000000e+00 0.000000000000000000e+00
0.000000000000000000e+00 0.000000000000000000e+00 0.000000000000000000e+00 0.000000000000000000e+00 0.000000000000000000e+00
0.000000000000000000e+00 0.000000000000000000e+00 0.000000000000000000e+00 0.000000000000000000e+00 0.000000000000000000e+00
0.000000000000000000e+00 0.000000000000000000e+00 0.000000000000000000e+00 0.000000000000000000e+00 0.000000000000000000e+00
0.000000000000000000e+00 0.000000000000000000e+00 0.000000000000000000e+00 0.000000000000000000e+00 0.000000000000000000e+00
0.000000000000000000e+00 0.000000000000000000e+00 0.000000000000000000e+00 0.000000000000000000e+00 0.000000000000000000e+00
0.000000000000000000e+00 0.000000000000000000e+00 0.000000000000000000e+00 0.000000000000000000e+00 0.000000000000000000e+00
0.000000000000000000e+00 0.000000000000000000e+00 0.000000000000000000e+00 0.000000000000000000e+00 0.000000000000000000e+00
0.000000000000000000e+00 0.000000000000000000e+00 0.000000000000000000e+00 0.000000000000000000e+00 0.000000000000000000e+00
0.000000000000000000e+00 0.000000000000000000e+00 0.000000000000000000e+00 0.000000000000000000e+00 0.000000000000000000e+00
0.000000000000000000e+00 0.000000000000000000e+00 0.000000000000000000e+00 0.000000000000000000e+00 0.000000000000000000e+00
0.000000000000000000e+00 0.000000000000000000e+00 0.000000000000000000e+00 0.000000000000000000e+00 0.000000000000000000e+00
0.000000000000000000e+00 0.000000000000000000e+00 0.000000000000000000e+00 0.000000000000000000e+00 0.000000000000000000e+00
0.000000000000000000e+00 0.000000000000000000e+00 0.000000000000000000e+00 0.000000000000000000e+00 0.000000000000000000e+00
0.000000000000000000e+00 0.000000000000000000e+00 0.000000000000000000e+00 0.000000000000000000e+00 0.000000000000000000e+00
0.000000000000000000e+00 0.000000000000000000e+00 0.000000000000000000e+00 0.000000000000000000e+00 0.000000000000000000e+00
0.000000000000000000e+00 0.000000000000000000e+00 0.000000000000000000e+00 0.000000000000000000e+00 0.000000000000000000e+00
0.000000000000000000e+00 0.000000000000000000e+00 0.000000000000000000e+00 0.000000000000000000e+00 0.000000000000000000e+00
0.000000000000000000e+00 0.000000000000000000e+00 0.000000000000000000e+00 0.000000000000000000e+00 0.000000000000000000e+00
0.000000000000000000e+00 0.000000000000000000e+00 0.000000000000000000e+00 0.000000000000000000e+00 0.000000000000000000e+00
0.000000000000000000e+00 0.000000000000000000e+00 0.000000000000000000e+00 0.000000000000000000e+00 0.000000000000000000e+00
0.000000000000000000e+00 0.000000000000000000e+00 0.000000000000000000e+00 0.000000000000000000e+00 0.000000000000000000e+00
0.000000000000000000e+00 0.000000000000000000e+00 0.000000000000000000e+00 0.000000000000000000e+00 0.000000000000000000e+00
0.000000000000000000e+00 0.000000000000000000e+00 0.000000000000000000e+00 0.000000000000000000e+00 0.000000000000000000e+00
0.000000000000000000e+00 0.000000000000000000e+00 0.000000000000000000e+00 0.000000000000000000e+00 0.000000000000000000e+00
0.000000000000000000e+00 0.000000000000000000e+00 0.000000000000000000e+00 0.000000000000000000e+00 0.000000000000000000e+00
0.000000000000000000e+00 0.000000000000000000e+00 0.000000000000000000e+00 0.000000000000000000e+00 0.000000000000000000e+00
0.000000000000000000e+00 0.000000000000000000e+00 0.000000000000000000e+00 0.000000000000000000e+00 0.000000000000000000e+00
0.000000000000000000e+00 0.000000000000000000e+00 0.000000000000000000e+00 0.000000000000000000e+00 0.000000000000000000e+00
0.000000000000000000e+00 0.000000000000000000e+00 0.000000000000000000e+00 0.000000000000000000e+00 0.000000000000000000e+00
0.000000000000000000e+00 0.000000000000000000e+00 0.000000000000000000e+00 0.000000000000000000e+00 0.000000000000000000e+00
0.000000000000000000e+00 0.000000000000000000e+00 0.000000000000000000e+00 0.000000000000000000e+00 0.000000000000000000e+00
0.000000000000000000e+00 0.000000000000000000e+00 0.000000000000000000e+00 0.000000000000000000e+00 0.000000000000000000e+00
0.000000000000000000e+00 0.000000000000000000e+00 0.000000000000000000e+00 0.000000000000000000e+00 0.000000000000000000e+00
0.000000000000000000e+00 0.000000000000000000e+00 0.000000000000000000e+00 0.000000000000000000e+00 0.000000000000000000e+00
0.000000000000000000e+00 0.000000000000000000e+00 0.000000000000000000e+00 0.000000000000000000e+00 0.000000000000000000e+00
0.000000000000000000e+00 0.000000000000000000e+00 0.000000000000000000e+00 0.000000000000000000e+00 0.000000000000000000e+00
0.000000000000000000e+00 0.000000000000000000e+00 0.000000000000000000e+00 0.000000000000000000e+00 0.000000000000000000e+00
0.000000000000000000e+00 0.000000000000000000e+00 0.000000000000000000e+00 0.000000000000000000e+00 0.000000000000000000e+00
0.000000000000000000e+00 0.000000000000000000e+00 0.000000000000000000e+00 0.000000000000000000e+00 0.000000000000000000e+00
0.000000000000000000e+00 0.000000000000000000e+00 0.000000000000000000e+00 0.000000000000000000e+00 0.000000000000000000e+00
0.000000000000000000e+00 0.000000000000000000e+00 0.000000000000000000e+00 0.000000000000000000e+00 0.000000000000000000e+00
0.000000000000000000e+00 0.000000000000000000e+00 0.000000000000000000e+00 0.000000000000000000e+00 0.000000000000000000e+00
0.000000000000000000e+00 0.000000000000000000e+00 0.000000000000000000e+00 0.000000000000000000e+00 0.000000000000000000e+00
0.000000000000000000e+00 0.000000000000000000e+00 0.000000000000000000e+00 0.000000000000000000e+00 0.000000000000000000e+00
0.000000000000000000e+00 0.000000000000000000e+00 0.000000000000000000e+00 0.000000000000000000e+00 0.000000000000000000e+00
0.000000000000000000e+00 0.000000000000000000e+00 0.000000000000000000e+00 0.000000000000000000e+00 0.000000000000000000e+00
0.000000000000000000e+00 0.000000000000000000e+00 0.000000000000000000e+00 0.000000000000000000e+00 0.000000000000000000e+00
0.000000000000000000e+00 0.000000000000000000e+00 0.000000000000000000e+00 0.000000000000000000e+00 0.000000000000000000e+00
0.000000000000000000e+00 0.000000000000000000e+00 0.000000000000000000e+00 0.000000000000000000e+00 0.000000000000000000e+00
0.000000000000000000e+00 0.000000000000000000e+00 0.000000000000000000e+00 0.000000000000000000e+00 0.000000000000000000e+00
0.000000000000000000e+00 0.000000000000000000e+00 0.000000000000000000e+00 0.000000000000000000e+00 0.000000000000000000e+00
0.000000000000000000e+00 0.000000000000000000e+00 0.000000000000000000e+00 0.000000000000000000e+00 0.000000000000000000e+00
0.000000000000000000e+00 0.000000000000000000e+00 0.000000000000000000e+00 0.000000000000000000e+00 0.000000000000000000e+00
0.000000000000000000e+00 0.000000000000000000e+00 0.000000000000000000e+00 0.000000000000000000e+00 0.000000000000000000e+00
0.000000000000000000e+00 0.000000000000000000e+00 0.000000000000000000e+00 0.000000000000000000e+00 0.000000000000000000e+00
0.000000000000000000e+00 0.000000000000000000e+00 0.000000000000000000e+00 0.000000000000000000e+00 0.000000000000000000e+00
0.000000000000000000e+00 0.000000000000000000e+00 0.000000000000000000e+00 0.000000000000000000e+00 0.000000000000000000e+00
0.000000000000000000e+00 0.000000000000000000e+00 0.000000000000000000e+00 0.000000000000000000e+00 0.000000000000000000e+00
0.000000000000000000e+00 0.000000000000000000e+00 0.000000000000000000e+00 0.000000000000000000e+00 0.000000000000000000e+00
0.000000000000000000e+00 0.000000000000000000e+00 0.000000000000000000e+00 0.000000000000000000e+00 0.000000000000000000e+00
0.000000000000000000e+00 0.000000000000000000e+00 0.000000000000000000e+00 0.000000000000000000e+00 0.000000000000000000e+00
0.000000000000000000e+00 0.000000000000000000e+00 0.000000000000000000e+00 0.000000000000000000e+00 0.000000000000000000e+00
0.000000000000000000e+00 0.000000000000000000e+00 0.000000000000000000e+00 0.000000000000000000e+00 0.000000000000000000e+00
0.000000000000000000e+00 0.000000000000000000e+00 0.000000000000000000e+00 0.000000000000000000e+00 0.000000000000000000e+00
0.000000000000000000e+00 0.000000000000000000e+00 0.000000000000000000e+00 0.000000000000000000e+00 0.000000000000000000e+00
0.000000000000000000e+00 0.000000000000000000e+00 0.000000000000000000e+00 0.000000000000000000e+00 0.000000000000000000e+00
0.000000000000000000e+00 0.000000000000000000e+00 0.000000000000000000e+00 0.000000000000000000e+00 0.000000000000000000e+00
0.000000000000000000e+00 0.000000000000000000e+00 0.000000000000000000e+00 0.000000000000000000e+00 0.000000000000000000e+00
0.000000000000000000e+00 0.000000000000000000e+00 0.000000000000000000e+00 0.000000000000000000e+00 0.000000000000000000e+00
0.000000000000000000e+00 0.000000000000000000e+00 0.000000000000000000e+00 0.000000000000000000e+00 0.000000000000000000e+00
0.000000000000000000e+00 0.000000000000000000e+00 0.000000000000000000e+00 0.000000000000000000e+00 0.000000000000000000e+00
0.000000000000000000e+00 0.000000000000000000e+00 0.000000000000000000e+00 0.000000000000000000e+00 0.000000000000000000e+00
-2.542901570744535711e+00 -1.825567715137997205e+00 -5.250140167856660600e-01 2.425581181301263101e+00 3.327622235121070027e+00
-2.432322051274110830e+00 -2.011608108118132510e+00 -9.292498861035923818e-01 1.503585669358275867e+00 3.600722628967912620e+00
-2.144740315575425882e+00 -2.233583165414690264e+00 -1.232631326308953890e+00 7.400338145334691697e-01 3.410691838766006345e+00
-1.565253258117851543e+00 -2.435827175912959497e+00 -1.495123742598114980e+00 1.223011777421234569e-01 2.806664882419303009e+00
-6.768593708687006272e-01 -2.544921452789854044e+00 -1.743426043139046921e+00 -3.773671654940655706e-01 2.008104817148210763e+00
3.958987544133835690e-01 -2.480540689598356607e+00 -1.991528035219157999e+00 -7.810905093915755382e-01 1.204273868171050754e+00
1.483804728719425592e+00 -2.160117020619449768e+00 -2.232631324169243481e+00 -1.119869293905409569e+00 4.840783602270914976e-01
2.430754182623756865e+00 -1.552866043222370651e+00 -2.429976020729417652e+00 -1.423034903912574922e+00 -1.209216053916900568e-01
3.106544461637624099e+00 -6.986928769230096314e-01 -2.522057567461931438e+00 -1.710061235273709235e+00 -6.076078022545777779e-01
3.418039245917932067e+00 3.151434169645477290e-01 -2.437839945824391563e+00 -1.985935192716413056e+00 -9.928529688207534676e-01
3.338450711839145768e+00 1.368053553967670144e+00 -2.116130877714285319e+00 -2.237980075073562336e+00 -1.305081950479453967e+00
2.926984672196427884e+00 2.311185793880868200e+00 -1.526955436742632122e+00 -2.434195896680815707e+00 -1.573843376350297696e+00
2.304488651178636882e+00 2.993208306172447042e+00 -6.922309936007080555e-01 -2.522626909621175528e+00 -1.821467173702709719e+00
1.600295109750938805e+00 3.307973561658291484e+00 3.063707558181711921e-01 -2.436054129715229610e+00 -2.057326712451001960e+00
9.120141723280776880e-01 3.235605968458645343e+00 1.339800678441441795e+00 -2.110934467042179907e+00 -2.272826723794047599e+00
2.948838313676009903e-01 2.845413077590398299e+00 2.257343118638452495e+00 -1.519006271322260959e+00 -2.436826618217174723e+00
-2.311257902081682858e-01 2.257252450817715861e+00 2.919045914310813838e+00 -6.905691555638726609e-01 -2.495032104624664182e+00
-6.704378127777241847e-01 1.591321348733863550e+00 3.231905024142577521e+00 2.877306961836609278e-01 -2.379439933984072386e+00
-1.041673140693922139e+00 9.367918903099048400e-01 3.178455838329717675e+00 1.292133075066461689e+00 -2.030951831938234253e+00
-1.367980975329446736e+00 3.448894224658483609e-01 2.818653711942568307e+00 2.183912480491466024e+00 -1.427507840160822328e+00
-1.668269563766626495e+00 -1.648587953824142138e-01 2.259721393848221904e+00 2.834611840512932357e+00 -6.006173171756528095e-01
-1.950371532593829116e+00 -5.953032893268883630e-01 1.613738488725781739e+00 3.156928154458677138e+00 3.686275012217550273e-01
-2.206493243420103223e+00 -9.625157424682845297e-01 9.680123765106403155e-01 3.131016547269472206e+00 1.365250885185417040e+00
-2.410661454926014802e+00 -1.287076919725488988e+00 3.761077750821044674e-01 2.807830925579641423e+00 2.257578060452080759e+00
-2.518670216931859329e+00 -1.586313191994012550e+00 -1.381962538670895579e-01 2.283856075227775673e+00 2.917040548435001046e+00
-2.473009680862891191e+00 -1.868156345268504603e+00 -5.731596910539626943e-01 1.663739359071415569e+00 3.245386474193476367e+00
-2.216299727122569063e+00 -2.126638939571452891e+00 -9.412132849373774368e-01 1.032520713615288299e+00 3.205080438566954015e+00
-1.713390064086891096e+00 -2.338575677206006009e+00 -1.261303329266875606e+00 4.453343354692436140e-01 2.835482655611851310e+00
-9.733190920221268527e-01 -2.462087250165017061e+00 -1.551502902048654153e+00 -7.101281839204620638e-02 2.238272203378505409e+00
-5.691872558361976697e-02 -2.440474843795636062e+00 -1.822282537082844156e+00 -5.121062108432542503e-01 1.537730459575369357e+00
9.338266524051144213e-01 -2.216067119419474984e+00 -2.070850875334564911e+00 -8.886930718976662202e-01 8.406028842173155491e-01
1.874066776436630777e+00 -1.752421021084134667e+00 -2.277087824947464867e+00 -1.218637089536800833e+00 2.148472231961080503e-01
2.634420649635347278e+00 -1.053386344939309494e+00 -2.402145574477235979e+00 -1.518926721584645367e+00 -3.113759979364014718e-01
3.104328328579011753e+00 -1.693238959364266050e-01 -2.391740380593298188e+00 -1.798987783257644635e+00 -7.395053924621146635e-01
3.223318024892430689e+00 8.068978651411926606e-01 -2.187161912804213681e+00 -2.055684224134523674e+00 -1.087888971185717590e+00
3.004771770391130303e+00 1.749789135683866403e+00 -1.745680343193114048e+00 -2.269446932727987143e+00 -1.380969679805047701e+00
2.529855283333044991e+00 2.520987450912960615e+00 -1.064363527231444451e+00 -2.401739703768555056e+00 -1.641098305564142157e+00
1.911498716314870228e+00 3.002377994562148711e+00 -1.932445310890210655e-01 -2.397083577100773688e+00 -1.882087318616081362e+00
1.253691826753595251e+00 3.133772112719012792e+00 7.698984790273890599e-01 -2.195268212166843202e+00 -2.103625515881967001e+00
6.287165296954251303e-01 2.933527306948818580e+00 1.697375259328256947e+00 -1.755062027330575480e+00 -2.286654484520292741e+00
7.420117611476362285e-02 2.485132297816122104e+00 2.455698704590121739e+00 -1.078598057082738482e+00 -2.391398208660221680e+00
-3.999347651671655846e-01 1.898272052812482125e+00 2.935181278668749894e+00 -2.201622097949658130e-01 -2.361602294279977698e+00
-8.022306597253542337e-01 1.271036845023123973e+00 3.080164071924221592e+00 7.235917775629611137e-01 -2.138789676661868366e+00
-1.150480287312227734e+00 6.710583641197240823e-01 2.905296279218114286e+00 1.631695935343735915e+00 -1.685258976301213796e+00
-1.463132219368981524e+00 1.341121972912175941e-01 2.484758134117166506e+00 2.379536293948091519e+00 -1.005034866437062080e+00
-1.752009008645579957e+00 -3.293646534172558482e-01 1.919635520978513865e+00 2.864000052800048213e+00 -1.500045765135377129e-01
-2.016918915067029694e+00 -7.260668807331913666e-01 1.304119724041076678e+00 3.030307187265644853e+00 7.892259537868715480e-01
-2.242216839653868199e+00 -1.071634720125374640e+00 7.065506167403263760e-01 2.887638348140753930e+00 1.698261409168245972e+00
-2.395452230725834131e+00 -1.382923559298538718e+00 1.660679281521582062e-01 2.501181254207817339e+00 2.455169747130272917e+00
-2.429411079790621653e+00 -1.671370876810862827e+00 -3.026523341685090074e-01 1.964014266586072033e+00 2.951292336007800277e+00
-2.290242936008203500e+00 -1.937886595552343882e+00 -7.024828552931573489e-01 1.366312448313424133e+00 3.117870892939555993e+00
-1.933616048150169853e+00 -2.169119074848042672e+00 -1.046693052809323010e+00 7.764699437943247684e-01 2.949418450313837425e+00
-1.345509957806978685e+00 -2.335098663797237517e+00 -1.351859506663283694e+00 2.360098926727969282e-01 2.507276953049879076e+00
-5.569423463912266392e-01 -2.389981474623147140e+00 -1.631138008366211256e+00 -2.375837251460427568e-01 1.896042646055443148e+00
3.568625445204285929e-01 -2.279738620063215926e+00 -1.888318586225929963e+00 -6.450954435947690024e-01 1.225970272638257308e+00
1.290066963645120302e+00 -1.958849769059698209e+00 -2.113116569368926889e+00 -9.985605782621713722e-01 5.827636797477848685e-01
2.123062588399703632e+00 -1.410233855894815758e+00 -2.278446358193726873e+00 -1.313672713991440810e+00 1.561018923777246492e-02
2.740769924091447152e+00 -6.575940229498291600e-01 -2.341064070382625317e+00 -1.602712079403927348e+00 -4.595249776431357680e-01
3.057285645559544740e+00 2.336504971908481831e-01 -2.247785148498441465e+00 -1.868900311583438389e+00 -8.495680766252912131e-01
3.042990859036251550e+00 1.162548618594559491e+00 -1.949583550212063532e+00 -2.102176489361843537e+00 -1.173287371201048757e+00
2.736199267719129580e+00 2.005137570156434013e+00 -1.422330242231145903e+00 -2.276110600812089046e+00 -1.452180859966624826e+00
2.225964193624823562e+00 2.637592511489879055e+00 -6.851424652726447739e-01 -2.347241810080110458e+00 -1.703412060470099743e+00
1.615972918581997764e+00 2.969111985736417214e+00 1.948912384901173300e-01 -2.260847114217725107e+00 -1.934014386136310382e+00
9.929592550240121662e-01 2.971578640457968490e+00 1.112975470684526069e+00 -1.967054556372351826e+00 -2.135950955738456614e+00
4.129023994490088612e-01 2.686712806426908351e+00 1.945450582355739977e+00 -1.443965187248456239e+00 -2.282734645737106050e+00
-9.809508174063462371e-02 2.203683798418082596e+00 2.573930915734750968e+00 -7.147876545635677425e-01 -2.329883814546802157e+00
-5.366459892861527026e-01 1.622456920035040717e+00 2.913363841616195327e+00 1.516558419629578935e-01 -2.222714289316737091e+00
-9.135277126781272683e-01 1.025161976846347800e+00 2.936031021729738288e+00 1.053744676634406074e+00 -1.913352586267634381e+00
-1.245215157471427636e+00 4.648563843808546370e-01 2.677570748227284358e+00 1.874631414626116710e+00 -1.382173531587870707e+00
-1.546178170542230390e+00 -3.298268941619564298e-02 2.218695720033804886e+00 2.502836264818801837e+00 -6.521069719058911751e-01
-1.822646552490342353e+00 -4.639074308988040407e-01 1.653487076740384643e+00 2.856695682097023070e+00 2.118754778136829053e-01
-2.068206659997705366e+00 -8.368742612577163564e-01 1.062645534202882214e+00 2.906372066484524286e+00 1.113951649728333049e+00
-2.261287920669966756e+00 -1.166647391726339578e+00 5.012579504481633474e-01 2.680702590972394272e+00 1.941737890211967521e+00
-2.365075958801657219e+00 -1.466804572709013987e+00 -1.489434286424784482e-03 2.252280637966655785e+00 2.582823352634914915e+00
-2.331615313827657854e+00 -1.743945634250688714e+00 -4.372010395527508031e-01 1.709382961477572405e+00 2.946514801752363688e+00
-2.112493453194731252e+00 -1.993316011550983591e+00 -8.117519376459703118e-01 1.130799067468643226e+00 2.988584393137947881e+00
-1.676205719222880308e+00 -2.195725888741775211e+00 -1.138526389877531075e+00 5.728499000652795825e-01 2.727332309361632845e+00
-1.026226534026472903e+00 -2.316326682113026614e+00 -1.431743982527285963e+00 6.734467923997344840e-02 2.237520801116930080e+00
-2.094030728840838573e-01 -2.307695418477818450e+00 -1.700260010523377829e+00 -3.748337124845668167e-01 1.622292848788617903e+00
6.900760137830075358e-01 -2.120545183419280999e+00 -1.942276636597559447e+00 -7.579071334114205749e-01 9.793269908109044630e-01
1.565157359762296752e+00 -1.721369296742802035e+00 -2.141513514072825863e+00 -1.094288792514910957e+00 3.783562872368457786e-01
2.302046697763245664e+00 -1.109074778818986973e+00 -2.265788700739955530e+00 -1.397432360398879414e+00 -1.447415756568556089e-01
2.799378657102930656e+00 -3.222279875135416471e-01 -2.269602397468506894e+00 -1.675522491140192916e+00 -5.822511814756289317e-01
2.992990464297490938e+00 5.630819546234082651e-01 -2.102868712538821683e+00 -1.926585267256774037e+00 -9.445123957554362182e-01
2.877504852399512369e+00 1.441158808400931246e+00 -1.726945009172987211e+00 -2.134866266898211684e+00 -1.250072146245687632e+00
2.507889023294635589e+00 2.191884239552520874e+00 -1.134103281075639069e+00 -2.268656191125761445e+00 -1.517700391871656729e+00
1.975796195090753882e+00 2.706168006594360076e+00 -3.604324694263607021e-01 -2.281723687373180987e+00 -1.760056985184214273e+00
1.375805386273827535e+00 2.916961951472238912e+00 5.153733785330800732e-01 -2.122394914112063269e+00 -1.978397774940065856e+00
7.811956431696428504e-01 2.820842888809304227e+00 1.385082483233925910e+00 -1.751873109334574519e+00 -2.158313847049530665e+00
2.359902987211113246e-01 2.474875927793741326e+00 2.130466532583212835e+00 -1.164995040179378938e+00 -2.267705839316349614e+00
-2.419915636201075415e-01 1.969547741498678173e+00 2.647545254242307688e+00 -4.008681320365816703e-01 -2.259622131853372906e+00
-6.538897256246347656e-01 1.395739465565202231e+00 2.872567747120851500e+00 4.619156339948500833e-01 -2.082957099310487337e+00
-1.011679706066915818e+00 8.231507961371535842e-01 2.799783188043301063e+00 1.319403893190820076e+00 -1.700761747152846226e+00
-1.330269389480567721e+00 2.940150228668607646e-01 2.479282458297155323e+00 2.059749631285232141e+00 -1.108948979402151425e+00
-1.620542616804675262e+00 -1.737394862531953799e-01 1.994363194184642474e+00 2.584065086592169713e+00 -3.448925364116159908e-01
-1.883955590276035652e+00 -5.799300521585331047e-01 1.432098288189854962e+00 2.829572830103487924e+00 5.172915233619135300e-01
-2.108920232375282033e+00 -9.348430327765314685e-01 8.623370785513898573e-01 2.786514898554994346e+00 1.378737045989922638e+00
-2.269149711648742240e+00 -1.252092332151933052e+00 3.300693799310530085e-01 2.497765355174260904e+00 2.129949360153639226e+00
-2.324876806572935273e+00 -1.542235972306376546e+00 -1.429951740022495643e-01 2.039604221783744009e+00 2.668124126950716768e+00
-2.228923804336939263e+00 -1.807642935321300603e+00 -5.531052787679062721e-01 1.495045386842346113e+00 2.919343986185239270e+00
-1.939363077682999092e+00 -2.038691712056572403e+00 -9.081604401254274039e-01 9.334346685407880484e-01 2.860472743227059134e+00
-1.436997388518658214e+00 -2.211345583820821581e+00 -1.221205723483650196e+00 4.016453571593661120e-01 2.528123310206328522e+00
-7.400674823072286301e-01 -2.287226979805661031e+00 -1.504096197901555687e+00 -7.599421684826357382e-02 2.005312601455933486e+00
9.261930119819794527e-02 -2.219006755625945182e+00 -1.761753228293121643e+00 -4.935751635971768470e-01 1.391529114941741474e+00
9.709259517007384765e-01 -1.963343428397735568e+00 -1.987477578346050988e+00 -8.576664729936073206e-01 7.731475238682004036e-01
1.788016572149898842e+00 -1.498222997001405155e+00 -2.159982437280258516e+00 -1.180502515357407800e+00 2.071060539324753869e-01
2.436430364714966323e+00 -8.361035589212261199e-01 -2.243272809992236105e+00 -1.473265546040271046e+00 -2.808002910285392062e-01
2.828278295788372532e+00 -2.736922209576009291e-02 -2.191085876794909737e+00 -1.740416578957671101e+00 -6.888193266216292576e-01
2.919001460959413485e+00 8.438298284597691712e-01 -1.957754813326737509e+00 -1.975392151130340279e+00 -1.029500022005890303e+00
2.722828347615824374e+00 1.669227125344736606e+00 -1.515231323377727035e+00 -2.157540078101718439e+00 -1.320776189348467522e+00
2.306116884026429670e+00 2.334147071590785494e+00 -8.703537542136036143e-01 -2.251015861474005231e+00 -1.578788275609599667e+00
1.760194358926304270e+00 2.744272583053431802e+00 -7.276855033393969663e-02 -2.208419802047184799e+00 -1.812077741105195150e+00
1.170973956140280992e+00 2.853655306769381284e+00 7.905265914553011308e-01 -1.982670010949077577e+00 -2.016742238870113280e+00
6.007085976410799777e-01 2.678509394004964239e+00 1.610015258709057928e+00 -1.546204675026281672e+00 -2.172917972902197459e+00
8.407345371801722145e-02 2.286206283037116815e+00 2.273855837159281190e+00 -9.084718826711212225e-01 -2.244205036228478445e+00
-3.674379592724541510e-01 1.766139123692787471e+00 2.692056629385532585e+00 -1.210628083583794451e-01 -2.182804654420480883e+00
-7.582355074284398144e-01 1.200756881185957026e+00 2.819826189669325078e+00 7.305022360006766524e-01 -1.942518653909248938e+00
-1.100820521236119731e+00 6.495629120163133319e-01 2.669253037420769470e+00 1.541549120801624317e+00 -1.497265353231447049e+00
-1.408366091123379960e+00 1.462419172100648534e-01 2.300619877512017464e+00 2.205935365303136386e+00 -8.565071344143918575e-01
-1.688408137567374290e+00 -2.971324657898730681e-01 1.797467420378590086e+00 2.637109456252541229e+00 -6.911715065364154587e-02
-1.938138119816184890e+00 -6.835358058751334065e-01 1.240048869055211167e+00 2.789365229885126585e+00 7.840259138613732137e-01
-2.141474013856917491e+00 -1.023964534241435409e+00 6.890856132992613237e-01 2.669584261046283657e+00 1.602373619972244478e+00
-2.268265145989686093e+00 -1.330686079290836821e+00 1.814318128694234200e-01 2.330908276331520312e+00 2.280069801090322201e+00
-2.276859949564698837e+00 -1.611382286804979636e+00 -2.671296406454916617e-01 1.850997953022251563e+00 2.724191457738336375e+00
-2.122019505879337853e+00 -1.864557104324319647e+00 -6.564260366713707828e-01 1.307450296497768560e+00 2.876806610440123091e+00
-1.769014814169548089e+00 -2.076236675538334353e+00 -9.957117982333216766e-01 7.614632608639608780e-01 2.733285741028837812e+00
-1.210393869914714760e+00 -2.218261408681128533e+00 -1.297359360921367388e+00 2.521267020677906423e-01 2.344596425464551270e+00
-4.770792957342711582e-01 -2.249797576571625601e+00 -1.570822434028286807e+00 -2.022790665152255363e-01 1.798544555012323132e+00
3.627781848172663692e-01 -2.124902129163483533e+00 -1.817311765084755004e+00 -5.997294565381005027e-01 1.189696997783399546e+00
1.214992383648314078e+00 -1.806955813033239933e+00 -2.025693674417618162e+00 -9.483872735975701351e-01 5.941415991539541475e-01
1.973947376461304914e+00 -1.284861973716142414e+00 -2.170395691696661800e+00 -1.259918133542268226e+00 5.817213080948002712e-02
2.539103913720925032e+00 -5.828570297929049904e-01 -2.212593777287770624e+00 -1.543196473633235311e+00 -4.003920372925847682e-01
2.836008409812102560e+00 2.388704040656765837e-01 -2.106434321500177287e+00 -1.799183995129027602e+00 -7.842812615539725973e-01
2.838025353532316775e+00 1.089898567099874649e+00 -1.811659699343476593e+00 -2.017114798562841926e+00 -1.107459174022698223e+00
2.575485611224527016e+00 1.861060618801626987e+00 -1.310839491355353159e+00 -2.172014819875492275e+00 -1.386958633133804852e+00
2.122466522139836442e+00 2.444418021614135572e+00 -6.238813930139797126e-01 -2.224833542798333230e+00 -1.636311034689932109e+00
1.568152040105341483e+00 2.760447328620154295e+00 1.884491544029345267e-01 -2.128316579590907587e+00 -1.860157297181873615e+00
9.902480197424945452e-01 2.782205812089541208e+00 1.033089999021932215e+00 -1.841119884931389006e+00 -2.049849246850144358e+00
4.416408893355529552e-01 2.541788710335413981e+00 1.800782469926442086e+00 -1.346840476836240752e+00 -2.180756835886880740e+00
-5.062320028947409067e-02 2.113388141218049299e+00 2.386890468599927040e+00 -6.678187736731634461e-01 -2.213232311705381594e+00
-4.800646494709497891e-01 1.583806082474527921e+00 2.715184396688147483e+00 1.342710931678559039e-01 -2.099932519075406567e+00
-8.534880795512015395e-01 1.027614564657966634e+00 2.758048523686391640e+00 9.688844546422670234e-01 -1.800543849822564102e+00
-1.183432835464802046e+00 4.956402776752664163e-01 2.542306809797743039e+00 1.731816252243260967e+00 -1.299656019568341758e+00
-1.481196981077642416e+00 1.453264372164975171e-02 2.135389624883253568e+00 2.323307418225370125e+00 -6.187049704589377974e-01
-1.751108289143027408e+00 -4.083377302468984005e-01 1.619534621461565127e+00 2.669059694253384407e+00 1.840093483432576338e-01
-1.986427381383313762e+00 -7.783203432794384424e-01 1.068392096026731464e+00 2.739043875963915742e+00 1.022452295261302213e+00
-2.167063855157273622e+00 -1.106662851862534325e+00 5.347548537950270742e-01 2.554145026295802534e+00 1.795417758094486116e+00
-2.259675641272877566e+00 -1.404120963786317233e+00 4.866590624542621590e-02 2.175017589652215477e+00 2.401433179734075551e+00
-2.221626324604816460e+00 -1.675569296870346170e+00 -3.789557470052273835e-01 1.679123472928526040e+00 2.757855072411224739e+00
-2.010592773328734761e+00 -1.915873803519313912e+00 -7.507531214818666809e-01 1.138598445972979434e+00 2.822159442351584335e+00
-1.599584056353459349e+00 -2.107071821959852986e+00 -1.076830058207550289e+00 6.074063108052172311e-01 2.606123235444070207e+00
-9.923462913468019675e-01 -2.217473812199816763e+00 -1.368612113598987268e+00 1.179942511803300231e-01 2.171984698640974099e+00
-2.308290050377524993e-01 -2.204723161350404137e+00 -1.633089945018370015e+00 -3.164013358202550918e-01 1.609812992616535876e+00
6.093675752338771900e-01 -2.025338692241337224e+00 -1.867900872715750893e+00 -6.968431281517256659e-01 1.008449493528067009e+00
1.431351488021409990e+00 -1.649967198855547990e+00 -2.057819671876728318e+00 -1.032519580564892570e+00 4.345134773291710051e-01
2.131583294464928002e+00 -1.077886868063840486e+00 -2.173564907243712430e+00 -1.334223555293958086e+00 -7.478824023152842726e-02
2.617114956714281515e+00 -3.437833116767992081e-01 -2.174315533589421978e+00 -1.608470414859946240e+00 -5.081233589956891672e-01
2.826983788017280563e+00 4.837930578098221801e-01 -2.015637004428772361e+00 -1.852853427424019372e+00 -8.716590592678942206e-01
2.751046927805408604e+00 1.309543335314212964e+00 -1.663491851164724755e+00 -2.052667840625213014e+00 -1.180194260603192991e+00
2.432905043777647602e+00 2.024843891895300452e+00 -1.111003187356143007e+00 -2.179084970198056137e+00 -1.449619586013165318e+00
1.951599541925929326e+00 2.529643720068350365e+00 -3.898967804395503944e-01 -2.190679336939409083e+00 -1.690824991086154361e+00
1.392944180330310866e+00 2.759221891873849586e+00 4.297983188820084788e-01 -2.041500597602440070e+00 -1.904669313581492052e+00
8.268551579021747866e-01 2.703869535958049575e+00 1.250638525803675627e+00 -1.696852345134655327e+00 -2.078056108723028927e+00
2.980579081673271347e-01 2.408572730155781993e+00 1.964892037253109569e+00 -1.151297519169454553e+00 -2.182160832840180920e+00
-1.728075578496629516e-01 1.951748248648970341e+00 2.475907668783041693e+00 -4.386431791359808874e-01 -2.175011429505233629e+00
-5.833210266526914767e-01 1.416596835892375728e+00 2.721094785586123610e+00 3.711505586468900053e-01 -2.010847646179251935e+00
-9.420190117601492386e-01 8.702778488457965089e-01 2.688536504502100577e+00 1.183933951823065600e+00 -1.656010168035050079e+00
-1.261092134666009779e+00 3.560423720799095193e-01 2.417285852451014350e+00 1.896988151726892058e+00 -1.105500668019933963e+00
-1.549832380598086479e+00 -1.054117268231889865e-01 1.979587538545306780e+00 2.417629908194729449e+00 -3.914385476393064112e-01
-1.809436312850864814e+00 -5.105693688686271381e-01 1.455275817994352794e+00 2.683819644118219827e+00 4.199997290497821112e-01
-2.029465702738631361e+00 -8.665523602207032550e-01 9.116072299807752577e-01 2.680036708390452382e+00 1.238822040372154820e+00
-2.186203060326163072e+00 -1.184490849074261387e+00 3.943302240113097934e-01 2.439005702000761389e+00 1.964052877117416163e+00
-2.243701007672036951e+00 -1.473476185750684175e+00 -7.236547787358660333e-02 2.026741358755056233e+00 2.499384147873596085e+00
-2.159159134631367216e+00 -1.735595488122163133e+00 -4.816391732002743287e-01 1.519345775013956068e+00 2.772918967568034354e+00
-1.894045656160292301e+00 -1.962221373662336621e+00 -8.383597826087753058e-01 9.834960100766932944e-01 2.757055075380250742e+00
-1.429534840223147363e+00 -2.131687153974363813e+00 -1.153068266168663758e+00 4.666015849022343009e-01 2.478142651852402345e+00
-7.800360759029900670e-01 -2.209310796669229582e+00 -1.436000101687476382e+00 -4.696950260131838029e-03 2.007138258787961149e+00
2.846163275671109716e-03 -2.152080735371659781e+00 -1.691603158835174314e+00 -4.214495656168948945e-01 1.434419348631789104e+00
8.375205317410389094e-01 -1.919918636616041896e+00 -1.914027256519630793e+00 -7.871797450235497040e-01 8.425637531210656839e-01
1.625447599342258354e+00 -1.491134324285185553e+00 -2.084230339603161841e+00 -1.111642477317745126e+00 2.894059899292447113e-01
2.265993771565117498e+00 -8.748840516955077584e-01 -2.169726587319863675e+00 -1.404501802201752581e+00 -1.957365012764860079e-01
2.674535730581157011e+00 -1.152659802706862274e-01 -2.128460212554606379e+00 -1.669848087016096105e+00 -6.068964142646096072e-01
2.803675785890956007e+00 7.119311738283329305e-01 -1.918342825681699226e+00 -1.901977388505367683e+00 -9.528859157870291918e-01
2.658446505030587215e+00 1.507741629648787551e+00 -1.512253044284164627e+00 -2.082442105113796238e+00 -1.248881692949983968e+00
2.293297134097392220e+00 2.165431873866445311e+00 -9.137419644071219649e-01 -2.178982986560149993e+00 -1.509412503098580327e+00
1.790051825160406729e+00 2.593901632878637731e+00 -1.652658130548936566e-01 -2.148599030830430578e+00 -1.742658512413872707e+00
1.230282752656294498e+00 2.743196822005268043e+00 6.553837247552080081e-01 -1.947715246106447973e+00 -1.945755719139232065e+00
6.764950162871583572e-01 2.619237755718385685e+00 1.447766331785244054e+00 -1.549027839538057449e+00 -2.101397262356896167e+00
1.661790496702653108e-01 2.277384954324458199e+00 2.106824248346953254e+00 -9.577940744326478573e-01 -2.177085656332218733e+00
-2.855032660915087228e-01 1.798241441125362883e+00 2.544654160374980822e+00 -2.180636808778363689e-01 -2.129391943862742664e+00
-6.794473380601393497e-01 1.260692250006012038e+00 2.712211128677504135e+00 5.933441337646681024e-01 -1.915162569705521900e+00
-1.025385279994870391e+00 7.248836921962761304e-01 2.611953193316821409e+00 1.379837900202144807e+00 -1.508017349124539219e+00
-1.334832166519149599e+00 2.273353476486314750e-01 2.293019929956617631e+00 2.041136805711945446e+00 -9.130656271448269745e-01
-1.614946226681424735e+00 -2.163797027416903829e-01 1.830589490060033686e+00 2.492340025764944400e+00 -1.720139613961969571e-01
-1.863830254745229453e+00 -6.059358670167102057e-01 1.301273485635255467e+00 2.683693801804654111e+00 6.423113064320415955e-01
-2.067520819339395022e+00 -9.497358189936725426e-01 7.661352151448794778e-01 2.613121653878481165e+00 1.436940240518145506e+00
-2.199003788719622765e+00 -1.258477533420490069e+00 2.645665467677669191e-01 2.323310237275856505e+00 2.111975391730371854e+00
-2.220280821134260840e+00 -1.539440981635832761e+00 -1.843611374246374446e-01 1.883869640102451948e+00 2.577097155746100654e+00
-2.089178660544244615e+00 -1.791913308012319739e+00 -5.772665411107608113e-01 1.368649692711766619e+00 2.771642871924811402e+00
-1.771767869227104164e+00 -2.003870730058068261e+00 -9.207588403162194624e-01 8.388994345404792163e-01 2.682450233339237045e+00
-1.257722160132015876e+00 -2.150193322610594482e+00 -1.225459721356515486e+00 3.360076292155689814e-01 2.348745068288668580e+00
-5.715743671831245987e-01 -2.193734560892919294e+00 -1.500189147545462065e+00 -1.185411926759261103e-01 1.847994019995702342e+00
2.266000106408565806e-01 -2.091670531718621717e+00 -1.746761284063794273e+00 -5.194742930533926550e-01 1.269309561903796402e+00
1.050405504453459926e+00 -1.808170173349889831e+00 -1.955896437619748296e+00 -8.722541548658830912e-01 6.886453915687160698e-01
1.800572653303083470e+00 -1.329494517998094150e+00 -2.104978145228219244e+00 -1.186811565928353573e+00 1.556508516543788634e-01
2.380227349454504093e+00 -6.742189145233907777e-01 -2.158793841038945782e+00 -1.471454824640441528e+00 -3.072756423827801564e-01
2.713838449314475820e+00 1.049916496651546322e-01 -2.074793450646204906e+00 -1.727771788506577977e+00 -6.986395449752681452e-01
2.767602403328020877e+00 9.260618143844769889e-01 -1.814117580147462494e+00 -1.946795546778137931e+00 -1.029263738711694520e+00
2.560434766912730087e+00 1.687498392591946006e+00 -1.357164600428037771e+00 -2.106500778524226458e+00 -1.314318594540915042e+00
2.155477553632461074e+00 2.285768309645595409e+00 -7.177277086647446680e-01 -2.171620981072166945e+00 -1.566761633799601539e+00
1.635549878230716736e+00 2.639707242455305636e+00 5.199145591149356704e-02 -2.098386073637536153e+00 -1.791971129462366141e+00
1.077351467897723181e+00 2.714006100078842021e+00 8.677229032844991918e-01 -1.846610637807807098e+00 -1.983386706097284513e+00
5.363295810926531626e-01 2.528678109899413329e+00 1.627256709279101266e+00 -1.396991498870585158e+00 -2.119705767922434259e+00
4.348815901239855286e-02 2.147253745105567102e+00 2.229304289199815159e+00 -7.651394163068893084e-01 -2.165272084751544757e+00
-3.907442531713320455e-01 1.650866771166167535e+00 2.595449339964254420e+00 -4.259531592358145602e-03 -2.076052536273544025e+00
-7.699657389564819043e-01 1.113574075487816950e+00 2.690068950221482069e+00 8.031661446969915463e-01 -1.812453464090043154e+00
-1.104647639426491468e+00 5.888682499274642268e-01 2.528729601200497168e+00 1.559136101223809634e+00 -1.355877841299308217e+00
-1.405341237726394965e+00 1.072183879059944722e-01 2.168749073193830146e+00 2.166743497744163527e+00 -7.211939871070413011e-01
-1.676945907733118357e+00 -3.202610571252041405e-01 1.686673046513571528e+00 2.549574139293407704e+00 4.126900008736722469e-02
-1.914484822609880954e+00 -6.958812538065951570e-01 1.155269240076166160e+00 2.670155322221338334e+00 8.530566804684595050e-01
-2.100613067281060342e+00 -1.028904362221573443e+00 6.296066318508330983e-01 2.538817416395072524e+00 1.619088834390618237e+00
-2.205333959539366617e+00 -1.329316523172186404e+00 1.432823562924394611e-01 2.206513402505585919e+00 2.241399894681500360e+00
-2.189154637761224098e+00 -1.602442646708417184e+00 -2.891562614812979159e-01 1.744955093791471734e+00 2.636518496662008548e+00
-2.011316057854391826e+00 -1.844737302863097339e+00 -6.672726255761809444e-01 1.225038839932484080e+00 2.755478715466920470e+00
-1.643249533102445259e+00 -2.040853105728816619e+00 -9.989958637799200014e-01 7.026403291587418609e-01 2.599018104350879099e+00
-1.083370257050975116e+00 -2.162464375312236342e+00 -1.294707313303752327e+00 2.135684779160351709e-01 2.217598829392692039e+00
-3.657733045067321220e-01 -2.170507883253243175e+00 -1.561597670627817847e+00 -2.253133945408525018e-01 1.693231271281879335e+00
4.420508411526118397e-01 -2.023183857744463410e+00 -1.798751761797910964e+00 -6.118930600722838342e-01 1.112471302382580518e+00
1.249918403104233855e+00 -1.689670914954769954e+00 -1.993507268734172388e+00 -9.531173964811597843e-01 5.444236311105097315e-01
1.958688830721559082e+00 -1.164377431202235469e+00 -2.119908336274832106e+00 -1.258747990447393938e+00 3.110285945347968095e-02
2.476144817325903524e+00 -4.748648812126603502e-01 -2.140496465276242599e+00 -1.535529978967705045e+00 -4.111898810302845320e-01
2.736612665923594978e+00 3.183599151436076191e-01 -2.012973888944047829e+00 -1.782463319233572818e+00 -7.846920176626392962e-01
2.719814493740102979e+00 1.127806448237159476e+00 -1.702563561245624468e+00 -1.987332012461002995e+00 -1.101705859996835235e+00
2.457226901067336655e+00 1.850586890483598479e+00 -1.197697495879550988e+00 -2.124693939964426459e+00 -1.377057928085709149e+00
2.018715253907431340e+00 2.387664950955113330e+00 -5.221581411851237142e-01 -2.156727314726877953e+00 -1.621930413182745001e+00
1.486601479056282038e+00 2.668705342875537845e+00 2.630319528221589098e-01 -2.039727236926861309e+00 -1.838793245146163713e+00
9.322621369678881775e-01 2.672796920593099479e+00 1.068279156652342854e+00 -1.737863054793287620e+00 -2.017402629814283976e+00
4.044277815936518361e-01 2.432519533596777528e+00 1.790753716115372596e+00 -1.240310215045158371e+00 -2.132678098122873234e+00
