0.000000000000000000e+00 0.000000000000000000e+00 0.000000000000000000e+00 0.000000000000000000e+00 0.000000000000000000e+00
0.000000000000000000e+00 0.000000000000000000e+00 0.000000000000000000e+00 0.000000000000000000e+00 0.000000000000000000e+00
0.000000000000000000e+00 0.000000000000000000e+00 0.000000000000000000e+00 0.000000000000000000e+00 0.000000000000000000e+00
0.000000000000000000e+00 0.000000000000000000e+00 0.000000000000000000e+00 0.000000000000000000e+00 0.000000000000000000e+00
0.000000000000000000e+00 0.000000000000000000e+00 0.000000000000000000e+00 0.000000000000000000e+00 0.000000000000000000e+00
0.000000000000000000e+00 0.000000000000000000e+00 0.000000000000000000e+00 0.000000000000000000e+00 0.000000000000000000e+00
0.000000000000000000e+00 0.000000000000000000e+00 0.000000000000000000e+00 0.000000000000000000e+00 0.000000000000000000e+00
0.000000000000000000e+00 0.000000000000000000e+00 0.000000000000000000e+00 0.000000000000000000e+00 0.000000000000000000e+00
0.000000000000000000e+00 0.000000000000000000e+00 0.000000000000000000e+00 0.000000000000000000e+00 0.000000000000000000e+00
0.000000000000000000e+00 0.000000000000000000e+00 0.000000000000000000e+00 0.000000000000000000e+00 0.000000000000000000e+00
0.000000000000000000e+00 0.000000000000000000e+00 0.000000000000000000e+00 0.000000000000000000e+00 0.000000000000000000e+00
0.000000000000000000e+00 0.000000000000000000e+00 0.000000000000000000e+00 0.000000000000000000e+00 0.000000000000000000e+00
0.000000000000000000e+00 0.000000000000000000e+00 0.000000000000000000e+00 0.000000000000000000e+00 0.000000000000000000e+00
0.000000000000000000e+00 0.000000000000000000e+00 0.000000000000000000e+00 0.000000000000000000e+00 0.000000000000000000e+00
0.000000000000000000e+00 0.000000000000000000e+00 0.000000000000000000e+00 0.000000000000000000e+00 0.000000000000000000e+00
0.000000000000000000e+00 0.000000000000000000e+00 0.000000000000000000e+00 0.000000000000000000e+00 0.000000000000000000e+00
0.000000000000000000e+00 0.000000000000000000e+00 0.000000000000000000e+00 0.000000000000000000e+00 0.000000000000000000e+00
0.000000000000000000e+00 0.000000000000000000e+00 0.000000000000000000e+00 0.000000000000000000e+00 0.000000000000000000e+00
0.000000000000000000e+00 0.000000000000000000e+00 0.000000000000000000e+00 0.000000000000000000e+00 0.000000000000000000e+00
0.000000000000000000e+00 0.000000000000000000e+00 0.000000000000000000e+00 0.000000000000000000e+00 0.000000000000000000e+00
0.000000000000000000e+00 0.000000000000000000e+00 0.000000000000000000e+00 0.000000000000000000e+00 0.000000000000000000e+00
0.000000000000000000e+00 0.000000000000000000e+00 0.000000000000000000e+00 0.000000000000000000e+00 0.000000000000000000e+00
0.000000000000000000e+00 0.000000000000000000e+00 0.000000000000000000e+00 0.000000000000000000e+00 0.000000000000000000e+00
0.000000000000000000e+00 0.000000000000000000e+00 0.000000000000000000e+00 0.000000000000000000e+00 0.000000000000000000e+00
0.000000000000000000e+00 0.000000000000000000e+00 0.000000000000000000e+00 0.000000000000000000e+00 0.000000000000000000e+00
0.000000000000000000e+00 0.000000000000000000e+00 0.000000000000000000e+00 0.000000000000000000e+00 0.000000000000000000e+00
0.000000000000000000e+00 0.000000000000000000e+00 0.000000000000000000e+00 0.000000000000000000e+00 0.000000000000000000e+00
0.000000000000000000e+00 0.000000000000000000e+00 0.000000000000000000e+00 0.000000000000000000e+00 0.000000000000000000e+00
0.000000000000000000e+00 0.000000000000000000e+00 0.000000000000000000e+00 0.000000000000000000e+00 0.000000000000000000e+00
0.000000000000000000e+00 0.000000000000000000e+00 0.000000000000000000e+00 0.000000000000000000e+00 0.000000000000000000e+00
0.000000000000000000e+00 0.000000000000000000e+00 0.000000000000000000e+00 0.000000000000000000e+00 0.000000000000000000e+00
0.000000000000000000e+00 0.000000000000000000e+00 0.000000000000000000e+00 0.000000000000000000e+00 0.000000000000000000e+00
0.000000000000000000e+00 0.000000000000000000e+00 0.000000000000000000e+00 0.000000000000000000e+00 0.000000000000000000e+00
0.000000000000000000e+00 0.000000000000000000e+00 0.000000000000000000e+00 0.000000000000000000e+00 0.000000000000000000e+00
0.000000000000000000e+00 0.000000000000000000e+00 0.000000000000000000e+00 0.000000000000000000e+00 0.000000000000000000e+00
0.000000000000000000e+00 0.000000000000000000e+00 0.000000000000000000e+00 0.000000000000000000e+00 0.000000000000000000e+00
0.000000000000000000e+00 0.000000000000000000e+00 0.000000000000000000e+00 0.000000000000000000e+00 0.000000000000000000e+00
0.000000000000000000e+00 0.000000000000000000e+00 0.000000000000000000e+00 0.000000000000000000e+00 0.000000000000000000e+00
0.000000000000000000e+00 0.000000000000000000e+00 0.000000000000000000e+00 0.000000000000000000e+00 0.000000000000000000e+00
0.000000000000000000e+00 0.000000000000000000e+00 0.000000000000000000e+00 0.000000000000000000e+00 0.000000000000000000e+00
0.000000000000000000e+00 0.000000000000000000e+00 0.000000000000000000e+00 0.000000000000000000e+00 0.000000000000000000e+00
0.000000000000000000e+00 0.000000000000000000e+00 0.000000000000000000e+00 0.000000000000000000e+00 0.000000000000000000e+00
0.000000000000000000e+00 0.000000000000000000e+00 0.000000000000000000e+00 0.000000000000000000e+00 0.000000000000000000e+00
0.000000000000000000e+00 0.000000000000000000e+00 0.000000000000000000e+00 0.000000000000000000e+00 0.000000000000000000e+00
0.000000000000000000e+00 0.000000000000000000e+00 0.000000000000000000e+00 0.000000000000000000e+00 0.000000000000000000e+00
0.000000000000000000e+00 0.000000000000000000e+00 0.000000000000000000e+00 0.000000000000000000e+00 0.000000000000000000e+00
0.000000000000000000e+00 0.000000000000000000e+00 0.000000000000000000e+00 0.000000000000000000e+00 0.000000000000000000e+00
0.000000000000000000e+00 0.000000000000000000e+00 0.000000000000000000e+00 0.000000000000000000e+00 0.000000000000000000e+00
0.000000000000000000e+00 0.000000000000000000e+00 0.000000000000000000e+00 0.000000000000000000e+00 0.000000000000000000e+00
0.000000000000000000e+00 0.000000000000000000e+00 0.000000000000000000e+00 0.000000000000000000e+00 0.000000000000000000e+00
0.000000000000000000e+00 0.000000000000000000e+00 0.000000000000000000e+00 0.000000000000000000e+00 0.000000000000000000e+00
0.000000000000000000e+00 0.000000000000000000e+00 0.000000000000000000e+00 0.000000000000000000e+00 0.000000000000000000e+00
0.000000000000000000e+00 0.000000000000000000e+00 0.000000000000000000e+00 0.000000000000000000e+00 0.000000000000000000e+00
0.000000000000000000e+00 0.000000000000000000e+00 0.000000000000000000e+00 0.000000000000000000e+00 0.000000000000000000e+00
0.000000000000000000e+00 0.000000000000000000e+00 0.000000000000000000e+00 0.000000000000000000e+00 0.000000000000000000e+00
0.000000000000000000e+00 0.000000000000000000e+00 0.000000000000000000e+00 0.000000000000000000e+00 0.000000000000000000e+00
0.000000000000000000e+00 0.000000000000000000e+00 0.000000000000000000e+00 0.000000000000000000e+00 0.000000000000000000e+00
0.000000000000000000e+00 0.000000000000000000e+00 0.000000000000000000e+00 0.000000000000000000e+00 0.000000000000000000e+00
0.000000000000000000e+00 0.000000000000000000e+00 0.000000000000000000e+00 0.000000000000000000e+00 0.000000000000000000e+00
0.000000000000000000e+00 0.000000000000000000e+00 0.000000000000000000e+00 0.000000000000000000e+00 0.000000000000000000e+00
0.000000000000000000e+00 0.000000000000000000e+00 0.000000000000000000e+00 0.000000000000000000e+00 0.000000000000000000e+00
0.000000000000000000e+00 0.000000000000000000e+00 0.000000000000000000e+00 0.000000000000000000e+00 0.000000000000000000e+00
0.000000000000000000e+00 0.000000000000000000e+00 0.000000000000000000e+00 0.000000000000000000e+00 0.000000000000000000e+00
0.000000000000000000e+00 0.000000000000000000e+00 0.000000000000000000e+00 0.000000000000000000e+00 0.000000000000000000e+00
0.000000000000000000e+00 0.000000000000000000e+00 0.000000000000000000e+00 0.000000000000000000e+00 0.000000000000000000e+00
0.000000000000000000e+00 0.000000000000000000e+00 0.000000000000000000e+00 0.000000000000000000e+00 0.000000000000000000e+00
0.000000000000000000e+00 0.000000000000000000e+00 0.000000000000000000e+00 0.000000000000000000e+00 0.000000000000000000e+00
0.000000000000000000e+00 0.000000000000000000e+00 0.000000000000000000e+00 0.000000000000000000e+00 0.000000000000000000e+00
0.000000000000000000e+00 0.000000000000000000e+00 0.000000000000000000e+00 0.000000000000000000e+00 0.000000000000000000e+00
0.000000000000000000e+00 0.000000000000000000e+00 0.000000000000000000e+00 0.000000000000000000e+00 0.000000000000000000e+00
0.000000000000000000e+00 0.000000000000000000e+00 0.000000000000000000e+00 0.000000000000000000e+00 0.000000000000000000e+00
0.000000000000000000e+00 0.000000000000000000e+00 0.000000000000000000e+00 0.000000000000000000e+00 0.000000000000000000e+00
0.000000000000000000e+00 0.000000000000000000e+00 0.000000000000000000e+00 0.000000000000000000e+00 0.000000000000000000e+00
0.000000000000000000e+00 0.000000000000000000e+00 0.000000000000000000e+00 0.000000000000000000e+00 0.000000000000000000e+00
0.000000000000000000e+00 0.000000000000000000e+00 0.000000000000000000e+00 0.000000000000000000e+00 0.000000000000000000e+00
0.000000000000000000e+00 0.000000000000000000e+00 0.000000000000000000e+00 0.000000000000000000e+00 0.000000000000000000e+00
0.000000000000000000e+00 0.000000000000000000e+00 0.000000000000000000e+00 0.000000000000000000e+00 0.000000000000000000e+00
0.000000000000000000e+00 0.000000000000000000e+00 0.000000000000000000e+00 0.000000000000000000e+00 0.000000000000000000e+00
0.000000000000000000e+00 0.000000000000000000e+00 0.000000000000000000e+00 0.000000000000000000e+00 0.000000000000000000e+00
0.000000000000000000e+00 0.000000000000000000e+00 0.000000000000000000e+00 0.000000000000000000e+00 0.000000000000000000e+00
0.000000000000000000e+00 0.000000000000000000e+00 0.000000000000000000e+00 0.000000000000000000e+00 0.000000000000000000e+00
0.000000000000000000e+00 0.000000000000000000e+00 0.000000000000000000e+00 0.000000000000000000e+00 0.000000000000000000e+00
0.000000000000000000e+00 0.000000000000000000e+00 0.000000000000000000e+00 0.000000000000000000e+00 0.000000000000000000e+00
0.000000000000000000e+00 0.000000000000000000e+00 0.000000000000000000e+00 0.000000000000000000e+00 0.000000000000000000e+00
0.000000000000000000e+00 0.000000000000000000e+00 0.000000000000000000e+00 0.000000000000000000e+00 0.000000000000000000e+00
0.000000000000000000e+00 0.000000000000000000e+00 0.000000000000000000e+00 0.000000000000000000e+00 0.000000000000000000e+00
0.000000000000000000e+00 0.000000000000000000e+00 0.000000000000000000e+00 0.000000000000000000e+00 0.000000000000000000e+00
0.000000000000000000e+00 0.000000000000000000e+00 0.000000000000000000e+00 0.000000000000000000e+00 0.000000000000000000e+00
0.000000000000000000e+00 0.000000000000000000e+00 0.000000000000000000e+00 0.000000000000000000e+00 0.000000000000000000e+00
0.000000000000000000e+00 0.000000000000000000e+00 0.000000000000000000e+00 0.000000000000000000e+00 0.000000000000000000e+00
0.000000000000000000e+00 0.000000000000000000e+00 0.000000000000000000e+00 0.000000000000000000e+00 0.000000000000000000e+00
0.000000000000000000e+00 0.000000000000000000e+00 0.000000000000000000e+00 0.000000000000000000e+00 0.000000000000000000e+00
0.000000000000000000e+00 0.000000000000000000e+00 0.000000000000000000e+00 0.000000000000000000e+00 0.000000000000000000e+00
0.000000000000000000e+00 0.000000000000000000e+00 0.000000000000000000e+00 0.000000000000000000e+00 0.000000000000000000e+00
0.000000000000000000e+00 0.000000000000000000e+00 0.000000000000000000e+00 0.000000000000000000e+00 0.000000000000000000e+00
0.000000000000000000e+00 0.000000000000000000e+00 0.000000000000000000e+00 0.000000000000000000e+00 0.000000000000000000e+00
0.000000000000000000e+00 0.000000000000000000e+00 0.000000000000000000e+00 0.000000000000000000e+00 0.000000000000000000e+00
0.000000000000000000e+00 0.000000000000000000e+00 0.000000000000000000e+00 0.000000000000000000e+00 0.000000000000000000e+00
0.000000000000000000e+00 0.000000000000000000e+00 0.000000000000000000e+00 0.000000000000000000e+00 0.000000000000000000e+00
0.000000000000000000e+00 0.000000000000000000e+00 0.000000000000000000e+00 0.000000000000000000e+00 0.000000000000000000e+00
0.000000000000000000e+00 0.000000000000000000e+00 0.000000000000000000e+00 0.000000000000000000e+00 0.000000000000000000e+00
0.000000000000000000e+00 0.000000000000000000e+00 0.000000000000000000e+00 0.000000000000000000e+00 0.000000000000000000e+00
0.000000000000000000e+00 0.000000000000000000e+00 0.000000000000000000e+00 0.000000000000000000e+00 0.000000000000000000e+00
0.000000000000000000e+00 0.000000000000000000e+00 0.000000000000000000e+00 0.000000000000000000e+00 0.000000000000000000e+00
0.000000000000000000e+00 0.000000000000000000e+00 0.000000000000000000e+00 0.000000000000000000e+00 0.000000000000000000e+00
0.000000000000000000e+00 0.000000000000000000e+00 0.000000000000000000e+00 0.000000000000000000e+00 0.000000000000000000e+00
0.000000000000000000e+00 0.000000000000000000e+00 0.000000000000000000e+00 0.000000000000000000e+00 0.000000000000000000e+00
0.000000000000000000e+00 0.000000000000000000e+00 0.000000000000000000e+00 0.000000000000000000e+00 0.000000000000000000e+00
0.000000000000000000e+00 0.000000000000000000e+00 0.000000000000000000e+00 0.000000000000000000e+00 0.000000000000000000e+00
0.000000000000000000e+00 0.000000000000000000e+00 0.000000000000000000e+00 0.000000000000000000e+00 0.000000000000000000e+00
0.000000000000000000e+00 0.000000000000000000e+00 0.000000000000000000e+00 0.000000000000000000e+00 0.000000000000000000e+00
0.000000000000000000e+00 0.000000000000000000e+00 0.000000000000000000e+00 0.000000000000000000e+00 0.000000000000000000e+00
0.000000000000000000e+00 0.000000000000000000e+00 0.000000000000000000e+00 0.000000000000000000e+00 0.000000000000000000e+00
0.000000000000000000e+00 0.000000000000000000e+00 0.000000000000000000e+00 0.000000000000000000e+00 0.000000000000000000e+00
0.000000000000000000e+00 0.000000000000000000e+00 0.000000000000000000e+00 0.000000000000000000e+00 0.000000000000000000e+00
0.000000000000000000e+00 0.000000000000000000e+00 0.000000000000000000e+00 0.000000000000000000e+00 0.000000000000000000e+00
0.000000000000000000e+00 0.000000000000000000e+00 0.000000000000000000e+00 0.000000000000000000e+00 0.000000000000000000e+00
0.000000000000000000e+00 0.000000000000000000e+00 0.000000000000000000e+00 0.000000000000000000e+00 0.000000000000000000e+00
0.000000000000000000e+00 0.000000000000000000e+00 0.000000000000000000e+00 0.000000000000000000e+00 0.000000000000000000e+00
0.000000000000000000e+00 0.000000000000000000e+00 0.000000000000000000e+00 0.000000000000000000e+00 0.000000000000000000e+00
0.000000000000000000e+00 0.000000000000000000e+00 0.000000000000000000e+00 0.000000000000000000e+00 0.000000000000000000e+00
0.000000000000000000e+00 0.000000000000000000e+00 0.000000000000000000e+00 0.000000000000000000e+00 0.000000000000000000e+00
0.000000000000000000e+00 0.000000000000000000e+00 0.000000000000000000e+00 0.000000000000000000e+00 0.000000000000000000e+00
0.000000000000000000e+00 0.000000000000000000e+00 0.000000000000000000e+00 0.000000000000000000e+00 0.000000000000000000e+00
0.000000000000000000e+00 0.000000000000000000e+00 0.000000000000000000e+00 0.000000000000000000e+00 0.000000000000000000e+00
0.000000000000000000e+00 0.000000000000000000e+00 0.000000000000000000e+00 0.000000000000000000e+00 0.000000000000000000e+00
0.000000000000000000e+00 0.000000000000000000e+00 0.000000000000000000e+00 0.000000000000000000e+00 0.000000000000000000e+00
0.000000000000000000e+00 0.000000000000000000e+00 0.000000000000000000e+00 0.000000000000000000e+00 0.000000000000000000e+00
0.000000000000000000e+00 0.000000000000000000e+00 0.000000000000000000e+00 0.000000000000000000e+00 0.000000000000000000e+00
0.000000000000000000e+00 0.000000000000000000e+00 0.000000000000000000e+00 0.000000000000000000e+00 0.000000000000000000e+00
0.000000000000000000e+00 0.000000000000000000e+00 0.000000000000000000e+00 0.000000000000000000e+00 0.000000000000000000e+00
0.000000000000000000e+00 0.000000000000000000e+00 0.000000000000000000e+00 0.000000000000000000e+00 0.000000000000000000e+00
0.000000000000000000e+00 0.000000000000000000e+00 0.000000000000000000e+00 0.000000000000000000e+00 0.000000000000000000e+00
0.000000000000000000e+00 0.000000000000000000e+00 0.000000000000000000e+00 0.000000000000000000e+00 0.000000000000000000e+00
0.000000000000000000e+00 0.000000000000000000e+00 0.000000000000000000e+00 0.000000000000000000e+00 0.000000000000000000e+00
0.000000000000000000e+00 0.000000000000000000e+00 0.000000000000000000e+00 0.000000000000000000e+00 0.000000000000000000e+00
0.000000000000000000e+00 0.000000000000000000e+00 0.000000000000000000e+00 0.000000000000000000e+00 0.000000000000000000e+00
0.000000000000000000e+00 0.000000000000000000e+00 0.000000000000000000e+00 0.000000000000000000e+00 0.000000000000000000e+00
0.000000000000000000e+00 0.000000000000000000e+00 0.000000000000000000e+00 0.000000000000000000e+00 0.000000000000000000e+00
0.000000000000000000e+00 0.000000000000000000e+00 0.000000000000000000e+00 0.000000000000000000e+00 0.000000000000000000e+00
0.000000000000000000e+00 0.000000000000000000e+00 0.000000000000000000e+00 0.000000000000000000e+00 0.000000000000000000e+00
0.000000000000000000e+00 0.000000000000000000e+00 0.000000000000000000e+00 0.000000000000000000e+00 0.000000000000000000e+00
0.000000000000000000e+00 0.000000000000000000e+00 0.000000000000000000e+00 0.000000000000000000e+00 0.000000000000000000e+00
0.000000000000000000e+00 0.000000000000000000e+00 0.000000000000000000e+00 0.000000000000000000e+00 0.000000000000000000e+00
0.000000000000000000e+00 0.000000000000000000e+00 0.000000000000000000e+00 0.000000000000000000e+00 0.000000000000000000e+00
0.000000000000000000e+00 0.000000000000000000e+00 0.000000000000000000e+00 0.000000000000000000e+00 0.000000000000000000e+00
0.000000000000000000e+00 0.000000000000000000e+00 0.000000000000000000e+00 0.000000000000000000e+00 0.000000000000000000e+00
0.000000000000000000e+00 0.000000000000000000e+00 0.000000000000000000e+00 0.000000000000000000e+00 0.000000000000000000e+00
0.000000000000000000e+00 0.000000000000000000e+00 0.000000000000000000e+00 0.000000000000000000e+00 0.000000000000000000e+00
0.000000000000000000e+00 0.000000000000000000e+00 0.000000000000000000e+00 0.000000000000000000e+00 0.000000000000000000e+00
0.000000000000000000e+00 0.000000000000000000e+00 0.000000000000000000e+00 0.000000000000000000e+00 0.000000000000000000e+00
0.000000000000000000e+00 0.000000000000000000e+00 0.000000000000000000e+00 0.000000000000000000e+00 0.000000000000000000e+00
0.000000000000000000e+00 0.000000000000000000e+00 0.000000000000000000e+00 0.000000000000000000e+00 0.000000000000000000e+00
0.000000000000000000e+00 0.000000000000000000e+00 0.000000000000000000e+00 0.000000000000000000e+00 0.000000000000000000e+00
0.000000000000000000e+00 0.000000000000000000e+00 0.000000000000000000e+00 0.000000000000000000e+00 0.000000000000000000e+00
0.000000000000000000e+00 0.000000000000000000e+00 0.000000000000000000e+00 0.000000000000000000e+00 0.000000000000000000e+00
0.000000000000000000e+00 0.000000000000000000e+00 0.000000000000000000e+00 0.000000000000000000e+00 0.000000000000000000e+00
0.000000000000000000e+00 0.000000000000000000e+00 0.000000000000000000e+00 0.000000000000000000e+00 0.000000000000000000e+00
0.000000000000000000e+00 0.000000000000000000e+00 0.000000000000000000e+00 0.000000000000000000e+00 0.000000000000000000e+00
0.000000000000000000e+00 0.000000000000000000e+00 0.000000000000000000e+00 0.000000000000000000e+00 0.000000000000000000e+00
0.000000000000000000e+00 0.000000000000000000e+00 0.000000000000000000e+00 0.000000000000000000e+00 0.000000000000000000e+00
0.000000000000000000e+00 0.000000000000000000e+00 0.000000000000000000e+00 0.000000000000000000e+00 0.000000000000000000e+00
0.000000000000000000e+00 0.000000000000000000e+00 0.000000000000000000e+00 0.000000000000000000e+00 0.000000000000000000e+00
0.000000000000000000e+00 0.000000000000000000e+00 0.000000000000000000e+00 0.000000000000000000e+00 0.000000000000000000e+00
0.000000000000000000e+00 0.000000000000000000e+00 0.000000000000000000e+00 0.000000000000000000e+00 0.000000000000000000e+00
0.000000000000000000e+00 0.000000000000000000e+00 0.000000000000000000e+00 0.000000000000000000e+00 0.000000000000000000e+00
0.000000000000000000e+00 0.000000000000000000e+00 0.000000000000000000e+00 0.000000000000000000e+00 0.000000000000000000e+00
0.000000000000000000e+00 0.000000000000000000e+00 0.000000000000000000e+00 0.000000000000000000e+00 0.000000000000000000e+00
0.000000000000000000e+00 0.000000000000000000e+00 0.000000000000000000e+00 0.000000000000000000e+00 0.000000000000000000e+00
0.000000000000000000e+00 0.000000000000000000e+00 0.000000000000000000e+00 0.000000000000000000e+00 0.000000000000000000e+00
0.000000000000000000e+00 0.000000000000000000e+00 0.000000000000000000e+00 0.000000000000000000e+00 0.000000000000000000e+00
0.000000000000000000e+00 0.000000000000000000e+00 0.000000000000000000e+00 0.000000000000000000e+00 0.000000000000000000e+00
0.000000000000000000e+00 0.000000000000000000e+00 0.000000000000000000e+00 0.000000000000000000e+00 0.000000000000000000e+00
0.000000000000000000e+00 0.000000000000000000e+00 0.000000000000000000e+00 0.000000000000000000e+00 0.000000000000000000e+00
0.000000000000000000e+00 0.000000000000000000e+00 0.000000000000000000e+00 0.000000000000000000e+00 0.000000000000000000e+00
0.000000000000000000e+00 0.000000000000000000e+00 0.000000000000000000e+00 0.000000000000000000e+00 0.000000000000000000e+00
0.000000000000000000e+00 0.000000000000000000e+00 0.000000000000000000e+00 0.000000000000000000e+00 0.000000000000000000e+00
0.000000000000000000e+00 0.000000000000000000e+00 0.000000000000000000e+00 0.000000000000000000e+00 0.000000000000000000e+00
0.000000000000000000e+00 0.000000000000000000e+00 0.000000000000000000e+00 0.000000000000000000e+00 0.000000000000000000e+00
0.000000000000000000e+00 0.000000000000000000e+00 0.000000000000000000e+00 0.000000000000000000e+00 0.000000000000000000e+00
0.000000000000000000e+00 0.000000000000000000e+00 0.000000000000000000e+00 0.000000000000000000e+00 0.000000000000000000e+00
0.000000000000000000e+00 0.000000000000000000e+00 0.000000000000000000e+00 0.000000000000000000e+00 0.000000000000000000e+00
0.000000000000000000e+00 0.000000000000000000e+00 0.000000000000000000e+00 0.000000000000000000e+00 0.000000000000000000e+00
0.000000000000000000e+00 0.000000000000000000e+00 0.000000000000000000e+00 0.000000000000000000e+00 0.000000000000000000e+00
0.000000000000000000e+00 0.000000000000000000e+00 0.000000000000000000e+00 0.000000000000000000e+00 0.000000000000000000e+00
0.000000000000000000e+00 0.000000000000000000e+00 0.000000000000000000e+00 0.000000000000000000e+00 0.000000000000000000e+00
0.000000000000000000e+00 0.000000000000000000e+00 0.000000000000000000e+00 0.000000000000000000e+00 0.000000000000000000e+00
0.000000000000000000e+00 0.000000000000000000e+00 0.000000000000000000e+00 0.000000000000000000e+00 0.000000000000000000e+00
0.000000000000000000e+00 0.000000000000000000e+00 0.000000000000000000e+00 0.000000000000000000e+00 0.000000000000000000e+00
0.000000000000000000e+00 0.000000000000000000e+00 0.000000000000000000e+00 0.000000000000000000e+00 0.000000000000000000e+00
0.000000000000000000e+00 0.000000000000000000e+00 0.000000000000000000e+00 0.000000000000000000e+00 0.000000000000000000e+00
0.000000000000000000e+00 0.000000000000000000e+00 0.000000000000000000e+00 0.000000000000000000e+00 0.000000000000000000e+00
0.000000000000000000e+00 0.000000000000000000e+00 0.000000000000000000e+00 0.000000000000000000e+00 0.000000000000000000e+00
0.000000000000000000e+00 0.000000000000000000e+00 0.000000000000000000e+00 0.000000000000000000e+00 0.000000000000000000e+00
0.000000000000000000e+00 0.000000000000000000e+00 0.000000000000000000e+00 0.000000000000000000e+00 0.000000000000000000e+00
0.000000000000000000e+00 0.000000000000000000e+00 0.000000000000000000e+00 0.000000000000000000e+00 0.000000000000000000e+00
0.000000000000000000e+00 0.000000000000000000e+00 0.000000000000000000e+00 0.000000000000000000e+00 0.000000000000000000e+00
0.000000000000000000e+00 0.000000000000000000e+00 0.000000000000000000e+00 0.000000000000000000e+00 0.000000000000000000e+00
0.000000000000000000e+00 0.000000000000000000e+00 0.000000000000000000e+00 0.000000000000000000e+00 0.000000000000000000e+00
0.000000000000000000e+00 0.000000000000000000e+00 0.000000000000000000e+00 0.000000000000000000e+00 0.000000000000000000e+00
0.000000000000000000e+00 0.000000000000000000e+00 0.000000000000000000e+00 0.000000000000000000e+00 0.000000000000000000e+00
0.000000000000000000e+00 0.000000000000000000e+00 0.000000000000000000e+00 0.000000000000000000e+00 0.000000000000000000e+00
0.000000000000000000e+00 0.000000000000000000e+00 0.000000000000000000e+00 0.000000000000000000e+00 0.000000000000000000e+00
0.000000000000000000e+00 0.000000000000000000e+00 0.000000000000000000e+00 0.000000000000000000e+00 0.000000000000000000e+00
0.000000000000000000e+00 0.000000000000000000e+00 0.000000000000000000e+00 0.000000000000000000e+00 0.000000000000000000e+00
0.000000000000000000e+00 0.000000000000000000e+00 0.000000000000000000e+00 0.000000000000000000e+00 0.000000000000000000e+00
0.000000000000000000e+00 0.000000000000000000e+00 0.000000000000000000e+00 0.000000000000000000e+00 0.000000000000000000e+00
0.000000000000000000e+00 0.000000000000000000e+00 0.000000000000000000e+00 0.000000000000000000e+00 0.000000000000000000e+00
0.000000000000000000e+00 0.000000000000000000e+00 0.000000000000000000e+00 0.000000000000000000e+00 0.000000000000000000e+00
0.000000000000000000e+00 0.000000000000000000e+00 0.000000000000000000e+00 0.000000000000000000e+00 0.000000000000000000e+00
0.000000000000000000e+00 0.000000000000000000e+00 0.000000000000000000e+00 0.000000000000000000e+00 0.000000000000000000e+00
0.000000000000000000e+00 0.000000000000000000e+00 0.000000000000000000e+00 0.000000000000000000e+00 0.000000000000000000e+00
0.000000000000000000e+00 0.000000000000000000e+00 0.000000000000000000e+00 0.000000000000000000e+00 0.000000000000000000e+00
0.000000000000000000e+00 0.000000000000000000e+00 0.000000000000000000e+00 0.000000000000000000e+00 0.000000000000000000e+00
0.000000000000000000e+00 0.000000000000000000e+00 0.000000000000000000e+00 0.000000000000000000e+00 0.000000000000000000e+00
0.000000000000000000e+00 0.000000000000000000e+00 0.000000000000000000e+00 0.000000000000000000e+00 0.000000000000000000e+00
0.000000000000000000e+00 0.000000000000000000e+00 0.000000000000000000e+00 0.000000000000000000e+00 0.000000000000000000e+00
0.000000000000000000e+00 0.000000000000000000e+00 0.000000000000000000e+00 0.000000000000000000e+00 0.000000000000000000e+00
0.000000000000000000e+00 0.000000000000000000e+00 0.000000000000000000e+00 0.000000000000000000e+00 0.000000000000000000e+00
0.000000000000000000e+00 0.000000000000000000e+00 0.000000000000000000e+00 0.000000000000000000e+00 0.000000000000000000e+00
0.000000000000000000e+00 0.000000000000000000e+00 0.000000000000000000e+00 0.000000000000000000e+00 0.000000000000000000e+00
0.000000000000000000e+00 0.000000000000000000e+00 0.000000000000000000e+00 0.000000000000000000e+00 0.000000000000000000e+00
0.000000000000000000e+00 0.000000000000000000e+00 0.000000000000000000e+00 0.000000000000000000e+00 0.000000000000000000e+00
0.000000000000000000e+00 0.000000000000000000e+00 0.000000000000000000e+00 0.000000000000000000e+00 0.000000000000000000e+00
0.000000000000000000e+00 0.000000000000000000e+00 0.000000000000000000e+00 0.000000000000000000e+00 0.000000000000000000e+00
0.000000000000000000e+00 0.000000000000000000e+00 0.000000000000000000e+00 0.000000000000000000e+00 0.000000000000000000e+00
0.000000000000000000e+00 0.000000000000000000e+00 0.000000000000000000e+00 0.000000000000000000e+00 0.000000000000000000e+00
0.000000000000000000e+00 0.000000000000000000e+00 0.000000000000000000e+00 0.000000000000000000e+00 0.000000000000000000e+00
0.000000000000000000e+00 0.000000000000000000e+00 0.000000000000000000e+00 0.000000000000000000e+00 0.000000000000000000e+00
0.000000000000000000e+00 0.000000000000000000e+00 0.000000000000000000e+00 0.000000000000000000e+00 0.000000000000000000e+00
0.000000000000000000e+00 0.000000000000000000e+00 0.000000000000000000e+00 0.000000000000000000e+00 0.000000000000000000e+00
0.000000000000000000e+00 0.000000000000000000e+00 0.000000000000000000e+00 0.000000000000000000e+00 0.000000000000000000e+00
0.000000000000000000e+00 0.000000000000000000e+00 0.000000000000000000e+00 0.000000000000000000e+00 0.000000000000000000e+00
0.000000000000000000e+00 0.000000000000000000e+00 0.000000000000000000e+00 0.000000000000000000e+00 0.000000000000000000e+00
0.000000000000000000e+00 0.000000000000000000e+00 0.000000000000000000e+00 0.000000000000000000e+00 0.000000000000000000e+00
0.000000000000000000e+00 0.000000000000000000e+00 0.000000000000000000e+00 0.000000000000000000e+00 0.000000000000000000e+00
0.000000000000000000e+00 0.000000000000000000e+00 0.000000000000000000e+00 0.000000000000000000e+00 0.000000000000000000e+00
0.000000000000000000e+00 0.000000000000000000e+00 0.000000000000000000e+00 0.000000000000000000e+00 0.000000000000000000e+00
0.000000000000000000e+00 0.000000000000000000e+00 0.000000000000000000e+00 0.000000000000000000e+00 0.000000000000000000e+00
0.000000000000000000e+00 0.000000000000000000e+00 0.000000000000000000e+00 0.000000000000000000e+00 0.000000000000000000e+00
0.000000000000000000e+00 0.000000000000000000e+00 0.000000000000000000e+00 0.000000000000000000e+00 0.000000000000000000e+00
0.000000000000000000e+00 0.000000000000000000e+00 0.000000000000000000e+00 0.000000000000000000e+00 0.000000000000000000e+00
0.000000000000000000e+00 0.000000000000000000e+00 0.000000000000000000e+00 0.000000000000000000e+00 0.000000000000000000e+00
0.000000000000000000e+00 0.000000000000000000e+00 0.000000000000000000e+00 0.000000000000000000e+00 0.000000000000000000e+00
0.000000000000000000e+00 0.000000000000000000e+00 0.000000000000000000e+00 0.000000000000000000e+00 0.000000000000000000e+00
0.000000000000000000e+00 0.000000000000000000e+00 0.000000000000000000e+00 0.000000000000000000e+00 0.000000000000000000e+00
0.000000000000000000e+00 0.000000000000000000e+00 0.000000000000000000e+00 0.000000000000000000e+00 0.000000000000000000e+00
0.000000000000000000e+00 0.000000000000000000e+00 0.000000000000000000e+00 0.000000000000000000e+00 0.000000000000000000e+00
0.000000000000000000e+00 0.000000000000000000e+00 0.000000000000000000e+00 0.000000000000000000e+00 0.000000000000000000e+00
0.000000000000000000e+00 0.000000000000000000e+00 0.000000000000000000e+00 0.000000000000000000e+00 0.000000000000000000e+00
0.000000000000000000e+00 0.000000000000000000e+00 0.000000000000000000e+00 0.000000000000000000e+00 0.000000000000000000e+00
0.000000000000000000e+00 0.000000000000000000e+00 0.000000000000000000e+00 0.000000000000000000e+00 0.000000000000000000e+00
0.000000000000000000e+00 0.000000000000000000e+00 0.000000000000000000e+00 0.000000000000000000e+00 0.000000000000000000e+00
0.000000000000000000e+00 0.000000000000000000e+00 0.000000000000000000e+00 0.000000000000000000e+00 0.000000000000000000e+00
0.000000000000000000e+00 0.000000000000000000e+00 0.000000000000000000e+00 0.000000000000000000e+00 0.000000000000000000e+00
0.000000000000000000e+00 0.000000000000000000e+00 0.000000000000000000e+00 0.000000000000000000e+00 0.000000000000000000e+00
0.000000000000000000e+00 0.000000000000000000e+00 0.000000000000000000e+00 0.000000000000000000e+00 0.000000000000000000e+00
0.000000000000000000e+00 0.000000000000000000e+00 0.000000000000000000e+00 0.000000000000000000e+00 0.000000000000000000e+00
0.000000000000000000e+00 0.000000000000000000e+00 0.000000000000000000e+00 0.000000000000000000e+00 0.000000000000000000e+00
0.000000000000000000e+00 0.000000000000000000e+00 0.000000000000000000e+00 0.000000000000000000e+00 0.000000000000000000e+00
0.000000000000000000e+00 0.000000000000000000e+00 0.000000000000000000e+00 0.000000000000000000e+00 0.000000000000000000e+00
0.000000000000000000e+00 0.000000000000000000e+00 0.000000000000000000e+00 0.000000000000000000e+00 0.000000000000000000e+00
0.000000000000000000e+00 0.000000000000000000e+00 0.000000000000000000e+00 0.000000000000000000e+00 0.000000000000000000e+00
0.000000000000000000e+00 0.000000000000000000e+00 0.000000000000000000e+00 0.000000000000000000e+00 0.000000000000000000e+00
0.000000000000000000e+00 0.000000000000000000e+00 0.000000000000000000e+00 0.000000000000000000e+00 0.000000000000000000e+00
0.000000000000000000e+00 0.000000000000000000e+00 0.000000000000000000e+00 0.000000000000000000e+00 0.000000000000000000e+00
0.000000000000000000e+00 0.000000000000000000e+00 0.000000000000000000e+00 0.000000000000000000e+00 0.000000000000000000e+00
0.000000000000000000e+00 0.000000000000000000e+00 0.000000000000000000e+00 0.000000000000000000e+00 0.000000000000000000e+00
0.000000000000000000e+00 0.000000000000000000e+00 0.000000000000000000e+00 0.000000000000000000e+00 0.000000000000000000e+00
0.000000000000000000e+00 0.000000000000000000e+00 0.000000000000000000e+00 0.000000000000000000e+00 0.000000000000000000e+00
0.000000000000000000e+00 0.000000000000000000e+00 0.000000000000000000e+00 0.000000000000000000e+00 0.000000000000000000e+00
0.000000000000000000e+00 0.000000000000000000e+00 0.000000000000000000e+00 0.000000000000000000e+00 0.000000000000000000e+00
0.000000000000000000e+00 0.000000000000000000e+00 0.000000000000000000e+00 0.000000000000000000e+00 0.000000000000000000e+00
0.000000000000000000e+00 0.000000000000000000e+00 0.000000000000000000e+00 0.000000000000000000e+00 0.000000000000000000e+00
0.000000000000000000e+00 0.000000000000000000e+00 0.000000000000000000e+00 0.000000000000000000e+00 0.000000000000000000e+00
-5.779321751692125808e+00 -4.149017534404539020e+00 -1.193213674512877631e+00 5.512684502957416299e+00 7.562777807093340243e+00
-5.212959003964970250e+00 -4.404543736257790165e+00 -1.973905210576526459e+00 3.167929216500131595e+00 7.513080931397003503e+00
-4.342458257503531982e+00 -4.876586228228990905e+00 -2.529195800351829782e+00 1.643652816562241048e+00 6.587492175147963813e+00
-2.793894069662478330e+00 -5.280584594051169312e+00 -3.065526972609766698e+00 5.092085288793624098e-01 4.969059962180333301e+00
-6.661639147099968072e-01 -5.344241046220490787e+00 -3.611003585859145826e+00 -4.542304738082925120e-01 3.289259355585461009e+00
1.484523518327507396e+00 -4.882868492846776043e+00 -4.162852834761223697e+00 -1.291740415385153495e+00 1.868876139511976842e+00
3.252390165854984971e+00 -3.815841882246967742e+00 -4.643795325930716089e+00 -2.059107850005784002e+00 6.814162783174260163e-01
4.520192782538812182e+00 -2.303152467376679002e+00 -4.893906926964604942e+00 -2.793552746520044927e+00 -3.338061515388734968e-01
5.296253421729185007e+00 -6.135730771088365731e-01 -4.762520328024052674e+00 -3.483086349040445562e+00 -1.201826731162600082e+00
5.581241474697062444e+00 1.059618181522226088e+00 -4.196425078389184549e+00 -4.069210031942838590e+00 -1.949382112165479075e+00
5.386550148888119338e+00 2.579800638217843556e+00 -3.236074438422070543e+00 -4.472176551912001585e+00 -2.604583421338440896e+00
4.795276312453577994e+00 3.798608876570735760e+00 -1.962105363462016250e+00 -4.618573720772594982e+00 -3.179264808950988286e+00
3.945496295980077228e+00 4.584893832954139548e+00 -4.889061497918290033e-01 -4.448744559048661174e+00 -3.666117211300404133e+00
2.970217529771801424e+00 4.889608795173827183e+00 1.019526987514179917e+00 -3.918116047024541970e+00 -4.042192942922007148e+00
1.965795884037807584e+00 4.757106850100923268e+00 2.378989663150083089e+00 -3.022877777600443849e+00 -4.265118694603401650e+00
9.926023523698369599e-01 4.286900605574922807e+00 3.439700621634411704e+00 -1.832126591789493109e+00 -4.270385792289538074e+00
8.251585244468673253e-02 3.591859869868035737e+00 4.116630900914930002e+00 -4.808393041748764696e-01 -3.988398170119522579e+00
-7.539556027924582127e-01 2.773412381690204764e+00 4.390012735274279265e+00 8.728816627674440554e-01 -3.380084136390979044e+00
-1.516978414215522264e+00 1.909848840707994988e+00 4.293683844277468076e+00 2.086096469764104011e+00 -2.464692212832661600e+00
-2.204828429968710868e+00 1.053024655819417843e+00 3.898661670119563105e+00 3.049186688549715196e+00 -1.319447942118914696e+00
-2.805199595290236214e+00 2.321766130606584266e-01 3.292561801776172636e+00 3.693821369967547952e+00 -5.876909460195978152e-02
-3.292597625702372799e+00 -5.380993076976758882e-01 2.560145360381887780e+00 3.996765975421063377e+00 1.188938983632603641e+00
-3.630082094151812822e+00 -1.249667391333117328e+00 1.771391514485886942e+00 3.976776157053368621e+00 2.299645187624827170e+00
-3.773951689084761973e+00 -1.894286629508107556e+00 9.778007790516796138e-01 3.683562391411299597e+00 3.168350326506774728e+00
-3.682098285751659095e+00 -2.458515480964704292e+00 2.135305114631447509e-01 3.182976226911865769e+00 3.721527817774767044e+00
-3.326488166762603615e+00 -2.920083284433877324e+00 -5.012778847825943851e-01 2.543505081601299622e+00 3.926894838364941798e+00
-2.706934668488333973e+00 -3.246782551294047359e+00 -1.155643011306711765e+00 1.826764250548989832e+00 3.797707558315155385e+00
-1.860176389117285112e+00 -3.399447523329160337e+00 -1.741685398522146988e+00 1.082366299340464799e+00 3.387808120518881694e+00
-8.588435965270340144e-01 -3.340028589142299165e+00 -2.248486107406197476e+00 3.465572572709574306e-01 2.776814634519058966e+00
2.002710420291764493e-01 -3.043768005807851118e+00 -2.657564689605890429e+00 -3.561177217895256097e-01 2.050418389309671685e+00
1.213637099876446968e+00 -2.511314268566095187e+00 -2.941630038637446543e+00 -1.008903931937629839e+00 1.283413936000565858e+00
2.087462673457107343e+00 -1.774968588109382406e+00 -3.067659352305043718e+00 -1.597799513518038950e+00 5.305988859857779794e-01
2.749562359035378822e+00 -8.960640003451980640e-01 -3.004194341943267066e+00 -2.106841307884285364e+00 -1.740507018568121511e-01
3.156499813564240142e+00 4.438112557763607136e-02 -2.731157838133543958e+00 -2.515078067642251280e+00 -8.127252028195225408e-01
3.296547108391528980e+00 9.575450239743099612e-01 -2.249190968168671034e+00 -2.796124542143435754e+00 -1.376999631863695672e+00
3.187857775253660986e+00 1.758872839295244850e+00 -1.585292227152234945e+00 -2.920719422614326266e+00 -1.861267762589896346e+00
2.871415793875641942e+00 2.379582429718013259e+00 -7.925576247243159012e-01 -2.862354510130904472e+00 -2.257562796522905035e+00
2.400420568965722090e+00 2.776083960177833099e+00 5.634930828545825499e-02 -2.605322065907405893e+00 -2.552350352081111939e+00
1.829537945899234241e+00 2.934677073112640144e+00 8.803643515111536644e-01 -2.153048424032133479e+00 -2.725886346558511697e+00
1.207093507816747735e+00 2.869743732274043779e+00 1.602834197494606983e+00 -1.533221391473108097e+00 -2.754809947564046180e+00
5.714285767918714232e-01 2.616250354144739276e+00 2.162834728310874866e+00 -7.967868141763034817e-01 -2.618111481351670822e+00
-4.906522417411351977e-02 2.219650588971217253e+00 2.522677793375371902e+00 -1.071399488690727431e-02 -2.305216877559360000e+00
-6.335029650737067364e-01 1.726661832380105066e+00 2.670463697863828312e+00 7.527152527976865848e-01 -1.823367413190610353e+00
-1.165032518932468619e+00 1.179067898906149825e+00 2.617739102391913875e+00 1.426646005608372958e+00 -1.201155655712621284e+00
-1.627530271718277577e+00 6.109748614629373353e-01 2.393466696433999008e+00 1.958132359557046565e+00 -4.866933042058679826e-01
-2.003376024965863866e+00 4.882928630217109323e-02 2.036328581594315512e+00 2.313399534407628799e+00 2.586917301618085752e-01
-2.272876383952008084e+00 -4.868440555756636812e-01 1.587482984571858546e+00 2.479609121945358652e+00 9.689609488272686866e-01
-2.415584607931522854e+00 -9.789491950666306952e-01 1.085236103879883007e+00 2.463261630473595254e+00 1.582037051462154009e+00
-2.413449195004532477e+00 -1.411351716818565194e+00 5.621264013478066701e-01 2.285938444285062321e+00 2.047466247258606042e+00
-2.255308036613429046e+00 -1.767073645466934906e+00 4.418042034384783712e-02 1.978654397240025897e+00 2.332345616382020204e+00
-1.941686205544512767e+00 -2.027681697632308211e+00 -4.482248759854534081e-01 1.576255734519971252e+00 2.424716679447047607e+00
-1.488365477494757450e+00 -2.174266989150608342e+00 -8.985249091747748995e-01 1.112953121012510982e+00 2.333601462145934669e+00
-9.272029256930464092e-01 -2.190137161359409390e+00 -1.291807421409013612e+00 6.195026521516433515e-01 2.085423089445031852e+00
-3.034584366141457323e-01 -2.064823453809638831e+00 -1.613015961705144274e+00 1.220587431467801132e-01 1.717655913334498186e+00
3.298438464134689774e-01 -1.798334877238874530e+00 -1.846175178071685075e+00 -3.575802923656723475e-01 1.271536305160303471e+00
9.190013476160996397e-01 -1.404162616723958479e+00 -1.975103088989940803e+00 -8.008008848179261063e-01 7.858560495070664453e-01
1.416473181409710902e+00 -9.097959826231377667e-01 -1.985681452757320553e+00 -1.190668921602824781e+00 2.931634114956949144e-01
1.786271108523218576e+00 -3.544197330770826326e-01 -1.869235092201201764e+00 -1.510715529476086560e+00 -1.813794057831302764e-01
2.007275327065194404e+00 2.155985150263439731e-01 -1.626102268270274154e+00 -1.744543444140295163e+00 -6.190841914908457033e-01
2.074195272154066405e+00 7.524035422058206191e-01 -1.268265305046964331e+00 -1.876577247841074270e+00 -1.005725871244064873e+00
1.996165932306648072e+00 1.212534453033525805e+00 -8.200692064442266505e-01 -1.894001521925225973e+00 -1.329340938773387881e+00
1.793393411530164405e+00 1.562082651952689805e+00 -3.165496904877190265e-01 -1.789585416683991737e+00 -1.578531414525752297e+00
1.492746241914877370e+00 1.780243538720466479e+00 2.004441839462578479e-01 -1.564697133526446349e+00 -1.741756527882315497e+00
1.123413750994894933e+00 1.860578865016865313e+00 6.875425735878347711e-01 -1.231506491078390608e+00 -1.807890799702946527e+00
7.135533230038126895e-01 1.809837191586816108e+00 1.105427997416985608e+00 -8.134091811116184179e-01 -1.768052207761752870e+00
2.883650245120383815e-01 1.644868572075602886e+00 1.423553052293841104e+00 -3.432125799028740709e-01 -1.618311563805171938e+00
-1.304640994387873398e-01 1.388654131303673767e+00 1.623151973717523733e+00 1.406113438140565997e-01 -1.362484956759932420e+00
-5.243351094997793505e-01 1.066521052679242354e+00 1.698147661206761416e+00 5.987026475704315676e-01 -1.014017715385417961e+00
-8.768565978783948722e-01 7.032862456198940571e-01 1.654054221475115272e+00 9.955512854309012116e-01 -5.961768002400834598e-01
-1.173019710252334757e+00 3.216072523523405557e-01 1.505404652078756733e+00 1.303327241713120310e+00 -1.403174244164973328e-01
-1.398831849558082485e+00 -5.856565421069882121e-02 1.272479821803695899e+00 1.504271982858012890e+00 3.174183394989316120e-01
-1.541650249694478836e+00 -4.197607099365341377e-01 9.781154168748973365e-01 1.591455279529924161e+00 7.402630422494838047e-01
-1.591263996132072478e+00 -7.463785893244616609e-01 6.451545438051653480e-01 1.568006986127512548e+00 1.095083686238357279e+00
-1.541560356024909595e+00 -1.024095928971690883e+00 2.948131665303999061e-01 1.445197441276568684e+00 1.356083223668752780e+00
-1.392397380318502353e+00 -1.239604589041642946e+00 -5.404670857327431577e-02 1.239908418534280132e+00 1.507416240629860793e+00
-1.151142420080619511e+00 -1.380913101801606313e+00 -3.849271294792011577e-01 9.720571267785971248e-01 1.544333000259540123e+00
-8.333097868864324242e-01 -1.438289472603903940e+00 -6.832810930773730584e-01 6.624165988502128677e-01 1.472687990960941384e+00
-4.619038371350275840e-01 -1.405726716085301087e+00 -9.360097606333827036e-01 3.310811549901648831e-01 1.306977467984654639e+00
-6.541818126678256018e-02 -1.282595495090857352e+00 -1.131188680067807484e+00 -3.372488610753343607e-03 1.067416990007880040e+00
3.251775775863496865e-01 -1.074991427949647971e+00 -1.258263159141081999e+00 -3.241381208381911017e-01 7.767794719749976373e-01
6.798787220968049994e-01 -7.962822529985758013e-01 -1.308807389847063574e+00 -6.160649963437264676e-01 4.576815762730168657e-01
9.728815055587313188e-01 -4.665454358904141396e-01 -1.277749378007617009e+00 -8.654444609489747586e-01 1.307565154569090282e-01
1.185098716797372553e+00 -1.108848809779849898e-01 -1.164773520186959566e+00 -1.059958307240910225e+00 -1.861850170832652085e-01
1.305626819519734028e+00 2.431077317717356134e-01 -9.754889964781743306e-01 -1.188979574640128378e+00 -4.781869501403468448e-01
1.332038601283275225e+00 5.683147960041379232e-01 -7.219466001703672697e-01 -1.244297748495309941e+00 -7.327095803236621796e-01
1.269580671126790961e+00 8.409908477890859491e-01 -4.222124736064231110e-01 -1.221190285821871502e+00 -9.390875098053392822e-01
1.129550248705563087e+00 1.043134049684635301e+00 -9.893079311921459951e-02 -1.119608312191008981e+00 -1.088194317138807543e+00
9.272621769421063309e-01 1.163963895501196832e+00 2.229398209097621930e-01 -9.451294209242510069e-01 -1.172518255681831656e+00
6.800419869799234629e-01 1.200314652043698915e+00 5.188270752714108092e-01 -7.093099269893016201e-01 -1.186713646030743252e+00
4.055852350162535980e-01 1.155989762705911028e+00 7.671955623768044186e-01 -4.291791215963930428e-01 -1.128530915976924787e+00
1.208531203320706293e-01 1.040346224558713617e+00 9.516872485566817419e-01 -1.258368539693632826e-01 -9.998727210594526849e-01
-1.585026770179187583e-01 8.665088294194490670e-01 1.062425084300910871e+00 1.776401865585086892e-01 -8.076254762868106951e-01
-4.183245786084755502e-01 6.496131920338432675e-01 1.096350138082596848e+00 4.586073061815909568e-01 -5.639254610879523844e-01
-6.459467501150034652e-01 4.053670059208314136e-01 1.056667919280945833e+00 6.971500312267840949e-01 -2.856472853054208838e-01
-8.302106746944980520e-01 1.490618898013107430e-01 9.516435950358170803e-01 8.779097395985034913e-01 6.897004514078153292e-03
-9.616546042955115281e-01 -1.049775070646824515e-01 7.930700591972206226e-01 9.912031072961013933e-01 2.918658005791552323e-01
-1.032951081361804802e+00 -3.436211241248127157e-01 5.947268745555955860e-01 1.033355482107278789e+00 5.480944629322193062e-01
-1.039567737362678823e+00 -5.550000391121551191e-01 3.710700148034762336e-01 1.006313920271900697e+00 7.572508281742607039e-01
-9.805282679730437101e-01 -7.285767887952598887e-01 1.362790077256481602e-01 9.167192601207962976e-01 9.056154829742535384e-01
-8.590746652301473052e-01 -8.553502735384215239e-01 -9.632417750708444082e-02 7.746784334888455748e-01 9.852339285835620686e-01
-6.830033472866703370e-01 -9.282634084328389434e-01 -3.145575684737972333e-01 5.924799248897383297e-01 9.942962518603215560e-01
-4.644857653900075767e-01 -9.427985725266291306e-01 -5.074888870347654679e-01 3.834459028954018134e-01 9.367370357697469840e-01
-2.192872934088541115e-01 -8.976575159249906566e-01 -6.655147901910073438e-01 1.610354073379394457e-01 8.211939400013691381e-01
3.456176205709482474e-02 -7.953522716602490217e-01 -7.805325000179164086e-01 -6.177209162294694522e-02 6.595786961647253088e-01
2.784585288074459264e-01 -6.425086275619829035e-01 -8.462750893454136225e-01 -2.728557626891364718e-01 4.655614981524391349e-01
4.950194131061513292e-01 -4.497201455015919502e-01 -8.588072631478733676e-01 -4.611860669283540659e-01 2.532343835562778089e-01
6.696961110608024015e-01 -2.308814831201599915e-01 -8.170984070597075988e-01 -6.170196778426562112e-01 3.611974456512179188e-02
7.919885488641088545e-01 -2.045108347392687875e-03 -7.235266863762829237e-01 -7.321518367431307794e-01 -1.734329221900365869e-01
8.561131645669961543e-01 2.200509970208430754e-01 -5.841433761028774763e-01 -8.002803150359616424e-01 -3.645247775419302450e-01
8.610871048618962131e-01 4.195706440148327943e-01 -4.085520213117838084e-01 -8.174754462506567121e-01 -5.277866056255492433e-01
8.102895723510638026e-01 5.830473121994028673e-01 -2.093287606571597737e-01 -7.826858224188187885e-01 -6.554021168549251097e-01
7.106425916929892672e-01 7.005228055637691131e-01 -1.009320264919177923e-03 -6.981566803985095326e-01 -7.411946948743254326e-01
5.715975218429091287e-01 7.662108837110714887e-01 2.012330363807435241e-01 -5.696164118457912595e-01 -7.808438682139429154e-01
4.041113794242657264e-01 7.786327733526166028e-01 3.830234957125089323e-01 -4.061089704229608466e-01 -7.722293164070193061e-01
2.197532561584336630e-01 7.402715267039172709e-01 5.321157371651619172e-01 -2.194156597335100434e-01 -7.158311366891129124e-01
3.001365629550778805e-02 6.568737959327829445e-01 6.394215556675743040e-01 -2.310062738399010218e-02 -6.150635943282717344e-01
-1.541794780028943324e-01 5.365691306050690557e-01 6.996117400461132618e-01 1.686989151067852521e-01 -4.764027604140048111e-01
-3.227866693014919131e-01 3.889716591194580797e-01 7.112474850491100620e-01 3.425612254815080249e-01 -3.091949778188607945e-01
-4.668996487514481819e-01 2.243867058586201946e-01 6.764881586205806485e-01 4.869596470214953565e-01 -1.250967859950352645e-01
-5.789747570112191433e-01 5.318480575541295607e-02 6.004865811605197834e-01 5.931758066630210546e-01 6.282205157285836172e-02
-6.531070100447121662e-01 -1.146527043309669702e-01 4.906145901659941799e-01 6.558473959436815770e-01 2.412069282090867350e-01
-6.853563494002512524e-01 -2.698552762972677987e-01 3.556576725579019271e-01 6.731213113133682757e-01 3.976244565092712513e-01
-6.740942393743815098e-01 -4.041123218052888322e-01 2.050855119247962932e-01 6.464486911302580463e-01 5.216775246132954180e-01
-6.203015157781127664e-01 -5.103102714337753865e-01 4.845872624179015098e-02 5.801075219121876181e-01 6.058773584567244130e-01
-5.277279022330079172e-01 -5.827993268631315171e-01 -1.050154663740615613e-01 4.805634841648365185e-01 6.461633038296221709e-01
-4.028278212701047467e-01 -6.177001776243558062e-01 -2.468039322929105328e-01 3.557791236134255630e-01 6.420216219221785980e-01
-2.544180320960542918e-01 -6.132240306376574024e-01 -3.692922471895010439e-01 2.145598715901642362e-01 5.962225418540745281e-01
-9.305383774565467725e-02 -5.699466346209047796e-01 -4.660051166133660772e-01 6.599151306141415319e-02 5.142563126806387608e-01
6.982160845461771181e-02 -4.909587071637466771e-01 -5.318415914839058622e-01 -8.101286357432291307e-02 4.035897699882329270e-01
2.228522855622083743e-01 -3.818187392715360895e-01 -5.633380695241192448e-01 -2.180692001720191397e-01 2.728754451583548235e-01
3.557402256599895285e-01 -2.502608427911501288e-01 -5.589398323184113782e-01 -3.376140724989346031e-01 1.312251340132075672e-01
4.600855203337361754e-01 -1.056537777743754569e-01 -5.192324576705154016e-01 -4.331683844217809609e-01 -1.238174635689315295e-02
5.299944773361764394e-01 4.174416213355015143e-02 -4.470669864035659025e-01 -4.996006681084769752e-01 -1.495332811387778682e-01
5.623974127784758803e-01 1.816488075039812689e-01 -3.475138461957572034e-01 -5.333971979255364149e-01 -2.726834360499308385e-01
5.570667207441870605e-01 3.046227390113787070e-01 -2.276017702770249951e-01 -5.329204978626350675e-01 -3.753586724720397449e-01
5.163717246959077523e-01 4.028447209205864854e-01 -9.583491640990926541e-02 -4.986142962606409657e-01 -4.523235273138054291e-01
4.448406354933209239e-01 4.706823316721786554e-01 3.847512393748142578e-02 -4.330992487944884672e-01 -4.997441494672738571e-01
3.486157376036247424e-01 5.050095101407914289e-01 1.659871320286165908e-01 -3.411057968358194303e-01 -5.153649174304081315e-01
2.348843054019944532e-01 5.052550465998173479e-01 2.781188009950197326e-01 -2.292100837112259759e-01 -4.986846108861824889e-01
1.113483863688813358e-01 4.732112119347431367e-01 3.677436831190983302e-01 -1.053720636860960846e-01 -4.510934046564329947e-01
-1.423117673657880999e-02 4.126639752233485225e-01 4.297116332301619823e-01 2.168693846249514223e-02 -3.759178587157074869e-01
-1.344088223587946995e-01 3.289212571835176679e-01 4.611407817916801655e-01 1.431975797907547587e-01 -2.783231403567620887e-01
-2.423595398135441614e-01 2.283124446363360427e-01 4.614690424421030723e-01 2.510590795047840107e-01 -1.650404190907284185e-01
-3.321383137390832019e-01 1.177151362061645834e-01 4.322907259451169715e-01 3.384714437225433414e-01 -4.391808229596283475e-02
-3.989151411267849445e-01 4.140933438195881777e-03 3.770311908841473270e-01 4.004125499463550564e-01 7.667009347351871895e-02
-4.391961068158672932e-01 -1.056115756465608874e-01 3.005252494069854396e-01 4.339174855146066268e-01 1.884973197055439531e-01
-4.510248348496337378e-01 -2.052460718058396194e-01 2.085630670012939003e-01 4.381500143315619766e-01 2.841567402865785574e-01
-4.341422654560500582e-01 -2.892179520235016454e-01 1.074538571955718919e-01 4.142859053824055615e-01 3.576525284226472756e-01
-3.900712642094988358e-01 -3.529609524578896651e-01 3.638131308780767625e-03 3.652496928448156766e-01 4.048390707975024760e-01
-3.220901541971355475e-01 -3.930991034935132911e-01 -9.664071942967200624e-02 2.953572877355425952e-01 4.236623424424101891e-01
-2.350678008212758741e-01 -4.076387026244271405e-01 -1.876105329832344903e-01 2.099165461235508456e-01 4.141886639885350441e-01
-1.351513315665436865e-01 -3.961210612470178472e-01 -2.642039088646297440e-01 1.148286114447838457e-01 3.784378911022012737e-01
-2.932184841931695374e-02 -3.597069055626483935e-01 -3.222655576370220265e-01 1.621839998617868872e-02 3.200642931873609598e-01
7.514239345882134380e-02 -3.011611452242629605e-01 -3.587413694871949277e-01 -7.989280644611906901e-02 2.439437793277155209e-01
1.712379699601529470e-01 -2.247140056449881129e-01 -3.718459864045009500e-01 -1.678723458449382644e-01 1.557283413860910404e-01
2.527786314660940281e-01 -1.357903041262847887e-01 -3.611935821454415052e-01 -2.427257834717255758e-01 6.141876941849200300e-02
3.148475989987298274e-01 -4.061944654542848365e-02 -3.278675449241208462e-01 -3.003192369060325717e-01 -3.301094001144644352e-02
3.541141218562859905e-01 5.424043860537408612e-02 -2.744022049578520583e-01 -3.375778202905133640e-01 -1.219238208587075795e-01
3.689900323571526641e-01 1.424148626408439366e-01 -2.046553918123028837e-01 -3.526551465991734080e-01 -2.002677182673218148e-01
3.596255388010893839e-01 2.182049975463340730e-01 -1.235639156810242195e-01 -3.450595774821430539e-01 -2.637733185353791088e-01
3.277644488905051556e-01 2.770050410642821426e-01 -3.679226986960937307e-02 -3.157162216377129571e-01 -3.091169716849251348e-01
2.764937004900214212e-01 3.156024279964642076e-01 4.969634226568153679e-02 -2.669424247005725004e-01 -3.340576957532148672e-01
2.099284557533387385e-01 3.323368371820234479e-01 1.301027401638954473e-01 -2.023201727487100587e-01 -3.375482220012465118e-01
1.328721160093915277e-01 3.271150090091157203e-01 1.992371310333362899e-01 -1.264609639547414899e-01 -3.198095602616385369e-01
5.048238195412003276e-02 3.012976429605407347e-01 2.528980231910005205e-01 -4.467476800616709820e-02 -2.823509490525510923e-01
-3.203691941881803285e-02 2.574883760983248671e-01 2.881462534344403359e-01 3.742918168109233418e-02 -2.279150409012248302e-01
-1.097096937449915099e-01 1.992610120546800812e-01 3.034523085061135994e-01 1.143698451837094066e-01 -1.603330349108700315e-01
-1.780267854874784117e-01 1.308598245886860578e-01 2.987138823976887014e-01 1.812048597540805439e-01 -8.428550528561673527e-02
-2.331539347015521013e-01 5.690076230948637459e-02 2.751575781982040780e-01 2.338814277989653689e-01 -4.979389969611558442e-03
-2.721110713655605640e-01 -1.790838127069815933e-02 2.351507661499274704e-01 2.694945501093337636e-01 7.223354120958758173e-02
-2.929212636028660777e-01 -8.902033427067301830e-02 1.819552585970773961e-01 2.864336767321729038e-01 1.422599328795848272e-01
-2.947218951468350001e-01 -1.522718091933550344e-01 1.194537817175878036e-01 2.844144065004938771e-01 2.006474838933292038e-01
-2.778257226981994954e-01 -2.040799345544768995e-01 5.187469213280837543e-02 2.644058566078633099e-01 2.439062278134951633e-01
-2.437174371393985017e-01 -2.416129967377472765e-01 -1.646772039716748459e-02 2.284744578878838972e-01 2.697359662367282418e-01
-1.949735764086524270e-01 -2.629333737112798941e-01 -8.140826067611905970e-02 1.795700523276266836e-01 2.771405991949527081e-01
-1.351003042186771363e-01 -2.671057685875166676e-01 -1.391385386362437027e-01 1.212803234861836721e-01 2.664256925884345151e-01
-6.829361286697921418e-02 -2.542597166205556314e-01 -1.863881319260018987e-01 5.757584103769364248e-02 2.390905795348841067e-01
8.621725262669688306e-04 -2.255936484841764011e-01 -2.205800957054665501e-01 -7.437964359441329165e-03 1.976378682008894661e-01
6.773168915475968888e-02 -1.833097302993830502e-01 -2.399591720173704645e-01 -6.975191168454297763e-02 1.453295594551817782e-01
1.279693268664727768e-01 -1.304744664827717227e-01 -2.436871580454052777e-01 -1.256623952047758452e-01 8.591952029441407568e-02
1.778298669676325883e-01 -7.080875327723779034e-02 -2.318963339270396773e-01 -1.719569358420880711e-01 2.338766357224408843e-02
2.144192909915687562e-01 -8.420942906400830097e-03 -2.056902506971991784e-01 -2.060743323887864464e-01 -3.830624422556383468e-02
2.358644439038160012e-01 5.249464022606953328e-02 -1.670826609100395654e-01 -2.262360803611751514e-01 -9.543935115880199105e-02
2.413912263785289725e-01 1.079653789365531136e-01 -1.188702231050497993e-01 -2.315429909220484417e-01 -1.447099943928747967e-01
2.313124531856725064e-01 1.545242578489092189e-01 -6.444215109821239962e-02 -2.220285427665502631e-01 -1.833903863902391906e-01
2.069364096850268009e-01 1.894429906139249997e-01 -7.538699674380922033e-03 -1.986597621742552944e-01 -2.094494768606125490e-01
1.704139048618436014e-01 2.108944537961399135e-01 4.802157419610542100e-02 -1.632782908097207830e-01 -2.216459853793262269e-01
1.245446453492171646e-01 2.180340416355730782e-01 9.862045897523485927e-02 -1.184789251835877272e-01 -2.195885541426245702e-01
7.256308518247545081e-02 2.109998298698845531e-01 1.410976710038591708e-01 -6.742976980601834980e-02 -2.037570088379681010e-01
1.792064425477080114e-02 1.908404461485491144e-01 1.729630288831496276e-01 -1.364573467647345328e-02 -1.754774336904296739e-01
-3.592342748550414466e-02 1.593858560813066205e-01 1.925450986006827236e-01 3.926603145005813644e-02 -1.368449909447400081e-01
-8.569478635201965844e-02 1.190792152788944236e-01 1.990667665172585199e-01 8.786575533406006111e-02 -9.059238206106379199e-02
-1.284758944901515099e-01 7.278762898838553319e-02 1.926473209932944297e-01 1.291216280096152413e-01 -3.990800250517900771e-02
-1.618542964231611814e-01 2.360697817184176373e-02 1.742386539709428472e-01 1.606098002251643564e-01 1.178523263554720479e-02
-1.840444025290433050e-01 -2.532790073521973273e-02 1.455089063073899958e-01 1.806576893237432646e-01 6.107305082778125005e-02
-1.939787974805068371e-01 -7.102025460592187311e-02 1.086896750411570078e-01 1.884218438936713369e-01 1.047934204782552392e-01
-1.913637069362483789e-01 -1.107711200118377537e-01 6.640289101986218689e-02 1.838993412951572815e-01 1.402578645972651916e-01
-1.766926132891061263e-01 -1.423185949931904393e-01 2.148133864028345386e-02 1.678785487132739285e-01 1.654299605253151395e-01
-1.512128462066691936e-01 -1.639536216606452268e-01 -2.320647902822325914e-02 1.418400668627084471e-01 1.790456654199690245e-01
-1.168426285214213683e-01 -1.746083359124184220e-01 -6.491980394202623295e-02 1.078213415444118084e-01 1.806672949153154129e-01
-7.604035783428664264e-02 -1.739119541389749779e-01 -1.011927581464650006e-01 6.825884240594382035e-02 1.706708767750808875e-01
-3.163317207400540010e-02 -1.622086899720348585e-01 -1.299619917968453386e-01 2.582036750033989136e-02 1.501738227760562872e-01
1.338293327834971791e-02 -1.405329690231160722e-01 -1.496719864268525324e-01 -1.676232245556574796e-02 1.209152681285741160e-01
5.605508977910567125e-02 -1.105395791814206552e-01 -1.593545640280885634e-01 -5.685287888225198927e-02 8.510431113261107683e-02
9.367925309995417393e-02 -7.439014616694439308e-02 -1.586783703118349598e-01 -9.205623865679857243e-02 4.525170994701399607e-02
1.239816554543471394e-01 -3.460198181960971731e-02 -1.479636995960903478e-01 -1.203467347818759636e-01 3.998766564883293739e-03
1.452609352051770220e-01 6.130013463762074011e-03 -1.281587084173197166e-01 -1.401746313703072788e-01 -3.604596444742869110e-02
1.564806395618789647e-01 4.512400678617356498e-02 -1.007750884117974977e-01 -1.505470274354908655e-01 -7.245488692941837172e-02
1.573075517191380168e-01 7.989809799003877444e-02 -6.778453361576119995e-02 -1.510787619483089372e-01 -1.031101048890287197e-01
1.480971002216002752e-01 1.083372075302291432e-01 -3.148141689153505229e-02 -1.420089971324617339e-01 -1.263101092237234324e-01
1.298320084183013368e-01 1.288261700045756353e-01 5.678772107292617832e-03 -1.241801237307826877e-01 -1.408525042806418881e-01
1.040237333223226202e-01 1.403392752307885960e-01 4.125237111796686840e-02 -9.897770362725655247e-02 -1.460907056098137424e-01
7.258786750056755999e-02 1.424815883486030277e-01 7.297717381943846782e-02 -6.823324514795559015e-02 -1.419620198178872805e-01
3.770466361123769872e-02 1.354825652552238413e-01 9.892416946491455754e-02 -3.409529815751322079e-02 -1.289843160957648838e-01
1.674646173371874269e-03 1.201469283744372035e-01 1.176188820099399734e-01 1.122036074568955044e-03 -1.082191025965018039e-01
-3.322255458963474517e-02 9.777094180040690752e-02 1.281234083326754369e-01 3.510124181367313412e-02 -8.120047061220825313e-02
-6.485986283238931449e-02 7.003381550415022083e-02 1.300748093725601073e-01 6.568075398202810611e-02 -4.983205232215737190e-02
-9.138012498867698064e-02 3.887412957722102824e-02 1.236801315740887475e-01 9.099834549862184652e-02 -1.625738707717594433e-02
-1.112952797757693624e-01 6.360241215530582082e-03 1.096723696592249997e-01 1.096072012528204187e-01 1.728762381228432510e-02
-1.235638241839365215e-01 -2.543786664216951890e-02 8.923457524604438973e-02 1.205565312890233276e-01 4.862889750050225501e-02
-1.276431912744457886e-01 -5.456940560465972645e-02 6.390085785278332153e-02 1.234324999015434798e-01 7.580235358336517848e-02
-1.235138709583749744e-01 -7.931164484599462217e-02 3.544327327645313552e-02 1.183592819652745654e-01 9.718369428892148498e-02
-1.116727906222858557e-01 -9.826301069481292727e-02 5.752878059250843279e-03 1.059635857978080686e-01 1.115891850608008440e-01
-9.309481106004047213e-02 -1.104169765192702934e-01 -2.327804825027202096e-02 8.730861015747715115e-02 1.183399848148247724e-01
-6.916325051945781954e-02 -1.152134717058522773e-01 -4.986701976849861051e-02 6.380492781272728564e-02 1.172865194525862798e-01
-4.157292885340613253e-02 -1.125647831666326537e-01 -7.244118427940371419e-02 3.710625421751712061e-02 1.087934961337799905e-01
-1.221192949684979552e-02 -1.028535663078755658e-01 -8.972240765639794002e-02 8.997693802725859058e-03 9.368980190777587147e-02
1.696933927556321109e-02 -8.690180142283121523e-02 -1.007944489712669922e-01 -1.871681597904462091e-02 7.319022221269899653e-02
4.409162002970701960e-02 -6.591137575249206293e-02 -1.051493299111860846e-01 -4.432219450065666422e-02 4.879740335284044050e-02
6.747219442630458808e-02 -4.137926502746359231e-02 -1.027102906462268456e-01 -6.629032725487538080e-02 2.219276993100649520e-02
8.573234349399383447e-02 -1.499271861914730497e-02 -9.382932585965120253e-02 -8.336460513764243352e-02 -4.875574484888844928e-03
9.787896003960461222e-02 1.148799239866216126e-02 -7.925838599943668683e-02 -9.462739724153956811e-02 -3.070121249227342197e-02
1.033551409492905471e-01 3.635022642340390853e-02 -6.009494913292723339e-02 -9.954734282740519691e-02 -5.371876024761745860e-02
1.020577235754549644e-01 5.804347973569213420e-02 -3.770469177862278976e-02 -9.800381493167698022e-02 -7.259023670984077192e-02
9.432278947508199174e-02 7.527880420707956655e-02 -1.362613912992416410e-02 -9.028665645842426368e-02 -8.627548381407446065e-02
8.088273656834954473e-02 8.710580324051142576e-02 1.053590301728357659e-02 -7.707045146204405395e-02 -9.408429950869823255e-02
6.280034867600092774e-02 9.296225876565533675e-02 3.322000127200519515e-02 -5.936418625758776990e-02 -9.570834578482290134e-02
4.138627510344439209e-02 9.269421384324738611e-02 5.301223123574949625e-02 -3.843905021763682761e-02 -9.123127463784852509e-02
