0.000000000000000000e+00 0.000000000000000000e+00 0.000000000000000000e+00 0.000000000000000000e+00 0.000000000000000000e+00
0.000000000000000000e+00 0.000000000000000000e+00 0.000000000000000000e+00 0.000000000000000000e+00 0.000000000000000000e+00
0.000000000000000000e+00 0.000000000000000000e+00 0.000000000000000000e+00 0.000000000000000000e+00 0.000000000000000000e+00
0.000000000000000000e+00 0.000000000000000000e+00 0.000000000000000000e+00 0.000000000000000000e+00 0.000000000000000000e+00
0.000000000000000000e+00 0.000000000000000000e+00 0.000000000000000000e+00 0.000000000000000000e+00 0.000000000000000000e+00
0.000000000000000000e+00 0.000000000000000000e+00 0.000000000000000000e+00 0.000000000000000000e+00 0.000000000000000000e+00
0.000000000000000000e+00 0.000000000000000000e+00 0.000000000000000000e+00 0.000000000000000000e+00 0.000000000000000000e+00
0.000000000000000000e+00 0.000000000000000000e+00 0.000000000000000000e+00 0.000000000000000000e+00 0.000000000000000000e+00
0.000000000000000000e+00 0.000000000000000000e+00 0.000000000000000000e+00 0.000000000000000000e+00 0.000000000000000000e+00
0.000000000000000000e+00 0.000000000000000000e+00 0.000000000000000000e+00 0.000000000000000000e+00 0.000000000000000000e+00
0.000000000000000000e+00 0.000000000000000000e+00 0.000000000000000000e+00 0.000000000000000000e+00 0.000000000000000000e+00
0.000000000000000000e+00 0.000000000000000000e+00 0.000000000000000000e+00 0.000000000000000000e+00 0.000000000000000000e+00
0.000000000000000000e+00 0.000000000000000000e+00 0.000000000000000000e+00 0.000000000000000000e+00 0.000000000000000000e+00
0.000000000000000000e+00 0.000000000000000000e+00 0.000000000000000000e+00 0.000000000000000000e+00 0.000000000000000000e+00
0.000000000000000000e+00 0.000000000000000000e+00 0.000000000000000000e+00 0.000000000000000000e+00 0.000000000000000000e+00
0.000000000000000000e+00 0.000000000000000000e+00 0.000000000000000000e+00 0.000000000000000000e+00 0.000000000000000000e+00
0.000000000000000000e+00 0.000000000000000000e+00 0.000000000000000000e+00 0.000000000000000000e+00 0.000000000000000000e+00
0.000000000000000000e+00 0.000000000000000000e+00 0.000000000000000000e+00 0.000000000000000000e+00 0.000000000000000000e+00
0.000000000000000000e+00 0.000000000000000000e+00 0.000000000000000000e+00 0.000000000000000000e+00 0.000000000000000000e+00
0.000000000000000000e+00 0.000000000000000000e+00 0.000000000000000000e+00 0.000000000000000000e+00 0.000000000000000000e+00
0.000000000000000000e+00 0.000000000000000000e+00 0.000000000000000000e+00 0.000000000000000000e+00 0.000000000000000000e+00
0.000000000000000000e+00 0.000000000000000000e+00 0.000000000000000000e+00 0.000000000000000000e+00 0.000000000000000000e+00
0.000000000000000000e+00 0.000000000000000000e+00 0.000000000000000000e+00 0.000000000000000000e+00 0.000000000000000000e+00
0.000000000000000000e+00 0.000000000000000000e+00 0.000000000000000000e+00 0.000000000000000000e+00 0.000000000000000000e+00
0.000000000000000000e+00 0.000000000000000000e+00 0.000000000000000000e+00 0.000000000000000000e+00 0.000000000000000000e+00
0.000000000000000000e+00 0.000000000000000000e+00 0.000000000000000000e+00 0.000000000000000000e+00 0.000000000000000000e+00
0.000000000000000000e+00 0.000000000000000000e+00 0.000000000000000000e+00 0.000000000000000000e+00 0.000000000000000000e+00
0.000000000000000000e+00 0.000000000000000000e+00 0.000000000000000000e+00 0.000000000000000000e+00 0.000000000000000000e+00
0.000000000000000000e+00 0.000000000000000000e+00 0.000000000000000000e+00 0.000000000000000000e+00 0.000000000000000000e+00
0.000000000000000000e+00 0.000000000000000000e+00 0.000000000000000000e+00 0.000000000000000000e+00 0.000000000000000000e+00
0.000000000000000000e+00 0.000000000000000000e+00 0.000000000000000000e+00 0.000000000000000000e+00 0.000000000000000000e+00
0.000000000000000000e+00 0.000000000000000000e+00 0.000000000000000000e+00 0.000000000000000000e+00 0.000000000000000000e+00
0.000000000000000000e+00 0.000000000000000000e+00 0.000000000000000000e+00 0.000000000000000000e+00 0.000000000000000000e+00
0.000000000000000000e+00 0.000000000000000000e+00 0.000000000000000000e+00 0.000000000000000000e+00 0.000000000000000000e+00
0.000000000000000000e+00 0.000000000000000000e+00 0.000000000000000000e+00 0.000000000000000000e+00 0.000000000000000000e+00
0.000000000000000000e+00 0.000000000000000000e+00 0.000000000000000000e+00 0.000000000000000000e+00 0.000000000000000000e+00
0.000000000000000000e+00 0.000000000000000000e+00 0.000000000000000000e+00 0.000000000000000000e+00 0.000000000000000000e+00
0.000000000000000000e+00 0.000000000000000000e+00 0.000000000000000000e+00 0.000000000000000000e+00 0.000000000000000000e+00
0.000000000000000000e+00 0.000000000000000000e+00 0.000000000000000000e+00 0.000000000000000000e+00 0.000000000000000000e+00
0.000000000000000000e+00 0.000000000000000000e+00 0.000000000000000000e+00 0.000000000000000000e+00 0.000000000000000000e+00
0.000000000000000000e+00 0.000000000000000000e+00 0.000000000000000000e+00 0.000000000000000000e+00 0.000000000000000000e+00
0.000000000000000000e+00 0.000000000000000000e+00 0.000000000000000000e+00 0.000000000000000000e+00 0.000000000000000000e+00
0.000000000000000000e+00 0.000000000000000000e+00 0.000000000000000000e+00 0.000000000000000000e+00 0.000000000000000000e+00
0.000000000000000000e+00 0.000000000000000000e+00 0.000000000000000000e+00 0.000000000000000000e+00 0.000000000000000000e+00
0.000000000000000000e+00 0.000000000000000000e+00 0.000000000000000000e+00 0.000000000000000000e+00 0.000000000000000000e+00
0.000000000000000000e+00 0.000000000000000000e+00 0.000000000000000000e+00 0.000000000000000000e+00 0.000000000000000000e+00
0.000000000000000000e+00 0.000000000000000000e+00 0.000000000000000000e+00 0.000000000000000000e+00 0.000000000000000000e+00
0.000000000000000000e+00 0.000000000000000000e+00 0.000000000000000000e+00 0.000000000000000000e+00 0.000000000000000000e+00
0.000000000000000000e+00 0.000000000000000000e+00 0.000000000000000000e+00 0.000000000000000000e+00 0.000000000000000000e+00
0.000000000000000000e+00 0.000000000000000000e+00 0.000000000000000000e+00 0.000000000000000000e+00 0.000000000000000000e+00
0.000000000000000000e+00 0.000000000000000000e+00 0.000000000000000000e+00 0.000000000000000000e+00 0.000000000000000000e+00
0.000000000000000000e+00 0.000000000000000000e+00 0.000000000000000000e+00 0.000000000000000000e+00 0.000000000000000000e+00
0.000000000000000000e+00 0.000000000000000000e+00 0.000000000000000000e+00 0.000000000000000000e+00 0.000000000000000000e+00
0.000000000000000000e+00 0.000000000000000000e+00 0.000000000000000000e+00 0.000000000000000000e+00 0.000000000000000000e+00
0.000000000000000000e+00 0.000000000000000000e+00 0.000000000000000000e+00 0.000000000000000000e+00 0.000000000000000000e+00
0.000000000000000000e+00 0.000000000000000000e+00 0.000000000000000000e+00 0.000000000000000000e+00 0.000000000000000000e+00
0.000000000000000000e+00 0.000000000000000000e+00 0.000000000000000000e+00 0.000000000000000000e+00 0.000000000000000000e+00
0.000000000000000000e+00 0.000000000000000000e+00 0.000000000000000000e+00 0.000000000000000000e+00 0.000000000000000000e+00
0.000000000000000000e+00 0.000000000000000000e+00 0.000000000000000000e+00 0.000000000000000000e+00 0.000000000000000000e+00
0.000000000000000000e+00 0.000000000000000000e+00 0.000000000000000000e+00 0.000000000000000000e+00 0.000000000000000000e+00
0.000000000000000000e+00 0.000000000000000000e+00 0.000000000000000000e+00 0.000000000000000000e+00 0.000000000000000000e+00
0.000000000000000000e+00 0.000000000000000000e+00 0.000000000000000000e+00 0.000000000000000000e+00 0.000000000000000000e+00
0.000000000000000000e+00 0.000000000000000000e+00 0.000000000000000000e+00 0.000000000000000000e+00 0.000000000000000000e+00
0.000000000000000000e+00 0.000000000000000000e+00 0.000000000000000000e+00 0.000000000000000000e+00 0.000000000000000000e+00
0.000000000000000000e+00 0.000000000000000000e+00 0.000000000000000000e+00 0.000000000000000000e+00 0.000000000000000000e+00
0.000000000000000000e+00 0.000000000000000000e+00 0.000000000000000000e+00 0.000000000000000000e+00 0.000000000000000000e+00
0.000000000000000000e+00 0.000000000000000000e+00 0.000000000000000000e+00 0.000000000000000000e+00 0.000000000000000000e+00
0.000000000000000000e+00 0.000000000000000000e+00 0.000000000000000000e+00 0.000000000000000000e+00 0.000000000000000000e+00
0.000000000000000000e+00 0.000000000000000000e+00 0.000000000000000000e+00 0.000000000000000000e+00 0.000000000000000000e+00
0.000000000000000000e+00 0.000000000000000000e+00 0.000000000000000000e+00 0.000000000000000000e+00 0.000000000000000000e+00
0.000000000000000000e+00 0.000000000000000000e+00 0.000000000000000000e+00 0.000000000000000000e+00 0.000000000000000000e+00
0.000000000000000000e+00 0.000000000000000000e+00 0.000000000000000000e+00 0.000000000000000000e+00 0.000000000000000000e+00
0.000000000000000000e+00 0.000000000000000000e+00 0.000000000000000000e+00 0.000000000000000000e+00 0.000000000000000000e+00
0.000000000000000000e+00 0.000000000000000000e+00 0.000000000000000000e+00 0.000000000000000000e+00 0.000000000000000000e+00
0.000000000000000000e+00 0.000000000000000000e+00 0.000000000000000000e+00 0.000000000000000000e+00 0.000000000000000000e+00
0.000000000000000000e+00 0.000000000000000000e+00 0.000000000000000000e+00 0.000000000000000000e+00 0.000000000000000000e+00
0.000000000000000000e+00 0.000000000000000000e+00 0.000000000000000000e+00 0.000000000000000000e+00 0.000000000000000000e+00
0.000000000000000000e+00 0.000000000000000000e+00 0.000000000000000000e+00 0.000000000000000000e+00 0.000000000000000000e+00
0.000000000000000000e+00 0.000000000000000000e+00 0.000000000000000000e+00 0.000000000000000000e+00 0.000000000000000000e+00
0.000000000000000000e+00 0.000000000000000000e+00 0.000000000000000000e+00 0.000000000000000000e+00 0.000000000000000000e+00
0.000000000000000000e+00 0.000000000000000000e+00 0.000000000000000000e+00 0.000000000000000000e+00 0.000000000000000000e+00
0.000000000000000000e+00 0.000000000000000000e+00 0.000000000000000000e+00 0.000000000000000000e+00 0.000000000000000000e+00
0.000000000000000000e+00 0.000000000000000000e+00 0.000000000000000000e+00 0.000000000000000000e+00 0.000000000000000000e+00
0.000000000000000000e+00 0.000000000000000000e+00 0.000000000000000000e+00 0.000000000000000000e+00 0.000000000000000000e+00
0.000000000000000000e+00 0.000000000000000000e+00 0.000000000000000000e+00 0.000000000000000000e+00 0.000000000000000000e+00
0.000000000000000000e+00 0.000000000000000000e+00 0.000000000000000000e+00 0.000000000000000000e+00 0.000000000000000000e+00
0.000000000000000000e+00 0.000000000000000000e+00 0.000000000000000000e+00 0.000000000000000000e+00 0.000000000000000000e+00
0.000000000000000000e+00 0.000000000000000000e+00 0.000000000000000000e+00 0.000000000000000000e+00 0.000000000000000000e+00
0.000000000000000000e+00 0.000000000000000000e+00 0.000000000000000000e+00 0.000000000000000000e+00 0.000000000000000000e+00
0.000000000000000000e+00 0.000000000000000000e+00 0.000000000000000000e+00 0.000000000000000000e+00 0.000000000000000000e+00
0.000000000000000000e+00 0.000000000000000000e+00 0.000000000000000000e+00 0.000000000000000000e+00 0.000000000000000000e+00
0.000000000000000000e+00 0.000000000000000000e+00 0.000000000000000000e+00 0.000000000000000000e+00 0.000000000000000000e+00
0.000000000000000000e+00 0.000000000000000000e+00 0.000000000000000000e+00 0.000000000000000000e+00 0.000000000000000000e+00
0.000000000000000000e+00 0.000000000000000000e+00 0.000000000000000000e+00 0.000000000000000000e+00 0.000000000000000000e+00
0.000000000000000000e+00 0.000000000000000000e+00 0.000000000000000000e+00 0.000000000000000000e+00 0.000000000000000000e+00
0.000000000000000000e+00 0.000000000000000000e+00 0.000000000000000000e+00 0.000000000000000000e+00 0.000000000000000000e+00
0.000000000000000000e+00 0.000000000000000000e+00 0.000000000000000000e+00 0.000000000000000000e+00 0.000000000000000000e+00
0.000000000000000000e+00 0.000000000000000000e+00 0.000000000000000000e+00 0.000000000000000000e+00 0.000000000000000000e+00
0.000000000000000000e+00 0.000000000000000000e+00 0.000000000000000000e+00 0.000000000000000000e+00 0.000000000000000000e+00
0.000000000000000000e+00 0.000000000000000000e+00 0.000000000000000000e+00 0.000000000000000000e+00 0.000000000000000000e+00
0.000000000000000000e+00 0.000000000000000000e+00 0.000000000000000000e+00 0.000000000000000000e+00 0.000000000000000000e+00
0.000000000000000000e+00 0.000000000000000000e+00 0.000000000000000000e+00 0.000000000000000000e+00 0.000000000000000000e+00
0.000000000000000000e+00 0.000000000000000000e+00 0.000000000000000000e+00 0.000000000000000000e+00 0.000000000000000000e+00
0.000000000000000000e+00 0.000000000000000000e+00 0.000000000000000000e+00 0.000000000000000000e+00 0.000000000000000000e+00
0.000000000000000000e+00 0.000000000000000000e+00 0.000000000000000000e+00 0.000000000000000000e+00 0.000000000000000000e+00
0.000000000000000000e+00 0.000000000000000000e+00 0.000000000000000000e+00 0.000000000000000000e+00 0.000000000000000000e+00
0.000000000000000000e+00 0.000000000000000000e+00 0.000000000000000000e+00 0.000000000000000000e+00 0.000000000000000000e+00
0.000000000000000000e+00 0.000000000000000000e+00 0.000000000000000000e+00 0.000000000000000000e+00 0.000000000000000000e+00
0.000000000000000000e+00 0.000000000000000000e+00 0.000000000000000000e+00 0.000000000000000000e+00 0.000000000000000000e+00
0.000000000000000000e+00 0.000000000000000000e+00 0.000000000000000000e+00 0.000000000000000000e+00 0.000000000000000000e+00
0.000000000000000000e+00 0.000000000000000000e+00 0.000000000000000000e+00 0.000000000000000000e+00 0.000000000000000000e+00
0.000000000000000000e+00 0.000000000000000000e+00 0.000000000000000000e+00 0.000000000000000000e+00 0.000000000000000000e+00
0.000000000000000000e+00 0.000000000000000000e+00 0.000000000000000000e+00 0.000000000000000000e+00 0.000000000000000000e+00
0.000000000000000000e+00 0.000000000000000000e+00 0.000000000000000000e+00 0.000000000000000000e+00 0.000000000000000000e+00
0.000000000000000000e+00 0.000000000000000000e+00 0.000000000000000000e+00 0.000000000000000000e+00 0.000000000000000000e+00
0.000000000000000000e+00 0.000000000000000000e+00 0.000000000000000000e+00 0.000000000000000000e+00 0.000000000000000000e+00
0.000000000000000000e+00 0.000000000000000000e+00 0.000000000000000000e+00 0.000000000000000000e+00 0.000000000000000000e+00
0.000000000000000000e+00 0.000000000000000000e+00 0.000000000000000000e+00 0.000000000000000000e+00 0.000000000000000000e+00
0.000000000000000000e+00 0.000000000000000000e+00 0.000000000000000000e+00 0.000000000000000000e+00 0.000000000000000000e+00
0.000000000000000000e+00 0.000000000000000000e+00 0.000000000000000000e+00 0.000000000000000000e+00 0.000000000000000000e+00
0.000000000000000000e+00 0.000000000000000000e+00 0.000000000000000000e+00 0.000000000000000000e+00 0.000000000000000000e+00
0.000000000000000000e+00 0.000000000000000000e+00 0.000000000000000000e+00 0.000000000000000000e+00 0.000000000000000000e+00
0.000000000000000000e+00 0.000000000000000000e+00 0.000000000000000000e+00 0.000000000000000000e+00 0.000000000000000000e+00
0.000000000000000000e+00 0.000000000000000000e+00 0.000000000000000000e+00 0.000000000000000000e+00 0.000000000000000000e+00
0.000000000000000000e+00 0.000000000000000000e+00 0.000000000000000000e+00 0.000000000000000000e+00 0.000000000000000000e+00
0.000000000000000000e+00 0.000000000000000000e+00 0.000000000000000000e+00 0.000000000000000000e+00 0.000000000000000000e+00
0.000000000000000000e+00 0.000000000000000000e+00 0.000000000000000000e+00 0.000000000000000000e+00 0.000000000000000000e+00
0.000000000000000000e+00 0.000000000000000000e+00 0.000000000000000000e+00 0.000000000000000000e+00 0.000000000000000000e+00
0.000000000000000000e+00 0.000000000000000000e+00 0.000000000000000000e+00 0.000000000000000000e+00 0.000000000000000000e+00
0.000000000000000000e+00 0.000000000000000000e+00 0.000000000000000000e+00 0.000000000000000000e+00 0.000000000000000000e+00
0.000000000000000000e+00 0.000000000000000000e+00 0.000000000000000000e+00 0.000000000000000000e+00 0.000000000000000000e+00
0.000000000000000000e+00 0.000000000000000000e+00 0.000000000000000000e+00 0.000000000000000000e+00 0.000000000000000000e+00
0.000000000000000000e+00 0.000000000000000000e+00 0.000000000000000000e+00 0.000000000000000000e+00 0.000000000000000000e+00
0.000000000000000000e+00 0.000000000000000000e+00 0.000000000000000000e+00 0.000000000000000000e+00 0.000000000000000000e+00
0.000000000000000000e+00 0.000000000000000000e+00 0.000000000000000000e+00 0.000000000000000000e+00 0.000000000000000000e+00
0.000000000000000000e+00 0.000000000000000000e+00 0.000000000000000000e+00 0.000000000000000000e+00 0.000000000000000000e+00
0.000000000000000000e+00 0.000000000000000000e+00 0.000000000000000000e+00 0.000000000000000000e+00 0.000000000000000000e+00
0.000000000000000000e+00 0.000000000000000000e+00 0.000000000000000000e+00 0.000000000000000000e+00 0.000000000000000000e+00
0.000000000000000000e+00 0.000000000000000000e+00 0.000000000000000000e+00 0.000000000000000000e+00 0.000000000000000000e+00
0.000000000000000000e+00 0.000000000000000000e+00 0.000000000000000000e+00 0.000000000000000000e+00 0.000000000000000000e+00
0.000000000000000000e+00 0.000000000000000000e+00 0.000000000000000000e+00 0.000000000000000000e+00 0.000000000000000000e+00
0.000000000000000000e+00 0.000000000000000000e+00 0.000000000000000000e+00 0.000000000000000000e+00 0.000000000000000000e+00
0.000000000000000000e+00 0.000000000000000000e+00 0.000000000000000000e+00 0.000000000000000000e+00 0.000000000000000000e+00
0.000000000000000000e+00 0.000000000000000000e+00 0.000000000000000000e+00 0.000000000000000000e+00 0.000000000000000000e+00
0.000000000000000000e+00 0.000000000000000000e+00 0.000000000000000000e+00 0.000000000000000000e+00 0.000000000000000000e+00
0.000000000000000000e+00 0.000000000000000000e+00 0.000000000000000000e+00 0.000000000000000000e+00 0.000000000000000000e+00
0.000000000000000000e+00 0.000000000000000000e+00 0.000000000000000000e+00 0.000000000000000000e+00 0.000000000000000000e+00
0.000000000000000000e+00 0.000000000000000000e+00 0.000000000000000000e+00 0.000000000000000000e+00 0.000000000000000000e+00
0.000000000000000000e+00 0.000000000000000000e+00 0.000000000000000000e+00 0.000000000000000000e+00 0.000000000000000000e+00
0.000000000000000000e+00 0.000000000000000000e+00 0.000000000000000000e+00 0.000000000000000000e+00 0.000000000000000000e+00
0.000000000000000000e+00 0.000000000000000000e+00 0.000000000000000000e+00 0.000000000000000000e+00 0.000000000000000000e+00
0.000000000000000000e+00 0.000000000000000000e+00 0.000000000000000000e+00 0.000000000000000000e+00 0.000000000000000000e+00
0.000000000000000000e+00 0.000000000000000000e+00 0.000000000000000000e+00 0.000000000000000000e+00 0.000000000000000000e+00
0.000000000000000000e+00 0.000000000000000000e+00 0.000000000000000000e+00 0.000000000000000000e+00 0.000000000000000000e+00
0.000000000000000000e+00 0.000000000000000000e+00 0.000000000000000000e+00 0.000000000000000000e+00 0.000000000000000000e+00
0.000000000000000000e+00 0.000000000000000000e+00 0.000000000000000000e+00 0.000000000000000000e+00 0.000000000000000000e+00
0.000000000000000000e+00 0.000000000000000000e+00 0.000000000000000000e+00 0.000000000000000000e+00 0.000000000000000000e+00
0.000000000000000000e+00 0.000000000000000000e+00 0.000000000000000000e+00 0.000000000000000000e+00 0.000000000000000000e+00
0.000000000000000000e+00 0.000000000000000000e+00 0.000000000000000000e+00 0.000000000000000000e+00 0.000000000000000000e+00
0.000000000000000000e+00 0.000000000000000000e+00 0.000000000000000000e+00 0.000000000000000000e+00 0.000000000000000000e+00
0.000000000000000000e+00 0.000000000000000000e+00 0.000000000000000000e+00 0.000000000000000000e+00 0.000000000000000000e+00
0.000000000000000000e+00 0.000000000000000000e+00 0.000000000000000000e+00 0.000000000000000000e+00 0.000000000000000000e+00
0.000000000000000000e+00 0.000000000000000000e+00 0.000000000000000000e+00 0.000000000000000000e+00 0.000000000000000000e+00
0.000000000000000000e+00 0.000000000000000000e+00 0.000000000000000000e+00 0.000000000000000000e+00 0.000000000000000000e+00
0.000000000000000000e+00 0.000000000000000000e+00 0.000000000000000000e+00 0.000000000000000000e+00 0.000000000000000000e+00
0.000000000000000000e+00 0.000000000000000000e+00 0.000000000000000000e+00 0.000000000000000000e+00 0.000000000000000000e+00
0.000000000000000000e+00 0.000000000000000000e+00 0.000000000000000000e+00 0.000000000000000000e+00 0.000000000000000000e+00
0.000000000000000000e+00 0.000000000000000000e+00 0.000000000000000000e+00 0.000000000000000000e+00 0.000000000000000000e+00
0.000000000000000000e+00 0.000000000000000000e+00 0.000000000000000000e+00 0.000000000000000000e+00 0.000000000000000000e+00
0.000000000000000000e+00 0.000000000000000000e+00 0.000000000000000000e+00 0.000000000000000000e+00 0.000000000000000000e+00
0.000000000000000000e+00 0.000000000000000000e+00 0.000000000000000000e+00 0.000000000000000000e+00 0.000000000000000000e+00
0.000000000000000000e+00 0.000000000000000000e+00 0.000000000000000000e+00 0.000000000000000000e+00 0.000000000000000000e+00
0.000000000000000000e+00 0.000000000000000000e+00 0.000000000000000000e+00 0.000000000000000000e+00 0.000000000000000000e+00
0.000000000000000000e+00 0.000000000000000000e+00 0.000000000000000000e+00 0.000000000000000000e+00 0.000000000000000000e+00
0.000000000000000000e+00 0.000000000000000000e+00 0.000000000000000000e+00 0.000000000000000000e+00 0.000000000000000000e+00
0.000000000000000000e+00 0.000000000000000000e+00 0.000000000000000000e+00 0.000000000000000000e+00 0.000000000000000000e+00
0.000000000000000000e+00 0.000000000000000000e+00 0.000000000000000000e+00 0.000000000000000000e+00 0.000000000000000000e+00
0.000000000000000000e+00 0.000000000000000000e+00 0.000000000000000000e+00 0.000000000000000000e+00 0.000000000000000000e+00
0.000000000000000000e+00 0.000000000000000000e+00 0.000000000000000000e+00 0.000000000000000000e+00 0.000000000000000000e+00
0.000000000000000000e+00 0.000000000000000000e+00 0.000000000000000000e+00 0.000000000000000000e+00 0.000000000000000000e+00
0.000000000000000000e+00 0.000000000000000000e+00 0.000000000000000000e+00 0.000000000000000000e+00 0.000000000000000000e+00
0.000000000000000000e+00 0.000000000000000000e+00 0.000000000000000000e+00 0.000000000000000000e+00 0.000000000000000000e+00
0.000000000000000000e+00 0.000000000000000000e+00 0.000000000000000000e+00 0.000000000000000000e+00 0.000000000000000000e+00
0.000000000000000000e+00 0.000000000000000000e+00 0.000000000000000000e+00 0.000000000000000000e+00 0.000000000000000000e+00
0.000000000000000000e+00 0.000000000000000000e+00 0.000000000000000000e+00 0.000000000000000000e+00 0.000000000000000000e+00
0.000000000000000000e+00 0.000000000000000000e+00 0.000000000000000000e+00 0.000000000000000000e+00 0.000000000000000000e+00
0.000000000000000000e+00 0.000000000000000000e+00 0.000000000000000000e+00 0.000000000000000000e+00 0.000000000000000000e+00
0.000000000000000000e+00 0.000000000000000000e+00 0.000000000000000000e+00 0.000000000000000000e+00 0.000000000000000000e+00
0.000000000000000000e+00 0.000000000000000000e+00 0.000000000000000000e+00 0.000000000000000000e+00 0.000000000000000000e+00
0.000000000000000000e+00 0.000000000000000000e+00 0.000000000000000000e+00 0.000000000000000000e+00 0.000000000000000000e+00
0.000000000000000000e+00 0.000000000000000000e+00 0.000000000000000000e+00 0.000000000000000000e+00 0.000000000000000000e+00
0.000000000000000000e+00 0.000000000000000000e+00 0.000000000000000000e+00 0.000000000000000000e+00 0.000000000000000000e+00
0.000000000000000000e+00 0.000000000000000000e+00 0.000000000000000000e+00 0.000000000000000000e+00 0.000000000000000000e+00
0.000000000000000000e+00 0.000000000000000000e+00 0.000000000000000000e+00 0.000000000000000000e+00 0.000000000000000000e+00
0.000000000000000000e+00 0.000000000000000000e+00 0.000000000000000000e+00 0.000000000000000000e+00 0.000000000000000000e+00
0.000000000000000000e+00 0.000000000000000000e+00 0.000000000000000000e+00 0.000000000000000000e+00 0.000000000000000000e+00
0.000000000000000000e+00 0.000000000000000000e+00 0.000000000000000000e+00 0.000000000000000000e+00 0.000000000000000000e+00
0.000000000000000000e+00 0.000000000000000000e+00 0.000000000000000000e+00 0.000000000000000000e+00 0.000000000000000000e+00
0.000000000000000000e+00 0.000000000000000000e+00 0.000000000000000000e+00 0.000000000000000000e+00 0.000000000000000000e+00
0.000000000000000000e+00 0.000000000000000000e+00 0.000000000000000000e+00 0.000000000000000000e+00 0.000000000000000000e+00
0.000000000000000000e+00 0.000000000000000000e+00 0.000000000000000000e+00 0.000000000000000000e+00 0.000000000000000000e+00
0.000000000000000000e+00 0.000000000000000000e+00 0.000000000000000000e+00 0.000000000000000000e+00 0.000000000000000000e+00
0.000000000000000000e+00 0.000000000000000000e+00 0.000000000000000000e+00 0.000000000000000000e+00 0.000000000000000000e+00
0.000000000000000000e+00 0.000000000000000000e+00 0.000000000000000000e+00 0.000000000000000000e+00 0.000000000000000000e+00
0.000000000000000000e+00 0.000000000000000000e+00 0.000000000000000000e+00 0.000000000000000000e+00 0.000000000000000000e+00
0.000000000000000000e+00 0.000000000000000000e+00 0.000000000000000000e+00 0.000000000000000000e+00 0.000000000000000000e+00
0.000000000000000000e+00 0.000000000000000000e+00 0.000000000000000000e+00 0.000000000000000000e+00 0.000000000000000000e+00
0.000000000000000000e+00 0.000000000000000000e+00 0.000000000000000000e+00 0.000000000000000000e+00 0.000000000000000000e+00
0.000000000000000000e+00 0.000000000000000000e+00 0.000000000000000000e+00 0.000000000000000000e+00 0.000000000000000000e+00
0.000000000000000000e+00 0.000000000000000000e+00 0.000000000000000000e+00 0.000000000000000000e+00 0.000000000000000000e+00
0.000000000000000000e+00 0.000000000000000000e+00 0.000000000000000000e+00 0.000000000000000000e+00 0.000000000000000000e+00
0.000000000000000000e+00 0.000000000000000000e+00 0.000000000000000000e+00 0.000000000000000000e+00 0.000000000000000000e+00
0.000000000000000000e+00 0.000000000000000000e+00 0.000000000000000000e+00 0.000000000000000000e+00 0.000000000000000000e+00
0.000000000000000000e+00 0.000000000000000000e+00 0.000000000000000000e+00 0.000000000000000000e+00 0.000000000000000000e+00
0.000000000000000000e+00 0.000000000000000000e+00 0.000000000000000000e+00 0.000000000000000000e+00 0.000000000000000000e+00
0.000000000000000000e+00 0.000000000000000000e+00 0.000000000000000000e+00 0.000000000000000000e+00 0.000000000000000000e+00
0.000000000000000000e+00 0.000000000000000000e+00 0.000000000000000000e+00 0.000000000000000000e+00 0.000000000000000000e+00
0.000000000000000000e+00 0.000000000000000000e+00 0.000000000000000000e+00 0.000000000000000000e+00 0.000000000000000000e+00
0.000000000000000000e+00 0.000000000000000000e+00 0.000000000000000000e+00 0.000000000000000000e+00 0.000000000000000000e+00
0.000000000000000000e+00 0.000000000000000000e+00 0.000000000000000000e+00 0.000000000000000000e+00 0.000000000000000000e+00
0.000000000000000000e+00 0.000000000000000000e+00 0.000000000000000000e+00 0.000000000000000000e+00 0.000000000000000000e+00
0.000000000000000000e+00 0.000000000000000000e+00 0.000000000000000000e+00 0.000000000000000000e+00 0.000000000000000000e+00
0.000000000000000000e+00 0.000000000000000000e+00 0.000000000000000000e+00 0.000000000000000000e+00 0.000000000000000000e+00
0.000000000000000000e+00 0.000000000000000000e+00 0.000000000000000000e+00 0.000000000000000000e+00 0.000000000000000000e+00
0.000000000000000000e+00 0.000000000000000000e+00 0.000000000000000000e+00 0.000000000000000000e+00 0.000000000000000000e+00
0.000000000000000000e+00 0.000000000000000000e+00 0.000000000000000000e+00 0.000000000000000000e+00 0.000000000000000000e+00
0.000000000000000000e+00 0.000000000000000000e+00 0.000000000000000000e+00 0.000000000000000000e+00 0.000000000000000000e+00
0.000000000000000000e+00 0.000000000000000000e+00 0.000000000000000000e+00 0.000000000000000000e+00 0.000000000000000000e+00
0.000000000000000000e+00 0.000000000000000000e+00 0.000000000000000000e+00 0.000000000000000000e+00 0.000000000000000000e+00
0.000000000000000000e+00 0.000000000000000000e+00 0.000000000000000000e+00 0.000000000000000000e+00 0.000000000000000000e+00
0.000000000000000000e+00 0.000000000000000000e+00 0.000000000000000000e+00 0.000000000000000000e+00 0.000000000000000000e+00
0.000000000000000000e+00 0.000000000000000000e+00 0.000000000000000000e+00 0.000000000000000000e+00 0.000000000000000000e+00
0.000000000000000000e+00 0.000000000000000000e+00 0.000000000000000000e+00 0.000000000000000000e+00 0.000000000000000000e+00
0.000000000000000000e+00 0.000000000000000000e+00 0.000000000000000000e+00 0.000000000000000000e+00 0.000000000000000000e+00
0.000000000000000000e+00 0.000000000000000000e+00 0.000000000000000000e+00 0.000000000000000000e+00 0.000000000000000000e+00
0.000000000000000000e+00 0.000000000000000000e+00 0.000000000000000000e+00 0.000000000000000000e+00 0.000000000000000000e+00
0.000000000000000000e+00 0.000000000000000000e+00 0.000000000000000000e+00 0.000000000000000000e+00 0.000000000000000000e+00
0.000000000000000000e+00 0.000000000000000000e+00 0.000000000000000000e+00 0.000000000000000000e+00 0.000000000000000000e+00
0.000000000000000000e+00 0.000000000000000000e+00 0.000000000000000000e+00 0.000000000000000000e+00 0.000000000000000000e+00
0.000000000000000000e+00 0.000000000000000000e+00 0.000000000000000000e+00 0.000000000000000000e+00 0.000000000000000000e+00
0.000000000000000000e+00 0.000000000000000000e+00 0.000000000000000000e+00 0.000000000000000000e+00 0.000000000000000000e+00
0.000000000000000000e+00 0.000000000000000000e+00 0.000000000000000000e+00 0.000000000000000000e+00 0.000000000000000000e+00
0.000000000000000000e+00 0.000000000000000000e+00 0.000000000000000000e+00 0.000000000000000000e+00 0.000000000000000000e+00
0.000000000000000000e+00 0.000000000000000000e+00 0.000000000000000000e+00 0.000000000000000000e+00 0.000000000000000000e+00
0.000000000000000000e+00 0.000000000000000000e+00 0.000000000000000000e+00 0.000000000000000000e+00 0.000000000000000000e+00
0.000000000000000000e+00 0.000000000000000000e+00 0.000000000000000000e+00 0.000000000000000000e+00 0.000000000000000000e+00
0.000000000000000000e+00 0.000000000000000000e+00 0.000000000000000000e+00 0.000000000000000000e+00 0.000000000000000000e+00
0.000000000000000000e+00 0.000000000000000000e+00 0.000000000000000000e+00 0.000000000000000000e+00 0.000000000000000000e+00
0.000000000000000000e+00 0.000000000000000000e+00 0.000000000000000000e+00 0.000000000000000000e+00 0.000000000000000000e+00
0.000000000000000000e+00 0.000000000000000000e+00 0.000000000000000000e+00 0.000000000000000000e+00 0.000000000000000000e+00
0.000000000000000000e+00 0.000000000000000000e+00 0.000000000000000000e+00 0.000000000000000000e+00 0.000000000000000000e+00
0.000000000000000000e+00 0.000000000000000000e+00 0.000000000000000000e+00 0.000000000000000000e+00 0.000000000000000000e+00
0.000000000000000000e+00 0.000000000000000000e+00 0.000000000000000000e+00 0.000000000000000000e+00 0.000000000000000000e+00
0.000000000000000000e+00 0.000000000000000000e+00 0.000000000000000000e+00 0.000000000000000000e+00 0.000000000000000000e+00
0.000000000000000000e+00 0.000000000000000000e+00 0.000000000000000000e+00 0.000000000000000000e+00 0.000000000000000000e+00
0.000000000000000000e+00 0.000000000000000000e+00 0.000000000000000000e+00 0.000000000000000000e+00 0.000000000000000000e+00
0.000000000000000000e+00 0.000000000000000000e+00 0.000000000000000000e+00 0.000000000000000000e+00 0.000000000000000000e+00
0.000000000000000000e+00 0.000000000000000000e+00 0.000000000000000000e+00 0.000000000000000000e+00 0.000000000000000000e+00
0.000000000000000000e+00 0.000000000000000000e+00 0.000000000000000000e+00 0.000000000000000000e+00 0.000000000000000000e+00
0.000000000000000000e+00 0.000000000000000000e+00 0.000000000000000000e+00 0.000000000000000000e+00 0.000000000000000000e+00
0.000000000000000000e+00 0.000000000000000000e+00 0.000000000000000000e+00 0.000000000000000000e+00 0.000000000000000000e+00
0.000000000000000000e+00 0.000000000000000000e+00 0.000000000000000000e+00 0.000000000000000000e+00 0.000000000000000000e+00
0.000000000000000000e+00 0.000000000000000000e+00 0.000000000000000000e+00 0.000000000000000000e+00 0.000000000000000000e+00
0.000000000000000000e+00 0.000000000000000000e+00 0.000000000000000000e+00 0.000000000000000000e+00 0.000000000000000000e+00
0.000000000000000000e+00 0.000000000000000000e+00 0.000000000000000000e+00 0.000000000000000000e+00 0.000000000000000000e+00
0.000000000000000000e+00 0.000000000000000000e+00 0.000000000000000000e+00 0.000000000000000000e+00 0.000000000000000000e+00
0.000000000000000000e+00 0.000000000000000000e+00 0.000000000000000000e+00 0.000000000000000000e+00 0.000000000000000000e+00
0.000000000000000000e+00 0.000000000000000000e+00 0.000000000000000000e+00 0.000000000000000000e+00 0.000000000000000000e+00
0.000000000000000000e+00 0.000000000000000000e+00 0.000000000000000000e+00 0.000000000000000000e+00 0.000000000000000000e+00
0.000000000000000000e+00 0.000000000000000000e+00 0.000000000000000000e+00 0.000000000000000000e+00 0.000000000000000000e+00
0.000000000000000000e+00 0.000000000000000000e+00 0.000000000000000000e+00 0.000000000000000000e+00 0.000000000000000000e+00
0.000000000000000000e+00 0.000000000000000000e+00 0.000000000000000000e+00 0.000000000000000000e+00 0.000000000000000000e+00
0.000000000000000000e+00 0.000000000000000000e+00 0.000000000000000000e+00 0.000000000000000000e+00 0.000000000000000000e+00
0.000000000000000000e+00 0.000000000000000000e+00 0.000000000000000000e+00 0.000000000000000000e+00 0.000000000000000000e+00
0.000000000000000000e+00 0.000000000000000000e+00 0.000000000000000000e+00 0.000000000000000000e+00 0.000000000000000000e+00
-2.311728700676850323e+01 -1.659607013761815608e+01 -4.772854698051510525e+00 2.205073801182966520e+01 3.025111122837336097e+01
-1.396528217173736763e+01 -1.401882348789983368e+01 -4.785815430492079692e+00 7.192279980659410654e+00 1.626647233401270398e+01
-8.558100391260746065e+00 -1.568126091836820279e+01 -5.723629062454215877e+00 5.749562372834349233e+00 1.108670588016997804e+01
-1.810250716550798611e+00 -1.504783712676682761e+01 -7.744722232222867042e+00 2.611576489912014853e+00 6.340844688515057115e+00
2.885990041948471418e+00 -1.118723226522137004e+01 -9.352364755581842104e+00 -1.014963433479454391e+00 3.612957172271724637e+00
4.271878927145045246e+00 -6.676003548986986225e+00 -1.023929941965455725e+01 -3.626350462805072450e+00 2.014778733284527945e+00
5.342446765527597563e+00 -3.533654333013680482e+00 -9.385741819229954430e+00 -5.904427598965778401e+00 -9.294592241847476899e-02
6.728871173462281696e+00 -1.711512097603950844e+00 -7.286949908909933882e+00 -7.446583433411612774e+00 -2.419393623532561932e+00
7.429775369941494567e+00 2.053217120026928910e-01 -5.572342255382111809e+00 -7.705311294127680455e+00 -4.373984158796739408e+00
7.228220330853729614e+00 2.300333064014980611e+00 -4.257132289418963822e+00 -7.228190039728376703e+00 -5.476827485332591117e+00
6.511658332723113674e+00 3.700867052657530465e+00 -2.523696409186204637e+00 -6.727199749598367085e+00 -5.667728989532383466e+00
5.464304295572276260e+00 4.320286543414297853e+00 -6.359250389009862836e-01 -5.964071756742361785e+00 -5.502302909716194179e+00
4.237154843891910438e+00 4.500914155652813164e+00 7.570107685480609305e-01 -4.585158255324073728e+00 -5.338449922083299271e+00
3.082165735161801479e+00 4.318027563051263229e+00 1.675016520850958202e+00 -2.989949973591954357e+00 -4.893748997116653676e+00
2.026063908199615682e+00 3.873902213884839352e+00 2.309380282586314781e+00 -1.645213726122785269e+00 -3.958643527281324737e+00
9.424647887842363403e-01 3.350068038283859462e+00 2.639829892537726153e+00 -5.347631068344904648e-01 -2.816071509919038096e+00
-1.003701217723640404e-01 2.731256256844293961e+00 2.719086488811495173e+00 4.221099393688199641e-01 -1.763111468911104929e+00
-9.151202908314505224e-01 1.958720317284634360e+00 2.649685022908032650e+00 1.168468945129585990e+00 -8.317163795221849121e-01
-1.459941597756775344e+00 1.154006809251884036e+00 2.408917040975988577e+00 1.695272123508328788e+00 -1.143768293784264145e-02
-1.806123049690300242e+00 4.627499031623072412e-01 1.993408138615215819e+00 2.016772617424500424e+00 6.613735469172654646e-01
-1.982977448744627225e+00 -1.031758940728377816e-01 1.514751691123761290e+00 2.109004647719214365e+00 1.168767892070166070e+00
-1.984766197486098838e+00 -5.726675724429530767e-01 1.057076190502215240e+00 2.004528450788822802e+00 1.491110020210006937e+00
-1.833359702633785782e+00 -9.284555161217733499e-01 6.205003899739658380e-01 1.791046098921911245e+00 1.613899467705559587e+00
-1.568589278166099277e+00 -1.149331073772097422e+00 2.087557166028153333e-01 1.512794140247408770e+00 1.578096926819072543e+00
-1.231933607559088095e+00 -1.241266508354909925e+00 -1.450923065455578254e-01 1.175993503391903339e+00 1.446813250778400395e+00
-8.711702715148872400e-01 -1.219814233350502208e+00 -4.199011242280947798e-01 8.086619845871334533e-01 1.248809728231492500e+00
-5.247483819995513166e-01 -1.108120413479129818e+00 -6.116724784405280779e-01 4.532389704949180143e-01 9.954145068217012948e-01
-2.090328519682715935e-01 -9.392949635604885827e-01 -7.198133275608697978e-01 1.360894789961708540e-01 7.131903232517222690e-01
6.496193841549757764e-02 -7.394169321560895014e-01 -7.526059579163968394e-01 -1.291070654771853121e-01 4.345994649654905118e-01
2.813268395660983856e-01 -5.228997521609990429e-01 -7.267613999243693890e-01 -3.328537922606233934e-01 1.812408068349036228e-01
4.313789923848787566e-01 -3.065165535123925977e-01 -6.550538160761676387e-01 -4.734183564734428806e-01 -3.439459401305412084e-02
5.190822585493748420e-01 -1.104876773701413128e-01 -5.471265814272818773e-01 -5.545832457539813243e-01 -2.051658202061545921e-01
5.526634591646706340e-01 5.275959621859893645e-02 -4.178769711472574144e-01 -5.800249258734124780e-01 -3.293637990623210499e-01
5.403009848212958488e-01 1.796296461870072747e-01 -2.840104957405165109e-01 -5.563256747166733795e-01 -4.076754944427718463e-01
4.916569166082629394e-01 2.691081112700777211e-01 -1.567019308264749888e-01 -4.958977018222232580e-01 -4.414006568455031698e-01
4.171779842270906258e-01 3.217592258052848209e-01 -4.272623311648571925e-02 -4.120726865519563908e-01 -4.354137952332637340e-01
3.267156421982608805e-01 3.409767180697631517e-01 5.235387367941157777e-02 -3.151021304790835309e-01 -3.987980396132462246e-01
2.299149343469420181e-01 3.317798782364712040e-01 1.250061772280153249e-01 -2.137430343458146809e-01 -3.410538251657824205e-01
1.355856246029851775e-01 3.000268261789784674e-01 1.744200563908782087e-01 -1.163759595390279067e-01 -2.700131705316022313e-01
5.007967826944348388e-02 2.526330625149730835e-01 2.014519408620518703e-01 -2.960111645877727682e-02 -1.928552297108976632e-01
-2.262378577502222043e-02 1.964974934134167128e-01 2.083559506200094447e-01 4.233919666885022082e-02 -1.164422225615302647e-01
-7.984914412043631060e-02 1.372255957058365894e-01 1.988169877799927932e-01 9.705488838844812671e-02 -4.638945583409493506e-02
-1.201894660480817834e-01 7.935969912755692912e-02 1.769618888783908162e-01 1.339414154781781718e-01 1.333743433553635782e-02
-1.438854044436221891e-01 2.683977085424782416e-02 1.466011200143890747e-01 1.539921893503048977e-01 6.032858871041213433e-02
-1.524991987611801214e-01 -1.739128764547404060e-02 1.114146338639487865e-01 1.590828092521423542e-01 9.370265510852959778e-02
-1.483518232866409825e-01 -5.172237172978988440e-02 7.496334276586580359e-02 1.516075103253022860e-01 1.138154639014343911e-01
-1.342288123102108877e-01 -7.562941772014665498e-02 4.021354713557023786e-02 1.345068867621757036e-01 1.217804670965438874e-01
-1.131090118131061750e-01 -8.940102439091157649e-02 9.320180258987065258e-03 1.109834890102634475e-01 1.192889884521486366e-01
-8.786381925790509584e-02 -9.401063607792359278e-02 -1.625331197185886367e-02 8.402629036738941404e-02 1.085581750026154424e-01
-6.111019349945845391e-02 -9.090481869056254993e-02 -3.568032338006066340e-02 5.622001389271602534e-02 9.204260871320535387e-02
-3.511831796106924114e-02 -8.177985939751275524e-02 -4.875148330275580477e-02 2.973023621650749959e-02 7.209134361985114481e-02
-1.166155890913733728e-02 -6.845990732770035336e-02 -5.574899044661352221e-02 6.228476999736720643e-03 5.080073594394551861e-02
8.059535019500074782e-03 -5.275794268909672624e-02 -5.732290135114226359e-02 -1.316050114688049888e-02 2.996400027523993259e-02
2.335802830006894482e-02 -3.629491355319203194e-02 -5.441158253840505665e-02 -2.782198552588877050e-02 1.100308629449209263e-02
3.398225908743945922e-02 -2.040311354691848322e-02 -4.811661778104658893e-02 -3.760081322042863744e-02 -5.070354249758768361e-03
4.006538097021117295e-02 -6.118130490107009933e-03 -3.955694828559064291e-02 -4.274192883220173655e-02 -1.764542234128363418e-02
4.205155469709787042e-02 5.829361982945258092e-03 -2.978578142430743370e-02 -4.378344235194120415e-02 -2.648701560401534039e-02
4.059643211591357215e-02 1.502313237669028467e-02 -1.974792486620913223e-02 -4.144391466027741444e-02 -3.168634056400776444e-02
3.647715284469388308e-02 2.133309162635210754e-02 -1.023012629961517206e-02 -3.654473179622863555e-02 -3.357927766854951201e-02
3.051382129104496244e-02 2.486347056023241464e-02 -1.824226638902359809e-03 -2.994163673635252820e-02 -3.266737776747020289e-02
2.349803824730489765e-02 2.590060822944550978e-02 5.076228828970741347e-03 -2.244992167891313173e-02 -2.955794654753152173e-02
1.614106456577779625e-02 2.485665114142499021e-02 1.026302345608076649e-02 -1.478715129080709900e-02 -2.490519679182456869e-02
9.042631739730744300e-03 2.221193866080994894e-02 1.369403872384378218e-02 -7.542632532853144056e-03 -1.934941333272544028e-02
2.669375886488190019e-03 1.846826668581158515e-02 1.546312996276721918e-02 -1.161161978413538520e-03 -1.347007741595573904e-02
-2.656547502566386498e-03 1.411160101791875121e-02 1.576481124310191717e-02 4.062184829511927830e-03 -7.756888739141043487e-03
-6.753006573245734501e-03 9.578793378506311740e-03 1.486211252830216267e-02 7.973670579919378554e-03 -2.592353230501664996e-03
-9.562060542689376774e-03 5.233188334297089739e-03 1.305571247638415144e-02 1.054400903770513764e-02 1.755317768381559063e-03
-1.112992526564049456e-02 1.353234014089821358e-03 1.065340830808114703e-02 1.184751319665000580e-02 5.129014003735221650e-03
-1.158408748507255837e-02 -1.870014103799721994e-03 7.945372137085904285e-03 1.203680972572396257e-02 7.472728302970743641e-03
-1.110821821056484637e-02 -4.330079874670378359e-03 5.187382709403998149e-03 1.131535827549878803e-02 8.816787698640027315e-03
-9.917853690000200118e-03 -5.996749453274219377e-03 2.589479110692849417e-03 9.912561054092883239e-03 9.258680866119917141e-03
-8.238702143836817982e-03 -6.903300479110807686e-03 3.092351338551679873e-04 8.062777339068460947e-03 8.942132217759635182e-03
-6.288070552895597132e-03 -7.131798905990471837e-03 -1.549585626703375851e-03 5.987475662294627909e-03 8.037650219105962890e-03
-4.260473116080021327e-03 -6.797753236809089827e-03 -2.933959207263026059e-03 3.881341931655235555e-03 6.725356318049158233e-03
-2.318103794607395685e-03 -6.035009655891432345e-03 -3.835678321295610260e-03 1.903335233754965827e-03 5.180061011667014270e-03
-5.855213487393484684e-04 -4.982357697036476907e-03 -4.283271181126924176e-03 1.721868163384598915e-04 3.559424727250792841e-03
8.521870502598005714e-04 -3.772664347589937961e-03 -4.332632936820957070e-03 -1.234441370501215829e-03 1.995831798429215098e-03
1.948009587859900194e-03 -2.524442734808118871e-03 -4.057633615450750852e-03 -2.277589338517405082e-03 5.917275522238085728e-04
2.688952605534034035e-03 -1.335915107203433649e-03 -3.541382835980932953e-03 -2.952223501828665775e-03 -5.819968804332553702e-04
3.090309561293302920e-03 -2.817826181722438150e-04 -2.868393874144725686e-03 -3.281040939373536247e-03 -1.484968247911222505e-03
3.189055815511210312e-03 5.875658830367669339e-04 -2.118087134883595013e-03 -3.307491527893002825e-03 -2.104291266458169218e-03
3.036941615786048487e-03 1.244963533841847436e-03 -1.360009744377776997e-03 -3.088549453200695183e-03 -2.450181030710929520e-03
2.693851634072430556e-03 1.683931198126487061e-03 -6.507410388434387016e-04 -2.687894997266404573e-03 -2.550756603580950355e-03
2.221888177467157277e-03 1.915113271433455111e-03 -3.230296594658454978e-05 -2.169999780832210234e-03 -2.446485614460147673e-03
1.680431907646884326e-03 1.962169801994484430e-03 4.680673663326473388e-04 -1.595310871804755948e-03 -2.184818149519873742e-03
1.122342045634106000e-03 1.857536341076659880e-03 8.370100502697042089e-04 -1.016634948480810152e-03 -1.815394909154832703e-03
5.913856099493131069e-04 1.638354967758992586e-03 1.073313036137335530e-03 -4.767839211106128516e-04 -1.386027173333470586e-03
1.208421263942938140e-04 1.342847521890178086e-03 1.185641919554392132e-03 -7.414436586916650640e-06 -9.395760063424241082e-04
-2.668699152108544581e-04 1.007333330860227250e-03 1.189980551385971808e-03 3.711017901419921827e-04 -5.117989293257352301e-04
-5.597130196544064518e-04 6.639702711419559478e-04 1.107038706082974500e-03 6.489633197270805454e-04 -1.301363776406994077e-04
-7.548862090644981038e-04 3.392286241243880340e-04 9.598321455639435840e-04 8.255868128470567058e-04 1.866663816629809958e-04
-8.572285357555387009e-04 5.307151733635606661e-05 7.715660562235271414e-04 9.078521215233337216e-04 4.282278425860042148e-04
-8.773798875982841139e-04 -1.812281377744362487e-04 5.639105566723756624e-04 9.081542083011484578e-04 5.916512788806116419e-04
-8.298785704852207346e-04 -3.567482891209117213e-04 3.557237337581398151e-04 8.424307028187527635e-04 6.802775396774762839e-04
-7.313464922886758757e-04 -4.721836008969582110e-04 1.622303775983269247e-04 7.283111918443552213e-04 7.022323432304133917e-04
-5.988757189712146101e-04 -5.308476347498647385e-04 -5.375702805121562733e-06 5.835075383542331906e-04 6.689026179840240616e-04
-4.486969939931917395e-04 -5.395316922784942903e-04 -1.399605360496991580e-04 4.245115989842673798e-04 5.934741728719217235e-04
-2.951676055906737872e-04 -5.073354747975322709e-04 -2.381774384385693111e-04 2.656353019769852608e-04 4.896228793738188756e-04
-1.500921437691538074e-04 -4.445573598133023552e-04 -2.999725101426875540e-04 1.183955635530864470e-04 3.704260161940808871e-04
-2.236246173792366676e-05 -3.617120449606048282e-04 -3.279482161611113611e-04 -8.778137483567149957e-06 2.475294576420594694e-04
8.212092583725905115e-05 -2.687244806787170148e-04 -3.266571551807651019e-04 -1.105546187263328761e-04 1.305799600226364987e-04
1.602946014145345544e-04 -1.743236245022039554e-04 -3.018914269903305581e-04 -1.844859244926055908e-04 2.691467979598627380e-05
2.116026571963303127e-04 -8.564162549129505919e-05 -2.600203829139502432e-04 -2.306235748372742478e-04 -5.852262877636960070e-05
2.375489469796931985e-04 -8.006741791799498742e-06 -2.074157613551896873e-04 -2.510276622125218182e-04 -1.230751242475847107e-04
2.411868891050161778e-04 5.509256273406037963e-05 -1.499884909272886091e-04 -2.492262113351628727e-04 -1.661204345748679145e-04
2.265957186553535507e-04 1.019030512416918555e-04 -9.284899464834239780e-05 -2.296734781470632925e-04 -1.887191700800094907e-04
1.983845942854500777e-04 1.321959546274342756e-04 -4.009175809116527489e-05 -1.972458550381084308e-04 -1.932107583479947266e-04
1.612543682583122973e-04 1.469870035020193200e-04 5.304244998782792209e-06 -1.568056670731010627e-04 -1.827941993548520827e-04
1.196411714143863492e-04 1.482181744227872855e-04 4.147629419914977689e-05 -1.128483496759535853e-04 -1.611341404084143392e-04
7.743824839145929673e-05 1.384426603801003353e-04 6.759277122458939857e-05 -6.925260090939744373e-05 -1.319878917382943939e-04
3.782381405859069901e-05 1.205149602556687682e-04 8.371251611904995116e-05 -2.911646791448063709e-05 -9.892655054022370109e-05
3.171033169380166328e-06 9.732325150224596655e-05 9.061155805678566821e-05 5.318625473371696444e-06 -6.511509137441251482e-05
-2.496800439732993482e-05 7.157514596567438048e-05 8.958492954125318875e-05 3.266216175301650537e-05 -3.315743996035180885e-05
-4.581654590163353191e-05 4.563825983794345120e-05 8.224988208294092829e-05 5.230922710541818788e-05 -5.014491943899912485e-06
-5.927958697249380293e-05 2.143406838683858950e-05 7.036663978166046718e-05 6.433116401804994666e-05 1.801280582469644287e-05
-6.581755892520746443e-05 3.838410256307156487e-07 5.568374368269957131e-05 6.933866649738718024e-05 3.524850111791266727e-05
-6.630318046818572952e-05 -1.659820574317905084e-05 3.981295926269723395e-05 6.833334282863035014e-05 4.656706216188410963e-05
-6.187999384010822723e-05 -2.906938905145040053e-05 2.413879969243026835e-05 6.255838109758826704e-05 5.229931721029146274e-05
-5.382447049173677556e-05 -3.700327858568996930e-05 9.761155661536236039e-06 5.336299651048648229e-05 5.311485613557209717e-05
-4.342869092122114694e-05 -4.070622962037973025e-05 -2.527476727909316878e-06 4.208080810474967848e-05 4.991190347691798479e-05
-3.190398254471205064e-05 -4.073257681147524067e-05 -1.224156894741312840e-05 2.993710390697401635e-05 4.370672856968127462e-05
-2.030827104260168881e-05 -3.779578140461481439e-05 -1.917722838307156508e-05 1.798126101348884731e-05 3.553590464111522351e-05
-9.496955599708201134e-06 -3.268702426506564507e-05 -2.337123380380390358e-05 7.045538508165805069e-06 2.637380807080091927e-05
-1.019123230250329470e-07 -2.620093354499530847e-05 -2.505220212389858148e-05 -2.273724253321063316e-06 1.707802146366788065e-05
7.470314367097330432e-06 -1.907635108766569942e-05 -2.458766942270429467e-05 -9.614346818676011708e-06 8.350211455621092682e-06
1.302423398019669776e-05 -1.195442637103028005e-05 -2.242941742336412858e-05 -1.482866058832854605e-05 7.143637459350316021e-07
1.654905186221355962e-05 -5.351858689550681447e-06 -1.906375808324867194e-05 -1.795217051681063936e-05 -5.487293541772686467e-06
1.818378267959275263e-05 3.526024361377722016e-07 -1.496994680438845648e-05 -1.916502685439525067e-05 -1.008375100086666976e-05
1.817780062030038835e-05 4.919280871540365752e-06 -1.058710510370985958e-05 -1.875083669444777001e-05 -1.305390829875463510e-05
1.685101824744350552e-05 8.238014559402984105e-06 -6.289990917007770577e-06 -1.705630945370018026e-05 -1.449858383351099178e-05
1.455688207752103835e-05 1.031078593616285843e-05 -2.374095009471943740e-06 -1.445388229104338507e-05 -1.460959289101282366e-05
1.165025911298300798e-05 1.122962172139807535e-05 9.503893227957860290e-07 -1.130943457772204397e-05 -1.363842390134095695e-05
8.461492884137555848e-06 1.115237158177961874e-05 3.557149330646325325e-06 -7.956878667059186228e-06 -1.186638795003247537e-05
5.277197878683637100e-06 1.027850071722014036e-05 5.396562441362107165e-06 -4.680206289187083257e-06 -9.578198001403137596e-06
2.327863524165252329e-06 8.826572917008945751e-06 6.484373993309588968e-06 -1.702645646695088999e-06 -7.040543481551253535e-06
-2.180245317617846013e-07 7.014643310654378183e-06 6.887863834847962607e-06 8.177287069699445965e-07 -4.486281712789974563e-06
-2.254117426048196648e-06 5.044443596169401189e-06 6.710960298583756867e-06 2.786822883571460352e-06 -2.104166851868427557e-06
-3.731795383821179257e-06 3.089865763250543296e-06 6.079474257347783350e-06 4.168885725519544394e-06 -3.365780987252264822e-08
-4.652349483436069022e-06 1.289857842756703121e-06 5.127872260146659755e-06 4.977849865639427662e-06 1.635323210180672504e-06
-5.057444796285892608e-06 -2.549834787757276899e-07 3.987571428609726354e-06 5.266623626098976274e-06 2.859807946009595980e-06
-5.017990500899571771e-06 -1.482074485359419214e-06 2.778096708233590562e-06 5.115441648051444190e-06 3.637431000846902407e-06
-4.623396354652697937e-06 -2.364135887056306728e-06 1.600762700171287634e-06 4.620897975371462962e-06 3.998709674490896759e-06
-3.971465789565087334e-06 -2.904277585091818992e-06 5.348394838122771944e-07 3.885762600575048964e-06 3.998429520812862847e-06
-3.159638173322321109e-06 -3.129832271131505195e-06 -3.639274659406055434e-07 3.010281823812022139e-06 3.706971973826966860e-06
-2.277952393381355023e-06 -3.085694222360046979e-06 -1.062762189363297693e-06 2.085421013653387945e-06 3.202086573672602299e-06
-1.404149085892925086e-06 -2.827485767742388134e-06 -1.549862072014462910e-06 1.187916831568713860e-06 2.562211287582272234e-06
-6.001356966933713011e-07 -2.415666877642053123e-06 -1.831069584845579357e-06 3.776464918558986028e-07 1.860003862041992306e-06
7.742764207563368473e-08 -1.917948533325386506e-06 -1.925855674933529826e-06 -2.933636333857236878e-07 1.172990793385508823e-06
6.071834368626127798e-07 -1.389268655671571651e-06 -1.867299548319323321e-06 -8.068370860314644233e-07 5.437034822364239517e-07
9.916843124457841441e-07 -8.719132527090778240e-07 -1.693279705339278962e-06 -1.165604257558072732e-06 -2.464950465963511306e-09
1.236459334919004505e-06 -3.966346140416021626e-07 -1.439626617916189844e-06 -1.378358427395198760e-06 -4.459827618319422982e-07
1.349974576569934470e-06 1.486095690950151038e-08 -1.138961036595276255e-06 -1.458692555633689381e-06 -7.759741738055936366e-07
1.347871347867624081e-06 3.466764653126119811e-07 -8.194720346743622486e-07 -1.425831419599177252e-06 -9.908581177775488413e-07
1.252047887589924358e-06 5.900162802774389093e-07 -5.055211138582649255e-07 -1.303105179317753937e-06 -1.097551338702373869e-06
1.087179546388483686e-06 7.447068295363123980e-07 -2.178905056382518524e-07 -1.115521330863344929e-06 -1.109688874123548885e-06
8.779660332081107299e-07 8.174048105047404533e-07 2.807916121838616164e-08 -8.882030222423509258e-07 -1.044607145228582112e-06
6.472961500136875657e-07 8.189967815042109578e-07 2.235078788714872644e-07 -6.447291478473005100e-07 -9.212003493352938222e-07
4.149213195248080410e-07 7.629987752721945071e-07 3.649337498856652928e-07 -4.050764501606352042e-07 -7.589449291245387030e-07
1.968868401647227984e-07 6.642215222285585696e-07 4.530726460671985478e-07 -1.847140884692066720e-07 -5.765740995755663789e-07
5.391598278947640210e-09 5.374708900163227554e-07 4.920754692605555647e-07 5.147215986767150753e-09 -3.904959133826935158e-07
-1.514320113749079155e-07 3.966780681707859912e-07 4.886393956127221827e-07 1.573432273360708678e-07 -2.140240318304620359e-07
-2.695043965772470074e-07 2.542174915021178094e-07 4.510321005568584951e-07 2.686287192688041614e-07 -5.729855478975309779e-08
-3.482312438407575428e-07 1.202073107720025291e-07 3.883265042858852212e-07 3.391896985505127304e-07 7.273279756248030026e-08
-3.897459577295592226e-07 2.148703437399035465e-09 3.096558121029602262e-07 3.719565100368527055e-07 1.722547660065743003e-07
-3.982789098522232507e-07 -9.498548614317314787e-08 2.234665341660502236e-07 3.719188956807784052e-07 2.402703147552642804e-07
-3.795351033453187028e-07 -1.685400929929414815e-07 1.370454860705194733e-07 3.453753061322117901e-07 2.781384456085334023e-07
-3.400099424233360423e-07 -2.179679770009101958e-07 5.632088129203793869e-08 2.991941139285358986e-07 2.890463868254755653e-07
-2.863740355962818285e-07 -2.444989100069960841e-07 -1.426458950959386129e-08 2.402516185995295928e-07 2.774144247652543527e-07
-2.249883168659039256e-07 -2.506963303616771555e-07 -7.181489847241095958e-08 1.750077860407373009e-07 2.483300232114515893e-07
-2.249883168659039256e-07 -2.506963303616771555e-07 -7.181489847241095958e-08 1.750077860407373009e-07 2.483300232114515893e-07
-2.513598884590351190e-07 -2.450987413027405637e-07 -5.362313926227102456e-08 1.921747205813062465e-07 2.496864270895571281e-07
-1.915876235436542174e-07 -2.468647619657815540e-07 -9.449260263139080962e-08 1.340253685810921525e-07 2.182824143659445326e-07
-1.099518032177115856e-07 -2.343575000729458679e-07 -1.393775872493563384e-07 6.139591057774396177e-08 1.741765842666609387e-07
-4.801005148991066562e-08 -1.968012641739846913e-07 -1.680687811145276100e-07 -1.390387804889314793e-09 1.199602195356419543e-07
-1.306033059478295399e-09 -1.523035031425479247e-07 -1.732625154460265549e-07 -5.218548926322341686e-08 6.564730981040156621e-08
3.567173223473218968e-08 -1.129527249510431375e-07 -1.591041631776590748e-07 -8.941529738848430497e-08 1.862341392211419588e-08
6.127869323080403774e-08 -7.549929570416225033e-08 -1.405139560262114173e-07 -1.115028402942641605e-07 -2.175621904854097011e-08
6.127869323080403774e-08 -7.549929570416225033e-08 -1.405139560262114173e-07 -1.115028402942641605e-07 -2.175621904854097011e-08
5.386038282040317426e-08 -8.510375737458275580e-08 -1.486218814683581968e-07 -1.036426278133717460e-07 -6.347555814301131250e-09
5.386038282040317426e-08 -8.510375737458275580e-08 -1.486218814683581968e-07 -1.036426278133717460e-07 -6.347555814301131250e-09
6.704057309292466016e-08 -6.122582441037138778e-08 -1.333650634371963406e-07 -1.154722206742064827e-07 -3.378163304645909193e-08
6.704057309292466016e-08 -6.122582441037138778e-08 -1.333650634371963406e-07 -1.154722206742064827e-07 -3.378163304645909193e-08
6.704057309292466016e-08 -6.122582441037138778e-08 -1.333650634371963406e-07 -1.154722206742064827e-07 -3.378163304645909193e-08
6.704057309292466016e-08 -6.122582441037138778e-08 -1.333650634371963406e-07 -1.154722206742064827e-07 -3.378163304645909193e-08
6.704057309292466016e-08 -6.122582441037138778e-08 -1.333650634371963406e-07 -1.154722206742064827e-07 -3.378163304645909193e-08
6.704057309292466016e-08 -6.122582441037138778e-08 -1.333650634371963406e-07 -1.154722206742064827e-07 -3.378163304645909193e-08
6.704057309292466016e-08 -6.122582441037138778e-08 -1.333650634371963406e-07 -1.154722206742064827e-07 -3.378163304645909193e-08
6.704057309292466016e-08 -6.122582441037138778e-08 -1.333650634371963406e-07 -1.154722206742064827e-07 -3.378163304645909193e-08
6.704057309292466016e-08 -6.122582441037138778e-08 -1.333650634371963406e-07 -1.154722206742064827e-07 -3.378163304645909193e-08
6.704057309292466016e-08 -6.122582441037138778e-08 -1.333650634371963406e-07 -1.154722206742064827e-07 -3.378163304645909193e-08
6.704057309292466016e-08 -6.122582441037138778e-08 -1.333650634371963406e-07 -1.154722206742064827e-07 -3.378163304645909193e-08
6.704057309292466016e-08 -6.122582441037138778e-08 -1.333650634371963406e-07 -1.154722206742064827e-07 -3.378163304645909193e-08
6.704057309292466016e-08 -6.122582441037138778e-08 -1.333650634371963406e-07 -1.154722206742064827e-07 -3.378163304645909193e-08
6.704057309292466016e-08 -6.122582441037138778e-08 -1.333650634371963406e-07 -1.154722206742064827e-07 -3.378163304645909193e-08
6.704057309292466016e-08 -6.122582441037138778e-08 -1.333650634371963406e-07 -1.154722206742064827e-07 -3.378163304645909193e-08
6.704057309292466016e-08 -6.122582441037138778e-08 -1.333650634371963406e-07 -1.154722206742064827e-07 -3.378163304645909193e-08
6.704057309292466016e-08 -6.122582441037138778e-08 -1.333650634371963406e-07 -1.154722206742064827e-07 -3.378163304645909193e-08
6.704057309292466016e-08 -6.122582441037138778e-08 -1.333650634371963406e-07 -1.154722206742064827e-07 -3.378163304645909193e-08
6.704057309292466016e-08 -6.122582441037138778e-08 -1.333650634371963406e-07 -1.154722206742064827e-07 -3.378163304645909193e-08
6.704057309292466016e-08 -6.122582441037138778e-08 -1.333650634371963406e-07 -1.154722206742064827e-07 -3.378163304645909193e-08
6.704057309292466016e-08 -6.122582441037138778e-08 -1.333650634371963406e-07 -1.154722206742064827e-07 -3.378163304645909193e-08
6.704057309292466016e-08 -6.122582441037138778e-08 -1.333650634371963406e-07 -1.154722206742064827e-07 -3.378163304645909193e-08
6.704057309292466016e-08 -6.122582441037138778e-08 -1.333650634371963406e-07 -1.154722206742064827e-07 -3.378163304645909193e-08
6.704057309292466016e-08 -6.122582441037138778e-08 -1.333650634371963406e-07 -1.154722206742064827e-07 -3.378163304645909193e-08
6.704057309292466016e-08 -6.122582441037138778e-08 -1.333650634371963406e-07 -1.154722206742064827e-07 -3.378163304645909193e-08
6.704057309292466016e-08 -6.122582441037138778e-08 -1.333650634371963406e-07 -1.154722206742064827e-07 -3.378163304645909193e-08
6.704057309292466016e-08 -6.122582441037138778e-08 -1.333650634371963406e-07 -1.154722206742064827e-07 -3.378163304645909193e-08
6.704057309292466016e-08 -6.122582441037138778e-08 -1.333650634371963406e-07 -1.154722206742064827e-07 -3.378163304645909193e-08
6.704057309292466016e-08 -6.122582441037138778e-08 -1.333650634371963406e-07 -1.154722206742064827e-07 -3.378163304645909193e-08
6.704057309292466016e-08 -6.122582441037138778e-08 -1.333650634371963406e-07 -1.154722206742064827e-07 -3.378163304645909193e-08
6.704057309292466016e-08 -6.122582441037138778e-08 -1.333650634371963406e-07 -1.154722206742064827e-07 -3.378163304645909193e-08
6.704057309292466016e-08 -6.122582441037138778e-08 -1.333650634371963406e-07 -1.154722206742064827e-07 -3.378163304645909193e-08
6.704057309292466016e-08 -6.122582441037138778e-08 -1.333650634371963406e-07 -1.154722206742064827e-07 -3.378163304645909193e-08
6.704057309292466016e-08 -6.122582441037138778e-08 -1.333650634371963406e-07 -1.154722206742064827e-07 -3.378163304645909193e-08
6.704057309292466016e-08 -6.122582441037138778e-08 -1.333650634371963406e-07 -1.154722206742064827e-07 -3.378163304645909193e-08
6.704057309292466016e-08 -6.122582441037138778e-08 -1.333650634371963406e-07 -1.154722206742064827e-07 -3.378163304645909193e-08
6.704057309292466016e-08 -6.122582441037138778e-08 -1.333650634371963406e-07 -1.154722206742064827e-07 -3.378163304645909193e-08
6.704057309292466016e-08 -6.122582441037138778e-08 -1.333650634371963406e-07 -1.154722206742064827e-07 -3.378163304645909193e-08
6.704057309292466016e-08 -6.122582441037138778e-08 -1.333650634371963406e-07 -1.154722206742064827e-07 -3.378163304645909193e-08
6.704057309292466016e-08 -6.122582441037138778e-08 -1.333650634371963406e-07 -1.154722206742064827e-07 -3.378163304645909193e-08
6.704057309292466016e-08 -6.122582441037138778e-08 -1.333650634371963406e-07 -1.154722206742064827e-07 -3.378163304645909193e-08
6.704057309292466016e-08 -6.122582441037138778e-08 -1.333650634371963406e-07 -1.154722206742064827e-07 -3.378163304645909193e-08
6.704057309292466016e-08 -6.122582441037138778e-08 -1.333650634371963406e-07 -1.154722206742064827e-07 -3.378163304645909193e-08
6.704057309292466016e-08 -6.122582441037138778e-08 -1.333650634371963406e-07 -1.154722206742064827e-07 -3.378163304645909193e-08
6.704057309292466016e-08 -6.122582441037138778e-08 -1.333650634371963406e-07 -1.154722206742064827e-07 -3.378163304645909193e-08
6.704057309292466016e-08 -6.122582441037138778e-08 -1.333650634371963406e-07 -1.154722206742064827e-07 -3.378163304645909193e-08
6.704057309292466016e-08 -6.122582441037138778e-08 -1.333650634371963406e-07 -1.154722206742064827e-07 -3.378163304645909193e-08
6.704057309292466016e-08 -6.122582441037138778e-08 -1.333650634371963406e-07 -1.154722206742064827e-07 -3.378163304645909193e-08
6.704057309292466016e-08 -6.122582441037138778e-08 -1.333650634371963406e-07 -1.154722206742064827e-07 -3.378163304645909193e-08
6.704057309292466016e-08 -6.122582441037138778e-08 -1.333650634371963406e-07 -1.154722206742064827e-07 -3.378163304645909193e-08
6.704057309292466016e-08 -6.122582441037138778e-08 -1.333650634371963406e-07 -1.154722206742064827e-07 -3.378163304645909193e-08
6.704057309292466016e-08 -6.122582441037138778e-08 -1.333650634371963406e-07 -1.154722206742064827e-07 -3.378163304645909193e-08
6.704057309292466016e-08 -6.122582441037138778e-08 -1.333650634371963406e-07 -1.154722206742064827e-07 -3.378163304645909193e-08
6.704057309292466016e-08 -6.122582441037138778e-08 -1.333650634371963406e-07 -1.154722206742064827e-07 -3.378163304645909193e-08
6.704057309292466016e-08 -6.122582441037138778e-08 -1.333650634371963406e-07 -1.154722206742064827e-07 -3.378163304645909193e-08
6.704057309292466016e-08 -6.122582441037138778e-08 -1.333650634371963406e-07 -1.154722206742064827e-07 -3.378163304645909193e-08
6.704057309292466016e-08 -6.122582441037138778e-08 -1.333650634371963406e-07 -1.154722206742064827e-07 -3.378163304645909193e-08
6.704057309292466016e-08 -6.122582441037138778e-08 -1.333650634371963406e-07 -1.154722206742064827e-07 -3.378163304645909193e-08
