0.000000000000000000e+00 0.000000000000000000e+00 0.000000000000000000e+00 0.000000000000000000e+00 0.000000000000000000e+00
0.000000000000000000e+00 0.000000000000000000e+00 0.000000000000000000e+00 0.000000000000000000e+00 0.000000000000000000e+00
0.000000000000000000e+00 0.000000000000000000e+00 0.000000000000000000e+00 0.000000000000000000e+00 0.000000000000000000e+00
0.000000000000000000e+00 0.000000000000000000e+00 0.000000000000000000e+00 0.000000000000000000e+00 0.000000000000000000e+00
0.000000000000000000e+00 0.000000000000000000e+00 0.000000000000000000e+00 0.000000000000000000e+00 0.000000000000000000e+00
0.000000000000000000e+00 0.000000000000000000e+00 0.000000000000000000e+00 0.000000000000000000e+00 0.000000000000000000e+00
0.000000000000000000e+00 0.000000000000000000e+00 0.000000000000000000e+00 0.000000000000000000e+00 0.000000000000000000e+00
0.000000000000000000e+00 0.000000000000000000e+00 0.000000000000000000e+00 0.000000000000000000e+00 0.000000000000000000e+00
0.000000000000000000e+00 0.000000000000000000e+00 0.000000000000000000e+00 0.000000000000000000e+00 0.000000000000000000e+00
0.000000000000000000e+00 0.000000000000000000e+00 0.000000000000000000e+00 0.000000000000000000e+00 0.000000000000000000e+00
0.000000000000000000e+00 0.000000000000000000e+00 0.000000000000000000e+00 0.000000000000000000e+00 0.000000000000000000e+00
0.000000000000000000e+00 0.000000000000000000e+00 0.000000000000000000e+00 0.000000000000000000e+00 0.000000000000000000e+00
0.000000000000000000e+00 0.000000000000000000e+00 0.000000000000000000e+00 0.000000000000000000e+00 0.000000000000000000e+00
0.000000000000000000e+00 0.000000000000000000e+00 0.000000000000000000e+00 0.000000000000000000e+00 0.000000000000000000e+00
0.000000000000000000e+00 0.000000000000000000e+00 0.000000000000000000e+00 0.000000000000000000e+00 0.000000000000000000e+00
0.000000000000000000e+00 0.000000000000000000e+00 0.000000000000000000e+00 0.000000000000000000e+00 0.000000000000000000e+00
0.000000000000000000e+00 0.000000000000000000e+00 0.000000000000000000e+00 0.000000000000000000e+00 0.000000000000000000e+00
0.000000000000000000e+00 0.000000000000000000e+00 0.000000000000000000e+00 0.000000000000000000e+00 0.000000000000000000e+00
0.000000000000000000e+00 0.000000000000000000e+00 0.000000000000000000e+00 0.000000000000000000e+00 0.000000000000000000e+00
0.000000000000000000e+00 0.000000000000000000e+00 0.000000000000000000e+00 0.000000000000000000e+00 0.000000000000000000e+00
0.000000000000000000e+00 0.000000000000000000e+00 0.000000000000000000e+00 0.000000000000000000e+00 0.000000000000000000e+00
0.000000000000000000e+00 0.000000000000000000e+00 0.000000000000000000e+00 0.000000000000000000e+00 0.000000000000000000e+00
0.000000000000000000e+00 0.000000000000000000e+00 0.000000000000000000e+00 0.000000000000000000e+00 0.000000000000000000e+00
0.000000000000000000e+00 0.000000000000000000e+00 0.000000000000000000e+00 0.000000000000000000e+00 0.000000000000000000e+00
0.000000000000000000e+00 0.000000000000000000e+00 0.000000000000000000e+00 0.000000000000000000e+00 0.000000000000000000e+00
0.000000000000000000e+00 0.000000000000000000e+00 0.000000000000000000e+00 0.000000000000000000e+00 0.000000000000000000e+00
0.000000000000000000e+00 0.000000000000000000e+00 0.000000000000000000e+00 0.000000000000000000e+00 0.000000000000000000e+00
0.000000000000000000e+00 0.000000000000000000e+00 0.000000000000000000e+00 0.000000000000000000e+00 0.000000000000000000e+00
0.000000000000000000e+00 0.000000000000000000e+00 0.000000000000000000e+00 0.000000000000000000e+00 0.000000000000000000e+00
0.000000000000000000e+00 0.000000000000000000e+00 0.000000000000000000e+00 0.000000000000000000e+00 0.000000000000000000e+00
0.000000000000000000e+00 0.000000000000000000e+00 0.000000000000000000e+00 0.000000000000000000e+00 0.000000000000000000e+00
0.000000000000000000e+00 0.000000000000000000e+00 0.000000000000000000e+00 0.000000000000000000e+00 0.000000000000000000e+00
0.000000000000000000e+00 0.000000000000000000e+00 0.000000000000000000e+00 0.000000000000000000e+00 0.000000000000000000e+00
0.000000000000000000e+00 0.000000000000000000e+00 0.000000000000000000e+00 0.000000000000000000e+00 0.000000000000000000e+00
0.000000000000000000e+00 0.000000000000000000e+00 0.000000000000000000e+00 0.000000000000000000e+00 0.000000000000000000e+00
0.000000000000000000e+00 0.000000000000000000e+00 0.000000000000000000e+00 0.000000000000000000e+00 0.000000000000000000e+00
0.000000000000000000e+00 0.000000000000000000e+00 0.000000000000000000e+00 0.000000000000000000e+00 0.000000000000000000e+00
0.000000000000000000e+00 0.000000000000000000e+00 0.000000000000000000e+00 0.000000000000000000e+00 0.000000000000000000e+00
0.000000000000000000e+00 0.000000000000000000e+00 0.000000000000000000e+00 0.000000000000000000e+00 0.000000000000000000e+00
0.000000000000000000e+00 0.000000000000000000e+00 0.000000000000000000e+00 0.000000000000000000e+00 0.000000000000000000e+00
0.000000000000000000e+00 0.000000000000000000e+00 0.000000000000000000e+00 0.000000000000000000e+00 0.000000000000000000e+00
0.000000000000000000e+00 0.000000000000000000e+00 0.000000000000000000e+00 0.000000000000000000e+00 0.000000000000000000e+00
0.000000000000000000e+00 0.000000000000000000e+00 0.000000000000000000e+00 0.000000000000000000e+00 0.000000000000000000e+00
0.000000000000000000e+00 0.000000000000000000e+00 0.000000000000000000e+00 0.000000000000000000e+00 0.000000000000000000e+00
0.000000000000000000e+00 0.000000000000000000e+00 0.000000000000000000e+00 0.000000000000000000e+00 0.000000000000000000e+00
0.000000000000000000e+00 0.000000000000000000e+00 0.000000000000000000e+00 0.000000000000000000e+00 0.000000000000000000e+00
0.000000000000000000e+00 0.000000000000000000e+00 0.000000000000000000e+00 0.000000000000000000e+00 0.000000000000000000e+00
0.000000000000000000e+00 0.000000000000000000e+00 0.000000000000000000e+00 0.000000000000000000e+00 0.000000000000000000e+00
0.000000000000000000e+00 0.000000000000000000e+00 0.000000000000000000e+00 0.000000000000000000e+00 0.000000000000000000e+00
0.000000000000000000e+00 0.000000000000000000e+00 0.000000000000000000e+00 0.000000000000000000e+00 0.000000000000000000e+00
0.000000000000000000e+00 0.000000000000000000e+00 0.000000000000000000e+00 0.000000000000000000e+00 0.000000000000000000e+00
0.000000000000000000e+00 0.000000000000000000e+00 0.000000000000000000e+00 0.000000000000000000e+00 0.000000000000000000e+00
0.000000000000000000e+00 0.000000000000000000e+00 0.000000000000000000e+00 0.000000000000000000e+00 0.000000000000000000e+00
0.000000000000000000e+00 0.000000000000000000e+00 0.000000000000000000e+00 0.000000000000000000e+00 0.000000000000000000e+00
0.000000000000000000e+00 0.000000000000000000e+00 0.000000000000000000e+00 0.000000000000000000e+00 0.000000000000000000e+00
0.000000000000000000e+00 0.000000000000000000e+00 0.000000000000000000e+00 0.000000000000000000e+00 0.000000000000000000e+00
0.000000000000000000e+00 0.000000000000000000e+00 0.000000000000000000e+00 0.000000000000000000e+00 0.000000000000000000e+00
0.000000000000000000e+00 0.000000000000000000e+00 0.000000000000000000e+00 0.000000000000000000e+00 0.000000000000000000e+00
0.000000000000000000e+00 0.000000000000000000e+00 0.000000000000000000e+00 0.000000000000000000e+00 0.000000000000000000e+00
0.000000000000000000e+00 0.000000000000000000e+00 0.000000000000000000e+00 0.000000000000000000e+00 0.000000000000000000e+00
0.000000000000000000e+00 0.000000000000000000e+00 0.000000000000000000e+00 0.000000000000000000e+00 0.000000000000000000e+00
0.000000000000000000e+00 0.000000000000000000e+00 0.000000000000000000e+00 0.000000000000000000e+00 0.000000000000000000e+00
0.000000000000000000e+00 0.000000000000000000e+00 0.000000000000000000e+00 0.000000000000000000e+00 0.000000000000000000e+00
0.000000000000000000e+00 0.000000000000000000e+00 0.000000000000000000e+00 0.000000000000000000e+00 0.000000000000000000e+00
0.000000000000000000e+00 0.000000000000000000e+00 0.000000000000000000e+00 0.000000000000000000e+00 0.000000000000000000e+00
0.000000000000000000e+00 0.000000000000000000e+00 0.000000000000000000e+00 0.000000000000000000e+00 0.000000000000000000e+00
0.000000000000000000e+00 0.000000000000000000e+00 0.000000000000000000e+00 0.000000000000000000e+00 0.000000000000000000e+00
0.000000000000000000e+00 0.000000000000000000e+00 0.000000000000000000e+00 0.000000000000000000e+00 0.000000000000000000e+00
0.000000000000000000e+00 0.000000000000000000e+00 0.000000000000000000e+00 0.000000000000000000e+00 0.000000000000000000e+00
0.000000000000000000e+00 0.000000000000000000e+00 0.000000000000000000e+00 0.000000000000000000e+00 0.000000000000000000e+00
0.000000000000000000e+00 0.000000000000000000e+00 0.000000000000000000e+00 0.000000000000000000e+00 0.000000000000000000e+00
0.000000000000000000e+00 0.000000000000000000e+00 0.000000000000000000e+00 0.000000000000000000e+00 0.000000000000000000e+00
0.000000000000000000e+00 0.000000000000000000e+00 0.000000000000000000e+00 0.000000000000000000e+00 0.000000000000000000e+00
0.000000000000000000e+00 0.000000000000000000e+00 0.000000000000000000e+00 0.000000000000000000e+00 0.000000000000000000e+00
0.000000000000000000e+00 0.000000000000000000e+00 0.000000000000000000e+00 0.000000000000000000e+00 0.000000000000000000e+00
0.000000000000000000e+00 0.000000000000000000e+00 0.000000000000000000e+00 0.000000000000000000e+00 0.000000000000000000e+00
0.000000000000000000e+00 0.000000000000000000e+00 0.000000000000000000e+00 0.000000000000000000e+00 0.000000000000000000e+00
0.000000000000000000e+00 0.000000000000000000e+00 0.000000000000000000e+00 0.000000000000000000e+00 0.000000000000000000e+00
0.000000000000000000e+00 0.000000000000000000e+00 0.000000000000000000e+00 0.000000000000000000e+00 0.000000000000000000e+00
0.000000000000000000e+00 0.000000000000000000e+00 0.000000000000000000e+00 0.000000000000000000e+00 0.000000000000000000e+00
0.000000000000000000e+00 0.000000000000000000e+00 0.000000000000000000e+00 0.000000000000000000e+00 0.000000000000000000e+00
0.000000000000000000e+00 0.000000000000000000e+00 0.000000000000000000e+00 0.000000000000000000e+00 0.000000000000000000e+00
0.000000000000000000e+00 0.000000000000000000e+00 0.000000000000000000e+00 0.000000000000000000e+00 0.000000000000000000e+00
0.000000000000000000e+00 0.000000000000000000e+00 0.000000000000000000e+00 0.000000000000000000e+00 0.000000000000000000e+00
0.000000000000000000e+00 0.000000000000000000e+00 0.000000000000000000e+00 0.000000000000000000e+00 0.000000000000000000e+00
0.000000000000000000e+00 0.000000000000000000e+00 0.000000000000000000e+00 0.000000000000000000e+00 0.000000000000000000e+00
0.000000000000000000e+00 0.000000000000000000e+00 0.000000000000000000e+00 0.000000000000000000e+00 0.000000000000000000e+00
0.000000000000000000e+00 0.000000000000000000e+00 0.000000000000000000e+00 0.000000000000000000e+00 0.000000000000000000e+00
0.000000000000000000e+00 0.000000000000000000e+00 0.000000000000000000e+00 0.000000000000000000e+00 0.000000000000000000e+00
0.000000000000000000e+00 0.000000000000000000e+00 0.000000000000000000e+00 0.000000000000000000e+00 0.000000000000000000e+00
0.000000000000000000e+00 0.000000000000000000e+00 0.000000000000000000e+00 0.000000000000000000e+00 0.000000000000000000e+00
0.000000000000000000e+00 0.000000000000000000e+00 0.000000000000000000e+00 0.000000000000000000e+00 0.000000000000000000e+00
0.000000000000000000e+00 0.000000000000000000e+00 0.000000000000000000e+00 0.000000000000000000e+00 0.000000000000000000e+00
0.000000000000000000e+00 0.000000000000000000e+00 0.000000000000000000e+00 0.000000000000000000e+00 0.000000000000000000e+00
0.000000000000000000e+00 0.000000000000000000e+00 0.000000000000000000e+00 0.000000000000000000e+00 0.000000000000000000e+00
0.000000000000000000e+00 0.000000000000000000e+00 0.000000000000000000e+00 0.000000000000000000e+00 0.000000000000000000e+00
0.000000000000000000e+00 0.000000000000000000e+00 0.000000000000000000e+00 0.000000000000000000e+00 0.000000000000000000e+00
0.000000000000000000e+00 0.000000000000000000e+00 0.000000000000000000e+00 0.000000000000000000e+00 0.000000000000000000e+00
0.000000000000000000e+00 0.000000000000000000e+00 0.000000000000000000e+00 0.000000000000000000e+00 0.000000000000000000e+00
0.000000000000000000e+00 0.000000000000000000e+00 0.000000000000000000e+00 0.000000000000000000e+00 0.000000000000000000e+00
0.000000000000000000e+00 0.000000000000000000e+00 0.000000000000000000e+00 0.000000000000000000e+00 0.000000000000000000e+00
0.000000000000000000e+00 0.000000000000000000e+00 0.000000000000000000e+00 0.000000000000000000e+00 0.000000000000000000e+00
0.000000000000000000e+00 0.000000000000000000e+00 0.000000000000000000e+00 0.000000000000000000e+00 0.000000000000000000e+00
0.000000000000000000e+00 0.000000000000000000e+00 0.000000000000000000e+00 0.000000000000000000e+00 0.000000000000000000e+00
0.000000000000000000e+00 0.000000000000000000e+00 0.000000000000000000e+00 0.000000000000000000e+00 0.000000000000000000e+00
0.000000000000000000e+00 0.000000000000000000e+00 0.000000000000000000e+00 0.000000000000000000e+00 0.000000000000000000e+00
0.000000000000000000e+00 0.000000000000000000e+00 0.000000000000000000e+00 0.000000000000000000e+00 0.000000000000000000e+00
0.000000000000000000e+00 0.000000000000000000e+00 0.000000000000000000e+00 0.000000000000000000e+00 0.000000000000000000e+00
0.000000000000000000e+00 0.000000000000000000e+00 0.000000000000000000e+00 0.000000000000000000e+00 0.000000000000000000e+00
0.000000000000000000e+00 0.000000000000000000e+00 0.000000000000000000e+00 0.000000000000000000e+00 0.000000000000000000e+00
0.000000000000000000e+00 0.000000000000000000e+00 0.000000000000000000e+00 0.000000000000000000e+00 0.000000000000000000e+00
0.000000000000000000e+00 0.000000000000000000e+00 0.000000000000000000e+00 0.000000000000000000e+00 0.000000000000000000e+00
0.000000000000000000e+00 0.000000000000000000e+00 0.000000000000000000e+00 0.000000000000000000e+00 0.000000000000000000e+00
0.000000000000000000e+00 0.000000000000000000e+00 0.000000000000000000e+00 0.000000000000000000e+00 0.000000000000000000e+00
0.000000000000000000e+00 0.000000000000000000e+00 0.000000000000000000e+00 0.000000000000000000e+00 0.000000000000000000e+00
0.000000000000000000e+00 0.000000000000000000e+00 0.000000000000000000e+00 0.000000000000000000e+00 0.000000000000000000e+00
0.000000000000000000e+00 0.000000000000000000e+00 0.000000000000000000e+00 0.000000000000000000e+00 0.000000000000000000e+00
0.000000000000000000e+00 0.000000000000000000e+00 0.000000000000000000e+00 0.000000000000000000e+00 0.000000000000000000e+00
0.000000000000000000e+00 0.000000000000000000e+00 0.000000000000000000e+00 0.000000000000000000e+00 0.000000000000000000e+00
0.000000000000000000e+00 0.000000000000000000e+00 0.000000000000000000e+00 0.000000000000000000e+00 0.000000000000000000e+00
0.000000000000000000e+00 0.000000000000000000e+00 0.000000000000000000e+00 0.000000000000000000e+00 0.000000000000000000e+00
0.000000000000000000e+00 0.000000000000000000e+00 0.000000000000000000e+00 0.000000000000000000e+00 0.000000000000000000e+00
0.000000000000000000e+00 0.000000000000000000e+00 0.000000000000000000e+00 0.000000000000000000e+00 0.000000000000000000e+00
0.000000000000000000e+00 0.000000000000000000e+00 0.000000000000000000e+00 0.000000000000000000e+00 0.000000000000000000e+00
0.000000000000000000e+00 0.000000000000000000e+00 0.000000000000000000e+00 0.000000000000000000e+00 0.000000000000000000e+00
0.000000000000000000e+00 0.000000000000000000e+00 0.000000000000000000e+00 0.000000000000000000e+00 0.000000000000000000e+00
0.000000000000000000e+00 0.000000000000000000e+00 0.000000000000000000e+00 0.000000000000000000e+00 0.000000000000000000e+00
0.000000000000000000e+00 0.000000000000000000e+00 0.000000000000000000e+00 0.000000000000000000e+00 0.000000000000000000e+00
0.000000000000000000e+00 0.000000000000000000e+00 0.000000000000000000e+00 0.000000000000000000e+00 0.000000000000000000e+00
0.000000000000000000e+00 0.000000000000000000e+00 0.000000000000000000e+00 0.000000000000000000e+00 0.000000000000000000e+00
0.000000000000000000e+00 0.000000000000000000e+00 0.000000000000000000e+00 0.000000000000000000e+00 0.000000000000000000e+00
0.000000000000000000e+00 0.000000000000000000e+00 0.000000000000000000e+00 0.000000000000000000e+00 0.000000000000000000e+00
0.000000000000000000e+00 0.000000000000000000e+00 0.000000000000000000e+00 0.000000000000000000e+00 0.000000000000000000e+00
0.000000000000000000e+00 0.000000000000000000e+00 0.000000000000000000e+00 0.000000000000000000e+00 0.000000000000000000e+00
0.000000000000000000e+00 0.000000000000000000e+00 0.000000000000000000e+00 0.000000000000000000e+00 0.000000000000000000e+00
0.000000000000000000e+00 0.000000000000000000e+00 0.000000000000000000e+00 0.000000000000000000e+00 0.000000000000000000e+00
0.000000000000000000e+00 0.000000000000000000e+00 0.000000000000000000e+00 0.000000000000000000e+00 0.000000000000000000e+00
0.000000000000000000e+00 0.000000000000000000e+00 0.000000000000000000e+00 0.000000000000000000e+00 0.000000000000000000e+00
0.000000000000000000e+00 0.000000000000000000e+00 0.000000000000000000e+00 0.000000000000000000e+00 0.000000000000000000e+00
0.000000000000000000e+00 0.000000000000000000e+00 0.000000000000000000e+00 0.000000000000000000e+00 0.000000000000000000e+00
0.000000000000000000e+00 0.000000000000000000e+00 0.000000000000000000e+00 0.000000000000000000e+00 0.000000000000000000e+00
0.000000000000000000e+00 0.000000000000000000e+00 0.000000000000000000e+00 0.000000000000000000e+00 0.000000000000000000e+00
0.000000000000000000e+00 0.000000000000000000e+00 0.000000000000000000e+00 0.000000000000000000e+00 0.000000000000000000e+00
0.000000000000000000e+00 0.000000000000000000e+00 0.000000000000000000e+00 0.000000000000000000e+00 0.000000000000000000e+00
0.000000000000000000e+00 0.000000000000000000e+00 0.000000000000000000e+00 0.000000000000000000e+00 0.000000000000000000e+00
0.000000000000000000e+00 0.000000000000000000e+00 0.000000000000000000e+00 0.000000000000000000e+00 0.000000000000000000e+00
0.000000000000000000e+00 0.000000000000000000e+00 0.000000000000000000e+00 0.000000000000000000e+00 0.000000000000000000e+00
0.000000000000000000e+00 0.000000000000000000e+00 0.000000000000000000e+00 0.000000000000000000e+00 0.000000000000000000e+00
0.000000000000000000e+00 0.000000000000000000e+00 0.000000000000000000e+00 0.000000000000000000e+00 0.000000000000000000e+00
0.000000000000000000e+00 0.000000000000000000e+00 0.000000000000000000e+00 0.000000000000000000e+00 0.000000000000000000e+00
0.000000000000000000e+00 0.000000000000000000e+00 0.000000000000000000e+00 0.000000000000000000e+00 0.000000000000000000e+00
0.000000000000000000e+00 0.000000000000000000e+00 0.000000000000000000e+00 0.000000000000000000e+00 0.000000000000000000e+00
0.000000000000000000e+00 0.000000000000000000e+00 0.000000000000000000e+00 0.000000000000000000e+00 0.000000000000000000e+00
0.000000000000000000e+00 0.000000000000000000e+00 0.000000000000000000e+00 0.000000000000000000e+00 0.000000000000000000e+00
0.000000000000000000e+00 0.000000000000000000e+00 0.000000000000000000e+00 0.000000000000000000e+00 0.000000000000000000e+00
0.000000000000000000e+00 0.000000000000000000e+00 0.000000000000000000e+00 0.000000000000000000e+00 0.000000000000000000e+00
0.000000000000000000e+00 0.000000000000000000e+00 0.000000000000000000e+00 0.000000000000000000e+00 0.000000000000000000e+00
0.000000000000000000e+00 0.000000000000000000e+00 0.000000000000000000e+00 0.000000000000000000e+00 0.000000000000000000e+00
0.000000000000000000e+00 0.000000000000000000e+00 0.000000000000000000e+00 0.000000000000000000e+00 0.000000000000000000e+00
0.000000000000000000e+00 0.000000000000000000e+00 0.000000000000000000e+00 0.000000000000000000e+00 0.000000000000000000e+00
0.000000000000000000e+00 0.000000000000000000e+00 0.000000000000000000e+00 0.000000000000000000e+00 0.000000000000000000e+00
0.000000000000000000e+00 0.000000000000000000e+00 0.000000000000000000e+00 0.000000000000000000e+00 0.000000000000000000e+00
0.000000000000000000e+00 0.000000000000000000e+00 0.000000000000000000e+00 0.000000000000000000e+00 0.000000000000000000e+00
0.000000000000000000e+00 0.000000000000000000e+00 0.000000000000000000e+00 0.000000000000000000e+00 0.000000000000000000e+00
0.000000000000000000e+00 0.000000000000000000e+00 0.000000000000000000e+00 0.000000000000000000e+00 0.000000000000000000e+00
0.000000000000000000e+00 0.000000000000000000e+00 0.000000000000000000e+00 0.000000000000000000e+00 0.000000000000000000e+00
0.000000000000000000e+00 0.000000000000000000e+00 0.000000000000000000e+00 0.000000000000000000e+00 0.000000000000000000e+00
0.000000000000000000e+00 0.000000000000000000e+00 0.000000000000000000e+00 0.000000000000000000e+00 0.000000000000000000e+00
0.000000000000000000e+00 0.000000000000000000e+00 0.000000000000000000e+00 0.000000000000000000e+00 0.000000000000000000e+00
0.000000000000000000e+00 0.000000000000000000e+00 0.000000000000000000e+00 0.000000000000000000e+00 0.000000000000000000e+00
0.000000000000000000e+00 0.000000000000000000e+00 0.000000000000000000e+00 0.000000000000000000e+00 0.000000000000000000e+00
0.000000000000000000e+00 0.000000000000000000e+00 0.000000000000000000e+00 0.000000000000000000e+00 0.000000000000000000e+00
0.000000000000000000e+00 0.000000000000000000e+00 0.000000000000000000e+00 0.000000000000000000e+00 0.000000000000000000e+00
0.000000000000000000e+00 0.000000000000000000e+00 0.000000000000000000e+00 0.000000000000000000e+00 0.000000000000000000e+00
0.000000000000000000e+00 0.000000000000000000e+00 0.000000000000000000e+00 0.000000000000000000e+00 0.000000000000000000e+00
0.000000000000000000e+00 0.000000000000000000e+00 0.000000000000000000e+00 0.000000000000000000e+00 0.000000000000000000e+00
0.000000000000000000e+00 0.000000000000000000e+00 0.000000000000000000e+00 0.000000000000000000e+00 0.000000000000000000e+00
0.000000000000000000e+00 0.000000000000000000e+00 0.000000000000000000e+00 0.000000000000000000e+00 0.000000000000000000e+00
0.000000000000000000e+00 0.000000000000000000e+00 0.000000000000000000e+00 0.000000000000000000e+00 0.000000000000000000e+00
0.000000000000000000e+00 0.000000000000000000e+00 0.000000000000000000e+00 0.000000000000000000e+00 0.000000000000000000e+00
0.000000000000000000e+00 0.000000000000000000e+00 0.000000000000000000e+00 0.000000000000000000e+00 0.000000000000000000e+00
0.000000000000000000e+00 0.000000000000000000e+00 0.000000000000000000e+00 0.000000000000000000e+00 0.000000000000000000e+00
0.000000000000000000e+00 0.000000000000000000e+00 0.000000000000000000e+00 0.000000000000000000e+00 0.000000000000000000e+00
0.000000000000000000e+00 0.000000000000000000e+00 0.000000000000000000e+00 0.000000000000000000e+00 0.000000000000000000e+00
0.000000000000000000e+00 0.000000000000000000e+00 0.000000000000000000e+00 0.000000000000000000e+00 0.000000000000000000e+00
0.000000000000000000e+00 0.000000000000000000e+00 0.000000000000000000e+00 0.000000000000000000e+00 0.000000000000000000e+00
0.000000000000000000e+00 0.000000000000000000e+00 0.000000000000000000e+00 0.000000000000000000e+00 0.000000000000000000e+00
0.000000000000000000e+00 0.000000000000000000e+00 0.000000000000000000e+00 0.000000000000000000e+00 0.000000000000000000e+00
0.000000000000000000e+00 0.000000000000000000e+00 0.000000000000000000e+00 0.000000000000000000e+00 0.000000000000000000e+00
0.000000000000000000e+00 0.000000000000000000e+00 0.000000000000000000e+00 0.000000000000000000e+00 0.000000000000000000e+00
0.000000000000000000e+00 0.000000000000000000e+00 0.000000000000000000e+00 0.000000000000000000e+00 0.000000000000000000e+00
0.000000000000000000e+00 0.000000000000000000e+00 0.000000000000000000e+00 0.000000000000000000e+00 0.000000000000000000e+00
0.000000000000000000e+00 0.000000000000000000e+00 0.000000000000000000e+00 0.000000000000000000e+00 0.000000000000000000e+00
0.000000000000000000e+00 0.000000000000000000e+00 0.000000000000000000e+00 0.000000000000000000e+00 0.000000000000000000e+00
0.000000000000000000e+00 0.000000000000000000e+00 0.000000000000000000e+00 0.000000000000000000e+00 0.000000000000000000e+00
0.000000000000000000e+00 0.000000000000000000e+00 0.000000000000000000e+00 0.000000000000000000e+00 0.000000000000000000e+00
0.000000000000000000e+00 0.000000000000000000e+00 0.000000000000000000e+00 0.000000000000000000e+00 0.000000000000000000e+00
0.000000000000000000e+00 0.000000000000000000e+00 0.000000000000000000e+00 0.000000000000000000e+00 0.000000000000000000e+00
0.000000000000000000e+00 0.000000000000000000e+00 0.000000000000000000e+00 0.000000000000000000e+00 0.000000000000000000e+00
0.000000000000000000e+00 0.000000000000000000e+00 0.000000000000000000e+00 0.000000000000000000e+00 0.000000000000000000e+00
0.000000000000000000e+00 0.000000000000000000e+00 0.000000000000000000e+00 0.000000000000000000e+00 0.000000000000000000e+00
0.000000000000000000e+00 0.000000000000000000e+00 0.000000000000000000e+00 0.000000000000000000e+00 0.000000000000000000e+00
0.000000000000000000e+00 0.000000000000000000e+00 0.000000000000000000e+00 0.000000000000000000e+00 0.000000000000000000e+00
0.000000000000000000e+00 0.000000000000000000e+00 0.000000000000000000e+00 0.000000000000000000e+00 0.000000000000000000e+00
0.000000000000000000e+00 0.000000000000000000e+00 0.000000000000000000e+00 0.000000000000000000e+00 0.000000000000000000e+00
0.000000000000000000e+00 0.000000000000000000e+00 0.000000000000000000e+00 0.000000000000000000e+00 0.000000000000000000e+00
0.000000000000000000e+00 0.000000000000000000e+00 0.000000000000000000e+00 0.000000000000000000e+00 0.000000000000000000e+00
0.000000000000000000e+00 0.000000000000000000e+00 0.000000000000000000e+00 0.000000000000000000e+00 0.000000000000000000e+00
0.000000000000000000e+00 0.000000000000000000e+00 0.000000000000000000e+00 0.000000000000000000e+00 0.000000000000000000e+00
0.000000000000000000e+00 0.000000000000000000e+00 0.000000000000000000e+00 0.000000000000000000e+00 0.000000000000000000e+00
0.000000000000000000e+00 0.000000000000000000e+00 0.000000000000000000e+00 0.000000000000000000e+00 0.000000000000000000e+00
0.000000000000000000e+00 0.000000000000000000e+00 0.000000000000000000e+00 0.000000000000000000e+00 0.000000000000000000e+00
0.000000000000000000e+00 0.000000000000000000e+00 0.000000000000000000e+00 0.000000000000000000e+00 0.000000000000000000e+00
0.000000000000000000e+00 0.000000000000000000e+00 0.000000000000000000e+00 0.000000000000000000e+00 0.000000000000000000e+00
0.000000000000000000e+00 0.000000000000000000e+00 0.000000000000000000e+00 0.000000000000000000e+00 0.000000000000000000e+00
0.000000000000000000e+00 0.000000000000000000e+00 0.000000000000000000e+00 0.000000000000000000e+00 0.000000000000000000e+00
0.000000000000000000e+00 0.000000000000000000e+00 0.000000000000000000e+00 0.000000000000000000e+00 0.000000000000000000e+00
0.000000000000000000e+00 0.000000000000000000e+00 0.000000000000000000e+00 0.000000000000000000e+00 0.000000000000000000e+00
0.000000000000000000e+00 0.000000000000000000e+00 0.000000000000000000e+00 0.000000000000000000e+00 0.000000000000000000e+00
0.000000000000000000e+00 0.000000000000000000e+00 0.000000000000000000e+00 0.000000000000000000e+00 0.000000000000000000e+00
0.000000000000000000e+00 0.000000000000000000e+00 0.000000000000000000e+00 0.000000000000000000e+00 0.000000000000000000e+00
0.000000000000000000e+00 0.000000000000000000e+00 0.000000000000000000e+00 0.000000000000000000e+00 0.000000000000000000e+00
0.000000000000000000e+00 0.000000000000000000e+00 0.000000000000000000e+00 0.000000000000000000e+00 0.000000000000000000e+00
0.000000000000000000e+00 0.000000000000000000e+00 0.000000000000000000e+00 0.000000000000000000e+00 0.000000000000000000e+00
0.000000000000000000e+00 0.000000000000000000e+00 0.000000000000000000e+00 0.000000000000000000e+00 0.000000000000000000e+00
0.000000000000000000e+00 0.000000000000000000e+00 0.000000000000000000e+00 0.000000000000000000e+00 0.000000000000000000e+00
0.000000000000000000e+00 0.000000000000000000e+00 0.000000000000000000e+00 0.000000000000000000e+00 0.000000000000000000e+00
0.000000000000000000e+00 0.000000000000000000e+00 0.000000000000000000e+00 0.000000000000000000e+00 0.000000000000000000e+00
0.000000000000000000e+00 0.000000000000000000e+00 0.000000000000000000e+00 0.000000000000000000e+00 0.000000000000000000e+00
0.000000000000000000e+00 0.000000000000000000e+00 0.000000000000000000e+00 0.000000000000000000e+00 0.000000000000000000e+00
0.000000000000000000e+00 0.000000000000000000e+00 0.000000000000000000e+00 0.000000000000000000e+00 0.000000000000000000e+00
0.000000000000000000e+00 0.000000000000000000e+00 0.000000000000000000e+00 0.000000000000000000e+00 0.000000000000000000e+00
0.000000000000000000e+00 0.000000000000000000e+00 0.000000000000000000e+00 0.000000000000000000e+00 0.000000000000000000e+00
0.000000000000000000e+00 0.000000000000000000e+00 0.000000000000000000e+00 0.000000000000000000e+00 0.000000000000000000e+00
0.000000000000000000e+00 0.000000000000000000e+00 0.000000000000000000e+00 0.000000000000000000e+00 0.000000000000000000e+00
0.000000000000000000e+00 0.000000000000000000e+00 0.000000000000000000e+00 0.000000000000000000e+00 0.000000000000000000e+00
0.000000000000000000e+00 0.000000000000000000e+00 0.000000000000000000e+00 0.000000000000000000e+00 0.000000000000000000e+00
0.000000000000000000e+00 0.000000000000000000e+00 0.000000000000000000e+00 0.000000000000000000e+00 0.000000000000000000e+00
0.000000000000000000e+00 0.000000000000000000e+00 0.000000000000000000e+00 0.000000000000000000e+00 0.000000000000000000e+00
0.000000000000000000e+00 0.000000000000000000e+00 0.000000000000000000e+00 0.000000000000000000e+00 0.000000000000000000e+00
0.000000000000000000e+00 0.000000000000000000e+00 0.000000000000000000e+00 0.000000000000000000e+00 0.000000000000000000e+00
0.000000000000000000e+00 0.000000000000000000e+00 0.000000000000000000e+00 0.000000000000000000e+00 0.000000000000000000e+00
0.000000000000000000e+00 0.000000000000000000e+00 0.000000000000000000e+00 0.000000000000000000e+00 0.000000000000000000e+00
0.000000000000000000e+00 0.000000000000000000e+00 0.000000000000000000e+00 0.000000000000000000e+00 0.000000000000000000e+00
0.000000000000000000e+00 0.000000000000000000e+00 0.000000000000000000e+00 0.000000000000000000e+00 0.000000000000000000e+00
0.000000000000000000e+00 0.000000000000000000e+00 0.000000000000000000e+00 0.000000000000000000e+00 0.000000000000000000e+00
0.000000000000000000e+00 0.000000000000000000e+00 0.000000000000000000e+00 0.000000000000000000e+00 0.000000000000000000e+00
0.000000000000000000e+00 0.000000000000000000e+00 0.000000000000000000e+00 0.000000000000000000e+00 0.000000000000000000e+00
0.000000000000000000e+00 0.000000000000000000e+00 0.000000000000000000e+00 0.000000000000000000e+00 0.000000000000000000e+00
0.000000000000000000e+00 0.000000000000000000e+00 0.000000000000000000e+00 0.000000000000000000e+00 0.000000000000000000e+00
0.000000000000000000e+00 0.000000000000000000e+00 0.000000000000000000e+00 0.000000000000000000e+00 0.000000000000000000e+00
0.000000000000000000e+00 0.000000000000000000e+00 0.000000000000000000e+00 0.000000000000000000e+00 0.000000000000000000e+00
0.000000000000000000e+00 0.000000000000000000e+00 0.000000000000000000e+00 0.000000000000000000e+00 0.000000000000000000e+00
0.000000000000000000e+00 0.000000000000000000e+00 0.000000000000000000e+00 0.000000000000000000e+00 0.000000000000000000e+00
0.000000000000000000e+00 0.000000000000000000e+00 0.000000000000000000e+00 0.000000000000000000e+00 0.000000000000000000e+00
0.000000000000000000e+00 0.000000000000000000e+00 0.000000000000000000e+00 0.000000000000000000e+00 0.000000000000000000e+00
0.000000000000000000e+00 0.000000000000000000e+00 0.000000000000000000e+00 0.000000000000000000e+00 0.000000000000000000e+00
0.000000000000000000e+00 0.000000000000000000e+00 0.000000000000000000e+00 0.000000000000000000e+00 0.000000000000000000e+00
0.000000000000000000e+00 0.000000000000000000e+00 0.000000000000000000e+00 0.000000000000000000e+00 0.000000000000000000e+00
0.000000000000000000e+00 0.000000000000000000e+00 0.000000000000000000e+00 0.000000000000000000e+00 0.000000000000000000e+00
0.000000000000000000e+00 0.000000000000000000e+00 0.000000000000000000e+00 0.000000000000000000e+00 0.000000000000000000e+00
0.000000000000000000e+00 0.000000000000000000e+00 0.000000000000000000e+00 0.000000000000000000e+00 0.000000000000000000e+00
0.000000000000000000e+00 0.000000000000000000e+00 0.000000000000000000e+00 0.000000000000000000e+00 0.000000000000000000e+00
0.000000000000000000e+00 0.000000000000000000e+00 0.000000000000000000e+00 0.000000000000000000e+00 0.000000000000000000e+00
0.000000000000000000e+00 0.000000000000000000e+00 0.000000000000000000e+00 0.000000000000000000e+00 0.000000000000000000e+00
0.000000000000000000e+00 0.000000000000000000e+00 0.000000000000000000e+00 0.000000000000000000e+00 0.000000000000000000e+00
0.000000000000000000e+00 0.000000000000000000e+00 0.000000000000000000e+00 0.000000000000000000e+00 0.000000000000000000e+00
0.000000000000000000e+00 0.000000000000000000e+00 0.000000000000000000e+00 0.000000000000000000e+00 0.000000000000000000e+00
0.000000000000000000e+00 0.000000000000000000e+00 0.000000000000000000e+00 0.000000000000000000e+00 0.000000000000000000e+00
0.000000000000000000e+00 0.000000000000000000e+00 0.000000000000000000e+00 0.000000000000000000e+00 0.000000000000000000e+00
0.000000000000000000e+00 0.000000000000000000e+00 0.000000000000000000e+00 0.000000000000000000e+00 0.000000000000000000e+00
0.000000000000000000e+00 0.000000000000000000e+00 0.000000000000000000e+00 0.000000000000000000e+00 0.000000000000000000e+00
0.000000000000000000e+00 0.000000000000000000e+00 0.000000000000000000e+00 0.000000000000000000e+00 0.000000000000000000e+00
0.000000000000000000e+00 0.000000000000000000e+00 0.000000000000000000e+00 0.000000000000000000e+00 0.000000000000000000e+00
0.000000000000000000e+00 0.000000000000000000e+00 0.000000000000000000e+00 0.000000000000000000e+00 0.000000000000000000e+00
-3.929938791150645816e+00 -2.821331923395086427e+00 -8.113852986687567492e-01 3.748625462011042853e+00 5.142688908823471294e+00
-3.667408966263220549e+00 -3.060107957898585251e+00 -1.396100067446227833e+00 2.251276287585652014e+00 5.368684939014225499e+00
-3.156851610191498736e+00 -3.393100749831262863e+00 -1.824245060157158482e+00 1.133328587638899654e+00 4.917901566498064980e+00
-2.187259020780920160e+00 -3.690971240520495744e+00 -2.210620742399334038e+00 2.652410730582404619e-01 3.895065960639894520e+00
-7.681156829462827407e-01 -3.808503673137877410e+00 -2.588861285396576672e+00 -4.465737540235377723e-01 2.690134716486769051e+00
8.212994710462553360e-01 -3.615944158699521793e+00 -2.970801446765713116e+00 -1.040434338399494507e+00 1.570809419615070368e+00
2.293971851532258466e+00 -3.009372562099275950e+00 -3.328355248655307186e+00 -1.561456277249554603e+00 6.042627627795245093e-01
3.466338039192494946e+00 -2.007876200009190981e+00 -3.580511145475546275e+00 -2.046450678277534241e+00 -2.079559786471546490e-01
4.236516227562995063e+00 -7.400592300860406869e-01 -3.621406288934411855e+00 -2.509247426521750590e+00 -8.764005509452584830e-01
4.549456244624039414e+00 6.403294844636396865e-01 -3.363932835423657064e+00 -2.935999349699822680e+00 -1.426265118471023774e+00
4.407890318184966461e+00 1.977384941289955789e+00 -2.767530302415984966e+00 -3.287354918749317179e+00 -1.892084054459876263e+00
3.892945766596409118e+00 3.104068297425721656e+00 -1.845192321977230154e+00 -3.505254871361320301e+00 -2.303573328261153019e+00
3.139696151232266530e+00 3.870116786571943912e+00 -6.692212825590185821e-01 -3.519211634184706394e+00 -2.675971461796785356e+00
2.283845081989340997e+00 4.193868080736512738e+00 6.284559786490895306e-01 -3.257144383816039657e+00 -3.005590513740373559e+00
1.425955595221470862e+00 4.088795971195546386e+00 1.879730532649149355e+00 -2.672439873369773178e+00 -3.265653199461765688e+00
6.251513338313045010e-01 3.645039396968455137e+00 2.920229083720460306e+00 -1.777875560188656223e+00 -3.403445009250101627e+00
-9.331182393570081057e-02 2.985125298818277262e+00 3.626037704363493486e+00 -6.563701812996554086e-01 -3.347147142622948213e+00
-7.283532174561290207e-01 2.223891302584501517e+00 3.937524665183439243e+00 5.605846561116970550e-01 -3.028432517619283004e+00
-1.292679968494725440e+00 1.447494452568884649e+00 3.866359657332516964e+00 1.725354421244750913e+00 -2.413645225242033288e+00
-1.801521263658603988e+00 7.091764301090641709e-01 3.482712724816822814e+00 2.700771685844374659e+00 -1.525035281657168618e+00
-2.262598651138770567e+00 3.383277133341100473e-02 2.886987601199198394e+00 3.381714176524467153e+00 -4.397663554313537282e-01
-2.669497046848818833e+00 -5.740742082064832497e-01 2.179620314319493435e+00 3.713097024723346795e+00 7.276557816209358043e-01
-2.998821418559612706e+00 -1.121590924610243789e+00 1.441404590952678699e+00 3.698002484093601439e+00 1.846445235221578551e+00
-3.210785051020618397e+00 -1.618520949290259026e+00 7.269660680510183770e-01 3.389653123791478873e+00 2.788232834053876896e+00
-3.253938435286648723e+00 -2.069816737097083692e+00 6.657685318200123881e-02 2.870051165540425941e+00 3.445169295767404716e+00
-3.075783046172150481e+00 -2.469755678913890140e+00 -5.287328876653883958e-01 2.225988173332476894e+00 3.749020015213593737e+00
-2.639555490770058910e+00 -2.798189061962396362e+00 -1.060860105366021378e+00 1.531950881341640924e+00 3.687069425913083620e+00
-1.942798863892293948e+00 -3.019421540227493761e+00 -1.537493989143328799e+00 8.424198123105254288e-01 3.305653551802970824e+00
-1.028693784463993177e+00 -3.085450069195773359e+00 -1.964604809552066067e+00 1.909005282289604200e-01 2.695229699817340396e+00
1.720001329364029274e-02 -2.946047045525313379e+00 -2.339543318494165192e+00 -4.073059338400564222e-01 1.962121047515668293e+00
1.083061904755638238e+00 -2.565536294338879308e+00 -2.646069397722298433e+00 -9.498743350467739877e-01 1.200601798921215435e+00
2.051042803209951249e+00 -1.939902098491007143e+00 -2.852789837130023987e+00 -1.440480752913999130e+00 4.764921198322062956e-01
2.815469764768011363e+00 -1.105144666959097632e+00 -2.916446567076320218e+00 -1.881412748480657093e+00 -1.756180881236691638e-01
3.299001909998442006e+00 -1.340664331163456957e-01 -2.790896203444991119e+00 -2.267348893351218919e+00 -7.460371261343743399e-01
3.466644794471934077e+00 8.740218056223725274e-01 -2.441074521649694962e+00 -2.581312015488850253e+00 -1.240210037300932600e+00
3.332303761032824774e+00 1.807176322846645755e+00 -1.858615161918764302e+00 -2.793294472090986247e+00 -1.669187739150548744e+00
2.951747159330862402e+00 2.558780529292945971e+00 -1.073078608634997266e+00 -2.862529023979673681e+00 -2.041676973378421689e+00
2.403381516574030208e+00 3.048522042220604522e+00 -1.529561915327741772e-01 -2.745241331327271883e+00 -2.357802728169098749e+00
1.766240920565974815e+00 3.239909993026352630e+00 8.046417885004630843e-01 -2.408593779848403837e+00 -2.604737228058757736e+00
1.104501763349189147e+00 3.145804592691501700e+00 1.691575102160689070e+00 -1.846953835850370540e+00 -2.755164603040491489e+00
4.614573638578858272e-01 2.818537996122437495e+00 2.408466482320310575e+00 -1.092222505212406825e+00 -2.770372828616122440e+00
-1.393281094445941726e-01 2.329993892745707118e+00 2.882799929751592050e+00 -2.120939619364129447e-01 -2.609455659363162816e+00
-6.889721748087260789e-01 1.751636120478742065e+00 3.081455209882490553e+00 7.021579062169738261e-01 -2.243590596827259365e+00
-1.186595424077188321e+00 1.141613922568833761e+00 3.013697720191093943e+00 1.552131578589138083e+00 -1.670348676805967436e+00
-1.632503388773423936e+00 5.400921379831600255e-01 2.723199179610407139e+00 2.248488160995372187e+00 -9.212113347215380443e-01
-2.022415727012879749e+00 -2.965872589509421786e-02 2.272525189705384641e+00 2.725091035239617820e+00 -5.900979251630433797e-02
-2.343617200952133217e+00 -5.571427509368412911e-01 1.726753035230479405e+00 2.949116964719286749e+00 8.321467739126026109e-01
-2.573576599824781042e+00 -1.039230712095998266e+00 1.141734135711923726e+00 2.924115964918878152e+00 1.659726742064911997e+00
-2.681500062022829312e+00 -1.474539152452923441e+00 5.586681921949766538e-01 2.684408471478485492e+00 2.335897405908211155e+00
-2.633351494162527118e+00 -1.858421525708606525e+00 3.661290136635741987e-03 2.282976639369628913e+00 2.790602708644397190e+00
-2.400460873713743837e+00 -2.179229217867379109e+00 -5.097322713160400420e-01 1.777837856295890528e+00 2.983655809160240757e+00
-1.970348577509385191e+00 -2.416415415163607250e+00 -9.763543043565777735e-01 1.221403467138361787e+00 2.912532491412689772e+00
-1.356234126049395305e+00 -2.541230010802163708e+00 -1.394476259680921260e+00 6.546032676385404869e-01 2.611639434123764314e+00
-6.007788704461031193e-01 -2.520987532868587788e+00 -1.760737585836556152e+00 1.052558150259463865e-01 2.141689759627109613e+00
2.282352982909146288e-01 -2.327304758203658341e+00 -2.065861604236267191e+00 -4.105110985704101267e-01 1.572981801565418447e+00
1.048536610791879431e+00 -1.946599840278853799e+00 -2.292164577320666474e+00 -8.847783005616659535e-01 9.694210402123489834e-01
1.776351561411774194e+00 -1.388791542790263955e+00 -2.413862768809356130e+00 -1.313195499686469647e+00 3.786289751631761735e-01
2.338950493487753413e+00 -6.903854555553655681e-01 -2.400872863907892452e+00 -1.690227930445548976e+00 -1.705592610547658206e-01
2.685690102660095668e+00 8.870809280041846989e-02 -2.226042866195769410e+00 -2.005308397334869319e+00 -6.651004784756477939e-01
2.796056495123611541e+00 8.728098818518156277e-01 -1.874523209199528306e+00 -2.240666247312429249e+00 -1.102079798962301682e+00
2.681818030242377304e+00 1.581069719161751541e+00 -1.352587174715625062e+00 -2.371458217209510888e+00 -1.482559047844023592e+00
2.381325559873076703e+00 2.140283338170647642e+00 -6.924823508023451035e-01 -2.368919598745170330e+00 -1.806107286121205302e+00
1.947697243440213777e+00 2.497987500787074211e+00 4.911591264857229078e-02 -2.207044284971870773e+00 -2.066579155484166819e+00
1.435758556942953401e+00 2.631909266264523151e+00 7.989751177261502635e-01 -1.871934437703424825e+00 -2.249674274840027355e+00
8.923387418596269161e-01 2.551845053570649835e+00 1.479248487213699725e+00 -1.370688705461089452e+00 -2.333087387334150442e+00
3.517536277921943788e-01 2.293069761032265230e+00 2.020603507166920831e+00 -7.356355420559118619e-01 -2.290117201505254219e+00
-1.642053452388683166e-01 1.904438470265310768e+00 2.373808721522344456e+00 -2.165539491972590103e-02 -2.096858882977640892e+00
-6.433861910074994972e-01 1.436270678633428499e+00 2.517140830300424792e+00 7.021972412387660345e-01 -1.741406619041144133e+00
-1.078999286692394755e+00 9.318252800960427074e-01 2.457517346290200244e+00 1.363742651789043636e+00 -1.231763938832677541e+00
-1.465137587600914948e+00 4.234510866264167284e-01 2.225076648147318537e+00 1.898849816982405736e+00 -5.991029130819175430e-01
-1.793027053008019234e+00 -6.745421883998892199e-02 1.863438592164924357e+00 2.261022433572877244e+00 1.048167420084573642e-01
-2.048703448358705437e+00 -5.280934314034793076e-01 1.419334980727664286e+00 2.427705345937698489e+00 8.146626481087041460e-01
-2.212614741772982452e+00 -9.507342986908504656e-01 9.346977850287079281e-01 2.401671071724826412e+00 1.460699805951071184e+00
-2.261517168229576491e+00 -1.328895208496128078e+00 4.424284883372344712e-01 2.207029935815492561e+00 1.978587775813216876e+00
-2.172824454607926725e+00 -1.653965441849080564e+00 -3.452834109530967394e-02 1.881388917664814864e+00 2.318922008934864998e+00
-1.930999995706988326e+00 -1.912854728221475398e+00 -4.817934722338491627e-01 1.467003291769695128e+00 2.455186693825438748e+00
-1.534564454546513801e+00 -2.087222435776025620e+00 -8.907584348428791987e-01 1.003507426672706204e+00 2.387910093313321713e+00
-1.001323104169694389e+00 -2.154844995120271722e+00 -1.255119986314856995e+00 5.234887667293153246e-01 2.142989829551418257e+00
-3.694589963557682877e-01 -2.093515127277200794e+00 -1.567433558412063332e+00 5.092471105463447500e-02 1.764110850041897827e+00
3.063515220385319981e-01 -1.887148677800405849e+00 -1.816427275885176273e+00 -3.980865932915182426e-01 1.301842118755545119e+00
9.626105243158308289e-01 -1.532518669554064683e+00 -1.985837245886862057e+00 -8.130080006261810599e-01 8.033364945284935388e-01
1.536286111732267035e+00 -1.044151576246499458e+00 -2.055399129494904997e+00 -1.185718148573845943e+00 3.056678284576475058e-01
1.973939555792956435e+00 -4.554719039851767848e-01 -2.004266256068635510e+00 -1.507347296788424496e+00 -1.662957271984265295e-01
2.239476469850586238e+00 1.840835325849392579e-01 -1.816480567460231343e+00 -1.765851355862789518e+00 -5.983819912296136634e-01
2.319136193391268197e+00 8.150971171679577409e-01 -1.487292233578779710e+00 -1.944943839454799317e+00 -9.835701921690849225e-01
2.222129879864015223e+00 1.376361228680394122e+00 -1.028410265577945237e+00 -2.024888967935151829e+00 -1.317838224019099780e+00
1.976315469910666422e+00 1.814210202543461659e+00 -4.701623592031187737e-01 -1.985525091919822183e+00 -1.596360787591959651e+00
1.620304643347743268e+00 2.091264103266700758e+00 1.406162897032703363e-01 -1.811437338565225375e+00 -1.810688862697222845e+00
1.194868641691927191e+00 2.192127511774966564e+00 7.466995692469517998e-01 -1.498207969520896965e+00 -1.947461211982172369e+00
7.363045690289500289e-01 2.124027431663448873e+00 1.289136164060615597e+00 -1.057583897365550918e+00 -1.989206700850215892e+00
2.729958483369243072e-01 1.912232285642816443e+00 1.716528385989477545e+00 -5.192615884668154713e-01 -1.917584838812389947e+00
-1.750121535411418572e-01 1.592247671335002668e+00 1.992956626101295647e+00 7.171233980540692166e-02 -1.718732903104867926e+00
-5.943121824723385238e-01 1.201753619371415560e+00 2.102754731937023447e+00 6.611242926694862465e-01 -1.389350770955972258e+00
-9.753266313591103520e-01 7.745971948961546394e-01 2.050951699227170799e+00 1.193593707517343061e+00 -9.413975199236164215e-01
-1.309295350027530613e+00 3.377119499562142857e-01 1.859445184737509527e+00 1.620677365899170441e+00 -4.035506094602842042e-01
-1.585798157273799136e+00 -8.933740184921901140e-02 1.560411884207193456e+00 1.907670089266147118e+00 1.811194837025000837e-01
-1.791377656693115883e+00 -4.929880475238794801e-01 1.189222934889596628e+00 2.037830530427690245e+00 7.604491482310973272e-01
-1.909663328380696523e+00 -8.633263437942209073e-01 7.787952106378239758e-01 2.013081796097549336e+00 1.280131258688474549e+00
-1.923224191997992882e+00 -1.191468848468651309e+00 3.562865463793586929e-01 1.851114213331060521e+00 1.691191954705752565e+00
-1.817097284290151604e+00 -1.467278091290601605e+00 -5.791282842977730355e-02 1.579970015384244419e+00 1.957039746237690059e+00
-1.583448773413225874e+00 -1.677925938254202443e+00 -4.494254394521549623e-01 1.231898434063965819e+00 2.058892553440410111e+00
-1.226190188727148023e+00 -1.807752626085188830e+00 -8.080014580017732539e-01 8.381292593449698458e-01 1.998137390261421231e+00
-7.639549607924402963e-01 -1.839772231303775651e+00 -1.125109030266346677e+00 4.254857214397866905e-01 1.794607648807712286e+00
-2.301003257979800098e-01 -1.758900662291585038e+00 -1.391595496538649002e+00 1.500240485265957879e-02 1.481067398591488837e+00
3.306031712006227696e-01 -1.556403844777868528e+00 -1.596020641636804571e+00 -3.777491063435692853e-01 1.095684927670318887e+00
8.677899371998580857e-01 -1.234344883257166403e+00 -1.724217991685932372e+00 -7.411306129003611964e-01 6.749403968062135384e-01
1.332455504785018396e+00 -8.084785018306218651e-01 -1.760473144381192068e+00 -1.065300703857442466e+00 2.488598442888680928e-01
1.683767025958110342e+00 -3.084978808781022597e-01 -1.690371298394150124e+00 -1.340099333755784494e+00 -1.607731154631732995e-01
1.894646968578593604e+00 2.245310230751622615e-01 -1.504870933915640308e+00 -1.553538411765152061e+00 -5.396818318202696307e-01
1.955056390519358978e+00 7.430233869214444287e-01 -1.204619458166008128e+00 -1.691381287984881077e+00 -8.788150106345612445e-01
1.872071386183832065e+00 1.199251062872152440e+00 -8.031670047031832516e-01 -1.738163410991667046e+00 -1.171503808561530802e+00
1.666627816993912159e+00 1.552269688130776482e+00 -3.278226851219642746e-01 -1.679791464871372098e+00 -1.410825055995674981e+00
1.367984243122325250e+00 1.774026924350918577e+00 1.824739014128888837e-01 -1.507428058961187700e+00 -1.587743742359104981e+00
1.007728145657867946e+00 1.853058637505080375e+00 6.819843851890392550e-01 -1.221720612481006718e+00 -1.690502398588558552e+00
6.150087110279719438e-01 1.794660188742183138e+00 1.124679045759944040e+00 -8.359105683050187530e-01 -1.705616314174635439e+00
2.138633474049025374e-01 1.617609718926821039e+00 1.471031904963027381e+00 -3.764725385378334677e-01 -1.620558290473628649e+00
-1.773628870905035182e-01 1.348766770654140856e+00 1.693667818148238968e+00 1.192146872483459408e-01 -1.427690912799886025e+00
-5.450315201850246538e-01 1.017415608226910573e+00 1.780623172966495638e+00 6.076172406667366133e-01 -1.128379188720634474e+00
-8.783620350292562495e-01 6.508652381544857146e-01 1.735512620825924612e+00 1.045060897184340698e+00 -7.358828356440132445e-01
-1.167403203193382089e+00 2.719823911144474970e-01 1.574760560239379714e+00 1.393778707311022380e+00 -2.759219680140145292e-01
-1.401406607155473605e+00 -1.014174372413472192e-01 1.322941963755974060e+00 1.626888287506926600e+00 2.153779118529637326e-01
-1.568053281870346094e+00 -4.557996371503986177e-01 1.007719786802564021e+00 1.731366736248132199e+00 6.956556574875722987e-01
-1.653836214411893213e+00 -7.803506856613093845e-01 6.556686379045862934e-01 1.708441979019777346e+00 1.121725787530408747e+00
-1.645717850523184644e+00 -1.065190185589376615e+00 2.896670602979947162e-01 1.571457239952681606e+00 1.455353605019998664e+00
-1.533913732504242011e+00 -1.299848701759580560e+00 -7.207091059184478343e-02 1.341984995404686076e+00 1.668532737386835940e+00
-1.315278673267272547e+00 -1.472433598346893469e+00 -4.156288554565002458e-01 1.045385809908440100e+00 1.747303530609080280e+00
-9.963862069709856772e-01 -1.569821935497313747e+00 -7.301350453157684495e-01 7.069286661479250444e-01 1.693159129789308270e+00
-5.952278378570351469e-01 -1.579079993747084742e+00 -1.006107934383487557e+00 3.491552883277677100e-01 1.521524286564898132e+00
-1.407323574644689934e-01 -1.490037732576104723e+00 -1.233890157151728673e+00 -9.320022737646871391e-03 1.257671739419659707e+00
3.300286302000046135e-01 -1.298525917650036776e+00 -1.402644901103085928e+00 -3.537376584265693458e-01 9.313296835692812525e-01
7.763805125478486779e-01 -1.009370181868822325e+00 -1.500315803399926651e+00 -6.722089682778129571e-01 5.715890617275958263e-01
1.159385675297104568e+00 -6.381236527015160531e-01 -1.514781733259277896e+00 -9.542821357318129749e-01 2.033629478715539562e-01
1.447011830320090287e+00 -2.108572930233194864e-01 -1.436153657592683208e+00 -1.189546547645286001e+00 -1.541182935056797376e-01
1.618244216759524789e+00 2.380951054831583757e-01 -1.259794149743646230e+00 -1.366729101124710022e+00 -4.870103454915667429e-01
1.665346732846561206e+00 6.700738680051177010e-01 -9.892903713495446727e-01 -1.473647820541323705e+00 -7.853847167899482562e-01
1.593737206738803369e+00 1.047090586014485680e+00 -6.384342740052917353e-01 -1.498251309284378330e+00 -1.041286013125191756e+00
1.419529437247225356e+00 1.337055090402787583e+00 -2.314009024001809356e-01 -1.430752018469994447e+00 -1.246922067976566462e+00
1.165523256040995159e+00 1.518184059298293143e+00 1.992230785173434437e-01 -1.266513898374583835e+00 -1.393467372691945538e+00
8.568664369063090369e-01 1.581526630454876070e+00 6.163017537645724131e-01 -1.008942081594900175e+00 -1.470848355303855381e+00
5.175147907702526417e-01 1.530960153731287132e+00 9.831416409716522420e-01 -6.713741078064322521e-01 -1.468731451915229025e+00
1.681164767660237036e-01 1.380798231510105056e+00 1.268586637200854739e+00 -2.771384132096837982e-01 -1.378673711206088948e+00
-1.746171418168976919e-01 1.151920661604803220e+00 1.451159748714099029e+00 1.424821313778543708e-01 -1.197010192662014250e+00
-4.973792464291172388e-01 8.676671021392732275e-01 1.521383235109086796e+00 5.519858970398687781e-01 -9.276725175750498709e-01
-7.890696359728024412e-01 5.505290346752342856e-01 1.481836048444192366e+00 9.162787990394569704e-01 -5.839905886793179679e-01
-1.039446990798332138e+00 2.201604338902352076e-01 1.345116390745692003e+00 1.205275589849792883e+00 -1.887759713515754223e-01
-1.238086406582206589e+00 -1.072739511194267248e-01 1.130451069049482227e+00 1.397627364890091650e+00 2.274846565945483068e-01
-1.373994737749063999e+00 -4.187078875428031366e-01 8.599699391976203255e-01 1.482892437740513047e+00 6.299827677815418303e-01
-1.436103874059196261e+00 -7.031620965500461340e-01 5.555442547880020676e-01 1.461779263132896967e+00 9.838644254100195052e-01
-1.414690450612229755e+00 -9.505467601213372086e-01 2.367066972941660463e-01 1.344554774264332009e+00 1.258730374028826704e+00
-1.303541559094599345e+00 -1.150675572534972879e+00 -8.023929156291642606e-02 1.148184704079764584e+00 1.432635866603163555e+00
-1.102412776026829411e+00 -1.292827473456088283e+00 -3.820999862531329061e-01 8.930380724174161733e-01 1.494845346648247197e+00
-8.190924305182581966e-01 -1.366102941420892058e+00 -6.579860755315007914e-01 5.999427262874466038e-01 1.446704375266972820e+00
-4.703379449746638574e-01 -1.360676566421471501e+00 -8.982024006713532627e-01 2.881040457558552426e-01 1.300369755483668843e+00
-8.118602545749398214e-02 -1.269816200951934260e+00 -1.093225337021434873e+00 -2.593471699770877326e-02 1.075742159987322255e+00
3.174047925480638632e-01 -1.092243126157068867e+00 -1.233134951780554323e+00 -3.283807866675038101e-01 7.964998745686260317e-01
6.921593504707080902e-01 -8.341663460893478099e-01 -1.307788602866408967e+00 -6.075911135850734501e-01 4.863339703847417428e-01
1.011649599506490471e+00 -5.102997400766797753e-01 -1.307867805241767822e+00 -8.531355644774616387e-01 1.662477037850473849e-01
1.250268099058646554e+00 -1.434173464983832247e-01 -1.226700889953711737e+00 -1.054903601072256780e+00 -1.467152175383645840e-01
1.391313020990989191e+00 2.376124452366621675e-01 -1.062496807707778768e+00 -1.202603827000837899e+00 -4.394340321060004606e-01
1.428602657527170194e+00 6.010353241055595985e-01 -8.203995534498419451e-01 -1.285926266770078819e+00 -7.017835218156630583e-01
1.366294638868567501e+00 9.161544627260854723e-01 -5.136910761121931124e-01 -1.295507045514109556e+00 -9.253246730186160951e-01
1.217019603745344014e+00 1.157329315908950607e+00 -1.636081323972681245e-01 -1.224639129996785591e+00 -1.102085311986594762e+00
9.989117096197952517e-01 1.307237410165562386e+00 2.024209139192956197e-01 -1.071409795579594260e+00 -1.223816899052189378e+00
7.323868511145352755e-01 1.358669912226500021e+00 5.538910735543582931e-01 -8.406843589845925946e-01 -1.282007215648963250e+00
4.374516474133396393e-01 1.314469662818025686e+00 8.611072244536972509e-01 -5.452431231897869601e-01 -1.268779596535376530e+00
1.320038121118263241e-01 1.185758887506705772e+00 1.099071021831720341e+00 -2.055374308457021681e-01 -1.178587045963241264e+00
-1.687960364686510450e-01 9.890986367781613442e-01 1.250584959459644319e+00 1.520741940416105997e-01 -1.010332408189131614e+00
-4.522874681499904348e-01 7.434356008578238972e-01 1.307955621937046953e+00 4.983110069680303233e-01 -7.693118840169653749e-01
-7.075624590752439547e-01 4.675668237127560967e-01 1.273011357396047538e+00 8.045843941549755129e-01 -4.683254071310855582e-01
-9.245962773905527232e-01 1.785225048324838859e-01 1.155584015822885835e+00 1.046550477153541658e+00 -1.274911609152581393e-01
-1.093609639880993356e+00 -1.090778590236062273e-01 9.709908415256219838e-01 1.206951733485809308e+00 2.273379453783936910e-01
-1.204933167805241290e+00 -3.828818335605514989e-01 7.372352614618683520e-01 1.277244957566944894e+00 5.673062229998676598e-01
-1.249529981235060871e+00 -6.321774179137820138e-01 4.725714147430477574e-01 1.257769448348321273e+00 8.639670616775596557e-01
-1.220182257809906412e+00 -8.471184503538052857e-01 1.938282634919907821e-01 1.156550748759152869e+00 1.092815348900918915e+00
-1.113162566938319387e+00 -1.018116477058738090e+00 -8.439503989246044391e-02 9.871586501232362254e-01 1.236352198532992608e+00
-9.300155828992153761e-01 -1.135660531221153846e+00 -3.497700024515176809e-01 7.662153761724166401e-01 1.286113900042762603e+00
-6.789367318240846494e-01 -1.190739944355235336e+00 -5.917523889160054562e-01 5.111234119959684463e-01 1.243232382244928047e+00
-3.752384308577125238e-01 -1.175912388669778652e+00 -8.008647106117861014e-01 2.384009958419835151e-01 1.117401818170499217e+00
-4.058566639444316504e-02 -1.086873698074253491e+00 -9.680565779358593081e-01 -3.722049784870085087e-02 9.245472519057698069e-01
2.989955371403839046e-01 -9.241799939683740250e-01 -1.084423552224039300e+00 -3.029868895060029432e-01 6.838497930535174518e-01
6.160154318236856774e-01 -6.946298663015915142e-01 -1.141487649595906984e+00 -5.477902390982504199e-01 4.149027150359949623e-01
8.848033694687854611e-01 -4.118257682464695479e-01 -1.132109224500552402e+00 -7.615863387461921929e-01 1.356103300123590039e-01
1.084596122977740329e+00 -9.561638367115121717e-02 -1.051919392998941882e+00 -9.348535917220669456e-01 -1.388926546845030696e-01
1.201888456976203612e+00 2.296070659763931321e-01 -9.009689731952170710e-01 -1.058360039951387721e+00 -3.963610317100572100e-01
1.231620423382180363e+00 5.375355141552380367e-01 -6.851440625114990635e-01 -1.123434041505318115e+00 -6.268827747649797777e-01
1.176998966606680685e+00 8.030740542218948175e-01 -4.168670779097810586e-01 -1.122818109896422056e+00 -8.220200257039456115e-01
1.048072648620180347e+00 1.005437323787826021e+00 -1.147246308413348848e-01 -1.052022797754058381e+00 -9.740117225876926410e-01
8.594958694021814782e-01 1.130610666666359343e+00 1.980823258418431543e-01 -9.109042392813355704e-01 -1.075340409956521359e+00
6.280898261820387907e-01 1.172667284759902895e+00 4.962683727060057670e-01 -7.050240219172064782e-01 -1.118870771418323251e+00
3.707596543324134242e-01 1.133696962305781986e+00 7.555242932048857885e-01 -4.463053363959221809e-01 -1.098633010220094075e+00
1.031115213723097224e-01 1.022478010750166977e+00 9.555228862776193877e-01 -1.526354047814424408e-01 -1.011144486044756707e+00
-1.611507456960743490e-01 8.523548402558940307e-01 1.082285517135026742e+00 1.536558270349399624e-01 -8.569650028311138756e-01
-4.101827433913097787e-01 6.389266864942468871e-01 1.129463533078607362e+00 4.482075393377602524e-01 -6.420353767071405038e-01
-6.335656459826918274e-01 3.980751164343521165e-01 1.098345455140531612e+00 7.074851332023401884e-01 -3.783364931955656707e-01
-8.217751461205871077e-01 1.446386392586656022e-01 9.967147644933256334e-01 9.115556396921261628e-01 -8.355594257374489298e-02
-9.658239643536536967e-01 -1.081997661188606186e-01 8.369512425935712319e-01 1.046285386364889769e+00 2.202967536886668576e-01
-1.057283328269154943e+00 -3.489306136696880833e-01 6.338945787410148469e-01 1.104587154123457537e+00 5.091345324548859352e-01
-1.088791105199631071e+00 -5.673626944663361371e-01 4.029424941627960943e-01 1.086548873875011312e+00 7.595340133293578821e-01
-1.055028588754488572e+00 -7.541513060381012101e-01 1.586878079255218399e-01 9.985287679151478857e-01 9.515264342049165602e-01
-9.540028983602107937e-01 -9.004551131961159305e-01 -8.580273263168348985e-02 8.515295418237419645e-01 1.070968906941250465e+00
-7.883339388068157927e-01 -9.979213533041201289e-01 -3.191325552590257297e-01 6.592870937748003257e-01 1.111065309093711706e+00
-5.661626715049017378e-01 -1.039121048631666211e+00 -5.313156784392897292e-01 4.364937136299213982e-01 1.072739074499615697e+00
-3.013234278478326700e-01 -1.018441844863698709e+00 -7.133416500194899035e-01 1.974520407539592792e-01 9.638029134205789994e-01
-1.257433570123023259e-02 -9.333017554551967798e-01 -8.568049339410536147e-01 -4.471135246759405657e-02 7.971693498999280481e-01
2.780879645075791107e-01 -7.854038190605778791e-01 -9.538109136087178364e-01 -2.782986453182032527e-01 5.885851241935569078e-01
5.477769127576448405e-01 -5.816666653552093891e-01 -9.973010840642950736e-01 -4.928992428895555000e-01 3.544463362425043784e-01
7.753273065854210389e-01 -3.344909370472378685e-01 -9.818289804096644868e-01 -6.790592199410131480e-01 1.101376861662348716e-01
9.437180635620640023e-01 -6.115941583277018090e-02 -9.046783694481908000e-01 -8.279863723184416324e-01 -1.308910741509438092e-01
1.041887301702513202e+00 2.176335583557076347e-01 -7.670761451902801120e-01 -9.314923854952962268e-01 -3.573380700630335305e-01
1.065627042281275028e+00 4.799366568501969854e-01 -5.751584580575824779e-01 -9.823113532950670246e-01 -5.597488512018615747e-01
1.017428716020671642e+00 7.050444832361869585e-01 -3.403436263746972834e-01 -9.748349849825886926e-01 -7.299782931475289338e-01
9.053888181963875015e-01 8.759182183587638226e-01 -7.886936791581489192e-02 -9.061749847757603060e-01 -8.606937908167455742e-01
7.415035448594785583e-01 9.810727475876559467e-01 1.895566334212759330e-01 -7.773232222348732678e-01 -9.451525263030350343e-01
5.397942960948844959e-01 1.015567757308224683e+00 4.438234911808862648e-01 -5.940763139492850620e-01 -9.774042637986877224e-01
3.146718744984440264e-01 9.809458746883148450e-01 6.638497746086586826e-01 -3.673804419045434422e-01 -9.529568818325991897e-01
7.979886032271643614e-02 8.842286361800628658e-01 8.329341900035712731e-01 -1.128638869686856699e-01 -8.698005889375940436e-01
-1.524776395149053110e-01 7.363084927369082378e-01 9.395853140717962404e-01 1.504724410655688960e-01 -7.295454763169115786e-01
-3.712095931278154293e-01 5.501741079496285103e-01 9.785049813048541933e-01 4.022203861171977923e-01 -5.383354223252643234e-01
-5.666329783666362863e-01 3.393565213647065093e-01 9.505966389938869110e-01 6.228444451579994157e-01 -3.072078786860656940e-01
-7.298748582619958292e-01 1.168344314859552924e-01 8.620995080757726248e-01 7.958715412327848071e-01 -5.168493912305383020e-02
-8.527886941402496035e-01 -1.055365354890426266e-01 7.231398399561927981e-01 9.096111826233832520e-01 2.094350120819714611e-01
-9.280715198579533309e-01 -3.171462231286171773e-01 5.460799249299820302e-01 9.581274922656686233e-01 4.559320503765176280e-01
-9.497354797697321604e-01 -5.084653353923606067e-01 3.440159810344898261e-01 9.413456113551179616e-01 6.683796361793463703e-01
-9.139038453725394362e-01 -6.707891359679071241e-01 1.296601955048670707e-01 8.643637861097775987e-01 8.303629839543269497e-01
-8.197900535149377221e-01 -7.960782626137203888e-01 -8.530334373255732405e-02 7.362064004234361025e-01 9.303299569231413546e-01
-6.706213662066328185e-01 -8.770469255659518737e-01 -2.904272461938330885e-01 5.683409682391007411e-01 9.627485190484077471e-01
-4.742212845659575793e-01 -9.075812475313941308e-01 -4.764010745351283660e-01 3.732731331975078781e-01 9.283631890970756029e-01
-2.429982379994086727e-01 -8.834764026615226085e-01 -6.348178448386074813e-01 1.634473689334439428e-01 8.335323202988758062e-01
6.792815520423767239e-03 -8.033709189331369460e-01 -7.579907720928025228e-01 -4.944070694848612391e-02 6.888429679079868251e-01
2.564789058264898003e-01 -6.696567925459769866e-01 -8.389791719638187706e-01 -2.547322227220872870e-01 5.073636872518645369e-01
4.868858501835813257e-01 -4.890936207871006136e-01 -8.719222929962109347e-01 -4.427949593240550485e-01 3.029425726172028099e-01
6.804306354058025086e-01 -2.728838270799359700e-01 -8.526897117764102862e-01 -6.048704943579774618e-01 8.887714650746959821e-02
8.230380158352915698e-01 -3.607196180510108263e-02 -7.797494638666245814e-01 -7.329495492993202133e-01 -1.228792767268829245e-01
9.055584290531372149e-01 2.037212036090800815e-01 -6.550552634898016979e-01 -8.198260793390952372e-01 -3.219831820904247577e-01
9.244562041662194307e-01 4.280732124094954738e-01 -4.846942210110984361e-01 -8.594275352746258978e-01 -4.995765393983510605e-01
8.816844483429860935e-01 6.197719505948062757e-01 -2.790447283882045992e-01 -8.474369871903165707e-01 -6.479765940611350583e-01
7.838405619412394110e-01 7.647256923275600471e-01 -5.228049968158388766e-02 -7.821215488018463668e-01 -7.603915508681321489e-01
6.408514949898937996e-01 8.534298522504305540e-01 1.787980205584216720e-01 -6.651812534606332816e-01 -8.308388431558849652e-01
