0.000000000000000000e+00 0.000000000000000000e+00 0.000000000000000000e+00 0.000000000000000000e+00 0.000000000000000000e+00
0.000000000000000000e+00 0.000000000000000000e+00 0.000000000000000000e+00 0.000000000000000000e+00 0.000000000000000000e+00
0.000000000000000000e+00 0.000000000000000000e+00 0.000000000000000000e+00 0.000000000000000000e+00 0.000000000000000000e+00
0.000000000000000000e+00 0.000000000000000000e+00 0.000000000000000000e+00 0.000000000000000000e+00 0.000000000000000000e+00
0.000000000000000000e+00 0.000000000000000000e+00 0.000000000000000000e+00 0.000000000000000000e+00 0.000000000000000000e+00
0.000000000000000000e+00 0.000000000000000000e+00 0.000000000000000000e+00 0.000000000000000000e+00 0.000000000000000000e+00
0.000000000000000000e+00 0.000000000000000000e+00 0.000000000000000000e+00 0.000000000000000000e+00 0.000000000000000000e+00
0.000000000000000000e+00 0.000000000000000000e+00 0.000000000000000000e+00 0.000000000000000000e+00 0.000000000000000000e+00
0.000000000000000000e+00 0.000000000000000000e+00 0.000000000000000000e+00 0.000000000000000000e+00 0.000000000000000000e+00
0.000000000000000000e+00 0.000000000000000000e+00 0.000000000000000000e+00 0.000000000000000000e+00 0.000000000000000000e+00
0.000000000000000000e+00 0.000000000000000000e+00 0.000000000000000000e+00 0.000000000000000000e+00 0.000000000000000000e+00
0.000000000000000000e+00 0.000000000000000000e+00 0.000000000000000000e+00 0.000000000000000000e+00 0.000000000000000000e+00
0.000000000000000000e+00 0.000000000000000000e+00 0.000000000000000000e+00 0.000000000000000000e+00 0.000000000000000000e+00
0.000000000000000000e+00 0.000000000000000000e+00 0.000000000000000000e+00 0.000000000000000000e+00 0.000000000000000000e+00
0.000000000000000000e+00 0.000000000000000000e+00 0.000000000000000000e+00 0.000000000000000000e+00 0.000000000000000000e+00
0.000000000000000000e+00 0.000000000000000000e+00 0.000000000000000000e+00 0.000000000000000000e+00 0.000000000000000000e+00
0.000000000000000000e+00 0.000000000000000000e+00 0.000000000000000000e+00 0.000000000000000000e+00 0.000000000000000000e+00
0.000000000000000000e+00 0.000000000000000000e+00 0.000000000000000000e+00 0.000000000000000000e+00 0.000000000000000000e+00
0.000000000000000000e+00 0.000000000000000000e+00 0.000000000000000000e+00 0.000000000000000000e+00 0.000000000000000000e+00
0.000000000000000000e+00 0.000000000000000000e+00 0.000000000000000000e+00 0.000000000000000000e+00 0.000000000000000000e+00
0.000000000000000000e+00 0.000000000000000000e+00 0.000000000000000000e+00 0.000000000000000000e+00 0.000000000000000000e+00
0.000000000000000000e+00 0.000000000000000000e+00 0.000000000000000000e+00 0.000000000000000000e+00 0.000000000000000000e+00
0.000000000000000000e+00 0.000000000000000000e+00 0.000000000000000000e+00 0.000000000000000000e+00 0.000000000000000000e+00
0.000000000000000000e+00 0.000000000000000000e+00 0.000000000000000000e+00 0.000000000000000000e+00 0.000000000000000000e+00
0.000000000000000000e+00 0.000000000000000000e+00 0.000000000000000000e+00 0.000000000000000000e+00 0.000000000000000000e+00
0.000000000000000000e+00 0.000000000000000000e+00 0.000000000000000000e+00 0.000000000000000000e+00 0.000000000000000000e+00
0.000000000000000000e+00 0.000000000000000000e+00 0.000000000000000000e+00 0.000000000000000000e+00 0.000000000000000000e+00
0.000000000000000000e+00 0.000000000000000000e+00 0.000000000000000000e+00 0.000000000000000000e+00 0.000000000000000000e+00
0.000000000000000000e+00 0.000000000000000000e+00 0.000000000000000000e+00 0.000000000000000000e+00 0.000000000000000000e+00
0.000000000000000000e+00 0.000000000000000000e+00 0.000000000000000000e+00 0.000000000000000000e+00 0.000000000000000000e+00
0.000000000000000000e+00 0.000000000000000000e+00 0.000000000000000000e+00 0.000000000000000000e+00 0.000000000000000000e+00
0.000000000000000000e+00 0.000000000000000000e+00 0.000000000000000000e+00 0.000000000000000000e+00 0.000000000000000000e+00
0.000000000000000000e+00 0.000000000000000000e+00 0.000000000000000000e+00 0.000000000000000000e+00 0.000000000000000000e+00
0.000000000000000000e+00 0.000000000000000000e+00 0.000000000000000000e+00 0.000000000000000000e+00 0.000000000000000000e+00
0.000000000000000000e+00 0.000000000000000000e+00 0.000000000000000000e+00 0.000000000000000000e+00 0.000000000000000000e+00
0.000000000000000000e+00 0.000000000000000000e+00 0.000000000000000000e+00 0.000000000000000000e+00 0.000000000000000000e+00
0.000000000000000000e+00 0.000000000000000000e+00 0.000000000000000000e+00 0.000000000000000000e+00 0.000000000000000000e+00
0.000000000000000000e+00 0.000000000000000000e+00 0.000000000000000000e+00 0.000000000000000000e+00 0.000000000000000000e+00
0.000000000000000000e+00 0.000000000000000000e+00 0.000000000000000000e+00 0.000000000000000000e+00 0.000000000000000000e+00
0.000000000000000000e+00 0.000000000000000000e+00 0.000000000000000000e+00 0.000000000000000000e+00 0.000000000000000000e+00
0.000000000000000000e+00 0.000000000000000000e+00 0.000000000000000000e+00 0.000000000000000000e+00 0.000000000000000000e+00
0.000000000000000000e+00 0.000000000000000000e+00 0.000000000000000000e+00 0.000000000000000000e+00 0.000000000000000000e+00
0.000000000000000000e+00 0.000000000000000000e+00 0.000000000000000000e+00 0.000000000000000000e+00 0.000000000000000000e+00
0.000000000000000000e+00 0.000000000000000000e+00 0.000000000000000000e+00 0.000000000000000000e+00 0.000000000000000000e+00
0.000000000000000000e+00 0.000000000000000000e+00 0.000000000000000000e+00 0.000000000000000000e+00 0.000000000000000000e+00
0.000000000000000000e+00 0.000000000000000000e+00 0.000000000000000000e+00 0.000000000000000000e+00 0.000000000000000000e+00
0.000000000000000000e+00 0.000000000000000000e+00 0.000000000000000000e+00 0.000000000000000000e+00 0.000000000000000000e+00
0.000000000000000000e+00 0.000000000000000000e+00 0.000000000000000000e+00 0.000000000000000000e+00 0.000000000000000000e+00
0.000000000000000000e+00 0.000000000000000000e+00 0.000000000000000000e+00 0.000000000000000000e+00 0.000000000000000000e+00
0.000000000000000000e+00 0.000000000000000000e+00 0.000000000000000000e+00 0.000000000000000000e+00 0.000000000000000000e+00
0.000000000000000000e+00 0.000000000000000000e+00 0.000000000000000000e+00 0.000000000000000000e+00 0.000000000000000000e+00
0.000000000000000000e+00 0.000000000000000000e+00 0.000000000000000000e+00 0.000000000000000000e+00 0.000000000000000000e+00
0.000000000000000000e+00 0.000000000000000000e+00 0.000000000000000000e+00 0.000000000000000000e+00 0.000000000000000000e+00
0.000000000000000000e+00 0.000000000000000000e+00 0.000000000000000000e+00 0.000000000000000000e+00 0.000000000000000000e+00
0.000000000000000000e+00 0.000000000000000000e+00 0.000000000000000000e+00 0.000000000000000000e+00 0.000000000000000000e+00
0.000000000000000000e+00 0.000000000000000000e+00 0.000000000000000000e+00 0.000000000000000000e+00 0.000000000000000000e+00
0.000000000000000000e+00 0.000000000000000000e+00 0.000000000000000000e+00 0.000000000000000000e+00 0.000000000000000000e+00
0.000000000000000000e+00 0.000000000000000000e+00 0.000000000000000000e+00 0.000000000000000000e+00 0.000000000000000000e+00
0.000000000000000000e+00 0.000000000000000000e+00 0.000000000000000000e+00 0.000000000000000000e+00 0.000000000000000000e+00
0.000000000000000000e+00 0.000000000000000000e+00 0.000000000000000000e+00 0.000000000000000000e+00 0.000000000000000000e+00
0.000000000000000000e+00 0.000000000000000000e+00 0.000000000000000000e+00 0.000000000000000000e+00 0.000000000000000000e+00
0.000000000000000000e+00 0.000000000000000000e+00 0.000000000000000000e+00 0.000000000000000000e+00 0.000000000000000000e+00
0.000000000000000000e+00 0.000000000000000000e+00 0.000000000000000000e+00 0.000000000000000000e+00 0.000000000000000000e+00
0.000000000000000000e+00 0.000000000000000000e+00 0.000000000000000000e+00 0.000000000000000000e+00 0.000000000000000000e+00
0.000000000000000000e+00 0.000000000000000000e+00 0.000000000000000000e+00 0.000000000000000000e+00 0.000000000000000000e+00
0.000000000000000000e+00 0.000000000000000000e+00 0.000000000000000000e+00 0.000000000000000000e+00 0.000000000000000000e+00
0.000000000000000000e+00 0.000000000000000000e+00 0.000000000000000000e+00 0.000000000000000000e+00 0.000000000000000000e+00
0.000000000000000000e+00 0.000000000000000000e+00 0.000000000000000000e+00 0.000000000000000000e+00 0.000000000000000000e+00
0.000000000000000000e+00 0.000000000000000000e+00 0.000000000000000000e+00 0.000000000000000000e+00 0.000000000000000000e+00
0.000000000000000000e+00 0.000000000000000000e+00 0.000000000000000000e+00 0.000000000000000000e+00 0.000000000000000000e+00
0.000000000000000000e+00 0.000000000000000000e+00 0.000000000000000000e+00 0.000000000000000000e+00 0.000000000000000000e+00
0.000000000000000000e+00 0.000000000000000000e+00 0.000000000000000000e+00 0.000000000000000000e+00 0.000000000000000000e+00
0.000000000000000000e+00 0.000000000000000000e+00 0.000000000000000000e+00 0.000000000000000000e+00 0.000000000000000000e+00
0.000000000000000000e+00 0.000000000000000000e+00 0.000000000000000000e+00 0.000000000000000000e+00 0.000000000000000000e+00
0.000000000000000000e+00 0.000000000000000000e+00 0.000000000000000000e+00 0.000000000000000000e+00 0.000000000000000000e+00
0.000000000000000000e+00 0.000000000000000000e+00 0.000000000000000000e+00 0.000000000000000000e+00 0.000000000000000000e+00
0.000000000000000000e+00 0.000000000000000000e+00 0.000000000000000000e+00 0.000000000000000000e+00 0.000000000000000000e+00
0.000000000000000000e+00 0.000000000000000000e+00 0.000000000000000000e+00 0.000000000000000000e+00 0.000000000000000000e+00
0.000000000000000000e+00 0.000000000000000000e+00 0.000000000000000000e+00 0.000000000000000000e+00 0.000000000000000000e+00
0.000000000000000000e+00 0.000000000000000000e+00 0.000000000000000000e+00 0.000000000000000000e+00 0.000000000000000000e+00
0.000000000000000000e+00 0.000000000000000000e+00 0.000000000000000000e+00 0.000000000000000000e+00 0.000000000000000000e+00
0.000000000000000000e+00 0.000000000000000000e+00 0.000000000000000000e+00 0.000000000000000000e+00 0.000000000000000000e+00
0.000000000000000000e+00 0.000000000000000000e+00 0.000000000000000000e+00 0.000000000000000000e+00 0.000000000000000000e+00
0.000000000000000000e+00 0.000000000000000000e+00 0.000000000000000000e+00 0.000000000000000000e+00 0.000000000000000000e+00
0.000000000000000000e+00 0.000000000000000000e+00 0.000000000000000000e+00 0.000000000000000000e+00 0.000000000000000000e+00
0.000000000000000000e+00 0.000000000000000000e+00 0.000000000000000000e+00 0.000000000000000000e+00 0.000000000000000000e+00
0.000000000000000000e+00 0.000000000000000000e+00 0.000000000000000000e+00 0.000000000000000000e+00 0.000000000000000000e+00
0.000000000000000000e+00 0.000000000000000000e+00 0.000000000000000000e+00 0.000000000000000000e+00 0.000000000000000000e+00
0.000000000000000000e+00 0.000000000000000000e+00 0.000000000000000000e+00 0.000000000000000000e+00 0.000000000000000000e+00
0.000000000000000000e+00 0.000000000000000000e+00 0.000000000000000000e+00 0.000000000000000000e+00 0.000000000000000000e+00
0.000000000000000000e+00 0.000000000000000000e+00 0.000000000000000000e+00 0.000000000000000000e+00 0.000000000000000000e+00
0.000000000000000000e+00 0.000000000000000000e+00 0.000000000000000000e+00 0.000000000000000000e+00 0.000000000000000000e+00
0.000000000000000000e+00 0.000000000000000000e+00 0.000000000000000000e+00 0.000000000000000000e+00 0.000000000000000000e+00
0.000000000000000000e+00 0.000000000000000000e+00 0.000000000000000000e+00 0.000000000000000000e+00 0.000000000000000000e+00
0.000000000000000000e+00 0.000000000000000000e+00 0.000000000000000000e+00 0.000000000000000000e+00 0.000000000000000000e+00
0.000000000000000000e+00 0.000000000000000000e+00 0.000000000000000000e+00 0.000000000000000000e+00 0.000000000000000000e+00
0.000000000000000000e+00 0.000000000000000000e+00 0.000000000000000000e+00 0.000000000000000000e+00 0.000000000000000000e+00
0.000000000000000000e+00 0.000000000000000000e+00 0.000000000000000000e+00 0.000000000000000000e+00 0.000000000000000000e+00
0.000000000000000000e+00 0.000000000000000000e+00 0.000000000000000000e+00 0.000000000000000000e+00 0.000000000000000000e+00
0.000000000000000000e+00 0.000000000000000000e+00 0.000000000000000000e+00 0.000000000000000000e+00 0.000000000000000000e+00
0.000000000000000000e+00 0.000000000000000000e+00 0.000000000000000000e+00 0.000000000000000000e+00 0.000000000000000000e+00
0.000000000000000000e+00 0.000000000000000000e+00 0.000000000000000000e+00 0.000000000000000000e+00 0.000000000000000000e+00
0.000000000000000000e+00 0.000000000000000000e+00 0.000000000000000000e+00 0.000000000000000000e+00 0.000000000000000000e+00
0.000000000000000000e+00 0.000000000000000000e+00 0.000000000000000000e+00 0.000000000000000000e+00 0.000000000000000000e+00
0.000000000000000000e+00 0.000000000000000000e+00 0.000000000000000000e+00 0.000000000000000000e+00 0.000000000000000000e+00
0.000000000000000000e+00 0.000000000000000000e+00 0.000000000000000000e+00 0.000000000000000000e+00 0.000000000000000000e+00
0.000000000000000000e+00 0.000000000000000000e+00 0.000000000000000000e+00 0.000000000000000000e+00 0.000000000000000000e+00
0.000000000000000000e+00 0.000000000000000000e+00 0.000000000000000000e+00 0.000000000000000000e+00 0.000000000000000000e+00
0.000000000000000000e+00 0.000000000000000000e+00 0.000000000000000000e+00 0.000000000000000000e+00 0.000000000000000000e+00
0.000000000000000000e+00 0.000000000000000000e+00 0.000000000000000000e+00 0.000000000000000000e+00 0.000000000000000000e+00
0.000000000000000000e+00 0.000000000000000000e+00 0.000000000000000000e+00 0.000000000000000000e+00 0.000000000000000000e+00
0.000000000000000000e+00 0.000000000000000000e+00 0.000000000000000000e+00 0.000000000000000000e+00 0.000000000000000000e+00
0.000000000000000000e+00 0.000000000000000000e+00 0.000000000000000000e+00 0.000000000000000000e+00 0.000000000000000000e+00
0.000000000000000000e+00 0.000000000000000000e+00 0.000000000000000000e+00 0.000000000000000000e+00 0.000000000000000000e+00
0.000000000000000000e+00 0.000000000000000000e+00 0.000000000000000000e+00 0.000000000000000000e+00 0.000000000000000000e+00
0.000000000000000000e+00 0.000000000000000000e+00 0.000000000000000000e+00 0.000000000000000000e+00 0.000000000000000000e+00
0.000000000000000000e+00 0.000000000000000000e+00 0.000000000000000000e+00 0.000000000000000000e+00 0.000000000000000000e+00
0.000000000000000000e+00 0.000000000000000000e+00 0.000000000000000000e+00 0.000000000000000000e+00 0.000000000000000000e+00
0.000000000000000000e+00 0.000000000000000000e+00 0.000000000000000000e+00 0.000000000000000000e+00 0.000000000000000000e+00
0.000000000000000000e+00 0.000000000000000000e+00 0.000000000000000000e+00 0.000000000000000000e+00 0.000000000000000000e+00
0.000000000000000000e+00 0.000000000000000000e+00 0.000000000000000000e+00 0.000000000000000000e+00 0.000000000000000000e+00
0.000000000000000000e+00 0.000000000000000000e+00 0.000000000000000000e+00 0.000000000000000000e+00 0.000000000000000000e+00
0.000000000000000000e+00 0.000000000000000000e+00 0.000000000000000000e+00 0.000000000000000000e+00 0.000000000000000000e+00
0.000000000000000000e+00 0.000000000000000000e+00 0.000000000000000000e+00 0.000000000000000000e+00 0.000000000000000000e+00
0.000000000000000000e+00 0.000000000000000000e+00 0.000000000000000000e+00 0.000000000000000000e+00 0.000000000000000000e+00
0.000000000000000000e+00 0.000000000000000000e+00 0.000000000000000000e+00 0.000000000000000000e+00 0.000000000000000000e+00
0.000000000000000000e+00 0.000000000000000000e+00 0.000000000000000000e+00 0.000000000000000000e+00 0.000000000000000000e+00
0.000000000000000000e+00 0.000000000000000000e+00 0.000000000000000000e+00 0.000000000000000000e+00 0.000000000000000000e+00
0.000000000000000000e+00 0.000000000000000000e+00 0.000000000000000000e+00 0.000000000000000000e+00 0.000000000000000000e+00
0.000000000000000000e+00 0.000000000000000000e+00 0.000000000000000000e+00 0.000000000000000000e+00 0.000000000000000000e+00
0.000000000000000000e+00 0.000000000000000000e+00 0.000000000000000000e+00 0.000000000000000000e+00 0.000000000000000000e+00
0.000000000000000000e+00 0.000000000000000000e+00 0.000000000000000000e+00 0.000000000000000000e+00 0.000000000000000000e+00
0.000000000000000000e+00 0.000000000000000000e+00 0.000000000000000000e+00 0.000000000000000000e+00 0.000000000000000000e+00
0.000000000000000000e+00 0.000000000000000000e+00 0.000000000000000000e+00 0.000000000000000000e+00 0.000000000000000000e+00
0.000000000000000000e+00 0.000000000000000000e+00 0.000000000000000000e+00 0.000000000000000000e+00 0.000000000000000000e+00
0.000000000000000000e+00 0.000000000000000000e+00 0.000000000000000000e+00 0.000000000000000000e+00 0.000000000000000000e+00
0.000000000000000000e+00 0.000000000000000000e+00 0.000000000000000000e+00 0.000000000000000000e+00 0.000000000000000000e+00
0.000000000000000000e+00 0.000000000000000000e+00 0.000000000000000000e+00 0.000000000000000000e+00 0.000000000000000000e+00
0.000000000000000000e+00 0.000000000000000000e+00 0.000000000000000000e+00 0.000000000000000000e+00 0.000000000000000000e+00
0.000000000000000000e+00 0.000000000000000000e+00 0.000000000000000000e+00 0.000000000000000000e+00 0.000000000000000000e+00
0.000000000000000000e+00 0.000000000000000000e+00 0.000000000000000000e+00 0.000000000000000000e+00 0.000000000000000000e+00
0.000000000000000000e+00 0.000000000000000000e+00 0.000000000000000000e+00 0.000000000000000000e+00 0.000000000000000000e+00
0.000000000000000000e+00 0.000000000000000000e+00 0.000000000000000000e+00 0.000000000000000000e+00 0.000000000000000000e+00
0.000000000000000000e+00 0.000000000000000000e+00 0.000000000000000000e+00 0.000000000000000000e+00 0.000000000000000000e+00
0.000000000000000000e+00 0.000000000000000000e+00 0.000000000000000000e+00 0.000000000000000000e+00 0.000000000000000000e+00
0.000000000000000000e+00 0.000000000000000000e+00 0.000000000000000000e+00 0.000000000000000000e+00 0.000000000000000000e+00
0.000000000000000000e+00 0.000000000000000000e+00 0.000000000000000000e+00 0.000000000000000000e+00 0.000000000000000000e+00
0.000000000000000000e+00 0.000000000000000000e+00 0.000000000000000000e+00 0.000000000000000000e+00 0.000000000000000000e+00
0.000000000000000000e+00 0.000000000000000000e+00 0.000000000000000000e+00 0.000000000000000000e+00 0.000000000000000000e+00
0.000000000000000000e+00 0.000000000000000000e+00 0.000000000000000000e+00 0.000000000000000000e+00 0.000000000000000000e+00
0.000000000000000000e+00 0.000000000000000000e+00 0.000000000000000000e+00 0.000000000000000000e+00 0.000000000000000000e+00
0.000000000000000000e+00 0.000000000000000000e+00 0.000000000000000000e+00 0.000000000000000000e+00 0.000000000000000000e+00
0.000000000000000000e+00 0.000000000000000000e+00 0.000000000000000000e+00 0.000000000000000000e+00 0.000000000000000000e+00
0.000000000000000000e+00 0.000000000000000000e+00 0.000000000000000000e+00 0.000000000000000000e+00 0.000000000000000000e+00
0.000000000000000000e+00 0.000000000000000000e+00 0.000000000000000000e+00 0.000000000000000000e+00 0.000000000000000000e+00
0.000000000000000000e+00 0.000000000000000000e+00 0.000000000000000000e+00 0.000000000000000000e+00 0.000000000000000000e+00
0.000000000000000000e+00 0.000000000000000000e+00 0.000000000000000000e+00 0.000000000000000000e+00 0.000000000000000000e+00
0.000000000000000000e+00 0.000000000000000000e+00 0.000000000000000000e+00 0.000000000000000000e+00 0.000000000000000000e+00
0.000000000000000000e+00 0.000000000000000000e+00 0.000000000000000000e+00 0.000000000000000000e+00 0.000000000000000000e+00
0.000000000000000000e+00 0.000000000000000000e+00 0.000000000000000000e+00 0.000000000000000000e+00 0.000000000000000000e+00
0.000000000000000000e+00 0.000000000000000000e+00 0.000000000000000000e+00 0.000000000000000000e+00 0.000000000000000000e+00
0.000000000000000000e+00 0.000000000000000000e+00 0.000000000000000000e+00 0.000000000000000000e+00 0.000000000000000000e+00
0.000000000000000000e+00 0.000000000000000000e+00 0.000000000000000000e+00 0.000000000000000000e+00 0.000000000000000000e+00
0.000000000000000000e+00 0.000000000000000000e+00 0.000000000000000000e+00 0.000000000000000000e+00 0.000000000000000000e+00
0.000000000000000000e+00 0.000000000000000000e+00 0.000000000000000000e+00 0.000000000000000000e+00 0.000000000000000000e+00
0.000000000000000000e+00 0.000000000000000000e+00 0.000000000000000000e+00 0.000000000000000000e+00 0.000000000000000000e+00
0.000000000000000000e+00 0.000000000000000000e+00 0.000000000000000000e+00 0.000000000000000000e+00 0.000000000000000000e+00
0.000000000000000000e+00 0.000000000000000000e+00 0.000000000000000000e+00 0.000000000000000000e+00 0.000000000000000000e+00
0.000000000000000000e+00 0.000000000000000000e+00 0.000000000000000000e+00 0.000000000000000000e+00 0.000000000000000000e+00
0.000000000000000000e+00 0.000000000000000000e+00 0.000000000000000000e+00 0.000000000000000000e+00 0.000000000000000000e+00
0.000000000000000000e+00 0.000000000000000000e+00 0.000000000000000000e+00 0.000000000000000000e+00 0.000000000000000000e+00
0.000000000000000000e+00 0.000000000000000000e+00 0.000000000000000000e+00 0.000000000000000000e+00 0.000000000000000000e+00
0.000000000000000000e+00 0.000000000000000000e+00 0.000000000000000000e+00 0.000000000000000000e+00 0.000000000000000000e+00
0.000000000000000000e+00 0.000000000000000000e+00 0.000000000000000000e+00 0.000000000000000000e+00 0.000000000000000000e+00
0.000000000000000000e+00 0.000000000000000000e+00 0.000000000000000000e+00 0.000000000000000000e+00 0.000000000000000000e+00
0.000000000000000000e+00 0.000000000000000000e+00 0.000000000000000000e+00 0.000000000000000000e+00 0.000000000000000000e+00
0.000000000000000000e+00 0.000000000000000000e+00 0.000000000000000000e+00 0.000000000000000000e+00 0.000000000000000000e+00
0.000000000000000000e+00 0.000000000000000000e+00 0.000000000000000000e+00 0.000000000000000000e+00 0.000000000000000000e+00
0.000000000000000000e+00 0.000000000000000000e+00 0.000000000000000000e+00 0.000000000000000000e+00 0.000000000000000000e+00
0.000000000000000000e+00 0.000000000000000000e+00 0.000000000000000000e+00 0.000000000000000000e+00 0.000000000000000000e+00
0.000000000000000000e+00 0.000000000000000000e+00 0.000000000000000000e+00 0.000000000000000000e+00 0.000000000000000000e+00
0.000000000000000000e+00 0.000000000000000000e+00 0.000000000000000000e+00 0.000000000000000000e+00 0.000000000000000000e+00
0.000000000000000000e+00 0.000000000000000000e+00 0.000000000000000000e+00 0.000000000000000000e+00 0.000000000000000000e+00
0.000000000000000000e+00 0.000000000000000000e+00 0.000000000000000000e+00 0.000000000000000000e+00 0.000000000000000000e+00
0.000000000000000000e+00 0.000000000000000000e+00 0.000000000000000000e+00 0.000000000000000000e+00 0.000000000000000000e+00
0.000000000000000000e+00 0.000000000000000000e+00 0.000000000000000000e+00 0.000000000000000000e+00 0.000000000000000000e+00
0.000000000000000000e+00 0.000000000000000000e+00 0.000000000000000000e+00 0.000000000000000000e+00 0.000000000000000000e+00
0.000000000000000000e+00 0.000000000000000000e+00 0.000000000000000000e+00 0.000000000000000000e+00 0.000000000000000000e+00
0.000000000000000000e+00 0.000000000000000000e+00 0.000000000000000000e+00 0.000000000000000000e+00 0.000000000000000000e+00
0.000000000000000000e+00 0.000000000000000000e+00 0.000000000000000000e+00 0.000000000000000000e+00 0.000000000000000000e+00
0.000000000000000000e+00 0.000000000000000000e+00 0.000000000000000000e+00 0.000000000000000000e+00 0.000000000000000000e+00
0.000000000000000000e+00 0.000000000000000000e+00 0.000000000000000000e+00 0.000000000000000000e+00 0.000000000000000000e+00
0.000000000000000000e+00 0.000000000000000000e+00 0.000000000000000000e+00 0.000000000000000000e+00 0.000000000000000000e+00
0.000000000000000000e+00 0.000000000000000000e+00 0.000000000000000000e+00 0.000000000000000000e+00 0.000000000000000000e+00
0.000000000000000000e+00 0.000000000000000000e+00 0.000000000000000000e+00 0.000000000000000000e+00 0.000000000000000000e+00
0.000000000000000000e+00 0.000000000000000000e+00 0.000000000000000000e+00 0.000000000000000000e+00 0.000000000000000000e+00
0.000000000000000000e+00 0.000000000000000000e+00 0.000000000000000000e+00 0.000000000000000000e+00 0.000000000000000000e+00
0.000000000000000000e+00 0.000000000000000000e+00 0.000000000000000000e+00 0.000000000000000000e+00 0.000000000000000000e+00
0.000000000000000000e+00 0.000000000000000000e+00 0.000000000000000000e+00 0.000000000000000000e+00 0.000000000000000000e+00
0.000000000000000000e+00 0.000000000000000000e+00 0.000000000000000000e+00 0.000000000000000000e+00 0.000000000000000000e+00
0.000000000000000000e+00 0.000000000000000000e+00 0.000000000000000000e+00 0.000000000000000000e+00 0.000000000000000000e+00
0.000000000000000000e+00 0.000000000000000000e+00 0.000000000000000000e+00 0.000000000000000000e+00 0.000000000000000000e+00
0.000000000000000000e+00 0.000000000000000000e+00 0.000000000000000000e+00 0.000000000000000000e+00 0.000000000000000000e+00
0.000000000000000000e+00 0.000000000000000000e+00 0.000000000000000000e+00 0.000000000000000000e+00 0.000000000000000000e+00
0.000000000000000000e+00 0.000000000000000000e+00 0.000000000000000000e+00 0.000000000000000000e+00 0.000000000000000000e+00
0.000000000000000000e+00 0.000000000000000000e+00 0.000000000000000000e+00 0.000000000000000000e+00 0.000000000000000000e+00
0.000000000000000000e+00 0.000000000000000000e+00 0.000000000000000000e+00 0.000000000000000000e+00 0.000000000000000000e+00
0.000000000000000000e+00 0.000000000000000000e+00 0.000000000000000000e+00 0.000000000000000000e+00 0.000000000000000000e+00
0.000000000000000000e+00 0.000000000000000000e+00 0.000000000000000000e+00 0.000000000000000000e+00 0.000000000000000000e+00
0.000000000000000000e+00 0.000000000000000000e+00 0.000000000000000000e+00 0.000000000000000000e+00 0.000000000000000000e+00
0.000000000000000000e+00 0.000000000000000000e+00 0.000000000000000000e+00 0.000000000000000000e+00 0.000000000000000000e+00
0.000000000000000000e+00 0.000000000000000000e+00 0.000000000000000000e+00 0.000000000000000000e+00 0.000000000000000000e+00
0.000000000000000000e+00 0.000000000000000000e+00 0.000000000000000000e+00 0.000000000000000000e+00 0.000000000000000000e+00
0.000000000000000000e+00 0.000000000000000000e+00 0.000000000000000000e+00 0.000000000000000000e+00 0.000000000000000000e+00
0.000000000000000000e+00 0.000000000000000000e+00 0.000000000000000000e+00 0.000000000000000000e+00 0.000000000000000000e+00
0.000000000000000000e+00 0.000000000000000000e+00 0.000000000000000000e+00 0.000000000000000000e+00 0.000000000000000000e+00
0.000000000000000000e+00 0.000000000000000000e+00 0.000000000000000000e+00 0.000000000000000000e+00 0.000000000000000000e+00
0.000000000000000000e+00 0.000000000000000000e+00 0.000000000000000000e+00 0.000000000000000000e+00 0.000000000000000000e+00
0.000000000000000000e+00 0.000000000000000000e+00 0.000000000000000000e+00 0.000000000000000000e+00 0.000000000000000000e+00
0.000000000000000000e+00 0.000000000000000000e+00 0.000000000000000000e+00 0.000000000000000000e+00 0.000000000000000000e+00
0.000000000000000000e+00 0.000000000000000000e+00 0.000000000000000000e+00 0.000000000000000000e+00 0.000000000000000000e+00
0.000000000000000000e+00 0.000000000000000000e+00 0.000000000000000000e+00 0.000000000000000000e+00 0.000000000000000000e+00
0.000000000000000000e+00 0.000000000000000000e+00 0.000000000000000000e+00 0.000000000000000000e+00 0.000000000000000000e+00
0.000000000000000000e+00 0.000000000000000000e+00 0.000000000000000000e+00 0.000000000000000000e+00 0.000000000000000000e+00
0.000000000000000000e+00 0.000000000000000000e+00 0.000000000000000000e+00 0.000000000000000000e+00 0.000000000000000000e+00
0.000000000000000000e+00 0.000000000000000000e+00 0.000000000000000000e+00 0.000000000000000000e+00 0.000000000000000000e+00
0.000000000000000000e+00 0.000000000000000000e+00 0.000000000000000000e+00 0.000000000000000000e+00 0.000000000000000000e+00
0.000000000000000000e+00 0.000000000000000000e+00 0.000000000000000000e+00 0.000000000000000000e+00 0.000000000000000000e+00
0.000000000000000000e+00 0.000000000000000000e+00 0.000000000000000000e+00 0.000000000000000000e+00 0.000000000000000000e+00
0.000000000000000000e+00 0.000000000000000000e+00 0.000000000000000000e+00 0.000000000000000000e+00 0.000000000000000000e+00
0.000000000000000000e+00 0.000000000000000000e+00 0.000000000000000000e+00 0.000000000000000000e+00 0.000000000000000000e+00
0.000000000000000000e+00 0.000000000000000000e+00 0.000000000000000000e+00 0.000000000000000000e+00 0.000000000000000000e+00
0.000000000000000000e+00 0.000000000000000000e+00 0.000000000000000000e+00 0.000000000000000000e+00 0.000000000000000000e+00
0.000000000000000000e+00 0.000000000000000000e+00 0.000000000000000000e+00 0.000000000000000000e+00 0.000000000000000000e+00
0.000000000000000000e+00 0.000000000000000000e+00 0.000000000000000000e+00 0.000000000000000000e+00 0.000000000000000000e+00
0.000000000000000000e+00 0.000000000000000000e+00 0.000000000000000000e+00 0.000000000000000000e+00 0.000000000000000000e+00
0.000000000000000000e+00 0.000000000000000000e+00 0.000000000000000000e+00 0.000000000000000000e+00 0.000000000000000000e+00
0.000000000000000000e+00 0.000000000000000000e+00 0.000000000000000000e+00 0.000000000000000000e+00 0.000000000000000000e+00
0.000000000000000000e+00 0.000000000000000000e+00 0.000000000000000000e+00 0.000000000000000000e+00 0.000000000000000000e+00
0.000000000000000000e+00 0.000000000000000000e+00 0.000000000000000000e+00 0.000000000000000000e+00 0.000000000000000000e+00
0.000000000000000000e+00 0.000000000000000000e+00 0.000000000000000000e+00 0.000000000000000000e+00 0.000000000000000000e+00
0.000000000000000000e+00 0.000000000000000000e+00 0.000000000000000000e+00 0.000000000000000000e+00 0.000000000000000000e+00
0.000000000000000000e+00 0.000000000000000000e+00 0.000000000000000000e+00 0.000000000000000000e+00 0.000000000000000000e+00
0.000000000000000000e+00 0.000000000000000000e+00 0.000000000000000000e+00 0.000000000000000000e+00 0.000000000000000000e+00
0.000000000000000000e+00 0.000000000000000000e+00 0.000000000000000000e+00 0.000000000000000000e+00 0.000000000000000000e+00
0.000000000000000000e+00 0.000000000000000000e+00 0.000000000000000000e+00 0.000000000000000000e+00 0.000000000000000000e+00
0.000000000000000000e+00 0.000000000000000000e+00 0.000000000000000000e+00 0.000000000000000000e+00 0.000000000000000000e+00
0.000000000000000000e+00 0.000000000000000000e+00 0.000000000000000000e+00 0.000000000000000000e+00 0.000000000000000000e+00
0.000000000000000000e+00 0.000000000000000000e+00 0.000000000000000000e+00 0.000000000000000000e+00 0.000000000000000000e+00
0.000000000000000000e+00 0.000000000000000000e+00 0.000000000000000000e+00 0.000000000000000000e+00 0.000000000000000000e+00
0.000000000000000000e+00 0.000000000000000000e+00 0.000000000000000000e+00 0.000000000000000000e+00 0.000000000000000000e+00
0.000000000000000000e+00 0.000000000000000000e+00 0.000000000000000000e+00 0.000000000000000000e+00 0.000000000000000000e+00
0.000000000000000000e+00 0.000000000000000000e+00 0.000000000000000000e+00 0.000000000000000000e+00 0.000000000000000000e+00
0.000000000000000000e+00 0.000000000000000000e+00 0.000000000000000000e+00 0.000000000000000000e+00 0.000000000000000000e+00
0.000000000000000000e+00 0.000000000000000000e+00 0.000000000000000000e+00 0.000000000000000000e+00 0.000000000000000000e+00
0.000000000000000000e+00 0.000000000000000000e+00 0.000000000000000000e+00 0.000000000000000000e+00 0.000000000000000000e+00
0.000000000000000000e+00 0.000000000000000000e+00 0.000000000000000000e+00 0.000000000000000000e+00 0.000000000000000000e+00
0.000000000000000000e+00 0.000000000000000000e+00 0.000000000000000000e+00 0.000000000000000000e+00 0.000000000000000000e+00
0.000000000000000000e+00 0.000000000000000000e+00 0.000000000000000000e+00 0.000000000000000000e+00 0.000000000000000000e+00
0.000000000000000000e+00 0.000000000000000000e+00 0.000000000000000000e+00 0.000000000000000000e+00 0.000000000000000000e+00
0.000000000000000000e+00 0.000000000000000000e+00 0.000000000000000000e+00 0.000000000000000000e+00 0.000000000000000000e+00
0.000000000000000000e+00 0.000000000000000000e+00 0.000000000000000000e+00 0.000000000000000000e+00 0.000000000000000000e+00
0.000000000000000000e+00 0.000000000000000000e+00 0.000000000000000000e+00 0.000000000000000000e+00 0.000000000000000000e+00
0.000000000000000000e+00 0.000000000000000000e+00 0.000000000000000000e+00 0.000000000000000000e+00 0.000000000000000000e+00
0.000000000000000000e+00 0.000000000000000000e+00 0.000000000000000000e+00 0.000000000000000000e+00 0.000000000000000000e+00
0.000000000000000000e+00 0.000000000000000000e+00 0.000000000000000000e+00 0.000000000000000000e+00 0.000000000000000000e+00
0.000000000000000000e+00 0.000000000000000000e+00 0.000000000000000000e+00 0.000000000000000000e+00 0.000000000000000000e+00
0.000000000000000000e+00 0.000000000000000000e+00 0.000000000000000000e+00 0.000000000000000000e+00 0.000000000000000000e+00
0.000000000000000000e+00 0.000000000000000000e+00 0.000000000000000000e+00 0.000000000000000000e+00 0.000000000000000000e+00
0.000000000000000000e+00 0.000000000000000000e+00 0.000000000000000000e+00 0.000000000000000000e+00 0.000000000000000000e+00
0.000000000000000000e+00 0.000000000000000000e+00 0.000000000000000000e+00 0.000000000000000000e+00 0.000000000000000000e+00
0.000000000000000000e+00 0.000000000000000000e+00 0.000000000000000000e+00 0.000000000000000000e+00 0.000000000000000000e+00
0.000000000000000000e+00 0.000000000000000000e+00 0.000000000000000000e+00 0.000000000000000000e+00 0.000000000000000000e+00
0.000000000000000000e+00 0.000000000000000000e+00 0.000000000000000000e+00 0.000000000000000000e+00 0.000000000000000000e+00
0.000000000000000000e+00 0.000000000000000000e+00 0.000000000000000000e+00 0.000000000000000000e+00 0.000000000000000000e+00
-9.940433412910458344e+00 -7.136310159175806689e+00 -2.052327520162148922e+00 9.481817345086755111e+00 1.300797782820054493e+01
-8.264262693151003702e+00 -7.205419529167004455e+00 -3.083692146665724110e+00 4.891554362800368594e+00 1.146134632741738635e+01
-6.380012130287719074e+00 -7.963545148069859358e+00 -3.794311412074664158e+00 2.727047155391266298e+00 9.155140062231172493e+00
-3.396782682211964222e+00 -8.490503821019874664e+00 -4.636037588109823915e+00 1.161048266334475221e+00 6.255015717234414296e+00
1.376453239887660551e-01 -8.137130890753201840e+00 -5.533938394462972532e+00 -3.482100153722763047e-01 3.843495317428845759e+00
2.934948133622613753e+00 -6.740674491913771327e+00 -6.405272345654914545e+00 -1.732341644256908397e+00 2.123776452920050239e+00
4.702459537091542963e+00 -4.553861218901212204e+00 -6.979270285931429285e+00 -3.047076522188223446e+00 6.837532639046275396e-01
5.826879083638729639e+00 -2.227523176761928347e+00 -6.903292270161228927e+00 -4.298503084096758187e+00 -6.646404096293887509e-01
6.557919894716475184e+00 -1.623733425700915056e-01 -6.112245404613346089e+00 -5.346907274537709753e+00 -1.918057611029947651e+00
6.824832530575856815e+00 1.668857006618851280e+00 -4.860437330214952389e+00 -6.006528394927030945e+00 -3.050307952238126674e+00
6.552303684055639010e+00 3.284763773326575098e+00 -3.378832932667025446e+00 -6.195128066064484962e+00 -4.009424706417668460e+00
5.842015021798530938e+00 4.518249779364579055e+00 -1.730412790462848571e+00 -5.955037580664837904e+00 -4.728961725215795830e+00
4.859812205406424113e+00 5.228397378524019423e+00 -2.453859260921675833e-03 -5.332190571847199578e+00 -5.181635827022662788e+00
3.727803916354436531e+00 5.433067735414530475e+00 1.599588326007504113e+00 -4.326818063213509369e+00 -5.374363215459331045e+00
2.533865922924360525e+00 5.231653174776933923e+00 2.885433330563944132e+00 -2.993611249245332839e+00 -5.287317788765096616e+00
1.349127219336983652e+00 4.721870073685729530e+00 3.779237144194595110e+00 -1.497340317356720130e+00 -4.863553385897084524e+00
2.169963140012671765e-01 3.993431369571939005e+00 4.283331095565619862e+00 -2.930556664880679119e-02 -4.079908673921141649e+00
-8.407507060464648463e-01 3.130388923355935660e+00 4.426015307227105566e+00 1.277493354350206278e+00 -3.000973012794285300e+00
-1.797971149600100071e+00 2.197175787492156029e+00 4.254592631480035081e+00 2.347343565529037779e+00 -1.750347351001289464e+00
-2.613250248988617574e+00 1.238002216501968844e+00 3.833982310128750459e+00 3.134636781925336013e+00 -4.557349998451740714e-01
-3.241730305176618199e+00 2.915987244024380587e-01 3.231825839648765797e+00 3.619130944856975507e+00 7.712815984261778279e-01
-3.648164520744042516e+00 -6.014068015187420402e-01 2.508999170992521233e+00 3.807601595953288953e+00 1.835054202886549968e+00
-3.809087351284940581e+00 -1.402868073505004309e+00 1.720581721650750184e+00 3.727411751270051532e+00 2.661329646925665759e+00
-3.712366133330219586e+00 -2.080513443796732531e+00 9.159016910276576162e-01 3.419320835028277994e+00 3.204877332442637616e+00
-3.362648485779064167e+00 -2.605330114840284761e+00 1.352945679329689010e-01 2.932926327452848536e+00 3.451931651456342731e+00
-2.788557789637596152e+00 -2.949518840931404373e+00 -5.900325120095889497e-01 2.320916461882423842e+00 3.418719359633001886e+00
-2.043538327660907594e+00 -3.090243467314680359e+00 -1.233714107637017277e+00 1.632884806974062908e+00 3.146340867702387190e+00
-1.198797017613645322e+00 -3.016956706039223057e+00 -1.770257290795511862e+00 9.126074387907843199e-01 2.691050975847139703e+00
-3.320259579660178595e-01 -2.737339846769998530e+00 -2.174728794856588543e+00 1.988804867477824700e-01 2.112962053772661886e+00
4.839865729591683596e-01 -2.279012454247899999e+00 -2.425519890688176972e+00 -4.730092970234416327e-01 1.467782706392702030e+00
1.189772636385697080e+00 -1.686632601736237635e+00 -2.508298415659693248e+00 -1.070906343767639823e+00 8.030708579149348214e-01
1.743304790999582909e+00 -1.015586331512019713e+00 -2.419749381882601025e+00 -1.566314553095652373e+00 1.575669064946387810e-01
2.120723761830442200e+00 -3.245216834865733979e-01 -2.170006878337872536e+00 -1.935411091967384145e+00 -4.380080853411871811e-01
2.315287940326460348e+00 3.312423603284707085e-01 -1.782932499388497183e+00 -2.160550370091338657e+00 -9.594932826105796453e-01
2.335211472594815429e+00 9.047423394556544096e-01 -1.294113045915936455e+00 -2.232180169992877605e+00 -1.387722118725781772e+00
2.200396682324869957e+00 1.360938346112500197e+00 -7.470783400702077914e-01 -2.150722554049736335e+00 -1.707449015601532505e+00
1.938445388792555901e+00 1.678688487715831013e+00 -1.883896351148554027e-01 -1.927794398449274027e+00 -1.907183305283575825e+00
1.580788727710035202e+00 1.850815828082714276e+00 3.376407810765573725e-01 -1.586144599036823477e+00 -1.980000217958095776e+00
1.159626200584259248e+00 1.882405964632086981e+00 7.936073348025876051e-01 -1.157861308903616271e+00 -1.925061383951038874e+00
7.059053385345710474e-01 1.788001291025548056e+00 1.152157836351464182e+00 -6.809224219611399453e-01 -1.749242727515525120e+00
2.482187590258282395e-01 1.588470771935700299e+00 1.397298502187986458e+00 -1.948392477447405957e-01 -1.468056166363985726e+00
-1.876885596871972206e-01 1.308141880117573042e+00 1.524084509872948745e+00 2.635559847792699473e-01 -1.105215590968293915e+00
-5.791676752800941630e-01 9.725277347999858879e-01 1.537160844014180405e+00 6.633916053762862752e-01 -6.907246137060828461e-01
-9.069688021764220620e-01 6.067430479726985126e-01 1.448635148263392791e+00 9.818008441531770325e-01 -2.578951268716442868e-01
-1.155744758237996939e+00 2.345070000795450582e-01 1.275725507485983456e+00 1.204762231509486137e+00 1.600600105895695346e-01
-1.314747722535395624e+00 -1.224688140008145520e-01 1.038549108982314229e+00 1.326923138803026481e+00 5.332617080223607253e-01
-1.378603486979233184e+00 -4.449128149486016870e-01 7.582879969051306013e-01 1.350662359893139319e+00 8.377821840428596456e-01
-1.347967876444956525e+00 -7.164091205836539134e-01 4.558236474727204723e-01 1.284675812159985941e+00 1.057365478783707458e+00
-1.229819950072778667e+00 -9.238993232258400079e-01 1.508136872904652925e-01 1.142355339777876733e+00 1.184131201093985508e+00
-1.037165941137465630e+00 -1.058288904613299497e+00 -1.388976916870514611e-01 9.401816838709249335e-01 1.218293947764821583e+00
-7.880429707032010622e-01 -1.115072970466756797e+00 -3.976849788877248049e-01 6.962832872491940828e-01 1.167065686357779297e+00
-5.038894891187407632e-01 -1.094810175119013573e+00 -6.125026222599928571e-01 4.292344881285268254e-01 1.043011779650770965e+00
-2.075158964837557907e-01 -1.003249160710991239e+00 -7.732865055069708671e-01 1.570952436126140661e-01 8.621808791445243481e-01
7.900155877970749252e-02 -8.509644836023548820e-01 -8.733983671796280435e-01 -1.033533896346690018e-01 6.423069384139525884e-01
3.361904381943030540e-01 -6.524689857223804346e-01 -9.100391722226147673e-01 -3.372407011783243869e-01 4.012958404827660086e-01
5.485894111997313694e-01 -4.248935443567440906e-01 -8.845104761938119564e-01 -5.321570571946101502e-01 1.560931222093684401e-01
7.055850846307558655e-01 -1.864179507266675584e-01 -8.021999675637648819e-01 -6.786472370538194632e-01 -7.807746010246119361e-02
8.016774148047560722e-01 4.532687433991045012e-02 -6.722084431601232923e-01 -7.706321180790662861e-01 -2.881852399774476048e-01
8.362490355778092743e-01 2.546826232201537810e-01 -5.066059306328710710e-01 -8.057097078129227263e-01 -4.636799948338777289e-01
8.129586982937092587e-01 4.290624046259063906e-01 -3.193816036416923243e-01 -7.852663948586369180e-01 -5.966878706317585435e-01
7.388973183595265448e-01 5.596395524493278373e-01 -1.252137290913866163e-01 -7.143324241534151353e-01 -6.821696111937068929e-01
6.236406324865720885e-01 6.416079916243042636e-01 6.178202281596356649e-02 -6.011441283588464524e-01 -7.180470539443442046e-01
4.783089241067111086e-01 6.740543604219115803e-01 2.291698541274467538e-01 -4.564233838460720616e-01 -7.052620595901264444e-01
3.147084832140565336e-01 6.595251531416905788e-01 3.670534081562148998e-01 -2.924386272882122384e-01 -6.477083603554332214e-01
1.445911226331153543e-01 6.033938964770542146e-01 4.686065448589569193e-01 -1.219546267840622145e-01 -5.519785255244743505e-01
-2.096334516213760324e-02 5.131327492049053696e-01 5.302614189186634075e-01 4.280326678703105792e-02 -4.268949929875002214e-01
-1.720551115501925965e-01 3.975744796341007525e-01 5.515890672362486757e-01 1.910542093611091730e-01 -2.828368531853771017e-01
-3.003802635845385094e-01 2.662229237664504033e-01 5.349406058846195577e-01 3.141513830520017425e-01 -1.309182988608165177e-01
-3.995646254493059324e-01 1.286417644276776073e-01 4.849313782078013002e-01 4.060122557783396591e-01 1.789332734463644839e-02
-4.654125861824041088e-01 -6.070410159207728640e-03 4.078480935983189171e-01 4.632858043632082645e-01 1.536198048980463859e-01
-4.960554117799496066e-01 -1.297230534412931180e-01 3.110450016381054450e-01 4.852842264277428819e-01 2.679825762817658608e-01
-4.919766512198720521e-01 -2.354015600541780051e-01 2.023753293516270535e-01 4.737264098164866710e-01 3.549128612216936318e-01
-4.558942141659265701e-01 -3.177625166378863497e-01 8.968407970581826483e-02 4.323488057296345222e-01 4.108244507931493317e-01
-3.924901172783409331e-01 -3.732506249073244686e-01 -1.962794046217131161e-02 3.664383527787860029e-01 4.346458382896807304e-01
-3.079974675530406936e-01 -4.002241455189927688e-01 -1.189689211949410824e-01 2.823345900333915637e-01 4.276380463245050834e-01
-2.096752724197414042e-01 -3.989725400555451662e-01 -2.028529115199943222e-01 1.869372255489640811e-01 3.930461769424484775e-01
-1.052194417796505910e-01 -3.716133970057134417e-01 -2.671297463878886669e-01 8.724415053533429720e-02 3.356438915254416622e-01
-2.168138228125782163e-03 -3.218657815641852160e-01 -3.091440681828718784e-01 -1.006448573516860456e-02 2.612304106249989655e-01
9.264076471781647337e-02 -2.547116071153405770e-01 -3.278149169515099937e-01 -9.898669801880777275e-02 1.761311119417603432e-01
1.735121477841516935e-01 -1.759717349803450182e-01 -3.236259420416094379e-01 -1.744969451283191475e-01 8.673894820736904876e-02
2.362041944636643631e-01 -9.183536454130791782e-02 -2.985194643497476319e-01 -2.327758970895470458e-01 -8.811810178741552591e-04
2.780936952348996294e-01 -8.387116794645876894e-03 -2.556952212013723358e-01 -2.713645398197903624e-01 -8.131579253425602616e-02
2.982000932432762319e-01 6.882490578303390727e-02 -1.993250085457413112e-01 -2.892353082849298263e-01 -1.500531029457131682e-01
2.970858801439568708e-01 1.351440947171111961e-01 -1.342050845253891511e-01 -2.867747553040926878e-01 -2.036631993008775066e-01
2.766596589535277317e-01 1.870588807864796976e-01 -6.537654133253067990e-02 -2.656766974490524236e-01 -2.399111426171962602e-01
2.399118695868036888e-01 2.223437228653748488e-01 2.252029333561056390e-03 -2.287515576435922293e-01 -2.578042560378223103e-01
1.906125537185101582e-01 2.400892558900595830e-01 6.424618115458913259e-02 -1.796656094048895147e-01 -2.575731765171778709e-01
1.329968984910343544e-01 2.406338285316078629e-01 1.169237853252247383e-01 -1.226313425610581209e-01 -2.405862718440682224e-01
7.145914122854124528e-02 2.254157415042059576e-01 1.575509183502683541e-01 -6.207550693699603883e-02 -2.091994956697403041e-01
1.027011882883166471e-02 1.967688427891909342e-01 1.844471334760444670e-01 -2.313334159504853993e-03 -1.665484534191075117e-01
-4.667071211999962443e-02 1.576841779490567585e-01 1.970018932482204832e-01 5.274439252862350713e-02 -1.162953340524337659e-01
-9.604113990392371125e-02 1.115580697802049936e-01 1.956121912930561813e-01 9.982986109172897748e-02 -6.234893526708119166e-02
-1.352543079029571160e-01 6.194344452820699926e-02 1.815569242740602274e-01 1.364880479501953126e-01 -8.579826665654710638e-03
-1.625647471817449619e-01 1.231745725302069161e-02 1.568262039057239932e-01 1.611715601991501323e-01 4.144622721191160847e-02
-1.771192777727027545e-01 -3.412479831564962929e-02 1.239238933387025732e-01 1.732617589015450488e-01 8.469542776744544421e-02
-1.789515139549294753e-01 -7.464318228712818470e-02 8.565992861311721995e-02 1.730235246304308305e-01 1.188371718062657401e-01
-1.689213197174984915e-01 -1.070864445769573736e-01 4.494627636066028664e-02 1.615052377586221610e-01 1.423492877959284808e-01
-1.486039383672610459e-01 -1.299830153716498016e-01 4.607430474586449165e-03 1.403978054208130377e-01 1.545543777498732674e-01
-1.201372682495500666e-01 -1.425858733902489739e-01 -3.278631401410048163e-02 1.118671284419159306e-01 1.555911347421057300e-01
-8.603925113839916428e-02 -1.448705263972588364e-01 -6.505671240425470181e-02 7.837369935102733720e-02 1.463299985803119263e-01
-4.900991015839939458e-02 -1.374875091996874410e-01 -9.052209325130446127e-02 4.249154377683206363e-02 1.282461738960405384e-01
-1.173369312055938529e-02 -1.216736400722528977e-01 -1.080654594157971493e-01 6.736893021790590907e-03 1.032647016027588016e-01
2.330279880918717517e-02 -9.912925092248615899e-02 -1.171644373377204174e-01 -2.658489107400885398e-02 7.359213761211846894e-02
5.396479931359099425e-02 -7.187125722270537587e-02 -1.178829488751466092e-01 -5.550737861482146762e-02 4.154789832942040739e-02
7.858559621373251147e-02 -4.207379519787524114e-02 -1.108264243561887241e-01 -7.850100858003995763e-02 9.406042348601317826e-03
9.603958600698715709e-02 -1.190888308199145214e-02 -9.706458171294940485e-02 -9.453740708618652011e-02 -2.074429354598850139e-02
1.057709434977611718e-01 1.660097719435693620e-02 -7.802802837637878852e-02 -1.031182984838938665e-01 -4.711400028479728608e-02
1.077804317806489998e-01 4.170806459158638013e-02 -5.538687286383969788e-02 -1.042690856878749628e-01 -6.830090665154964213e-02
1.025758346336711480e-01 6.203500246988546962e-02 -3.092083321546335029e-02 -9.849918983268424189e-02 -8.334644857836792653e-02
9.109348138649342452e-02 7.663619040446856268e-02 -6.390759133604650977e-03 -8.673329387088191123e-02 -9.176146809480023592e-02
7.459935589389400656e-02 8.502389227285389595e-02 1.657905235570322766e-02 -7.021952836396139208e-02 -9.352180836014600818e-02
5.457845663972205053e-02 8.716069471122223078e-02 3.659980246209615373e-02 -5.042214237670916699e-02 -8.903566954602426531e-02
3.262061045627540068e-02 8.342240734207306829e-02 5.259257334263001127e-02 -2.890710096359416781e-02 -7.908604201448810045e-02
1.031005659775341421e-02 7.453711860183089011e-02 6.383482743485324740e-02 -7.229205010116923624e-03 -6.475288501298459565e-02
-1.087500106506056330e-02 6.150703289238901306e-02 6.997826222532133045e-02 1.317128465288086581e-02 -4.732093478672028120e-02
-2.964788843339027924e-02 4.551997010562702783e-02 7.103957718014886069e-02 3.105583749687923500e-02 -2.817992567136784476e-02
-4.498026090125983867e-02 2.785715636691499242e-02 6.736757787162273026e-02 4.545377017968688788e-02 -8.724422967674727580e-03
-5.614771312736755587e-02 9.803321122888286610e-03 5.959134229829232687e-02 5.570446550128727720e-02 9.739711515873494818e-03
-6.275297024632020548e-02 -7.435711500988428924e-03 4.855489736475337992e-02 6.147495201218333705e-02 2.607599547158945263e-02
-6.472668182365004519e-02 -2.280370553231559141e-02 3.524403780090512583e-02 6.275396861013593508e-02 3.938021898921495456e-02
-6.230717644448557913e-02 -3.544972105540522556e-02 2.071073696576486781e-02 5.982525981649344793e-02 4.902239661050344921e-02
-5.600169805508193460e-02 -4.476667514487997490e-02 6.000035526974478728e-03 5.322389433160523708e-02 5.466643130683412899e-02
-4.653274231240311920e-02 -5.041163219107214211e-02 -7.916364479029436296e-03 4.368013473648590939e-02 5.626801292242977759e-02
-3.477397841090645869e-02 -5.230778964911054346e-02 -2.019640208075501597e-02 3.205567822556566054e-02 5.405289442825211843e-02
-2.168075614532205889e-02 -5.062919665820408976e-02 -3.017131735514289037e-02 1.927701784679936026e-02 4.847892624655791849e-02
-8.220321995217272359e-03 -4.577026669311712315e-02 -3.737501391485020807e-02 6.270342254538707749e-03 4.018604065617714660e-02
4.693409858132380208e-03 -3.830303111616295553e-02 -4.155837166397036153e-02 -6.098136941914744646e-03 2.993875024942305174e-02
1.625633805616155669e-02 -2.892575803338082521e-02 -4.268866235961676914e-02 -1.707321535032901849e-02 1.856570540457047613e-02
2.581869091610289671e-02 -1.840698319533740079e-02 -4.093507778767901950e-02 -2.605059655524855078e-02 6.900476828320956102e-03
3.291544534611268169e-02 -7.529065898975284554e-03 -3.664220930383499386e-02 -3.260409372175799431e-02 -4.272733137753337296e-03
3.728179497806949350e-02 2.964803569036167374e-03 -3.029397326469773777e-02 -3.649933743161359878e-02 -1.426556482483098964e-02
3.885394024909150090e-02 1.241675164747646498e-02 -2.247099089560400387e-02 -3.769407480171249603e-02 -2.252199594626347334e-02
3.775647755249211812e-02 2.029089561021013566e-02 -1.380472668272125780e-02 -3.632598217820881548e-02 -2.864346090267400058e-02
3.427845377895666346e-02 2.619881669142887573e-02 -4.931725870810699242e-03 -3.268965128393375164e-02 -3.240196571435016715e-02
2.884075605954627974e-02 2.991302253332484354e-02 3.548960432963266243e-03 -2.720499500089867961e-02 -3.374137517197983716e-02
2.195767233350420788e-02 3.136860321352097358e-02 1.111241931582385156e-02 -2.037980242549586318e-02 -3.276754789774272147e-02
1.419575902671788015e-02 3.065394389384734977e-02 1.733664759118935805e-02 -1.276931463462915861e-02 -2.972888582165311711e-02
6.132738016920491475e-03 2.799218653437884896e-02 2.192203285768457022e-02 -4.935843615155866004e-03 -2.498905479571544852e-02
-1.680846227637533552e-03 2.371543072307691347e-02 2.470107139974420107e-02 2.588925690752752473e-03 -1.899428000001324168e-02
-8.755085491197189818e-03 1.823405067757799883e-02 2.563847155380294396e-02 9.336565925278428324e-03 -1.223767062511282866e-02
-1.468758526961821964e-02 1.200355331913338652e-02 2.482249842782158211e-02 1.492766955813973340e-02 -5.223129663118997179e-03
-1.918258637752712215e-02 5.491298403146771534e-03 2.244893041296358582e-02 1.908957357248608488e-02 1.568701332068433985e-03
-2.206171747461183399e-02 -8.547960096613183012e-04 1.879934794537763479e-02 2.166553924452219518e-02 7.710315806687573215e-03
-2.326632556879815183e-02 -6.633744147508613409e-03 1.421567438763182700e-02 2.261551244787618486e-02 1.285132844790748408e-02
-2.285186106029846176e-02 -1.151374829606444279e-02 9.072946453813290901e-03 2.200914446776858213e-02 1.673540756513447469e-02
-2.097526529731552625e-02 -1.524822512491563926e-02 3.752218128767026428e-03 2.001220523046187694e-02 1.920957286433977798e-02
-1.787669521377189055e-02 -1.768506776621980858e-02 -1.384682548302706984e-03 1.686785352744358049e-02 2.022585671224597093e-02
-1.385719963109788289e-02 -1.876906795338040279e-02 -6.017093649672955458e-03 1.287443015832367976e-02 1.983585705287271850e-02
-9.254120723267591012e-03 -1.853785647465611142e-02 -9.883034269909331607e-03 8.361510496661672676e-03 1.817915568908468060e-02
-4.416024859193790064e-03 -1.711210676539831610e-02 -1.279153577275793374e-02 3.665906064669544051e-03 1.546690769011127564e-02
3.211289933968686228e-04 -1.468106553451908880e-02 -1.462940958123082509e-02 -8.908410987542580983e-04 1.196211183195239336e-02
4.655085954724969000e-03 -1.148470793732625679e-02 -1.536244555266430556e-02 -5.022152596970586025e-03 7.958149633704003634e-03
8.334462644048024060e-03 -7.793949247897002941e-03 -1.503138531682357559e-02 -8.492262028816477404e-03 3.757143765635628796e-03
1.117115588747452648e-02 -3.890374576310251520e-03 -1.374332271795675187e-02 -1.112750431216502633e-02 -3.504481512025536816e-04
1.304755506962429479e-02 -4.686730629521740354e-05 -1.165943950023085041e-02 -1.282268767016347955e-02 -4.103785781825464163e-03
1.391851455105763691e-02 3.489629341025368703e-03 -8.980142729777875268e-03 -1.354249778321625630e-02 -7.286224382072603589e-03
1.380839507784559217e-02 6.512255597631577686e-03 -5.928795880633441762e-03 -1.331823938913179184e-02 -9.735832725429660606e-03
1.280378493488587566e-02 8.864581212096878104e-03 -2.735217882249951771e-03 -1.224048763360063852e-02 -1.135152786601134611e-02
1.104274902302826433e-02 1.044677887297895680e-02 3.799362793439620134e-04 -1.044843519790328301e-02 -1.209478149802290133e-02
8.701604398623663528e-03 1.121756316378474949e-02 3.218940842126816193e-03 -8.116888603108884936e-03 -1.198713542618135008e-02
5.980292204972981196e-03 1.119212170740646606e-02 5.618142565466222038e-03 -5.441954006695448598e-03 -1.110401063797383792e-02
3.087412550669466071e-03 1.043651263627953796e-02 7.455952848484992401e-03 -2.626460824092347046e-03 -9.565494448565248220e-03
2.259186892861198004e-04 9.059194442315288143e-03 8.657415341038365852e-03 1.338917491677804605e-04 -7.524935282036349093e-03
-2.419659493049564070e-03 7.200483321768924583e-03 9.195329756283010525e-03 2.662805442897653307e-03 -5.156257176592293767e-03
-4.693762444269333756e-03 5.020798564978612433e-03 9.088144923856456003e-03 4.813385365358469059e-03 -2.640923583729026802e-03
-6.477617233771493233e-03 2.688560703736797564e-03 8.395030512694079405e-03 6.475396268845745595e-03 -1.554351454988722736e-04
-7.694036042314889023e-03 3.685555073196233877e-04 7.208687874001862284e-03 7.579517729487506017e-03 2.139854750263792127e-03
-8.309124884031572969e-03 -1.788521586910785111e-03 5.646560254783494770e-03 8.098564744594805020e-03 4.109969823322234816e-03
-8.331034228987510559e-03 -3.654760615602214990e-03 3.841149609919769503e-03 8.045844684718916895e-03 5.652129338956202176e-03
-7.806063919612915569e-03 -5.131551225545538664e-03 1.930143989550714423e-03 7.470996308060140478e-03 6.699896206604050164e-03
-6.812582804767153277e-03 -6.153668094670106115e-03 4.701160098208312377e-05 6.453792525061174956e-03 7.224596031968566479e-03
-5.453331391963467389e-03 -6.690855020953123677e-03 -1.687367422436691911e-03 5.096480615440102113e-03 7.234136252086020846e-03
-3.846738931429838360e-03 -6.747001674051289477e-03 -3.171574148335576382e-03 3.515280074179782943e-03 6.769517505241795519e-03
-2.117903209673421827e-03 -6.357155499383981834e-03 -4.328704350421652691e-03 1.831660654046940451e-03 5.899458320934414246e-03
-3.898537206065144645e-04 -5.582733503928238861e-03 -5.109420428212940735e-03 1.639854618431524358e-04 4.713643330219730032e-03
1.224348335380209818e-03 -4.505388462960668861e-03 -5.492962678970925161e-03 -1.379967825620886934e-03 3.315152250081387919e-03
2.628219133618214798e-03 -3.220037641945783236e-03 -5.486215406263261762e-03 -2.709192973048835107e-03 1.812632874609088063e-03
3.746838508810412804e-03 -1.827578212092673127e-03 -5.121041836305129102e-03 -3.754050489147453540e-03 3.127499105886055730e-04
4.530016334647557485e-03 -4.277935597184479022e-04 -4.450197893869356491e-03 -4.469100647994550535e-03 -1.086621524030051411e-03
4.953578845765749250e-03 8.870975113886014896e-04 -3.542203896135132091e-03 -4.834130120048407697e-03 -2.302076469954172921e-03
5.018844221261753447e-03 2.037875209090156403e-03 -2.475592424090122812e-03 -4.853448643529101325e-03 -3.268957781224157699e-03
4.750470527244310404e-03 2.962460774347475123e-03 -1.332959381414422495e-03 -4.553638680305560626e-03 -3.944066935140488894e-03
4.192950904737813289e-03 3.618598166384545678e-03 -1.952250081764805856e-04 -3.980027668592622803e-03 -4.306758188865722481e-03
3.406096583360884722e-03 3.985017930849821255e-03 8.635342200140616598e-04 -3.192215076368021265e-03 -4.358474401036205315e-03
2.459885985603094127e-03 4.061130804052792698e-03 1.780388318512349244e-03 -2.259022554511713743e-03 -4.120878802221561443e-03
1.429067985608600821e-03 3.865391570782028552e-03 2.506777598959342157e-03 -1.253244562567257248e-03 -3.632815771095643242e-03
3.878912032178050140e-04 3.432549413094454493e-03 3.010532751158923048e-03 -2.465602222889717865e-04 -2.946391536769121799e-03
-5.947075937476897778e-04 2.810055962467972179e-03 3.276656229392216346e-03 6.950721426524086866e-04 -2.122500466076759906e-03
-1.459179891311834787e-03 2.053934758692088636e-03 3.306914656733939140e-03 1.515273920491777560e-03 -1.226133555417008303e-03
-2.158500565079268796e-03 1.224425739587697848e-03 3.118366203092248767e-03 2.170165280947378150e-03 -3.217938528857766656e-04
-2.660233250384336223e-03 3.817071323850562692e-04 2.741006617727803629e-03 2.630228804674672460e-03 5.306888504783557892e-04
-2.947477088720562577e-03 -4.180327220895119211e-04 2.214760124685355436e-03 2.881081077207303665e-03 1.279700993393584341e-03
-3.018722517705629826e-03 -1.125946004159827929e-03 1.586065460388086379e-03 2.923190523183905043e-03 1.884564436784863517e-03
-2.886712555171921935e-03 -1.703126794008302802e-03 9.043130307946345425e-04 2.770645838124696780e-03 2.317319311005539006e-03
-2.576463241470094978e-03 -2.122353906991336636e-03 2.183777593181002175e-04 2.449133036755757331e-03 2.563528850286767025e-03
-2.122639716355068096e-03 -2.368930381650868888e-03 -4.265340772401371439e-04 1.993317918134840383e-03 2.622132493063533687e-03
-1.566511095040135082e-03 -2.440637107266829808e-03 -9.915439088349353725e-04 1.443853414236695443e-03 2.504434166078262081e-03
-9.527173089143303741e-04 -2.346874375594776296e-03 -1.446132380415576790e-03 8.442377622874808196e-04 2.232362522416098116e-03
-3.260749561693199183e-04 -2.107112284750800590e-03 -1.769461353870460663e-03 2.377406978801843707e-04 1.836176538777323231e-03
2.713714194726435380e-04 -1.748806538286240553e-03 -1.950957118509455412e-03 -3.354072433753296778e-04 1.351811993793639033e-03
8.028789992324814051e-04 -1.304958892494600953e-03 -1.990175789208570301e-03 -8.403998330324125021e-04 8.180714532279864670e-04
1.238984206461291038e-03 -8.115099814437476411e-04 -1.896017779201786269e-03 -1.249695048613053139e-03 2.738559505313098441e-04
1.558844877898257764e-03 -3.047500759197907527e-04 -1.685393273616719867e-03 -1.544230031728877073e-03 -2.443881583906737376e-04
1.750908435298903498e-03 1.810850426853249928e-04 -1.381471220138874578e-03 -1.713985022868569352e-03 -7.048537718657987838e-04
1.812917378247291822e-03 6.158902199773219621e-04 -1.011659388276631155e-03 -1.757911041327830937e-03 -1.082077620141785879e-03
1.751306782716399724e-03 9.753283745002061522e-04 -6.054692096078007069e-04 -1.683276420158086317e-03 -1.358094302997270297e-03
1.580080469966604895e-03 1.241958528584996557e-03 -1.924142360545388897e-04 -1.504521647594070366e-03 -1.523005960288204008e-03
1.319283413039551434e-03 1.405820575615335244e-03 1.999221434405562547e-04 -1.241736740799526117e-03 -1.574979746957971827e-03
9.932028406798298903e-04 1.464482935767730254e-03 5.475369372887062269e-04 -9.188913895762373940e-04 -1.519718534649716624e-03
6.284372468325916117e-04 1.422593652826487087e-03 8.312900991687133256e-04 -5.619535745855497311e-04 -1.369481211740630755e-03
2.519699617831161476e-04 1.291004711055698806e-03 1.037764901125726169e-03 -1.970290617679948397e-04 -1.141752553445618545e-03
-1.106259701069145507e-04 1.085560705086585642e-03 1.159684441415231859e-03 1.513593058917184209e-04 -8.576797562676041764e-04
-4.367472862160104441e-04 8.256597430558176853e-04 1.195891944856697364e-03 4.617482721256394029e-04 -5.403923665274756871e-04
-7.079993055653099887e-04 5.326976918207382283e-04 1.150932306641427871e-03 7.168922227240859257e-04 -2.133292057849844880e-04
-9.110595875707616642e-04 2.285072543257715694e-04 1.034294462565421568e-03 9.045518973611610392e-04 1.013201530570828623e-04
-1.038140470237536306e-03 -6.610528087092060190e-05 8.593913612502390720e-04 1.017891445861618394e-03 3.839670950753770740e-04
-1.087052466879567802e-03 -3.326379805786983113e-04 6.423655734213440383e-04 1.055489571871959242e-03 6.186965651879816619e-04
-1.060897052782228123e-03 -5.559172907148024478e-04 4.008130646731000724e-04 1.020995442833294575e-03 7.940132053265713807e-04
-9.674373099473054793e-04 -7.248224763197752551e-04 1.525149511811818570e-04 9.224806317298384073e-04 9.032368494372722267e-04
-8.182143742272440790e-04 -8.326864873529071787e-04 -8.574033769337408017e-05 7.715540698975953404e-04 9.445512140624501285e-04
-6.274879125115484513e-04 -8.773732148306123690e-04 -2.991751070310355587e-04 5.823171943910576687e-04 9.207303561611368536e-04
-4.110838126157867478e-04 -8.610522217411542556e-04 -4.758268414104538380e-04 3.702405639915973268e-04 8.385864165567635808e-04
-1.852326196817299930e-04 -7.897097052196322409e-04 -6.071038364015013400e-04 1.510410701752729068e-04 7.081985223638120885e-04
3.452545828785957838e-05 -6.724494872498709697e-04 -6.880754694705837338e-04 -6.036592565916709674e-05 5.419892151217187148e-04
2.343021521062915724e-04 -5.206462449904858403e-04 -7.174996522261167797e-04 -2.507774582742872127e-04 3.537222798375427857e-04
4.026368522977996633e-04 -3.470180755394958183e-04 -6.976070041095905339e-04 -4.094286525613277661e-04 1.574942126900680250e-04
5.310508747800035678e-04 -1.646858579763543773e-04 -6.336750789845968512e-04 -5.285001912100906196e-04 -3.321488220298096650e-05
6.143615127447432656e-04 1.371802210337058625e-05 -5.334375581733663552e-04 -6.033925622505043052e-04 -2.063730276817832276e-04
6.507553252832476431e-04 1.768369382142420676e-04 -4.063803504477103701e-04 -6.327677280191235099e-04 -3.520666504122083040e-04
6.416348256359505342e-04 3.152303645430620804e-04 -2.629794960227194167e-04 -6.183736792153560202e-04 -4.629781703752167132e-04
5.912675545982626346e-04 4.218369109405539774e-04 -1.139358451539562722e-04 -5.646811755288805301e-04 -5.346558180121530057e-04
5.062755014610953452e-04 4.922446991975082398e-04 3.054331928420417341e-05 -4.783718869538766683e-04 -5.655734248388721852e-04
3.950117475504111297e-04 5.247663724243789574e-04 1.613724075204547859e-04 -3.677230798788677646e-04 -5.569942774533709340e-04
2.668746273033484329e-04 5.203295026829923842e-04 2.710917483126351613e-04 -2.419371840388651052e-04 -5.126641693727895799e-04
1.316085059512861477e-04 4.822049856880727958e-04 3.542246304821805580e-04 -1.104650963626996329e-04 -4.383660943581002556e-04
-1.361651359443882825e-06 4.156040267111471564e-04 4.074757120924310527e-04 1.763234045037975761e-05 -3.413776453276007317e-04
-1.235213372163812551e-04 3.271807913072244389e-04 4.297705820464070570e-04 1.342455326804881111e-04 -2.298740303440238719e-04
-2.277498047803527825e-04 2.244804215560947114e-04 4.221470674474758766e-04 2.326704681050451029e-04 -1.123213693987601403e-04
