0.000000000000000000e+00 0.000000000000000000e+00 0.000000000000000000e+00 0.000000000000000000e+00 0.000000000000000000e+00
0.000000000000000000e+00 0.000000000000000000e+00 0.000000000000000000e+00 0.000000000000000000e+00 0.000000000000000000e+00
0.000000000000000000e+00 0.000000000000000000e+00 0.000000000000000000e+00 0.000000000000000000e+00 0.000000000000000000e+00
0.000000000000000000e+00 0.000000000000000000e+00 0.000000000000000000e+00 0.000000000000000000e+00 0.000000000000000000e+00
0.000000000000000000e+00 0.000000000000000000e+00 0.000000000000000000e+00 0.000000000000000000e+00 0.000000000000000000e+00
0.000000000000000000e+00 0.000000000000000000e+00 0.000000000000000000e+00 0.000000000000000000e+00 0.000000000000000000e+00
0.000000000000000000e+00 0.000000000000000000e+00 0.000000000000000000e+00 0.000000000000000000e+00 0.000000000000000000e+00
0.000000000000000000e+00 0.000000000000000000e+00 0.000000000000000000e+00 0.000000000000000000e+00 0.000000000000000000e+00
0.000000000000000000e+00 0.000000000000000000e+00 0.000000000000000000e+00 0.000000000000000000e+00 0.000000000000000000e+00
0.000000000000000000e+00 0.000000000000000000e+00 0.000000000000000000e+00 0.000000000000000000e+00 0.000000000000000000e+00
0.000000000000000000e+00 0.000000000000000000e+00 0.000000000000000000e+00 0.000000000000000000e+00 0.000000000000000000e+00
0.000000000000000000e+00 0.000000000000000000e+00 0.000000000000000000e+00 0.000000000000000000e+00 0.000000000000000000e+00
0.000000000000000000e+00 0.000000000000000000e+00 0.000000000000000000e+00 0.000000000000000000e+00 0.000000000000000000e+00
0.000000000000000000e+00 0.000000000000000000e+00 0.000000000000000000e+00 0.000000000000000000e+00 0.000000000000000000e+00
0.000000000000000000e+00 0.000000000000000000e+00 0.000000000000000000e+00 0.000000000000000000e+00 0.000000000000000000e+00
0.000000000000000000e+00 0.000000000000000000e+00 0.000000000000000000e+00 0.000000000000000000e+00 0.000000000000000000e+00
0.000000000000000000e+00 0.000000000000000000e+00 0.000000000000000000e+00 0.000000000000000000e+00 0.000000000000000000e+00
0.000000000000000000e+00 0.000000000000000000e+00 0.000000000000000000e+00 0.000000000000000000e+00 0.000000000000000000e+00
0.000000000000000000e+00 0.000000000000000000e+00 0.000000000000000000e+00 0.000000000000000000e+00 0.000000000000000000e+00
0.000000000000000000e+00 0.000000000000000000e+00 0.000000000000000000e+00 0.000000000000000000e+00 0.000000000000000000e+00
0.000000000000000000e+00 0.000000000000000000e+00 0.000000000000000000e+00 0.000000000000000000e+00 0.000000000000000000e+00
0.000000000000000000e+00 0.000000000000000000e+00 0.000000000000000000e+00 0.000000000000000000e+00 0.000000000000000000e+00
0.000000000000000000e+00 0.000000000000000000e+00 0.000000000000000000e+00 0.000000000000000000e+00 0.000000000000000000e+00
0.000000000000000000e+00 0.000000000000000000e+00 0.000000000000000000e+00 0.000000000000000000e+00 0.000000000000000000e+00
0.000000000000000000e+00 0.000000000000000000e+00 0.000000000000000000e+00 0.000000000000000000e+00 0.000000000000000000e+00
0.000000000000000000e+00 0.000000000000000000e+00 0.000000000000000000e+00 0.000000000000000000e+00 0.000000000000000000e+00
0.000000000000000000e+00 0.000000000000000000e+00 0.000000000000000000e+00 0.000000000000000000e+00 0.000000000000000000e+00
0.000000000000000000e+00 0.000000000000000000e+00 0.000000000000000000e+00 0.000000000000000000e+00 0.000000000000000000e+00
0.000000000000000000e+00 0.000000000000000000e+00 0.000000000000000000e+00 0.000000000000000000e+00 0.000000000000000000e+00
0.000000000000000000e+00 0.000000000000000000e+00 0.000000000000000000e+00 0.000000000000000000e+00 0.000000000000000000e+00
0.000000000000000000e+00 0.000000000000000000e+00 0.000000000000000000e+00 0.000000000000000000e+00 0.000000000000000000e+00
0.000000000000000000e+00 0.000000000000000000e+00 0.000000000000000000e+00 0.000000000000000000e+00 0.000000000000000000e+00
0.000000000000000000e+00 0.000000000000000000e+00 0.000000000000000000e+00 0.000000000000000000e+00 0.000000000000000000e+00
0.000000000000000000e+00 0.000000000000000000e+00 0.000000000000000000e+00 0.000000000000000000e+00 0.000000000000000000e+00
0.000000000000000000e+00 0.000000000000000000e+00 0.000000000000000000e+00 0.000000000000000000e+00 0.000000000000000000e+00
0.000000000000000000e+00 0.000000000000000000e+00 0.000000000000000000e+00 0.000000000000000000e+00 0.000000000000000000e+00
0.000000000000000000e+00 0.000000000000000000e+00 0.000000000000000000e+00 0.000000000000000000e+00 0.000000000000000000e+00
0.000000000000000000e+00 0.000000000000000000e+00 0.000000000000000000e+00 0.000000000000000000e+00 0.000000000000000000e+00
0.000000000000000000e+00 0.000000000000000000e+00 0.000000000000000000e+00 0.000000000000000000e+00 0.000000000000000000e+00
0.000000000000000000e+00 0.000000000000000000e+00 0.000000000000000000e+00 0.000000000000000000e+00 0.000000000000000000e+00
0.000000000000000000e+00 0.000000000000000000e+00 0.000000000000000000e+00 0.000000000000000000e+00 0.000000000000000000e+00
0.000000000000000000e+00 0.000000000000000000e+00 0.000000000000000000e+00 0.000000000000000000e+00 0.000000000000000000e+00
0.000000000000000000e+00 0.000000000000000000e+00 0.000000000000000000e+00 0.000000000000000000e+00 0.000000000000000000e+00
0.000000000000000000e+00 0.000000000000000000e+00 0.000000000000000000e+00 0.000000000000000000e+00 0.000000000000000000e+00
0.000000000000000000e+00 0.000000000000000000e+00 0.000000000000000000e+00 0.000000000000000000e+00 0.000000000000000000e+00
0.000000000000000000e+00 0.000000000000000000e+00 0.000000000000000000e+00 0.000000000000000000e+00 0.000000000000000000e+00
0.000000000000000000e+00 0.000000000000000000e+00 0.000000000000000000e+00 0.000000000000000000e+00 0.000000000000000000e+00
0.000000000000000000e+00 0.000000000000000000e+00 0.000000000000000000e+00 0.000000000000000000e+00 0.000000000000000000e+00
0.000000000000000000e+00 0.000000000000000000e+00 0.000000000000000000e+00 0.000000000000000000e+00 0.000000000000000000e+00
0.000000000000000000e+00 0.000000000000000000e+00 0.000000000000000000e+00 0.000000000000000000e+00 0.000000000000000000e+00
0.000000000000000000e+00 0.000000000000000000e+00 0.000000000000000000e+00 0.000000000000000000e+00 0.000000000000000000e+00
0.000000000000000000e+00 0.000000000000000000e+00 0.000000000000000000e+00 0.000000000000000000e+00 0.000000000000000000e+00
0.000000000000000000e+00 0.000000000000000000e+00 0.000000000000000000e+00 0.000000000000000000e+00 0.000000000000000000e+00
0.000000000000000000e+00 0.000000000000000000e+00 0.000000000000000000e+00 0.000000000000000000e+00 0.000000000000000000e+00
0.000000000000000000e+00 0.000000000000000000e+00 0.000000000000000000e+00 0.000000000000000000e+00 0.000000000000000000e+00
0.000000000000000000e+00 0.000000000000000000e+00 0.000000000000000000e+00 0.000000000000000000e+00 0.000000000000000000e+00
0.000000000000000000e+00 0.000000000000000000e+00 0.000000000000000000e+00 0.000000000000000000e+00 0.000000000000000000e+00
0.000000000000000000e+00 0.000000000000000000e+00 0.000000000000000000e+00 0.000000000000000000e+00 0.000000000000000000e+00
0.000000000000000000e+00 0.000000000000000000e+00 0.000000000000000000e+00 0.000000000000000000e+00 0.000000000000000000e+00
0.000000000000000000e+00 0.000000000000000000e+00 0.000000000000000000e+00 0.000000000000000000e+00 0.000000000000000000e+00
0.000000000000000000e+00 0.000000000000000000e+00 0.000000000000000000e+00 0.000000000000000000e+00 0.000000000000000000e+00
0.000000000000000000e+00 0.000000000000000000e+00 0.000000000000000000e+00 0.000000000000000000e+00 0.000000000000000000e+00
0.000000000000000000e+00 0.000000000000000000e+00 0.000000000000000000e+00 0.000000000000000000e+00 0.000000000000000000e+00
0.000000000000000000e+00 0.000000000000000000e+00 0.000000000000000000e+00 0.000000000000000000e+00 0.000000000000000000e+00
0.000000000000000000e+00 0.000000000000000000e+00 0.000000000000000000e+00 0.000000000000000000e+00 0.000000000000000000e+00
0.000000000000000000e+00 0.000000000000000000e+00 0.000000000000000000e+00 0.000000000000000000e+00 0.000000000000000000e+00
0.000000000000000000e+00 0.000000000000000000e+00 0.000000000000000000e+00 0.000000000000000000e+00 0.000000000000000000e+00
0.000000000000000000e+00 0.000000000000000000e+00 0.000000000000000000e+00 0.000000000000000000e+00 0.000000000000000000e+00
0.000000000000000000e+00 0.000000000000000000e+00 0.000000000000000000e+00 0.000000000000000000e+00 0.000000000000000000e+00
0.000000000000000000e+00 0.000000000000000000e+00 0.000000000000000000e+00 0.000000000000000000e+00 0.000000000000000000e+00
0.000000000000000000e+00 0.000000000000000000e+00 0.000000000000000000e+00 0.000000000000000000e+00 0.000000000000000000e+00
0.000000000000000000e+00 0.000000000000000000e+00 0.000000000000000000e+00 0.000000000000000000e+00 0.000000000000000000e+00
0.000000000000000000e+00 0.000000000000000000e+00 0.000000000000000000e+00 0.000000000000000000e+00 0.000000000000000000e+00
0.000000000000000000e+00 0.000000000000000000e+00 0.000000000000000000e+00 0.000000000000000000e+00 0.000000000000000000e+00
0.000000000000000000e+00 0.000000000000000000e+00 0.000000000000000000e+00 0.000000000000000000e+00 0.000000000000000000e+00
0.000000000000000000e+00 0.000000000000000000e+00 0.000000000000000000e+00 0.000000000000000000e+00 0.000000000000000000e+00
0.000000000000000000e+00 0.000000000000000000e+00 0.000000000000000000e+00 0.000000000000000000e+00 0.000000000000000000e+00
0.000000000000000000e+00 0.000000000000000000e+00 0.000000000000000000e+00 0.000000000000000000e+00 0.000000000000000000e+00
0.000000000000000000e+00 0.000000000000000000e+00 0.000000000000000000e+00 0.000000000000000000e+00 0.000000000000000000e+00
0.000000000000000000e+00 0.000000000000000000e+00 0.000000000000000000e+00 0.000000000000000000e+00 0.000000000000000000e+00
0.000000000000000000e+00 0.000000000000000000e+00 0.000000000000000000e+00 0.000000000000000000e+00 0.000000000000000000e+00
0.000000000000000000e+00 0.000000000000000000e+00 0.000000000000000000e+00 0.000000000000000000e+00 0.000000000000000000e+00
0.000000000000000000e+00 0.000000000000000000e+00 0.000000000000000000e+00 0.000000000000000000e+00 0.000000000000000000e+00
0.000000000000000000e+00 0.000000000000000000e+00 0.000000000000000000e+00 0.000000000000000000e+00 0.000000000000000000e+00
0.000000000000000000e+00 0.000000000000000000e+00 0.000000000000000000e+00 0.000000000000000000e+00 0.000000000000000000e+00
0.000000000000000000e+00 0.000000000000000000e+00 0.000000000000000000e+00 0.000000000000000000e+00 0.000000000000000000e+00
0.000000000000000000e+00 0.000000000000000000e+00 0.000000000000000000e+00 0.000000000000000000e+00 0.000000000000000000e+00
0.000000000000000000e+00 0.000000000000000000e+00 0.000000000000000000e+00 0.000000000000000000e+00 0.000000000000000000e+00
0.000000000000000000e+00 0.000000000000000000e+00 0.000000000000000000e+00 0.000000000000000000e+00 0.000000000000000000e+00
0.000000000000000000e+00 0.000000000000000000e+00 0.000000000000000000e+00 0.000000000000000000e+00 0.000000000000000000e+00
0.000000000000000000e+00 0.000000000000000000e+00 0.000000000000000000e+00 0.000000000000000000e+00 0.000000000000000000e+00
0.000000000000000000e+00 0.000000000000000000e+00 0.000000000000000000e+00 0.000000000000000000e+00 0.000000000000000000e+00
0.000000000000000000e+00 0.000000000000000000e+00 0.000000000000000000e+00 0.000000000000000000e+00 0.000000000000000000e+00
0.000000000000000000e+00 0.000000000000000000e+00 0.000000000000000000e+00 0.000000000000000000e+00 0.000000000000000000e+00
0.000000000000000000e+00 0.000000000000000000e+00 0.000000000000000000e+00 0.000000000000000000e+00 0.000000000000000000e+00
0.000000000000000000e+00 0.000000000000000000e+00 0.000000000000000000e+00 0.000000000000000000e+00 0.000000000000000000e+00
0.000000000000000000e+00 0.000000000000000000e+00 0.000000000000000000e+00 0.000000000000000000e+00 0.000000000000000000e+00
0.000000000000000000e+00 0.000000000000000000e+00 0.000000000000000000e+00 0.000000000000000000e+00 0.000000000000000000e+00
0.000000000000000000e+00 0.000000000000000000e+00 0.000000000000000000e+00 0.000000000000000000e+00 0.000000000000000000e+00
0.000000000000000000e+00 0.000000000000000000e+00 0.000000000000000000e+00 0.000000000000000000e+00 0.000000000000000000e+00
0.000000000000000000e+00 0.000000000000000000e+00 0.000000000000000000e+00 0.000000000000000000e+00 0.000000000000000000e+00
0.000000000000000000e+00 0.000000000000000000e+00 0.000000000000000000e+00 0.000000000000000000e+00 0.000000000000000000e+00
0.000000000000000000e+00 0.000000000000000000e+00 0.000000000000000000e+00 0.000000000000000000e+00 0.000000000000000000e+00
0.000000000000000000e+00 0.000000000000000000e+00 0.000000000000000000e+00 0.000000000000000000e+00 0.000000000000000000e+00
0.000000000000000000e+00 0.000000000000000000e+00 0.000000000000000000e+00 0.000000000000000000e+00 0.000000000000000000e+00
0.000000000000000000e+00 0.000000000000000000e+00 0.000000000000000000e+00 0.000000000000000000e+00 0.000000000000000000e+00
0.000000000000000000e+00 0.000000000000000000e+00 0.000000000000000000e+00 0.000000000000000000e+00 0.000000000000000000e+00
0.000000000000000000e+00 0.000000000000000000e+00 0.000000000000000000e+00 0.000000000000000000e+00 0.000000000000000000e+00
0.000000000000000000e+00 0.000000000000000000e+00 0.000000000000000000e+00 0.000000000000000000e+00 0.000000000000000000e+00
0.000000000000000000e+00 0.000000000000000000e+00 0.000000000000000000e+00 0.000000000000000000e+00 0.000000000000000000e+00
0.000000000000000000e+00 0.000000000000000000e+00 0.000000000000000000e+00 0.000000000000000000e+00 0.000000000000000000e+00
0.000000000000000000e+00 0.000000000000000000e+00 0.000000000000000000e+00 0.000000000000000000e+00 0.000000000000000000e+00
0.000000000000000000e+00 0.000000000000000000e+00 0.000000000000000000e+00 0.000000000000000000e+00 0.000000000000000000e+00
0.000000000000000000e+00 0.000000000000000000e+00 0.000000000000000000e+00 0.000000000000000000e+00 0.000000000000000000e+00
0.000000000000000000e+00 0.000000000000000000e+00 0.000000000000000000e+00 0.000000000000000000e+00 0.000000000000000000e+00
0.000000000000000000e+00 0.000000000000000000e+00 0.000000000000000000e+00 0.000000000000000000e+00 0.000000000000000000e+00
0.000000000000000000e+00 0.000000000000000000e+00 0.000000000000000000e+00 0.000000000000000000e+00 0.000000000000000000e+00
0.000000000000000000e+00 0.000000000000000000e+00 0.000000000000000000e+00 0.000000000000000000e+00 0.000000000000000000e+00
0.000000000000000000e+00 0.000000000000000000e+00 0.000000000000000000e+00 0.000000000000000000e+00 0.000000000000000000e+00
0.000000000000000000e+00 0.000000000000000000e+00 0.000000000000000000e+00 0.000000000000000000e+00 0.000000000000000000e+00
0.000000000000000000e+00 0.000000000000000000e+00 0.000000000000000000e+00 0.000000000000000000e+00 0.000000000000000000e+00
0.000000000000000000e+00 0.000000000000000000e+00 0.000000000000000000e+00 0.000000000000000000e+00 0.000000000000000000e+00
0.000000000000000000e+00 0.000000000000000000e+00 0.000000000000000000e+00 0.000000000000000000e+00 0.000000000000000000e+00
0.000000000000000000e+00 0.000000000000000000e+00 0.000000000000000000e+00 0.000000000000000000e+00 0.000000000000000000e+00
0.000000000000000000e+00 0.000000000000000000e+00 0.000000000000000000e+00 0.000000000000000000e+00 0.000000000000000000e+00
0.000000000000000000e+00 0.000000000000000000e+00 0.000000000000000000e+00 0.000000000000000000e+00 0.000000000000000000e+00
0.000000000000000000e+00 0.000000000000000000e+00 0.000000000000000000e+00 0.000000000000000000e+00 0.000000000000000000e+00
0.000000000000000000e+00 0.000000000000000000e+00 0.000000000000000000e+00 0.000000000000000000e+00 0.000000000000000000e+00
0.000000000000000000e+00 0.000000000000000000e+00 0.000000000000000000e+00 0.000000000000000000e+00 0.000000000000000000e+00
0.000000000000000000e+00 0.000000000000000000e+00 0.000000000000000000e+00 0.000000000000000000e+00 0.000000000000000000e+00
0.000000000000000000e+00 0.000000000000000000e+00 0.000000000000000000e+00 0.000000000000000000e+00 0.000000000000000000e+00
0.000000000000000000e+00 0.000000000000000000e+00 0.000000000000000000e+00 0.000000000000000000e+00 0.000000000000000000e+00
0.000000000000000000e+00 0.000000000000000000e+00 0.000000000000000000e+00 0.000000000000000000e+00 0.000000000000000000e+00
0.000000000000000000e+00 0.000000000000000000e+00 0.000000000000000000e+00 0.000000000000000000e+00 0.000000000000000000e+00
0.000000000000000000e+00 0.000000000000000000e+00 0.000000000000000000e+00 0.000000000000000000e+00 0.000000000000000000e+00
0.000000000000000000e+00 0.000000000000000000e+00 0.000000000000000000e+00 0.000000000000000000e+00 0.000000000000000000e+00
0.000000000000000000e+00 0.000000000000000000e+00 0.000000000000000000e+00 0.000000000000000000e+00 0.000000000000000000e+00
0.000000000000000000e+00 0.000000000000000000e+00 0.000000000000000000e+00 0.000000000000000000e+00 0.000000000000000000e+00
0.000000000000000000e+00 0.000000000000000000e+00 0.000000000000000000e+00 0.000000000000000000e+00 0.000000000000000000e+00
0.000000000000000000e+00 0.000000000000000000e+00 0.000000000000000000e+00 0.000000000000000000e+00 0.000000000000000000e+00
0.000000000000000000e+00 0.000000000000000000e+00 0.000000000000000000e+00 0.000000000000000000e+00 0.000000000000000000e+00
0.000000000000000000e+00 0.000000000000000000e+00 0.000000000000000000e+00 0.000000000000000000e+00 0.000000000000000000e+00
0.000000000000000000e+00 0.000000000000000000e+00 0.000000000000000000e+00 0.000000000000000000e+00 0.000000000000000000e+00
0.000000000000000000e+00 0.000000000000000000e+00 0.000000000000000000e+00 0.000000000000000000e+00 0.000000000000000000e+00
0.000000000000000000e+00 0.000000000000000000e+00 0.000000000000000000e+00 0.000000000000000000e+00 0.000000000000000000e+00
0.000000000000000000e+00 0.000000000000000000e+00 0.000000000000000000e+00 0.000000000000000000e+00 0.000000000000000000e+00
0.000000000000000000e+00 0.000000000000000000e+00 0.000000000000000000e+00 0.000000000000000000e+00 0.000000000000000000e+00
0.000000000000000000e+00 0.000000000000000000e+00 0.000000000000000000e+00 0.000000000000000000e+00 0.000000000000000000e+00
0.000000000000000000e+00 0.000000000000000000e+00 0.000000000000000000e+00 0.000000000000000000e+00 0.000000000000000000e+00
0.000000000000000000e+00 0.000000000000000000e+00 0.000000000000000000e+00 0.000000000000000000e+00 0.000000000000000000e+00
0.000000000000000000e+00 0.000000000000000000e+00 0.000000000000000000e+00 0.000000000000000000e+00 0.000000000000000000e+00
0.000000000000000000e+00 0.000000000000000000e+00 0.000000000000000000e+00 0.000000000000000000e+00 0.000000000000000000e+00
0.000000000000000000e+00 0.000000000000000000e+00 0.000000000000000000e+00 0.000000000000000000e+00 0.000000000000000000e+00
0.000000000000000000e+00 0.000000000000000000e+00 0.000000000000000000e+00 0.000000000000000000e+00 0.000000000000000000e+00
0.000000000000000000e+00 0.000000000000000000e+00 0.000000000000000000e+00 0.000000000000000000e+00 0.000000000000000000e+00
0.000000000000000000e+00 0.000000000000000000e+00 0.000000000000000000e+00 0.000000000000000000e+00 0.000000000000000000e+00
0.000000000000000000e+00 0.000000000000000000e+00 0.000000000000000000e+00 0.000000000000000000e+00 0.000000000000000000e+00
0.000000000000000000e+00 0.000000000000000000e+00 0.000000000000000000e+00 0.000000000000000000e+00 0.000000000000000000e+00
0.000000000000000000e+00 0.000000000000000000e+00 0.000000000000000000e+00 0.000000000000000000e+00 0.000000000000000000e+00
0.000000000000000000e+00 0.000000000000000000e+00 0.000000000000000000e+00 0.000000000000000000e+00 0.000000000000000000e+00
0.000000000000000000e+00 0.000000000000000000e+00 0.000000000000000000e+00 0.000000000000000000e+00 0.000000000000000000e+00
0.000000000000000000e+00 0.000000000000000000e+00 0.000000000000000000e+00 0.000000000000000000e+00 0.000000000000000000e+00
0.000000000000000000e+00 0.000000000000000000e+00 0.000000000000000000e+00 0.000000000000000000e+00 0.000000000000000000e+00
0.000000000000000000e+00 0.000000000000000000e+00 0.000000000000000000e+00 0.000000000000000000e+00 0.000000000000000000e+00
0.000000000000000000e+00 0.000000000000000000e+00 0.000000000000000000e+00 0.000000000000000000e+00 0.000000000000000000e+00
0.000000000000000000e+00 0.000000000000000000e+00 0.000000000000000000e+00 0.000000000000000000e+00 0.000000000000000000e+00
0.000000000000000000e+00 0.000000000000000000e+00 0.000000000000000000e+00 0.000000000000000000e+00 0.000000000000000000e+00
0.000000000000000000e+00 0.000000000000000000e+00 0.000000000000000000e+00 0.000000000000000000e+00 0.000000000000000000e+00
0.000000000000000000e+00 0.000000000000000000e+00 0.000000000000000000e+00 0.000000000000000000e+00 0.000000000000000000e+00
0.000000000000000000e+00 0.000000000000000000e+00 0.000000000000000000e+00 0.000000000000000000e+00 0.000000000000000000e+00
0.000000000000000000e+00 0.000000000000000000e+00 0.000000000000000000e+00 0.000000000000000000e+00 0.000000000000000000e+00
0.000000000000000000e+00 0.000000000000000000e+00 0.000000000000000000e+00 0.000000000000000000e+00 0.000000000000000000e+00
0.000000000000000000e+00 0.000000000000000000e+00 0.000000000000000000e+00 0.000000000000000000e+00 0.000000000000000000e+00
0.000000000000000000e+00 0.000000000000000000e+00 0.000000000000000000e+00 0.000000000000000000e+00 0.000000000000000000e+00
0.000000000000000000e+00 0.000000000000000000e+00 0.000000000000000000e+00 0.000000000000000000e+00 0.000000000000000000e+00
0.000000000000000000e+00 0.000000000000000000e+00 0.000000000000000000e+00 0.000000000000000000e+00 0.000000000000000000e+00
0.000000000000000000e+00 0.000000000000000000e+00 0.000000000000000000e+00 0.000000000000000000e+00 0.000000000000000000e+00
0.000000000000000000e+00 0.000000000000000000e+00 0.000000000000000000e+00 0.000000000000000000e+00 0.000000000000000000e+00
0.000000000000000000e+00 0.000000000000000000e+00 0.000000000000000000e+00 0.000000000000000000e+00 0.000000000000000000e+00
0.000000000000000000e+00 0.000000000000000000e+00 0.000000000000000000e+00 0.000000000000000000e+00 0.000000000000000000e+00
0.000000000000000000e+00 0.000000000000000000e+00 0.000000000000000000e+00 0.000000000000000000e+00 0.000000000000000000e+00
0.000000000000000000e+00 0.000000000000000000e+00 0.000000000000000000e+00 0.000000000000000000e+00 0.000000000000000000e+00
0.000000000000000000e+00 0.000000000000000000e+00 0.000000000000000000e+00 0.000000000000000000e+00 0.000000000000000000e+00
0.000000000000000000e+00 0.000000000000000000e+00 0.000000000000000000e+00 0.000000000000000000e+00 0.000000000000000000e+00
0.000000000000000000e+00 0.000000000000000000e+00 0.000000000000000000e+00 0.000000000000000000e+00 0.000000000000000000e+00
0.000000000000000000e+00 0.000000000000000000e+00 0.000000000000000000e+00 0.000000000000000000e+00 0.000000000000000000e+00
0.000000000000000000e+00 0.000000000000000000e+00 0.000000000000000000e+00 0.000000000000000000e+00 0.000000000000000000e+00
0.000000000000000000e+00 0.000000000000000000e+00 0.000000000000000000e+00 0.000000000000000000e+00 0.000000000000000000e+00
0.000000000000000000e+00 0.000000000000000000e+00 0.000000000000000000e+00 0.000000000000000000e+00 0.000000000000000000e+00
0.000000000000000000e+00 0.000000000000000000e+00 0.000000000000000000e+00 0.000000000000000000e+00 0.000000000000000000e+00
0.000000000000000000e+00 0.000000000000000000e+00 0.000000000000000000e+00 0.000000000000000000e+00 0.000000000000000000e+00
0.000000000000000000e+00 0.000000000000000000e+00 0.000000000000000000e+00 0.000000000000000000e+00 0.000000000000000000e+00
0.000000000000000000e+00 0.000000000000000000e+00 0.000000000000000000e+00 0.000000000000000000e+00 0.000000000000000000e+00
0.000000000000000000e+00 0.000000000000000000e+00 0.000000000000000000e+00 0.000000000000000000e+00 0.000000000000000000e+00
0.000000000000000000e+00 0.000000000000000000e+00 0.000000000000000000e+00 0.000000000000000000e+00 0.000000000000000000e+00
0.000000000000000000e+00 0.000000000000000000e+00 0.000000000000000000e+00 0.000000000000000000e+00 0.000000000000000000e+00
0.000000000000000000e+00 0.000000000000000000e+00 0.000000000000000000e+00 0.000000000000000000e+00 0.000000000000000000e+00
0.000000000000000000e+00 0.000000000000000000e+00 0.000000000000000000e+00 0.000000000000000000e+00 0.000000000000000000e+00
0.000000000000000000e+00 0.000000000000000000e+00 0.000000000000000000e+00 0.000000000000000000e+00 0.000000000000000000e+00
0.000000000000000000e+00 0.000000000000000000e+00 0.000000000000000000e+00 0.000000000000000000e+00 0.000000000000000000e+00
0.000000000000000000e+00 0.000000000000000000e+00 0.000000000000000000e+00 0.000000000000000000e+00 0.000000000000000000e+00
0.000000000000000000e+00 0.000000000000000000e+00 0.000000000000000000e+00 0.000000000000000000e+00 0.000000000000000000e+00
0.000000000000000000e+00 0.000000000000000000e+00 0.000000000000000000e+00 0.000000000000000000e+00 0.000000000000000000e+00
0.000000000000000000e+00 0.000000000000000000e+00 0.000000000000000000e+00 0.000000000000000000e+00 0.000000000000000000e+00
0.000000000000000000e+00 0.000000000000000000e+00 0.000000000000000000e+00 0.000000000000000000e+00 0.000000000000000000e+00
0.000000000000000000e+00 0.000000000000000000e+00 0.000000000000000000e+00 0.000000000000000000e+00 0.000000000000000000e+00
0.000000000000000000e+00 0.000000000000000000e+00 0.000000000000000000e+00 0.000000000000000000e+00 0.000000000000000000e+00
0.000000000000000000e+00 0.000000000000000000e+00 0.000000000000000000e+00 0.000000000000000000e+00 0.000000000000000000e+00
0.000000000000000000e+00 0.000000000000000000e+00 0.000000000000000000e+00 0.000000000000000000e+00 0.000000000000000000e+00
0.000000000000000000e+00 0.000000000000000000e+00 0.000000000000000000e+00 0.000000000000000000e+00 0.000000000000000000e+00
0.000000000000000000e+00 0.000000000000000000e+00 0.000000000000000000e+00 0.000000000000000000e+00 0.000000000000000000e+00
0.000000000000000000e+00 0.000000000000000000e+00 0.000000000000000000e+00 0.000000000000000000e+00 0.000000000000000000e+00
0.000000000000000000e+00 0.000000000000000000e+00 0.000000000000000000e+00 0.000000000000000000e+00 0.000000000000000000e+00
0.000000000000000000e+00 0.000000000000000000e+00 0.000000000000000000e+00 0.000000000000000000e+00 0.000000000000000000e+00
0.000000000000000000e+00 0.000000000000000000e+00 0.000000000000000000e+00 0.000000000000000000e+00 0.000000000000000000e+00
0.000000000000000000e+00 0.000000000000000000e+00 0.000000000000000000e+00 0.000000000000000000e+00 0.000000000000000000e+00
0.000000000000000000e+00 0.000000000000000000e+00 0.000000000000000000e+00 0.000000000000000000e+00 0.000000000000000000e+00
0.000000000000000000e+00 0.000000000000000000e+00 0.000000000000000000e+00 0.000000000000000000e+00 0.000000000000000000e+00
0.000000000000000000e+00 0.000000000000000000e+00 0.000000000000000000e+00 0.000000000000000000e+00 0.000000000000000000e+00
0.000000000000000000e+00 0.000000000000000000e+00 0.000000000000000000e+00 0.000000000000000000e+00 0.000000000000000000e+00
0.000000000000000000e+00 0.000000000000000000e+00 0.000000000000000000e+00 0.000000000000000000e+00 0.000000000000000000e+00
0.000000000000000000e+00 0.000000000000000000e+00 0.000000000000000000e+00 0.000000000000000000e+00 0.000000000000000000e+00
0.000000000000000000e+00 0.000000000000000000e+00 0.000000000000000000e+00 0.000000000000000000e+00 0.000000000000000000e+00
0.000000000000000000e+00 0.000000000000000000e+00 0.000000000000000000e+00 0.000000000000000000e+00 0.000000000000000000e+00
0.000000000000000000e+00 0.000000000000000000e+00 0.000000000000000000e+00 0.000000000000000000e+00 0.000000000000000000e+00
0.000000000000000000e+00 0.000000000000000000e+00 0.000000000000000000e+00 0.000000000000000000e+00 0.000000000000000000e+00
0.000000000000000000e+00 0.000000000000000000e+00 0.000000000000000000e+00 0.000000000000000000e+00 0.000000000000000000e+00
0.000000000000000000e+00 0.000000000000000000e+00 0.000000000000000000e+00 0.000000000000000000e+00 0.000000000000000000e+00
0.000000000000000000e+00 0.000000000000000000e+00 0.000000000000000000e+00 0.000000000000000000e+00 0.000000000000000000e+00
0.000000000000000000e+00 0.000000000000000000e+00 0.000000000000000000e+00 0.000000000000000000e+00 0.000000000000000000e+00
0.000000000000000000e+00 0.000000000000000000e+00 0.000000000000000000e+00 0.000000000000000000e+00 0.000000000000000000e+00
0.000000000000000000e+00 0.000000000000000000e+00 0.000000000000000000e+00 0.000000000000000000e+00 0.000000000000000000e+00
0.000000000000000000e+00 0.000000000000000000e+00 0.000000000000000000e+00 0.000000000000000000e+00 0.000000000000000000e+00
0.000000000000000000e+00 0.000000000000000000e+00 0.000000000000000000e+00 0.000000000000000000e+00 0.000000000000000000e+00
0.000000000000000000e+00 0.000000000000000000e+00 0.000000000000000000e+00 0.000000000000000000e+00 0.000000000000000000e+00
0.000000000000000000e+00 0.000000000000000000e+00 0.000000000000000000e+00 0.000000000000000000e+00 0.000000000000000000e+00
0.000000000000000000e+00 0.000000000000000000e+00 0.000000000000000000e+00 0.000000000000000000e+00 0.000000000000000000e+00
0.000000000000000000e+00 0.000000000000000000e+00 0.000000000000000000e+00 0.000000000000000000e+00 0.000000000000000000e+00
0.000000000000000000e+00 0.000000000000000000e+00 0.000000000000000000e+00 0.000000000000000000e+00 0.000000000000000000e+00
0.000000000000000000e+00 0.000000000000000000e+00 0.000000000000000000e+00 0.000000000000000000e+00 0.000000000000000000e+00
0.000000000000000000e+00 0.000000000000000000e+00 0.000000000000000000e+00 0.000000000000000000e+00 0.000000000000000000e+00
0.000000000000000000e+00 0.000000000000000000e+00 0.000000000000000000e+00 0.000000000000000000e+00 0.000000000000000000e+00
0.000000000000000000e+00 0.000000000000000000e+00 0.000000000000000000e+00 0.000000000000000000e+00 0.000000000000000000e+00
0.000000000000000000e+00 0.000000000000000000e+00 0.000000000000000000e+00 0.000000000000000000e+00 0.000000000000000000e+00
0.000000000000000000e+00 0.000000000000000000e+00 0.000000000000000000e+00 0.000000000000000000e+00 0.000000000000000000e+00
0.000000000000000000e+00 0.000000000000000000e+00 0.000000000000000000e+00 0.000000000000000000e+00 0.000000000000000000e+00
0.000000000000000000e+00 0.000000000000000000e+00 0.000000000000000000e+00 0.000000000000000000e+00 0.000000000000000000e+00
0.000000000000000000e+00 0.000000000000000000e+00 0.000000000000000000e+00 0.000000000000000000e+00 0.000000000000000000e+00
0.000000000000000000e+00 0.000000000000000000e+00 0.000000000000000000e+00 0.000000000000000000e+00 0.000000000000000000e+00
0.000000000000000000e+00 0.000000000000000000e+00 0.000000000000000000e+00 0.000000000000000000e+00 0.000000000000000000e+00
0.000000000000000000e+00 0.000000000000000000e+00 0.000000000000000000e+00 0.000000000000000000e+00 0.000000000000000000e+00
0.000000000000000000e+00 0.000000000000000000e+00 0.000000000000000000e+00 0.000000000000000000e+00 0.000000000000000000e+00
0.000000000000000000e+00 0.000000000000000000e+00 0.000000000000000000e+00 0.000000000000000000e+00 0.000000000000000000e+00
0.000000000000000000e+00 0.000000000000000000e+00 0.000000000000000000e+00 0.000000000000000000e+00 0.000000000000000000e+00
0.000000000000000000e+00 0.000000000000000000e+00 0.000000000000000000e+00 0.000000000000000000e+00 0.000000000000000000e+00
0.000000000000000000e+00 0.000000000000000000e+00 0.000000000000000000e+00 0.000000000000000000e+00 0.000000000000000000e+00
0.000000000000000000e+00 0.000000000000000000e+00 0.000000000000000000e+00 0.000000000000000000e+00 0.000000000000000000e+00
0.000000000000000000e+00 0.000000000000000000e+00 0.000000000000000000e+00 0.000000000000000000e+00 0.000000000000000000e+00
0.000000000000000000e+00 0.000000000000000000e+00 0.000000000000000000e+00 0.000000000000000000e+00 0.000000000000000000e+00
0.000000000000000000e+00 0.000000000000000000e+00 0.000000000000000000e+00 0.000000000000000000e+00 0.000000000000000000e+00
0.000000000000000000e+00 0.000000000000000000e+00 0.000000000000000000e+00 0.000000000000000000e+00 0.000000000000000000e+00
0.000000000000000000e+00 0.000000000000000000e+00 0.000000000000000000e+00 0.000000000000000000e+00 0.000000000000000000e+00
0.000000000000000000e+00 0.000000000000000000e+00 0.000000000000000000e+00 0.000000000000000000e+00 0.000000000000000000e+00
0.000000000000000000e+00 0.000000000000000000e+00 0.000000000000000000e+00 0.000000000000000000e+00 0.000000000000000000e+00
0.000000000000000000e+00 0.000000000000000000e+00 0.000000000000000000e+00 0.000000000000000000e+00 0.000000000000000000e+00
0.000000000000000000e+00 0.000000000000000000e+00 0.000000000000000000e+00 0.000000000000000000e+00 0.000000000000000000e+00
0.000000000000000000e+00 0.000000000000000000e+00 0.000000000000000000e+00 0.000000000000000000e+00 0.000000000000000000e+00
0.000000000000000000e+00 0.000000000000000000e+00 0.000000000000000000e+00 0.000000000000000000e+00 0.000000000000000000e+00
0.000000000000000000e+00 0.000000000000000000e+00 0.000000000000000000e+00 0.000000000000000000e+00 0.000000000000000000e+00
0.000000000000000000e+00 0.000000000000000000e+00 0.000000000000000000e+00 0.000000000000000000e+00 0.000000000000000000e+00
0.000000000000000000e+00 0.000000000000000000e+00 0.000000000000000000e+00 0.000000000000000000e+00 0.000000000000000000e+00
0.000000000000000000e+00 0.000000000000000000e+00 0.000000000000000000e+00 0.000000000000000000e+00 0.000000000000000000e+00
0.000000000000000000e+00 0.000000000000000000e+00 0.000000000000000000e+00 0.000000000000000000e+00 0.000000000000000000e+00
0.000000000000000000e+00 0.000000000000000000e+00 0.000000000000000000e+00 0.000000000000000000e+00 0.000000000000000000e+00
0.000000000000000000e+00 0.000000000000000000e+00 0.000000000000000000e+00 0.000000000000000000e+00 0.000000000000000000e+00
-3.451325175745314944e+00 -2.477731693499588328e+00 -7.125694972224226875e-01 3.292093368123576003e+00 4.516378662694616075e+00
-3.248563444335069494e+00 -2.702200223901459974e+00 -1.238231350430358146e+00 1.999087280082749718e+00 4.774163424691709956e+00
-2.819797513507031894e+00 -2.997596748879377326e+00 -1.626341454115373786e+00 9.985777924596250799e-01 4.423868748175816989e+00
-1.989740778801025956e+00 -3.263871484828306357e+00 -1.971252412925402098e+00 2.112439831749521046e-01 3.549780251437796519e+00
-7.551175231215558892e-01 -3.383005950580116217e+00 -2.305101623514913989e+00 -4.304879270511451361e-01 2.480903350324437984e+00
6.642154724894463458e-01 -3.242040901361827210e+00 -2.641304593089464969e+00 -9.599271996685692088e-01 1.461172302257886635e+00
2.020838163350904271e+00 -2.741299239182222625e+00 -2.960609363257630910e+00 -1.417848070960860740e+00 5.704271418011045425e-01
3.133626627947261323e+00 -1.876942784210792858e+00 -3.198988324098706482e+00 -1.839199906933330242e+00 -1.770588953105060592e-01
3.884022858973083636e+00 -7.436877176761571562e-01 -3.265646822091929913e+00 -2.241093285392435686e+00 -7.869615392310960189e-01
4.201212343183175157e+00 5.256651372840533964e-01 -3.075608511650642196e+00 -2.617790812040045267e+00 -1.282128445117772797e+00
4.078980919275925210e+00 1.782535982892523796e+00 -2.576552081357907920e+00 -2.940087536225628462e+00 -1.695937872985872730e+00
3.593418371909347098e+00 2.861495905238988779e+00 -1.764115409054491712e+00 -3.158289662240729267e+00 -2.059410897644270211e+00
2.876927961963672065e+00 3.608772302228225648e+00 -6.937911509563345902e-01 -3.206019239658135067e+00 -2.391551441031267267e+00
2.064663704794095445e+00 3.933157966666185335e+00 5.172938982350711035e-01 -3.009726578476523251e+00 -2.693926734317624749e+00
1.257257434847457667e+00 3.837555959368287972e+00 1.710983193085222842e+00 -2.514169205074114011e+00 -2.945979275866241753e+00
5.130578957048543831e-01 3.406892495452592318e+00 2.723910173838766546e+00 -1.716717680464701523e+00 -3.101469621680837285e+00
-1.443741296108766170e-01 2.764543411047499788e+00 3.424092413724801887e+00 -6.830076368998135861e-01 -3.092560953074536378e+00
-7.160943907334923475e-01 2.028307268927158624e+00 3.740047151145738269e+00 4.682636097573835143e-01 -2.848130579514303040e+00
-1.217417310887800586e+00 1.286081553241217756e+00 3.674712973270739536e+00 1.594175062298342160e+00 -2.323267545044220839e+00
-1.667088112749084639e+00 5.909470116925423788e-01 3.296199940886642032e+00 2.553964470354228578e+00 -1.524342339766584287e+00
-2.077430929713242058e+00 -3.373375918264849560e-02 2.708063913521144173e+00 3.233035434393573215e+00 -5.142306766684415775e-01
-2.447326501180949965e+00 -5.860631167725732782e-01 2.015176482903544564e+00 3.565629429378178283e+00 6.014902130861978780e-01
-2.758518168311951957e+00 -1.076601280836099184e+00 1.301086820609251848e+00 3.548198032577909000e+00 1.694715854152744061e+00
-2.974994333301680172e+00 -1.519448051645162057e+00 6.207027106335440969e-01 3.233981808814751613e+00 2.633728763495843506e+00
-3.046159114833755677e+00 -1.924339789537591772e+00 2.624284325010962753e-03 2.709988812180037510e+00 3.302412588966831652e+00
-2.915900790514715180e+00 -2.290505189728311741e+00 -5.450198877976479839e-01 2.069024250831748457e+00 3.622155178601265124e+00
-2.538944867978963238e+00 -2.602466603578406534e+00 -1.027777959764555105e+00 1.389498662009110985e+00 3.572037062499384241e+00
-1.901277061867274076e+00 -2.827984050330464516e+00 -1.457507590092486760e+00 7.268379575611172427e-01 3.195903309285745397e+00
-1.035197184929635972e+00 -2.919639059058710462e+00 -1.844754792212460304e+00 1.130419968609902986e-01 2.587611933045120605e+00
-1.941506368443739194e-02 -2.823167695796317656e+00 -2.191667038273698687e+00 -4.397850103935588284e-01 1.859618040362627012e+00
1.035640169768895724e+00 -2.494033212285736933e+00 -2.486487263820920557e+00 -9.336603269381535952e-01 1.111295127642907721e+00
2.008017593582383853e+00 -1.916919332564845702e+00 -2.700883733108126794e+00 -1.377329640917869469e+00 4.105343178915599744e-01
2.783269498287402222e+00 -1.117731610712386026e+00 -2.791619476319696869e+00 -1.778469045230034906e+00 -2.090483665116049106e-01
3.273196016710747003e+00 -1.631779435837709125e-01 -2.708021103348894787e+00 -2.137014983803586787e+00 -7.408598461607237562e-01
3.434597300515417562e+00 8.479272966916826526e-01 -2.405769232363160981e+00 -2.440486903571791544e+00 -1.194631199498604968e+00
3.280249839954294977e+00 1.797851775470846736e+00 -1.864775763842730028e+00 -2.661542180434511184e+00 -1.586276088819145391e+00
2.872332881637282398e+00 2.569034166915904027e+00 -1.104520581500983756e+00 -2.758658407141485025e+00 -1.929576984906414605e+00
2.299207064059066941e+00 3.068938631340564438e+00 -1.886081250740072601e-01 -2.682446170759903215e+00 -2.229561051089150592e+00
1.648361374737802310e+00 3.253128474109524326e+00 7.842320129731192857e-01 -2.389839248227882074e+00 -2.477413633548809724e+00
9.882111623759726182e-01 3.134706071302311603e+00 1.698311278264082791e+00 -1.863356913391343905e+00 -2.647693617831652357e+00
3.620553457039896172e-01 2.773768166254666934e+00 2.442755625182082113e+00 -1.125843946898016368e+00 -2.699810663703070102e+00
-2.096117154284578010e-01 2.252934805797823348e+00 2.933222490059234744e+00 -2.417053421518278178e-01 -2.586131357526685104e+00
-7.228908359097272474e-01 1.652559884253892664e+00 3.129051397792973699e+00 6.948461350677607173e-01 -2.267072312468129347e+00
-1.182867224682143892e+00 1.035468714347912877e+00 3.039495188591702757e+00 1.577249550768173192e+00 -1.728647446250074049e+00
-1.595964046329085839e+00 4.423293478707240878e-01 2.715303604424931461e+00 2.304708207007213350e+00 -9.939950268030092184e-01
-1.963378915615537013e+00 -1.062068625176995768e-01 2.229398898685399200e+00 2.799591745246728269e+00 -1.231512875696890857e-01
-2.276447416576388161e+00 -6.042857047356737787e-01 1.656065865258556258e+00 3.021717156472719878e+00 7.969060570469823634e-01
-2.514409541278606941e+00 -1.054492247514773551e+00 1.056645916363441629e+00 2.974419930340775675e+00 1.666010646682314578e+00
-2.645045932969274372e+00 -1.461376577893371165e+00 4.737711308839001045e-01 2.698723695563101099e+00 2.385220591783280941e+00
-2.629031640073113962e+00 -1.825673850451634328e+00 -6.824063687788545218e-02 2.257885989995735088e+00 2.872174169782285347e+00
-2.428844103347590710e+00 -2.139834316085035049e+00 -5.598064671992587504e-01 1.719613142319082133e+00 3.076854708312513065e+00
-2.021546197658218524e+00 -2.385287676836266524e+00 -1.001022758481001862e+00 1.142704306760605970e+00 2.993311471481118868e+00
-1.411662665600918576e+00 -2.532104486709628510e+00 -1.395905705279301579e+00 5.704538298509151950e-01 2.660634213271146908e+00
-6.380774517498680742e-01 -2.542408009614083753e+00 -1.746545899053789874e+00 2.951884827755179436e-02 2.150206181148756723e+00
2.290756276953708481e-01 -2.378902824982922937e+00 -2.047957393132375792e+00 -4.677710564701790252e-01 1.544235946304671092e+00
1.099835060600467873e+00 -2.017569553718431496e+00 -2.284577361739811963e+00 -9.189580232066660859e-01 9.153949244663194262e-01
1.879038564893733110e+00 -1.459742403696499435e+00 -2.429505741136478214e+00 -1.325796672552933320e+00 3.149426087768393279e-01
2.481010914604691475e+00 -7.379228867246454548e-01 -2.447545114318635751e+00 -1.688493484180400905e+00 -2.294110172441729822e-01
2.843923767829970917e+00 8.621485772324363750e-02 -2.302641302235036491e+00 -2.000910800973207504e+00 -7.089894209460732011e-01
2.941992713593231557e+00 9.293448273521436320e-01 -1.969097037046452447e+00 -2.247428791591250974e+00 -1.126874972586128898e+00
2.790240820496689977e+00 1.697981533660762654e+00 -1.443790099543792893e+00 -2.402007221920726909e+00 -1.490504897257103112e+00
2.437539919392459176e+00 2.304019856880936246e+00 -7.545960967345174408e-01 -2.430455744204484958e+00 -1.805256620988397787e+00
1.950205564404973391e+00 2.682495167217067156e+00 3.925367688884170286e-02 -2.297320475758066305e+00 -2.069325712985136345e+00
1.394055696059718130e+00 2.805846259881015659e+00 8.554411961632115702e-01 -1.977467390137348957e+00 -2.270224432499267309e+00
8.220527929420802238e-01 2.687880489154967911e+00 1.602584459770380887e+00 -1.468881951363168348e+00 -2.383784213707314414e+00
2.695930573457414048e-01 2.375034113805482683e+00 2.196583556570719686e+00 -8.004435593827330386e-01 -2.377053477438552775e+00
-2.443792960556143423e-01 1.929553473153891030e+00 2.576265742923653068e+00 -3.049486581391958051e-02 -2.216102218376565958e+00
-7.130301869282643645e-01 1.412767210780228488e+00 2.714635477170466160e+00 7.625456074503764725e-01 -1.877736766049534767e+00
-1.135946468862423453e+00 8.742453339557056946e-01 2.621731755696109722e+00 1.493364838281901141e+00 -1.361123442679363471e+00
-1.513365755352502617e+00 3.478447551089292045e-01 2.337590287403298106e+00 2.083726506001250645e+00 -6.940713305592726146e-01
-1.841287083188434703e+00 -1.473056637826609672e-01 1.918412968785575101e+00 2.475568124997364894e+00 6.862015431501081175e-02
-2.108165447499507739e+00 -6.031364063768692718e-01 1.421989709603686203e+00 2.640790667442480366e+00 8.530388262612583761e-01
-2.293692441469294963e+00 -1.017807956753406629e+00 8.973160950026231042e-01 2.584415850314089269e+00 1.576930835007362974e+00
-2.370168670055569748e+00 -1.390700802030006011e+00 3.798800838534376334e-01 2.339432730436496133e+00 2.161549123666087091e+00
-2.307028958846589095e+00 -1.717959165385451126e+00 -1.085572567328224880e-01 1.955431541798489770e+00 2.544119535375327423e+00
-2.078643934499080359e+00 -1.989158886966532203e+00 -5.574666545991663336e-01 1.485837067792626698e+00 2.689518331101930393e+00
-1.674110250478732631e+00 -2.185612733160727572e+00 -9.636067149636070583e-01 9.780405639381214433e-01 2.597571369425119681e+00
-1.105803981860666196e+00 -2.281016791695700263e+00 -1.326415913877557751e+00 4.681113333227146511e-01 2.301914426695111260e+00
-4.127573384850871108e-01 -2.245361364488241307e+00 -1.643410753996798590e+00 -2.042652260204378539e-02 1.859511428491442020e+00
3.430579279113889490e-01 -2.052473678033322813e+00 -1.906340092488243210e+00 -4.749405187793125371e-01 1.334872237755616808e+00
1.085985172579476910e+00 -1.689641293553848733e+00 -2.098946040215206921e+00 -8.901825189511977099e-01 7.854913026375320850e-01
1.738302062319085017e+00 -1.165688764666159560e+00 -2.197205714456444969e+00 -1.263836671550631952e+00 2.532205599143804720e-01
2.232136490929689909e+00 -5.141373544504550530e-01 -2.172739835604230230e+00 -1.592068078980420909e+00 -2.375542154347747847e-01
2.520679838998636679e+00 2.092206185114783290e-01 -1.999487637185796807e+00 -1.865924238583152706e+00 -6.768497586544611755e-01
2.586611498351461425e+00 9.330250750810020754e-01 -1.662624394771344383e+00 -2.069225893048823650e+00 -1.063727025515595503e+00
2.444219287628777604e+00 1.580352904862993180e+00 -1.167217609331068662e+00 -2.178544211436544753e+00 -1.400557175319699699e+00
2.133191693879354478e+00 2.081431725476642125e+00 -5.432142076575051659e-01 -2.166061961198254782e+00 -1.687910947245084836e+00
1.706305053357793033e+00 2.386945273945768164e+00 1.557213722333709305e-01 -2.005959224063917024e+00 -1.920555304755529935e+00
1.216345669930300133e+00 2.477671372615214640e+00 8.594971162620821392e-01 -1.683584708510863504e+00 -2.085051016590861117e+00
7.068885034389807975e-01 2.366218890241120754e+00 1.492965067888638364e+00 -1.204355613035540618e+00 -2.159743510980581593e+00
2.084439495633013950e-01 2.089932241794986822e+00 1.988841221559893624e+00 -5.982333850839544054e-01 -2.118058375484233036e+00
-2.610076003932534361e-01 1.698444617184719840e+00 2.299612054253409532e+00 8.246905228856139802e-02 -1.935380697252959470e+00
-6.928106012845011152e-01 1.241343123402563808e+00 2.405499893131026301e+00 7.708477453173134819e-01 -1.598163985783010554e+00
-1.083223568691117578e+00 7.598479640313990924e-01 2.315836376892701942e+00 1.396019204340973152e+00 -1.112085519869390415e+00
-1.428902339144040079e+00 2.834064110932821845e-01 2.063258871124902694e+00 1.894387384698291710e+00 -5.058014241662435184e-01
-1.723118245785308478e+00 -1.698916625125793667e-01 1.693202894864262342e+00 2.219901918178780242e+00 1.710789362637879230e-01
-1.953339148028000016e+00 -5.906041984344467810e-01 1.252907313700251768e+00 2.351207287052095918e+00 8.545477140444621700e-01
-2.100656111292701578e+00 -9.741468794781172891e-01 7.833473332125736599e-01 2.293422373413184445e+00 1.475149391371399776e+00
-2.141488614103427057e+00 -1.316798294981792683e+00 3.152669986576357997e-01 2.073756110325908786e+00 1.967981879463746031e+00
-2.051874436732412210e+00 -1.612171394433606020e+00 -1.313025664787843549e-01 1.732716439984890666e+00 2.282944226094758111e+00
-1.814096525230212142e+00 -1.848696791955489971e+00 -5.452135248168989978e-01 1.314332609601835733e+00 2.393657699316963150e+00
-1.424258811568865246e+00 -2.008637505380375110e+00 -9.210482254515616196e-01 8.584147692454463519e-01 2.302280428373733923e+00
-8.982269900697301690e-01 -2.069242651671698408e+00 -1.255374819132254904e+00 3.961728577987636002e-01 2.037646569767960436e+00
-2.732672963143083500e-01 -2.006599799814154039e+00 -1.543067669465542080e+00 -5.097747641725382250e-02 1.646654528808298767e+00
3.956284315004212071e-01 -1.802056957486137589e+00 -1.774388043204358167e+00 -4.701986037205695967e-01 1.182102111335943340e+00
1.043488953942591779e+00 -1.449648220181817049e+00 -1.933562347522694402e+00 -8.544322709906005953e-01 6.915997132933446867e-01
1.604992308040828153e+00 -9.618058181126158956e-01 -1.999542251420280081e+00 -1.198830398478135439e+00 2.108638052888546499e-01
2.024356618726633528e+00 -3.711497184438044550e-01 -1.949367314893314829e+00 -1.497229420329234895e+00 -2.379201695963882590e-01
2.264291155355459662e+00 2.720354965123695234e-01 -1.763960448174965778e+00 -1.739393438820137971e+00 -6.439333426937481342e-01
2.312114847382363614e+00 9.058107524826697343e-01 -1.435251579667883748e+00 -1.909612653286114847e+00 -1.003608033082585171e+00
2.180639618059867946e+00 1.465287864401214390e+00 -9.725195440887542953e-01 -1.987207664646100325e+00 -1.316048863972644423e+00
1.902842418430294114e+00 1.893155404507763429e+00 -4.054720815285219326e-01 -1.949502690965913221e+00 -1.578889654595478031e+00
1.522244373689069841e+00 2.150016745977623600e+00 2.175107072409493414e-01 -1.777452209988664711e+00 -1.785134191029808415e+00
1.082830946271335470e+00 2.221323063011932053e+00 8.357751041950903792e-01 -1.462924139360461506e+00 -1.921510694793403529e+00
6.217848967932702031e-01 2.118100964280122067e+00 1.385869544570911938e+00 -1.015136597364588722e+00 -1.968996399567481514e+00
1.662268359160359310e-01 1.871164648648786732e+00 1.812069761776468502e+00 -4.633624858894975218e-01 -1.906081781979500178e+00
-2.665913920256582914e-01 1.521474890319309381e+00 2.075780215141515672e+00 1.454438012089681320e-01 -1.714676568446998672e+00
-6.668567248879366804e-01 1.110553860042279961e+00 2.161487350516648753e+00 7.532203198738738337e-01 -1.387298236145182440e+00
-1.028699130360767766e+00 6.737987210022359230e-01 2.077424456589947788e+00 1.299626382679037073e+00 -9.330469255430809961e-01
-1.346578393043121213e+00 2.375030546365865802e-01 1.850772770125539424e+00 1.731365173095100518e+00 -3.799709081744129247e-01
-1.612296457783331194e+00 -1.810589607734155171e-01 1.519370975953239000e+00 2.010456811535627608e+00 2.270143557941998180e-01
-1.813203068463452361e+00 -5.715819948627494096e-01 1.123040533403390384e+00 2.119710062077683421e+00 8.317435786101806672e-01
-1.932034180461282835e+00 -9.276975928341004707e-01 6.970530059599114869e-01 2.063793263539873024e+00 1.374450792014690226e+00
-1.948724203915955133e+00 -1.243733401338415367e+00 2.687162593197308658e-01 1.865534914719801041e+00 1.800328119754114109e+00
-1.844316910067983040e+00 -1.511877970580670416e+00 -1.432368046225514502e-01 1.558898798714630551e+00 2.068059189357533967e+00
-1.606551652305329592e+00 -1.720265877123517972e+00 -5.272789869534529883e-01 1.181189031127260147e+00 2.156825439962461566e+00
-1.235817025630598032e+00 -1.852468369280839244e+00 -8.765354635415254503e-01 7.667502217028222544e-01 2.069635313185112846e+00
-7.494205623822619566e-01 -1.888876266680169058e+00 -1.185711783020865884e+00 3.432490031152711230e-01 1.831289887537406402e+00
-1.822885549995013621e-01 -1.810279856600692572e+00 -1.448120272210419390e+00 -6.946796258054119266e-02 1.481249186207233004e+00
4.164849300098776297e-01 -1.603288055357115383e+00 -1.653437392387139049e+00 -4.584790510158777144e-01 1.063943776693930587e+00
9.902617627949997781e-01 -1.266174076507324164e+00 -1.786823931129159160e+00 -8.155358499725328114e-01 6.199795353289647704e-01
1.483024725455695192e+00 -8.130763915092323879e-01 -1.829939447027417732e+00 -1.134166169340939945e+00 1.806936751872670055e-01
1.847714149636695113e+00 -2.749962713335554754e-01 -1.764091495653461239e+00 -1.406839833756808877e+00 -2.333539391927719198e-01
2.053520629088940730e+00 3.026877853223011727e-01 -1.575214718313491247e+00 -1.622831519161962666e+00 -6.108256089918637777e-01
2.090515712231644674e+00 8.656139761472821936e-01 -1.259620196611419551e+00 -1.767311822367851226e+00 -9.463687395143067782e-01
1.969929258549349083e+00 1.358028371566302406e+00 -8.287678833920194554e-01 -1.822139594786309269e+00 -1.236894417164179583e+00
1.719619098583188954e+00 1.731609234592347946e+00 -3.112025207519749093e-01 -1.768727846908688450e+00 -1.478181428025139743e+00
1.376338832307379301e+00 1.953731684268177116e+00 2.494147658966121561e-01 -1.592912043491466312e+00 -1.662362267755871592e+00
9.776795701332082755e-01 2.012695274132398904e+00 7.999373916039397292e-01 -1.290794744716444953e+00 -1.776802242438558777e+00
5.561365091884193923e-01 1.917972892774890026e+00 1.285768103634996162e+00 -8.735462720535998038e-01 -1.804899229603265987e+00
1.362848028648608323e-01 1.695447024846704842e+00 1.659614168848798865e+00 -3.690722057053490435e-01 -1.729142016922761149e+00
-2.652504030947927527e-01 1.379709073322856083e+00 1.889115123618027026e+00 1.803300441545823141e-01 -1.536144324458524224e+00
-6.379281447566306218e-01 1.006350570756162188e+00 1.961478156899364000e+00 7.236321849406424089e-01 -1.222407728359899082e+00
-9.744836125611113786e-01 6.064255484583139788e-01 1.883792775738627912e+00 1.208568616761333203e+00 -7.988414574495763532e-01
-1.267998189348377380e+00 2.038102867727893674e-01 1.679037914727018244e+00 1.589488824227386132e+00 -2.922921015461676930e-01
-1.509508002962331785e+00 -1.849245098120767539e-01 1.379368702537611346e+00 1.834181783534218013e+00 2.564794631482011367e-01
-1.686663674935577228e+00 -5.489455474273675639e-01 1.019063012143445413e+00 1.928218278444627343e+00 7.976981610064445283e-01
-1.783829829825663849e+00 -8.807038304472680768e-01 6.290836831670402196e-01 1.875638679080183779e+00 1.279214189455480932e+00
-1.783882558740543578e+00 -1.173278327141273669e+00 2.340923740119871255e-01 1.695831463335570888e+00 1.653897180539831036e+00
-1.671710110635600044e+00 -1.418077201626560813e+00 -1.482305274514894022e-01 1.417790821601079276e+00 1.886828934128627511e+00
-1.438923785117808496e+00 -1.603374854126467408e+00 -5.061578718712572700e-01 1.073732076095772925e+00 1.960937979587075164e+00
-1.088606811245728556e+00 -1.714119742858047912e+00 -8.318345882095042887e-01 6.938344304057278977e-01 1.879397163057830333e+00
-6.384623928001538218e-01 -1.733390170784168571e+00 -1.118741965914089365e+00 3.030269234187439875e-01 1.663642512033364440e+00
-1.209755133457054155e-01 -1.645634748763697974e+00 -1.359276744887032429e+00 -8.010087112198202575e-02 1.347407923878066738e+00
4.197688931722152184e-01 -1.441247929852404575e+00 -1.543013705208367004e+00 -4.426515301446912187e-01 9.688235283986851298e-01
9.338314799963467472e-01 -1.121253164266797109e+00 -1.656191484048762153e+00 -7.756006412988912802e-01 5.632347471674968853e-01
1.372443829934075987e+00 -7.004789566560006842e-01 -1.682833708286643581e+00 -1.071427018352956617e+00 1.586504116983249446e-01
1.695119618270500172e+00 -2.080655339769281187e-01 -1.607625913301978127e+00 -1.321813235945037190e+00 -2.256678138648755827e-01
1.875703326608601174e+00 3.149205701691512593e-01 -1.420183504067674241e+00 -1.515977267650446603e+00 -5.780875844964619148e-01
1.905996844475830398e+00 8.203292642791184530e-01 -1.119741913539707090e+00 -1.640109493654397843e+00 -8.920244882434598122e-01
1.795739278479700163e+00 1.259570124526381285e+00 -7.188234027156351624e-01 -1.678308044638522567e+00 -1.162884707012443730e+00
1.568756959675198903e+00 1.591095902946473517e+00 -2.444483445507622255e-01 -1.615243904534755526e+00 -1.385260803817344621e+00
1.256619789634900952e+00 1.787161723176230010e+00 2.638698393106987949e-01 -1.440348150341076661e+00 -1.550917164278206473e+00
8.920320642845759318e-01 1.837915253542097505e+00 7.590984952637338523e-01 -1.152555993263100653e+00 -1.648036440013857851e+00
5.038667620498230582e-01 1.751419773606566421e+00 1.193585152871418087e+00 -7.639727619979458373e-01 -1.662145821371007415e+00
1.146753093949878788e-01 1.549698728482859833e+00 1.526454751316898673e+00 -3.008961028596629506e-01 -1.578907588591501820e+00
-2.594975313541502127e-01 1.262448387760213953e+00 1.729930133695104955e+00 1.984160731822506296e-01 -1.388408960011894733e+00
-6.076756943044842041e-01 9.206871260015806469e-01 1.793059302729025140e+00 6.886766533785602107e-01 -1.089847135823305502e+00
-9.216782395456286636e-01 5.520709250495321463e-01 1.721858414749317667e+00 1.124016703910827308e+00 -6.950308886681312304e-01
-1.193723043568301945e+00 1.785274196072628994e-01 1.535968227791194352e+00 1.464689267702141029e+00 -2.293748556273372541e-01
-1.414496464359896066e+00 -1.840154741941821825e-01 1.263115009202421479e+00 1.682800802256590567e+00 2.700224579168630235e-01
-1.572150210089392486e+00 -5.244287193251752077e-01 9.332514069036018656e-01 1.765857641789663202e+00 7.587019803936014828e-01
-1.652564250405364144e+00 -8.343853572241815009e-01 5.739409579480785339e-01 1.717241025518306596e+00 1.190664347531960265e+00
-1.641066014773128190e+00 -1.106169713779460162e+00 2.077130896944618110e-01 1.553566999512745461e+00 1.524806307443668851e+00
-1.525536198535223154e+00 -1.330802991877252373e+00 -1.486542448956676421e-01 1.299914089019863717e+00 1.731050129315599984e+00
-1.300394718239557434e+00 -1.496924027951972880e+00 -4.833697406539722574e-01 9.844918461734287751e-01 1.794967484065683738e+00
-9.704379444544790623e-01 -1.590807388570659953e+00 -7.879285851300975585e-01 6.341739595334182633e-01 1.719570308991198893e+00
-5.532038431221967256e-01 -1.597805757219743716e+00 -1.055011852364105884e+00 2.716810009981092677e-01 1.523475150495353869e+00
-7.881445961814553813e-02 -1.505246308113171505e+00 -1.276505404270044108e+00 -8.546000861042954422e-02 1.235870962524508565e+00
4.129367635401866576e-01 -1.306308585100642183e+00 -1.442146767717086497e+00 -4.244643529002807836e-01 8.899582139365861400e-01
8.776194518641557973e-01 -1.003830848231883177e+00 -1.539260565943020742e+00 -7.358191335979195058e-01 5.169609101066314771e-01
1.272273449844063542e+00 -6.127590661649249260e-01 -1.553902796011916498e+00 -1.011336140111204651e+00 1.422388347718227530e-01
1.561535042483024771e+00 -1.603361033923325907e-01 -1.473455336729074805e+00 -1.242275732423917978e+00 -2.160422303182816806e-01
1.722731435882105755e+00 3.161541221545842162e-01 -1.290288204780214887e+00 -1.418039851299401688e+00 -5.461191256946730244e-01
1.748803763715551129e+00 7.737378713330933522e-01 -1.005623054121236537e+00 -1.525853389569033380e+00 -8.405571381601268932e-01
1.648148528246770050e+00 1.169588541627177181e+00 -6.323961147249276271e-01 -1.551755180825814984e+00 -1.093722107566788670e+00
1.441338226266141387e+00 1.467438394335588647e+00 -1.959923885547328326e-01 -1.483029919178910250e+00 -1.299452857839470621e+00
1.155835246059685240e+00 1.643209460364395191e+00 2.677114186503519733e-01 -1.311806759187417182e+00 -1.449438104373453884e+00
8.204682239630846086e-01 1.688310947723988154e+00 7.167576415975629445e-01 -1.038950681247429619e+00 -1.532722649853583974e+00
4.612003282993769049e-01 1.609563822265554389e+00 1.109089169265063290e+00 -6.769132572178706564e-01 -1.536674270334036363e+00
9.890463941351466948e-02 1.425891295057075236e+00 1.408877024236225406e+00 -2.503356180098880168e-01 -1.449495301790036050e+00
-2.509322709645560590e-01 1.163100956903616812e+00 1.591846233216863027e+00 2.060421040723428299e-01 -1.263887244753922445e+00
-5.771058885418269835e-01 8.485595972951045507e-01 1.648351531169585771e+00 6.517127569538536669e-01 -9.809046667257228513e-01
-8.708456247827771612e-01 5.071680869804424674e-01 1.583441765451905070e+00 1.046005294179621847e+00 -6.127170944496567184e-01
-1.123844856385616930e+00 1.592230222291011466e-01 1.414044153803107218e+00 1.353869809123766865e+00 -1.832444900038871227e-01
-1.326694763282879608e+00 -1.799547503137493287e-01 1.164329072284641553e+00 1.550761733573841505e+00 2.736483802106730034e-01
-1.468135641955905957e+00 -4.991068005657703366e-01 8.607653943888244896e-01 1.625606240712751838e+00 7.179959634804453650e-01
-1.535419051401541335e+00 -7.894079527085384740e-01 5.281459800273092808e-01 1.581154202338693970e+00 1.108869959385273996e+00
-1.515918085103939328e+00 -1.042653237180759085e+00 1.872220316184316224e-01 1.431743002021744315e+00 1.410017817833021159e+00
-1.399871381777143320e+00 -1.249724723726789444e+00 -1.460330571386001808e-01 1.199280640148320476e+00 1.595136734436675363e+00
-1.183769999916841620e+00 -1.399736719230774140e+00 -4.598674394599552850e-01 9.087290670514295288e-01 1.651734384884820717e+00
-8.734919680122629204e-01 -1.480191705066680852e+00 -7.453626608342573956e-01 5.842571415905385424e-01 1.582512225281930585e+00
-4.861035495887937041e-01 -1.478363251077055240e+00 -9.946908789729963507e-01 2.467440496782984383e-01 1.403707409208151846e+00
-4.950934135535911551e-02 -1.383869045709555046e+00 -1.199488531237070887e+00 -8.721635964249564721e-02 1.140815144353102495e+00
4.002068660952454726e-01 -1.191972952252954521e+00 -1.349799873045931298e+00 -4.050218735097089184e-01 8.230647788779845708e-01
8.232267175989127495e-01 -9.067150964703933891e-01 -1.433984077738726715e+00 -6.968764221166652284e-01 4.783459287159008144e-01
1.181348026996068112e+00 -5.428271172523256860e-01 -1.439835600981663966e+00 -9.541872061848833964e-01 1.298350453309360664e-01
1.443307071357115889e+00 -1.257109045934895752e-01 -1.356907912860514598e+00 -1.168029471934385999e+00 -2.052642909696489604e-01
1.589126074910211184e+00 3.106758505322009256e-01 -1.179663496473050799e+00 -1.328122032783668915e+00 -5.151800129436127085e-01
1.612527069138942615e+00 7.277333582959317759e-01 -9.106833324557854770e-01 -1.422681978516261214e+00 -7.919001702137703491e-01
1.520719720953496390e+00 1.087369576445198494e+00 -5.629300449349180502e-01 -1.439418996353484026e+00 -1.029074911252168434e+00
1.331599410098006198e+00 1.357542693320734184e+00 -1.601592608912673632e-01 -1.367731421741446241e+00 -1.220078240817514370e+00
1.069288785368244676e+00 1.517024173693862554e+00 2.649486099115541116e-01 -1.201803324047018062e+00 -1.356695311020609251e+00
7.594547591712126344e-01 1.558123144950835037e+00 6.747142594310159280e-01 -9.438258521082559804e-01 -1.428813781541642625e+00
4.256524889976768256e-01 1.486578459703807642e+00 1.031685360932397044e+00 -6.062452452112446766e-01 -1.425382002777553891e+00
8.731837412171986057e-02 1.318771945493865339e+00 1.304103722814281774e+00 -2.120849661552568488e-01 -1.336653029809900417e+00
-2.406074369070245189e-01 1.077343534802191583e+00 1.470454962636190466e+00 2.069956691004378457e-01 -1.157325585721955985e+00
-5.468414746245828795e-01 7.866656282045680904e-01 1.522060713135653831e+00 6.145323549940052699e-01 -8.897453846339555827e-01
-8.222534312130705958e-01 4.693432694775501735e-01 1.463114021608687310e+00 9.741635331493327943e-01 -5.461133801414266298e-01
-1.058242576797532974e+00 1.442685281791303009e-01 1.308296832592261927e+00 1.254666722124278211e+00 -1.488728008713870732e-01
-1.245463797820179686e+00 -1.738216191728595150e-01 1.078858730095055618e+00 1.434171019939765479e+00 2.709770485110149507e-01
-1.373273477977988710e+00 -4.736611793797276260e-01 7.983932242402959067e-01 1.502682336322937573e+00 6.773178920452432861e-01
-1.430148527779462997e+00 -7.461267344649494815e-01 4.893772133488455967e-01 1.462373517565766612e+00 1.033472635025864284e+00
-1.405175473322225255e+00 -9.827354252594285855e-01 1.710389717293449852e-01 1.325680342580188631e+00 1.307172240062154822e+00
-1.290470709896788692e+00 -1.174389285961367158e+00 -1.413849132191187241e-01 1.111889399641065257e+00 1.475132459227596060e+00
-1.084070848878504245e+00 -1.310725978923254598e+00 -4.362611470173790029e-01 8.432690494622112620e-01 1.526325533528133160e+00
-7.925165126731336107e-01 -1.380363435303332942e+00 -7.044302272347899851e-01 5.417213259472664078e-01 1.463082527289541579e+00
-4.322369442136520523e-01 -1.372200245928539619e+00 -9.377606053295275412e-01 2.265503087647449953e-01 1.299617266005063998e+00
-2.908500615517130641e-02 -1.277695150769633914e+00 -1.127811801605449693e+00 -8.649211306102035091e-02 1.058366240535123071e+00
3.840888909087410985e-01 -1.093692017771227487e+00 -1.265009939723838350e+00 -3.850403167970053997e-01 7.652861779721382707e-01
7.713835683035442647e-01 -8.250182554070725205e-01 -1.338673134982821145e+00 -6.591646802360491275e-01 4.455006269248528161e-01
1.098564797784791214e+00 -4.859977107655362172e-01 -1.338082211200653848e+00 -9.000526260159457115e-01 1.203372598072165039e-01
1.337722771171121039e+00 -1.002883260031274260e-01 -1.254554276735315277e+00 -1.098751416010541160e+00 -1.938687822274816619e-01
1.471024052242001945e+00 3.010886691378087399e-01 -1.084159782985066656e+00 -1.245367047748283662e+00 -4.854285061538470281e-01
1.492746541145796524e+00 6.832737088286855442e-01 -8.304078718242030588e-01 -1.329042034097073666e+00 -7.459531572978413960e-01
1.409059226228904560e+00 1.012130537585653300e+00 -5.060523775275576064e-01 -1.338922419884257531e+00 -9.686103178108971257e-01
1.235620825292716995e+00 1.259074661482573632e+00 -1.332805736886233106e-01 -1.266129165504705112e+00 -1.146506963584170702e+00
9.937832069235854604e-01 1.405153847006997525e+00 2.580478813622567591e-01 -1.106429857581063825e+00 -1.271625398202901991e+00
