0.000000000000000000e+00 0.000000000000000000e+00 0.000000000000000000e+00 0.000000000000000000e+00 0.000000000000000000e+00
0.000000000000000000e+00 0.000000000000000000e+00 0.000000000000000000e+00 0.000000000000000000e+00 0.000000000000000000e+00
0.000000000000000000e+00 0.000000000000000000e+00 0.000000000000000000e+00 0.000000000000000000e+00 0.000000000000000000e+00
0.000000000000000000e+00 0.000000000000000000e+00 0.000000000000000000e+00 0.000000000000000000e+00 0.000000000000000000e+00
0.000000000000000000e+00 0.000000000000000000e+00 0.000000000000000000e+00 0.000000000000000000e+00 0.000000000000000000e+00
0.000000000000000000e+00 0.000000000000000000e+00 0.000000000000000000e+00 0.000000000000000000e+00 0.000000000000000000e+00
0.000000000000000000e+00 0.000000000000000000e+00 0.000000000000000000e+00 0.000000000000000000e+00 0.000000000000000000e+00
0.000000000000000000e+00 0.000000000000000000e+00 0.000000000000000000e+00 0.000000000000000000e+00 0.000000000000000000e+00
0.000000000000000000e+00 0.000000000000000000e+00 0.000000000000000000e+00 0.000000000000000000e+00 0.000000000000000000e+00
0.000000000000000000e+00 0.000000000000000000e+00 0.000000000000000000e+00 0.000000000000000000e+00 0.000000000000000000e+00
0.000000000000000000e+00 0.000000000000000000e+00 0.000000000000000000e+00 0.000000000000000000e+00 0.000000000000000000e+00
0.000000000000000000e+00 0.000000000000000000e+00 0.000000000000000000e+00 0.000000000000000000e+00 0.000000000000000000e+00
0.000000000000000000e+00 0.000000000000000000e+00 0.000000000000000000e+00 0.000000000000000000e+00 0.000000000000000000e+00
0.000000000000000000e+00 0.000000000000000000e+00 0.000000000000000000e+00 0.000000000000000000e+00 0.000000000000000000e+00
0.000000000000000000e+00 0.000000000000000000e+00 0.000000000000000000e+00 0.000000000000000000e+00 0.000000000000000000e+00
0.000000000000000000e+00 0.000000000000000000e+00 0.000000000000000000e+00 0.000000000000000000e+00 0.000000000000000000e+00
0.000000000000000000e+00 0.000000000000000000e+00 0.000000000000000000e+00 0.000000000000000000e+00 0.000000000000000000e+00
0.000000000000000000e+00 0.000000000000000000e+00 0.000000000000000000e+00 0.000000000000000000e+00 0.000000000000000000e+00
0.000000000000000000e+00 0.000000000000000000e+00 0.000000000000000000e+00 0.000000000000000000e+00 0.000000000000000000e+00
0.000000000000000000e+00 0.000000000000000000e+00 0.000000000000000000e+00 0.000000000000000000e+00 0.000000000000000000e+00
0.000000000000000000e+00 0.000000000000000000e+00 0.000000000000000000e+00 0.000000000000000000e+00 0.000000000000000000e+00
0.000000000000000000e+00 0.000000000000000000e+00 0.000000000000000000e+00 0.000000000000000000e+00 0.000000000000000000e+00
0.000000000000000000e+00 0.000000000000000000e+00 0.000000000000000000e+00 0.000000000000000000e+00 0.000000000000000000e+00
0.000000000000000000e+00 0.000000000000000000e+00 0.000000000000000000e+00 0.000000000000000000e+00 0.000000000000000000e+00
0.000000000000000000e+00 0.000000000000000000e+00 0.000000000000000000e+00 0.000000000000000000e+00 0.000000000000000000e+00
0.000000000000000000e+00 0.000000000000000000e+00 0.000000000000000000e+00 0.000000000000000000e+00 0.000000000000000000e+00
0.000000000000000000e+00 0.000000000000000000e+00 0.000000000000000000e+00 0.000000000000000000e+00 0.000000000000000000e+00
0.000000000000000000e+00 0.000000000000000000e+00 0.000000000000000000e+00 0.000000000000000000e+00 0.000000000000000000e+00
0.000000000000000000e+00 0.000000000000000000e+00 0.000000000000000000e+00 0.000000000000000000e+00 0.000000000000000000e+00
0.000000000000000000e+00 0.000000000000000000e+00 0.000000000000000000e+00 0.000000000000000000e+00 0.000000000000000000e+00
0.000000000000000000e+00 0.000000000000000000e+00 0.000000000000000000e+00 0.000000000000000000e+00 0.000000000000000000e+00
0.000000000000000000e+00 0.000000000000000000e+00 0.000000000000000000e+00 0.000000000000000000e+00 0.000000000000000000e+00
0.000000000000000000e+00 0.000000000000000000e+00 0.000000000000000000e+00 0.000000000000000000e+00 0.000000000000000000e+00
0.000000000000000000e+00 0.000000000000000000e+00 0.000000000000000000e+00 0.000000000000000000e+00 0.000000000000000000e+00
0.000000000000000000e+00 0.000000000000000000e+00 0.000000000000000000e+00 0.000000000000000000e+00 0.000000000000000000e+00
0.000000000000000000e+00 0.000000000000000000e+00 0.000000000000000000e+00 0.000000000000000000e+00 0.000000000000000000e+00
0.000000000000000000e+00 0.000000000000000000e+00 0.000000000000000000e+00 0.000000000000000000e+00 0.000000000000000000e+00
0.000000000000000000e+00 0.000000000000000000e+00 0.000000000000000000e+00 0.000000000000000000e+00 0.000000000000000000e+00
0.000000000000000000e+00 0.000000000000000000e+00 0.000000000000000000e+00 0.000000000000000000e+00 0.000000000000000000e+00
0.000000000000000000e+00 0.000000000000000000e+00 0.000000000000000000e+00 0.000000000000000000e+00 0.000000000000000000e+00
0.000000000000000000e+00 0.000000000000000000e+00 0.000000000000000000e+00 0.000000000000000000e+00 0.000000000000000000e+00
0.000000000000000000e+00 0.000000000000000000e+00 0.000000000000000000e+00 0.000000000000000000e+00 0.000000000000000000e+00
0.000000000000000000e+00 0.000000000000000000e+00 0.000000000000000000e+00 0.000000000000000000e+00 0.000000000000000000e+00
0.000000000000000000e+00 0.000000000000000000e+00 0.000000000000000000e+00 0.000000000000000000e+00 0.000000000000000000e+00
0.000000000000000000e+00 0.000000000000000000e+00 0.000000000000000000e+00 0.000000000000000000e+00 0.000000000000000000e+00
0.000000000000000000e+00 0.000000000000000000e+00 0.000000000000000000e+00 0.000000000000000000e+00 0.000000000000000000e+00
0.000000000000000000e+00 0.000000000000000000e+00 0.000000000000000000e+00 0.000000000000000000e+00 0.000000000000000000e+00
0.000000000000000000e+00 0.000000000000000000e+00 0.000000000000000000e+00 0.000000000000000000e+00 0.000000000000000000e+00
0.000000000000000000e+00 0.000000000000000000e+00 0.000000000000000000e+00 0.000000000000000000e+00 0.000000000000000000e+00
0.000000000000000000e+00 0.000000000000000000e+00 0.000000000000000000e+00 0.000000000000000000e+00 0.000000000000000000e+00
0.000000000000000000e+00 0.000000000000000000e+00 0.000000000000000000e+00 0.000000000000000000e+00 0.000000000000000000e+00
0.000000000000000000e+00 0.000000000000000000e+00 0.000000000000000000e+00 0.000000000000000000e+00 0.000000000000000000e+00
0.000000000000000000e+00 0.000000000000000000e+00 0.000000000000000000e+00 0.000000000000000000e+00 0.000000000000000000e+00
0.000000000000000000e+00 0.000000000000000000e+00 0.000000000000000000e+00 0.000000000000000000e+00 0.000000000000000000e+00
0.000000000000000000e+00 0.000000000000000000e+00 0.000000000000000000e+00 0.000000000000000000e+00 0.000000000000000000e+00
0.000000000000000000e+00 0.000000000000000000e+00 0.000000000000000000e+00 0.000000000000000000e+00 0.000000000000000000e+00
0.000000000000000000e+00 0.000000000000000000e+00 0.000000000000000000e+00 0.000000000000000000e+00 0.000000000000000000e+00
0.000000000000000000e+00 0.000000000000000000e+00 0.000000000000000000e+00 0.000000000000000000e+00 0.000000000000000000e+00
0.000000000000000000e+00 0.000000000000000000e+00 0.000000000000000000e+00 0.000000000000000000e+00 0.000000000000000000e+00
0.000000000000000000e+00 0.000000000000000000e+00 0.000000000000000000e+00 0.000000000000000000e+00 0.000000000000000000e+00
0.000000000000000000e+00 0.000000000000000000e+00 0.000000000000000000e+00 0.000000000000000000e+00 0.000000000000000000e+00
0.000000000000000000e+00 0.000000000000000000e+00 0.000000000000000000e+00 0.000000000000000000e+00 0.000000000000000000e+00
0.000000000000000000e+00 0.000000000000000000e+00 0.000000000000000000e+00 0.000000000000000000e+00 0.000000000000000000e+00
0.000000000000000000e+00 0.000000000000000000e+00 0.000000000000000000e+00 0.000000000000000000e+00 0.000000000000000000e+00
0.000000000000000000e+00 0.000000000000000000e+00 0.000000000000000000e+00 0.000000000000000000e+00 0.000000000000000000e+00
0.000000000000000000e+00 0.000000000000000000e+00 0.000000000000000000e+00 0.000000000000000000e+00 0.000000000000000000e+00
0.000000000000000000e+00 0.000000000000000000e+00 0.000000000000000000e+00 0.000000000000000000e+00 0.000000000000000000e+00
0.000000000000000000e+00 0.000000000000000000e+00 0.000000000000000000e+00 0.000000000000000000e+00 0.000000000000000000e+00
0.000000000000000000e+00 0.000000000000000000e+00 0.000000000000000000e+00 0.000000000000000000e+00 0.000000000000000000e+00
0.000000000000000000e+00 0.000000000000000000e+00 0.000000000000000000e+00 0.000000000000000000e+00 0.000000000000000000e+00
0.000000000000000000e+00 0.000000000000000000e+00 0.000000000000000000e+00 0.000000000000000000e+00 0.000000000000000000e+00
0.000000000000000000e+00 0.000000000000000000e+00 0.000000000000000000e+00 0.000000000000000000e+00 0.000000000000000000e+00
0.000000000000000000e+00 0.000000000000000000e+00 0.000000000000000000e+00 0.000000000000000000e+00 0.000000000000000000e+00
0.000000000000000000e+00 0.000000000000000000e+00 0.000000000000000000e+00 0.000000000000000000e+00 0.000000000000000000e+00
0.000000000000000000e+00 0.000000000000000000e+00 0.000000000000000000e+00 0.000000000000000000e+00 0.000000000000000000e+00
0.000000000000000000e+00 0.000000000000000000e+00 0.000000000000000000e+00 0.000000000000000000e+00 0.000000000000000000e+00
0.000000000000000000e+00 0.000000000000000000e+00 0.000000000000000000e+00 0.000000000000000000e+00 0.000000000000000000e+00
0.000000000000000000e+00 0.000000000000000000e+00 0.000000000000000000e+00 0.000000000000000000e+00 0.000000000000000000e+00
0.000000000000000000e+00 0.000000000000000000e+00 0.000000000000000000e+00 0.000000000000000000e+00 0.000000000000000000e+00
0.000000000000000000e+00 0.000000000000000000e+00 0.000000000000000000e+00 0.000000000000000000e+00 0.000000000000000000e+00
0.000000000000000000e+00 0.000000000000000000e+00 0.000000000000000000e+00 0.000000000000000000e+00 0.000000000000000000e+00
0.000000000000000000e+00 0.000000000000000000e+00 0.000000000000000000e+00 0.000000000000000000e+00 0.000000000000000000e+00
0.000000000000000000e+00 0.000000000000000000e+00 0.000000000000000000e+00 0.000000000000000000e+00 0.000000000000000000e+00
0.000000000000000000e+00 0.000000000000000000e+00 0.000000000000000000e+00 0.000000000000000000e+00 0.000000000000000000e+00
0.000000000000000000e+00 0.000000000000000000e+00 0.000000000000000000e+00 0.000000000000000000e+00 0.000000000000000000e+00
0.000000000000000000e+00 0.000000000000000000e+00 0.000000000000000000e+00 0.000000000000000000e+00 0.000000000000000000e+00
0.000000000000000000e+00 0.000000000000000000e+00 0.000000000000000000e+00 0.000000000000000000e+00 0.000000000000000000e+00
0.000000000000000000e+00 0.000000000000000000e+00 0.000000000000000000e+00 0.000000000000000000e+00 0.000000000000000000e+00
0.000000000000000000e+00 0.000000000000000000e+00 0.000000000000000000e+00 0.000000000000000000e+00 0.000000000000000000e+00
0.000000000000000000e+00 0.000000000000000000e+00 0.000000000000000000e+00 0.000000000000000000e+00 0.000000000000000000e+00
0.000000000000000000e+00 0.000000000000000000e+00 0.000000000000000000e+00 0.000000000000000000e+00 0.000000000000000000e+00
0.000000000000000000e+00 0.000000000000000000e+00 0.000000000000000000e+00 0.000000000000000000e+00 0.000000000000000000e+00
0.000000000000000000e+00 0.000000000000000000e+00 0.000000000000000000e+00 0.000000000000000000e+00 0.000000000000000000e+00
0.000000000000000000e+00 0.000000000000000000e+00 0.000000000000000000e+00 0.000000000000000000e+00 0.000000000000000000e+00
0.000000000000000000e+00 0.000000000000000000e+00 0.000000000000000000e+00 0.000000000000000000e+00 0.000000000000000000e+00
0.000000000000000000e+00 0.000000000000000000e+00 0.000000000000000000e+00 0.000000000000000000e+00 0.000000000000000000e+00
0.000000000000000000e+00 0.000000000000000000e+00 0.000000000000000000e+00 0.000000000000000000e+00 0.000000000000000000e+00
0.000000000000000000e+00 0.000000000000000000e+00 0.000000000000000000e+00 0.000000000000000000e+00 0.000000000000000000e+00
0.000000000000000000e+00 0.000000000000000000e+00 0.000000000000000000e+00 0.000000000000000000e+00 0.000000000000000000e+00
0.000000000000000000e+00 0.000000000000000000e+00 0.000000000000000000e+00 0.000000000000000000e+00 0.000000000000000000e+00
0.000000000000000000e+00 0.000000000000000000e+00 0.000000000000000000e+00 0.000000000000000000e+00 0.000000000000000000e+00
0.000000000000000000e+00 0.000000000000000000e+00 0.000000000000000000e+00 0.000000000000000000e+00 0.000000000000000000e+00
0.000000000000000000e+00 0.000000000000000000e+00 0.000000000000000000e+00 0.000000000000000000e+00 0.000000000000000000e+00
0.000000000000000000e+00 0.000000000000000000e+00 0.000000000000000000e+00 0.000000000000000000e+00 0.000000000000000000e+00
0.000000000000000000e+00 0.000000000000000000e+00 0.000000000000000000e+00 0.000000000000000000e+00 0.000000000000000000e+00
0.000000000000000000e+00 0.000000000000000000e+00 0.000000000000000000e+00 0.000000000000000000e+00 0.000000000000000000e+00
0.000000000000000000e+00 0.000000000000000000e+00 0.000000000000000000e+00 0.000000000000000000e+00 0.000000000000000000e+00
0.000000000000000000e+00 0.000000000000000000e+00 0.000000000000000000e+00 0.000000000000000000e+00 0.000000000000000000e+00
0.000000000000000000e+00 0.000000000000000000e+00 0.000000000000000000e+00 0.000000000000000000e+00 0.000000000000000000e+00
0.000000000000000000e+00 0.000000000000000000e+00 0.000000000000000000e+00 0.000000000000000000e+00 0.000000000000000000e+00
0.000000000000000000e+00 0.000000000000000000e+00 0.000000000000000000e+00 0.000000000000000000e+00 0.000000000000000000e+00
0.000000000000000000e+00 0.000000000000000000e+00 0.000000000000000000e+00 0.000000000000000000e+00 0.000000000000000000e+00
0.000000000000000000e+00 0.000000000000000000e+00 0.000000000000000000e+00 0.000000000000000000e+00 0.000000000000000000e+00
0.000000000000000000e+00 0.000000000000000000e+00 0.000000000000000000e+00 0.000000000000000000e+00 0.000000000000000000e+00
0.000000000000000000e+00 0.000000000000000000e+00 0.000000000000000000e+00 0.000000000000000000e+00 0.000000000000000000e+00
0.000000000000000000e+00 0.000000000000000000e+00 0.000000000000000000e+00 0.000000000000000000e+00 0.000000000000000000e+00
0.000000000000000000e+00 0.000000000000000000e+00 0.000000000000000000e+00 0.000000000000000000e+00 0.000000000000000000e+00
0.000000000000000000e+00 0.000000000000000000e+00 0.000000000000000000e+00 0.000000000000000000e+00 0.000000000000000000e+00
0.000000000000000000e+00 0.000000000000000000e+00 0.000000000000000000e+00 0.000000000000000000e+00 0.000000000000000000e+00
0.000000000000000000e+00 0.000000000000000000e+00 0.000000000000000000e+00 0.000000000000000000e+00 0.000000000000000000e+00
0.000000000000000000e+00 0.000000000000000000e+00 0.000000000000000000e+00 0.000000000000000000e+00 0.000000000000000000e+00
0.000000000000000000e+00 0.000000000000000000e+00 0.000000000000000000e+00 0.000000000000000000e+00 0.000000000000000000e+00
0.000000000000000000e+00 0.000000000000000000e+00 0.000000000000000000e+00 0.000000000000000000e+00 0.000000000000000000e+00
0.000000000000000000e+00 0.000000000000000000e+00 0.000000000000000000e+00 0.000000000000000000e+00 0.000000000000000000e+00
0.000000000000000000e+00 0.000000000000000000e+00 0.000000000000000000e+00 0.000000000000000000e+00 0.000000000000000000e+00
0.000000000000000000e+00 0.000000000000000000e+00 0.000000000000000000e+00 0.000000000000000000e+00 0.000000000000000000e+00
0.000000000000000000e+00 0.000000000000000000e+00 0.000000000000000000e+00 0.000000000000000000e+00 0.000000000000000000e+00
0.000000000000000000e+00 0.000000000000000000e+00 0.000000000000000000e+00 0.000000000000000000e+00 0.000000000000000000e+00
0.000000000000000000e+00 0.000000000000000000e+00 0.000000000000000000e+00 0.000000000000000000e+00 0.000000000000000000e+00
0.000000000000000000e+00 0.000000000000000000e+00 0.000000000000000000e+00 0.000000000000000000e+00 0.000000000000000000e+00
0.000000000000000000e+00 0.000000000000000000e+00 0.000000000000000000e+00 0.000000000000000000e+00 0.000000000000000000e+00
0.000000000000000000e+00 0.000000000000000000e+00 0.000000000000000000e+00 0.000000000000000000e+00 0.000000000000000000e+00
0.000000000000000000e+00 0.000000000000000000e+00 0.000000000000000000e+00 0.000000000000000000e+00 0.000000000000000000e+00
0.000000000000000000e+00 0.000000000000000000e+00 0.000000000000000000e+00 0.000000000000000000e+00 0.000000000000000000e+00
0.000000000000000000e+00 0.000000000000000000e+00 0.000000000000000000e+00 0.000000000000000000e+00 0.000000000000000000e+00
0.000000000000000000e+00 0.000000000000000000e+00 0.000000000000000000e+00 0.000000000000000000e+00 0.000000000000000000e+00
0.000000000000000000e+00 0.000000000000000000e+00 0.000000000000000000e+00 0.000000000000000000e+00 0.000000000000000000e+00
0.000000000000000000e+00 0.000000000000000000e+00 0.000000000000000000e+00 0.000000000000000000e+00 0.000000000000000000e+00
0.000000000000000000e+00 0.000000000000000000e+00 0.000000000000000000e+00 0.000000000000000000e+00 0.000000000000000000e+00
0.000000000000000000e+00 0.000000000000000000e+00 0.000000000000000000e+00 0.000000000000000000e+00 0.000000000000000000e+00
0.000000000000000000e+00 0.000000000000000000e+00 0.000000000000000000e+00 0.000000000000000000e+00 0.000000000000000000e+00
0.000000000000000000e+00 0.000000000000000000e+00 0.000000000000000000e+00 0.000000000000000000e+00 0.000000000000000000e+00
0.000000000000000000e+00 0.000000000000000000e+00 0.000000000000000000e+00 0.000000000000000000e+00 0.000000000000000000e+00
0.000000000000000000e+00 0.000000000000000000e+00 0.000000000000000000e+00 0.000000000000000000e+00 0.000000000000000000e+00
0.000000000000000000e+00 0.000000000000000000e+00 0.000000000000000000e+00 0.000000000000000000e+00 0.000000000000000000e+00
0.000000000000000000e+00 0.000000000000000000e+00 0.000000000000000000e+00 0.000000000000000000e+00 0.000000000000000000e+00
0.000000000000000000e+00 0.000000000000000000e+00 0.000000000000000000e+00 0.000000000000000000e+00 0.000000000000000000e+00
0.000000000000000000e+00 0.000000000000000000e+00 0.000000000000000000e+00 0.000000000000000000e+00 0.000000000000000000e+00
0.000000000000000000e+00 0.000000000000000000e+00 0.000000000000000000e+00 0.000000000000000000e+00 0.000000000000000000e+00
0.000000000000000000e+00 0.000000000000000000e+00 0.000000000000000000e+00 0.000000000000000000e+00 0.000000000000000000e+00
0.000000000000000000e+00 0.000000000000000000e+00 0.000000000000000000e+00 0.000000000000000000e+00 0.000000000000000000e+00
0.000000000000000000e+00 0.000000000000000000e+00 0.000000000000000000e+00 0.000000000000000000e+00 0.000000000000000000e+00
0.000000000000000000e+00 0.000000000000000000e+00 0.000000000000000000e+00 0.000000000000000000e+00 0.000000000000000000e+00
0.000000000000000000e+00 0.000000000000000000e+00 0.000000000000000000e+00 0.000000000000000000e+00 0.000000000000000000e+00
0.000000000000000000e+00 0.000000000000000000e+00 0.000000000000000000e+00 0.000000000000000000e+00 0.000000000000000000e+00
0.000000000000000000e+00 0.000000000000000000e+00 0.000000000000000000e+00 0.000000000000000000e+00 0.000000000000000000e+00
0.000000000000000000e+00 0.000000000000000000e+00 0.000000000000000000e+00 0.000000000000000000e+00 0.000000000000000000e+00
0.000000000000000000e+00 0.000000000000000000e+00 0.000000000000000000e+00 0.000000000000000000e+00 0.000000000000000000e+00
0.000000000000000000e+00 0.000000000000000000e+00 0.000000000000000000e+00 0.000000000000000000e+00 0.000000000000000000e+00
0.000000000000000000e+00 0.000000000000000000e+00 0.000000000000000000e+00 0.000000000000000000e+00 0.000000000000000000e+00
0.000000000000000000e+00 0.000000000000000000e+00 0.000000000000000000e+00 0.000000000000000000e+00 0.000000000000000000e+00
0.000000000000000000e+00 0.000000000000000000e+00 0.000000000000000000e+00 0.000000000000000000e+00 0.000000000000000000e+00
0.000000000000000000e+00 0.000000000000000000e+00 0.000000000000000000e+00 0.000000000000000000e+00 0.000000000000000000e+00
0.000000000000000000e+00 0.000000000000000000e+00 0.000000000000000000e+00 0.000000000000000000e+00 0.000000000000000000e+00
0.000000000000000000e+00 0.000000000000000000e+00 0.000000000000000000e+00 0.000000000000000000e+00 0.000000000000000000e+00
0.000000000000000000e+00 0.000000000000000000e+00 0.000000000000000000e+00 0.000000000000000000e+00 0.000000000000000000e+00
0.000000000000000000e+00 0.000000000000000000e+00 0.000000000000000000e+00 0.000000000000000000e+00 0.000000000000000000e+00
0.000000000000000000e+00 0.000000000000000000e+00 0.000000000000000000e+00 0.000000000000000000e+00 0.000000000000000000e+00
0.000000000000000000e+00 0.000000000000000000e+00 0.000000000000000000e+00 0.000000000000000000e+00 0.000000000000000000e+00
0.000000000000000000e+00 0.000000000000000000e+00 0.000000000000000000e+00 0.000000000000000000e+00 0.000000000000000000e+00
0.000000000000000000e+00 0.000000000000000000e+00 0.000000000000000000e+00 0.000000000000000000e+00 0.000000000000000000e+00
0.000000000000000000e+00 0.000000000000000000e+00 0.000000000000000000e+00 0.000000000000000000e+00 0.000000000000000000e+00
0.000000000000000000e+00 0.000000000000000000e+00 0.000000000000000000e+00 0.000000000000000000e+00 0.000000000000000000e+00
0.000000000000000000e+00 0.000000000000000000e+00 0.000000000000000000e+00 0.000000000000000000e+00 0.000000000000000000e+00
0.000000000000000000e+00 0.000000000000000000e+00 0.000000000000000000e+00 0.000000000000000000e+00 0.000000000000000000e+00
0.000000000000000000e+00 0.000000000000000000e+00 0.000000000000000000e+00 0.000000000000000000e+00 0.000000000000000000e+00
0.000000000000000000e+00 0.000000000000000000e+00 0.000000000000000000e+00 0.000000000000000000e+00 0.000000000000000000e+00
0.000000000000000000e+00 0.000000000000000000e+00 0.000000000000000000e+00 0.000000000000000000e+00 0.000000000000000000e+00
0.000000000000000000e+00 0.000000000000000000e+00 0.000000000000000000e+00 0.000000000000000000e+00 0.000000000000000000e+00
0.000000000000000000e+00 0.000000000000000000e+00 0.000000000000000000e+00 0.000000000000000000e+00 0.000000000000000000e+00
0.000000000000000000e+00 0.000000000000000000e+00 0.000000000000000000e+00 0.000000000000000000e+00 0.000000000000000000e+00
0.000000000000000000e+00 0.000000000000000000e+00 0.000000000000000000e+00 0.000000000000000000e+00 0.000000000000000000e+00
0.000000000000000000e+00 0.000000000000000000e+00 0.000000000000000000e+00 0.000000000000000000e+00 0.000000000000000000e+00
0.000000000000000000e+00 0.000000000000000000e+00 0.000000000000000000e+00 0.000000000000000000e+00 0.000000000000000000e+00
0.000000000000000000e+00 0.000000000000000000e+00 0.000000000000000000e+00 0.000000000000000000e+00 0.000000000000000000e+00
0.000000000000000000e+00 0.000000000000000000e+00 0.000000000000000000e+00 0.000000000000000000e+00 0.000000000000000000e+00
0.000000000000000000e+00 0.000000000000000000e+00 0.000000000000000000e+00 0.000000000000000000e+00 0.000000000000000000e+00
0.000000000000000000e+00 0.000000000000000000e+00 0.000000000000000000e+00 0.000000000000000000e+00 0.000000000000000000e+00
0.000000000000000000e+00 0.000000000000000000e+00 0.000000000000000000e+00 0.000000000000000000e+00 0.000000000000000000e+00
0.000000000000000000e+00 0.000000000000000000e+00 0.000000000000000000e+00 0.000000000000000000e+00 0.000000000000000000e+00
0.000000000000000000e+00 0.000000000000000000e+00 0.000000000000000000e+00 0.000000000000000000e+00 0.000000000000000000e+00
0.000000000000000000e+00 0.000000000000000000e+00 0.000000000000000000e+00 0.000000000000000000e+00 0.000000000000000000e+00
0.000000000000000000e+00 0.000000000000000000e+00 0.000000000000000000e+00 0.000000000000000000e+00 0.000000000000000000e+00
0.000000000000000000e+00 0.000000000000000000e+00 0.000000000000000000e+00 0.000000000000000000e+00 0.000000000000000000e+00
0.000000000000000000e+00 0.000000000000000000e+00 0.000000000000000000e+00 0.000000000000000000e+00 0.000000000000000000e+00
0.000000000000000000e+00 0.000000000000000000e+00 0.000000000000000000e+00 0.000000000000000000e+00 0.000000000000000000e+00
0.000000000000000000e+00 0.000000000000000000e+00 0.000000000000000000e+00 0.000000000000000000e+00 0.000000000000000000e+00
0.000000000000000000e+00 0.000000000000000000e+00 0.000000000000000000e+00 0.000000000000000000e+00 0.000000000000000000e+00
0.000000000000000000e+00 0.000000000000000000e+00 0.000000000000000000e+00 0.000000000000000000e+00 0.000000000000000000e+00
0.000000000000000000e+00 0.000000000000000000e+00 0.000000000000000000e+00 0.000000000000000000e+00 0.000000000000000000e+00
0.000000000000000000e+00 0.000000000000000000e+00 0.000000000000000000e+00 0.000000000000000000e+00 0.000000000000000000e+00
0.000000000000000000e+00 0.000000000000000000e+00 0.000000000000000000e+00 0.000000000000000000e+00 0.000000000000000000e+00
0.000000000000000000e+00 0.000000000000000000e+00 0.000000000000000000e+00 0.000000000000000000e+00 0.000000000000000000e+00
0.000000000000000000e+00 0.000000000000000000e+00 0.000000000000000000e+00 0.000000000000000000e+00 0.000000000000000000e+00
0.000000000000000000e+00 0.000000000000000000e+00 0.000000000000000000e+00 0.000000000000000000e+00 0.000000000000000000e+00
0.000000000000000000e+00 0.000000000000000000e+00 0.000000000000000000e+00 0.000000000000000000e+00 0.000000000000000000e+00
0.000000000000000000e+00 0.000000000000000000e+00 0.000000000000000000e+00 0.000000000000000000e+00 0.000000000000000000e+00
0.000000000000000000e+00 0.000000000000000000e+00 0.000000000000000000e+00 0.000000000000000000e+00 0.000000000000000000e+00
0.000000000000000000e+00 0.000000000000000000e+00 0.000000000000000000e+00 0.000000000000000000e+00 0.000000000000000000e+00
0.000000000000000000e+00 0.000000000000000000e+00 0.000000000000000000e+00 0.000000000000000000e+00 0.000000000000000000e+00
0.000000000000000000e+00 0.000000000000000000e+00 0.000000000000000000e+00 0.000000000000000000e+00 0.000000000000000000e+00
0.000000000000000000e+00 0.000000000000000000e+00 0.000000000000000000e+00 0.000000000000000000e+00 0.000000000000000000e+00
0.000000000000000000e+00 0.000000000000000000e+00 0.000000000000000000e+00 0.000000000000000000e+00 0.000000000000000000e+00
0.000000000000000000e+00 0.000000000000000000e+00 0.000000000000000000e+00 0.000000000000000000e+00 0.000000000000000000e+00
0.000000000000000000e+00 0.000000000000000000e+00 0.000000000000000000e+00 0.000000000000000000e+00 0.000000000000000000e+00
0.000000000000000000e+00 0.000000000000000000e+00 0.000000000000000000e+00 0.000000000000000000e+00 0.000000000000000000e+00
0.000000000000000000e+00 0.000000000000000000e+00 0.000000000000000000e+00 0.000000000000000000e+00 0.000000000000000000e+00
0.000000000000000000e+00 0.000000000000000000e+00 0.000000000000000000e+00 0.000000000000000000e+00 0.000000000000000000e+00
0.000000000000000000e+00 0.000000000000000000e+00 0.000000000000000000e+00 0.000000000000000000e+00 0.000000000000000000e+00
0.000000000000000000e+00 0.000000000000000000e+00 0.000000000000000000e+00 0.000000000000000000e+00 0.000000000000000000e+00
0.000000000000000000e+00 0.000000000000000000e+00 0.000000000000000000e+00 0.000000000000000000e+00 0.000000000000000000e+00
0.000000000000000000e+00 0.000000000000000000e+00 0.000000000000000000e+00 0.000000000000000000e+00 0.000000000000000000e+00
0.000000000000000000e+00 0.000000000000000000e+00 0.000000000000000000e+00 0.000000000000000000e+00 0.000000000000000000e+00
0.000000000000000000e+00 0.000000000000000000e+00 0.000000000000000000e+00 0.000000000000000000e+00 0.000000000000000000e+00
0.000000000000000000e+00 0.000000000000000000e+00 0.000000000000000000e+00 0.000000000000000000e+00 0.000000000000000000e+00
0.000000000000000000e+00 0.000000000000000000e+00 0.000000000000000000e+00 0.000000000000000000e+00 0.000000000000000000e+00
0.000000000000000000e+00 0.000000000000000000e+00 0.000000000000000000e+00 0.000000000000000000e+00 0.000000000000000000e+00
0.000000000000000000e+00 0.000000000000000000e+00 0.000000000000000000e+00 0.000000000000000000e+00 0.000000000000000000e+00
0.000000000000000000e+00 0.000000000000000000e+00 0.000000000000000000e+00 0.000000000000000000e+00 0.000000000000000000e+00
0.000000000000000000e+00 0.000000000000000000e+00 0.000000000000000000e+00 0.000000000000000000e+00 0.000000000000000000e+00
0.000000000000000000e+00 0.000000000000000000e+00 0.000000000000000000e+00 0.000000000000000000e+00 0.000000000000000000e+00
0.000000000000000000e+00 0.000000000000000000e+00 0.000000000000000000e+00 0.000000000000000000e+00 0.000000000000000000e+00
0.000000000000000000e+00 0.000000000000000000e+00 0.000000000000000000e+00 0.000000000000000000e+00 0.000000000000000000e+00
0.000000000000000000e+00 0.000000000000000000e+00 0.000000000000000000e+00 0.000000000000000000e+00 0.000000000000000000e+00
0.000000000000000000e+00 0.000000000000000000e+00 0.000000000000000000e+00 0.000000000000000000e+00 0.000000000000000000e+00
0.000000000000000000e+00 0.000000000000000000e+00 0.000000000000000000e+00 0.000000000000000000e+00 0.000000000000000000e+00
0.000000000000000000e+00 0.000000000000000000e+00 0.000000000000000000e+00 0.000000000000000000e+00 0.000000000000000000e+00
0.000000000000000000e+00 0.000000000000000000e+00 0.000000000000000000e+00 0.000000000000000000e+00 0.000000000000000000e+00
0.000000000000000000e+00 0.000000000000000000e+00 0.000000000000000000e+00 0.000000000000000000e+00 0.000000000000000000e+00
0.000000000000000000e+00 0.000000000000000000e+00 0.000000000000000000e+00 0.000000000000000000e+00 0.000000000000000000e+00
0.000000000000000000e+00 0.000000000000000000e+00 0.000000000000000000e+00 0.000000000000000000e+00 0.000000000000000000e+00
0.000000000000000000e+00 0.000000000000000000e+00 0.000000000000000000e+00 0.000000000000000000e+00 0.000000000000000000e+00
0.000000000000000000e+00 0.000000000000000000e+00 0.000000000000000000e+00 0.000000000000000000e+00 0.000000000000000000e+00
0.000000000000000000e+00 0.000000000000000000e+00 0.000000000000000000e+00 0.000000000000000000e+00 0.000000000000000000e+00
0.000000000000000000e+00 0.000000000000000000e+00 0.000000000000000000e+00 0.000000000000000000e+00 0.000000000000000000e+00
0.000000000000000000e+00 0.000000000000000000e+00 0.000000000000000000e+00 0.000000000000000000e+00 0.000000000000000000e+00
0.000000000000000000e+00 0.000000000000000000e+00 0.000000000000000000e+00 0.000000000000000000e+00 0.000000000000000000e+00
0.000000000000000000e+00 0.000000000000000000e+00 0.000000000000000000e+00 0.000000000000000000e+00 0.000000000000000000e+00
0.000000000000000000e+00 0.000000000000000000e+00 0.000000000000000000e+00 0.000000000000000000e+00 0.000000000000000000e+00
0.000000000000000000e+00 0.000000000000000000e+00 0.000000000000000000e+00 0.000000000000000000e+00 0.000000000000000000e+00
0.000000000000000000e+00 0.000000000000000000e+00 0.000000000000000000e+00 0.000000000000000000e+00 0.000000000000000000e+00
0.000000000000000000e+00 0.000000000000000000e+00 0.000000000000000000e+00 0.000000000000000000e+00 0.000000000000000000e+00
0.000000000000000000e+00 0.000000000000000000e+00 0.000000000000000000e+00 0.000000000000000000e+00 0.000000000000000000e+00
0.000000000000000000e+00 0.000000000000000000e+00 0.000000000000000000e+00 0.000000000000000000e+00 0.000000000000000000e+00
0.000000000000000000e+00 0.000000000000000000e+00 0.000000000000000000e+00 0.000000000000000000e+00 0.000000000000000000e+00
0.000000000000000000e+00 0.000000000000000000e+00 0.000000000000000000e+00 0.000000000000000000e+00 0.000000000000000000e+00
0.000000000000000000e+00 0.000000000000000000e+00 0.000000000000000000e+00 0.000000000000000000e+00 0.000000000000000000e+00
0.000000000000000000e+00 0.000000000000000000e+00 0.000000000000000000e+00 0.000000000000000000e+00 0.000000000000000000e+00
0.000000000000000000e+00 0.000000000000000000e+00 0.000000000000000000e+00 0.000000000000000000e+00 0.000000000000000000e+00
0.000000000000000000e+00 0.000000000000000000e+00 0.000000000000000000e+00 0.000000000000000000e+00 0.000000000000000000e+00
0.000000000000000000e+00 0.000000000000000000e+00 0.000000000000000000e+00 0.000000000000000000e+00 0.000000000000000000e+00
0.000000000000000000e+00 0.000000000000000000e+00 0.000000000000000000e+00 0.000000000000000000e+00 0.000000000000000000e+00
0.000000000000000000e+00 0.000000000000000000e+00 0.000000000000000000e+00 0.000000000000000000e+00 0.000000000000000000e+00
0.000000000000000000e+00 0.000000000000000000e+00 0.000000000000000000e+00 0.000000000000000000e+00 0.000000000000000000e+00
0.000000000000000000e+00 0.000000000000000000e+00 0.000000000000000000e+00 0.000000000000000000e+00 0.000000000000000000e+00
0.000000000000000000e+00 0.000000000000000000e+00 0.000000000000000000e+00 0.000000000000000000e+00 0.000000000000000000e+00
0.000000000000000000e+00 0.000000000000000000e+00 0.000000000000000000e+00 0.000000000000000000e+00 0.000000000000000000e+00
0.000000000000000000e+00 0.000000000000000000e+00 0.000000000000000000e+00 0.000000000000000000e+00 0.000000000000000000e+00
0.000000000000000000e+00 0.000000000000000000e+00 0.000000000000000000e+00 0.000000000000000000e+00 0.000000000000000000e+00
0.000000000000000000e+00 0.000000000000000000e+00 0.000000000000000000e+00 0.000000000000000000e+00 0.000000000000000000e+00
0.000000000000000000e+00 0.000000000000000000e+00 0.000000000000000000e+00 0.000000000000000000e+00 0.000000000000000000e+00
0.000000000000000000e+00 0.000000000000000000e+00 0.000000000000000000e+00 0.000000000000000000e+00 0.000000000000000000e+00
0.000000000000000000e+00 0.000000000000000000e+00 0.000000000000000000e+00 0.000000000000000000e+00 0.000000000000000000e+00
0.000000000000000000e+00 0.000000000000000000e+00 0.000000000000000000e+00 0.000000000000000000e+00 0.000000000000000000e+00
0.000000000000000000e+00 0.000000000000000000e+00 0.000000000000000000e+00 0.000000000000000000e+00 0.000000000000000000e+00
-6.241667491827495695e+00 -4.480938937156902391e+00 -1.288670768473907602e+00 5.953699263194008218e+00 8.167800031660807036e+00
-5.581200461731188334e+00 -4.731081977505510849e+00 -2.110301269857794093e+00 3.382682233068586619e+00 8.011440189510731003e+00
-4.610729821054625255e+00 -5.236515960961300564e+00 -2.691056449122806615e+00 1.768530434479799407e+00 6.949295876444854692e+00
-2.909424679343379783e+00 -5.662647663354266392e+00 -3.262847493444117841e+00 5.768737171777738038e-01 5.180641679078179962e+00
-6.090530084072935946e-01 -5.700506024438532826e+00 -3.849097928030293492e+00 -4.467578518646765917e-01 3.396045681304630914e+00
1.656150287130022214e+00 -5.155770432507622125e+00 -4.441270388307014372e+00 -1.344760060768344090e+00 1.919269306388763141e+00
3.463451722579643288e+00 -3.964913184132701218e+00 -4.946054363819293087e+00 -2.174111037182356654e+00 6.908291927091172457e-01
4.730564595754111146e+00 -2.334339020087498717e+00 -5.181491905788263352e+00 -2.970572805777166092e+00 -3.668573482548458387e-01
5.499401994254106363e+00 -5.652457921579531197e-01 -4.991325414076355216e+00 -3.712506226198367010e+00 -1.280452929230950998e+00
5.778520537030820137e+00 1.152336406218390952e+00 -4.342001064193734550e+00 -4.327714672562676945e+00 -2.074868427906214841e+00
5.574643719680622667e+00 2.696265339020749163e+00 -3.299716982850810165e+00 -4.727914176095150189e+00 -2.773710670433867875e+00
4.969385758977450607e+00 3.924340992185144206e+00 -1.957691253272746179e+00 -4.841790988541993634e+00 -3.381580809310631874e+00
4.101834881530339594e+00 4.708295567271490789e+00 -4.338085559110888556e-01 -4.618550890894063343e+00 -3.884911869923795447e+00
3.104129092006411739e+00 5.005595126712419685e+00 1.104334229832956149e+00 -4.023068187542524932e+00 -4.257876754211972425e+00
2.071216432265539975e+00 4.866829165867335938e+00 2.471350718646327493e+00 -3.061613487919725429e+00 -4.457225982697291755e+00
1.063843413928684978e+00 4.392472572205325498e+00 3.523390850629975368e+00 -1.815288267086731189e+00 -4.418484971082784263e+00
1.156749419486307051e-01 3.692487323779382269e+00 4.185542599880482939e+00 -4.286942572630677573e-01 -4.075691167028424822e+00
-7.604446925321086681e-01 2.865234705068080867e+00 4.446169171753099114e+00 9.378907408584357119e-01 -3.399768914428360933e+00
-1.561442225913758586e+00 1.987223686656441002e+00 4.342468657580772273e+00 2.146487435149299738e+00 -2.423589085187444869e+00
-2.281095376904363814e+00 1.109749798248044650e+00 3.944832971967839441e+00 3.095694187692239918e+00 -1.235402080428160687e+00
-2.902194373423436335e+00 2.629370673760303423e-01 3.338063624743253133e+00 3.725191839311924991e+00 4.538973699434634135e-02
-3.395480923171505516e+00 -5.360083017305832254e-01 2.603616980473947073e+00 4.017409585272621264e+00 1.290892300899360690e+00
-3.722578919467421699e+00 -1.275046007289473593e+00 1.809059809600774615e+00 3.993259909635595850e+00 2.381470977622984098e+00
-3.841249537428081950e+00 -1.941650365068544826e+00 1.005078044600385523e+00 3.701254338168413760e+00 3.219158061951780336e+00
-3.713940901001659523e+00 -2.518506698483848893e+00 2.265625822255288579e-01 3.204129114203597695e+00 3.738695863100643724e+00
-3.319927526445172195e+00 -2.980463606926230025e+00 -5.044354214351980392e-01 2.567074532027791900e+00 3.915411297857544604e+00
-2.667668208875043856e+00 -3.294123916995690848e+00 -1.174159443613527420e+00 1.849339629234356908e+00 3.767535791047031513e+00
-1.801464244985441221e+00 -3.421730032770449625e+00 -1.771377630133581516e+00 1.099521613316952973e+00 3.350052021397227797e+00
-7.980885928530077056e-01 -3.329844542659411655e+00 -2.281753395933418194e+00 3.542978992648631031e-01 2.740155623712217547e+00
2.459846467208088860e-01 -3.001018304863702024e+00 -2.684172790591067947e+00 -3.599550702882032827e-01 2.019187454667418002e+00
1.231481726488384387e+00 -2.444001046800192256e+00 -2.950539245355613183e+00 -1.023522729756481509e+00 1.257730926587644849e+00
2.071337212520107496e+00 -1.697511154685370949e+00 -3.049727850220490755e+00 -1.618890683114196261e+00 5.080097509961551960e-01
2.700814904280479212e+00 -8.258536229648917315e-01 -2.955111401788279135e+00 -2.126843595495648387e+00 -1.964163814456426627e-01
3.082916375053314617e+00 9.093226887439853634e-02 -2.653598191497678283e+00 -2.524336643730321850e+00 -8.362684451278978859e-01
3.209843000211678010e+00 9.685232869219646545e-01 -2.153231543864584818e+00 -2.784880558390475880e+00 -1.400439704603784419e+00
3.100368749113756817e+00 1.729336916445912031e+00 -1.486700734588385586e+00 -2.881682424843860169e+00 -1.880222992247142733e+00
2.793101924283702964e+00 2.312408736339355286e+00 -7.093842139659761736e-01 -2.793317813697968610e+00 -2.264946660070673801e+00
2.337166714122173250e+00 2.680809600916498336e+00 1.078287067358512097e-01 -2.510943545454791703e+00 -2.539602675404700083e+00
1.783063868147295228e+00 2.824632213985210694e+00 8.891752874371918747e-01 -2.044873869306123471e+00 -2.685002286568957786e+00
1.176097903544689682e+00 2.758518183644641741e+00 1.565414648499902528e+00 -1.427601517935458419e+00 -2.680894618238127691e+00
5.533016364637242113e-01 2.514778485901151939e+00 2.083305445738157680e+00 -7.113046198457945168e-01 -2.511798628081143736e+00
-5.655376722987282001e-02 2.134743639135833426e+00 2.411343667050453554e+00 3.963433330116972186e-02 -2.174010560568029771e+00
-6.309457641562261632e-01 1.661059718292261289e+00 2.541087361214552587e+00 7.584617957472696848e-01 -1.681165943053219980e+00
-1.150796526504017425e+00 1.132540032948111675e+00 2.484460032909162397e+00 1.385334055285154520e+00 -1.065946065471753634e+00
-1.597941130109866492e+00 5.818580736345997373e-01 2.268264394287369701e+00 1.874237371344549041e+00 -3.771763909419265648e-01
-1.953644387485524048e+00 3.550769379381280011e-02 1.927607552090657039e+00 2.196888421835610838e+00 3.265277656070142420e-01
-2.198611011018621220e+00 -4.848383622045335795e-01 1.499870499671252189e+00 2.343584714328315499e+00 9.845716941082629514e-01
-2.314615005629393263e+00 -9.603971792773293714e-01 1.020297247028105092e+00 2.321343000845593529e+00 1.541990664985996240e+00
-2.287551507640899207e+00 -1.373455141101770360e+00 5.195558665248902752e-01 2.150056495655060296e+00 1.955875814779487465e+00
-2.111321284830481648e+00 -1.706213490998357951e+00 2.307558851084134943e-02 1.857726171329347364e+00 2.199973062013364622e+00
-1.791521659965105373e+00 -1.940739312309620601e+00 -4.483022197944304676e-01 1.475851119379161691e+00 2.266838233484027132e+00
-1.347657058776412287e+00 -2.060285391880223305e+00 -8.769117006833614392e-01 1.035772363607148971e+00 2.167071591444076795e+00
-8.127995368927896092e-01 -2.051920931144173288e+00 -1.246681555921065554e+00 5.663423348314813310e-01 1.925708257209371999e+00
-2.304041362661681802e-01 -1.909934031639212604e+00 -1.541988813668918601e+00 9.292771510071351493e-02 1.576663244893169447e+00
3.510269105209469220e-01 -1.638987969471771278e+00 -1.747468000394202470e+00 -3.624977197170662357e-01 1.156739110524848568e+00
8.840918954504569660e-01 -1.255858587291905470e+00 -1.849058618420914124e+00 -7.805805664796958698e-01 7.006985100573809300e-01
1.328103332327807307e+00 -7.889713758829833834e-01 -1.836191006715544471e+00 -1.143641457224261249e+00 2.383061613015673430e-01
1.653261681978290154e+00 -2.757178961121448113e-01 -1.704585902694488286e+00 -1.435058551128244320e+00 -2.065609906744387825e-01
1.842959504823867389e+00 2.418115400308122886e-01 -1.458839158756372933e+00 -1.639369478788748280e+00 -6.152469959600410654e-01
1.894106344743785142e+00 7.217911875479623429e-01 -1.113917668685054263e+00 -1.743273772234709140e+00 -9.728545646019219895e-01
1.815618538560010986e+00 1.127480042758535195e+00 -6.949376773060871315e-01 -1.737455160332924464e+00 -1.266710278395168032e+00
1.625521475325861109e+00 1.431164439263772126e+00 -2.350476736620788210e-01 -1.618851431746185510e+00 -1.485312990496761687e+00
1.347393195389678944e+00 1.616602118369836694e+00 2.282552892554701451e-01 -1.392731821501367317e+00 -1.618126968598761151e+00
1.006962699120746985e+00 1.679593193571285559e+00 6.576436067087613191e-01 -1.073820131056725025e+00 -1.656367326395752793e+00
6.294932561393813408e-01 1.626727304326441415e+00 1.020397511988799133e+00 -6.858648776025586535e-01 -1.594655311968356637e+00
2.382313940296436616e-01 1.472811211276223720e+00 1.291924856350921802e+00 -2.595117083471382147e-01 -1.433107349806051589e+00
-1.461467883628140285e-01 1.237750056363874807e+00 1.457800224507188824e+00 1.711233905394891064e-01 -1.179174381324304521e+00
-5.053963884622267866e-01 9.436323569020063085e-01 1.514136535395681937e+00 5.724220925646906766e-01 -8.485209012311279997e-01
-8.232719076443911765e-01 6.125179613022433411e-01 1.466472050810232242e+00 9.149678782316760239e-01 -4.644912656254767680e-01
-1.085183211706301831e+00 2.651043690765886307e-01 1.327633552202144962e+00 1.176372530224420787e+00 -5.614517475856273254e-02
-1.278221384494468538e+00 -7.981916191322935283e-02 1.115162840810418388e+00 1.342889844823323076e+00 3.447594499190176354e-01
-1.391693397823520195e+00 -4.053757906857247129e-01 8.488542192706162171e-01 1.409748988666760017e+00 7.072532541862694977e-01
-1.418139421378523224e+00 -6.963648386547435232e-01 5.487868597445224594e-01 1.380364946591880138e+00 1.004518464850560511e+00
-1.354638427137425438e+00 -9.390727586755140965e-01 2.340245133656715382e-01 1.264750300547081485e+00 1.216628046678743802e+00
-1.204064539754885477e+00 -1.121359437608013154e+00 -7.803490996876516483e-02 1.077536178306299330e+00 1.332286726202797533e+00
-9.758840317497783357e-01 -1.233150034083234203e+00 -3.718116445493164779e-01 8.359956954389275996e-01 1.349352907528996504e+00
-6.861295414819391647e-01 -1.267328639903399834e+00 -6.334251433636818307e-01 5.583668113227108210e-01 1.274123294061856981e+00
-3.563680534313342640e-01 -1.220874578826365742e+00 -8.505525709069509110e-01 2.626337667979254942e-01 1.119601480076605871e+00
-1.174192523449579979e-02 -1.095944669437967756e+00 -1.012482962079548798e+00 -3.421178224812637669e-02 9.031787271698163977e-01
3.215928523834279407e-01 -9.005433047508643041e-01 -1.110502314184777628e+00 -3.165205765901638602e-01 6.442444109781826356e-01
6.191733048441439013e-01 -6.484803326972284898e-01 -1.138618825423956871e+00 -5.701095059731544623e-01 3.621761399225269518e-01
8.606277211401197613e-01 -3.584849017813691585e-01 -1.094496006284106038e+00 -7.823477023613590875e-01 7.497095900952133185e-02
1.031421758063772787e+00 -5.255480407953072586e-02 -9.803462808349997504e-01 -9.423707732786716917e-01 -2.014456825689960873e-01
1.123760116860764935e+00 2.462051266997829224e-01 -8.034900798075486072e-01 -1.041522055274855862e+00 -4.533767325226817912e-01
1.136609639292907703e+00 5.159090484662147702e-01 -5.763271684445036014e-01 -1.074022407331435058e+00 -6.692147710016373985e-01
1.074955705203053613e+00 7.380205293623367524e-01 -3.155895063091939123e-01 -1.037762030798174751e+00 -8.392576546431368412e-01
9.485217847469071817e-01 8.989748578425142966e-01 -4.091266405977200815e-02 -9.350159668517060707e-01 -9.556780609767868695e-01
7.702462136606860188e-01 9.910810994226147974e-01 2.270742283363278435e-01 -7.728410314117850621e-01 -1.012756926873946250e+00
5.548015515231934369e-01 1.012633070173440730e+00 4.688281759593113662e-01 -5.629428179656357223e-01 -1.007379525806947118e+00
3.173657568334307677e-01 9.673148399097231120e-01 6.677977059045449026e-01 -3.209104021574563648e-01 -9.396792793676642663e-01
7.274146737820585962e-02 8.631132242993324599e-01 8.118597848783404292e-01 -6.487170710933121143e-02 -8.136262034831457379e-01
-1.651913867926747548e-01 7.110090841029035325e-01 8.941068315790546839e-01 1.862326001897085803e-01 -6.373259670605653238e-01
-3.837840534693094385e-01 5.237003831654289954e-01 9.129419439163275474e-01 4.144743370621928324e-01 -4.228402274198752586e-01
-5.718183530712597218e-01 3.145327812244789190e-01 8.715721942487870688e-01 6.045754083073637819e-01 -1.854482606794073396e-01
-7.197192705576073157e-01 9.671368938361868395e-02 7.770825053485174161e-01 7.451328962691199376e-01 5.759496109599759883e-02
-8.198621289188446903e-01 -1.172042013642838887e-01 6.393104441066830290e-01 8.293048461957078787e-01 2.886340235250355879e-01
-8.669944490309551277e-01 -3.156448985443586208e-01 4.697256031122877817e-01 8.549361398447778981e-01 4.912860684672157308e-01
-8.587253029887802480e-01 -4.882382396873454766e-01 2.804610467796517792e-01 8.241962662130460915e-01 6.519654270683832298e-01
-7.959770043617683255e-01 -6.260529588739595086e-01 8.357067163043518931e-02 7.428648389814959119e-01 7.610480451029594251e-01
-6.832612564936898503e-01 -7.218998750135018350e-01 -1.094841904492533935e-01 6.194283757790974843e-01 8.135298531511148123e-01
-5.286471830424778195e-01 -7.707228833088307640e-01 -2.881690034551926960e-01 4.641432201527076473e-01 8.091208847063451337e-01
-3.433360184215510924e-01 -7.700389860853055213e-01 -4.431104633825965200e-01 2.881827911223646677e-01 7.518132997649584759e-01
-1.408365502959909588e-01 -7.203382675769138821e-01 -5.663136344897331531e-01 1.029358399882258635e-01 6.490485227617617259e-01
6.417631307275328822e-02 -6.253263287585680841e-01 -6.514229588147012473e-01 -8.053010461837795120e-02 5.106648465726073560e-01
2.571673603507589334e-01 -4.918975138700312222e-01 -6.940480757012251756e-01 -2.518683096637973629e-01 3.478171881698157719e-01
4.250263004801162481e-01 -3.297691094128901157e-01 -6.921263542797752022e-01 -4.017686522049366271e-01 1.720250466628514552e-01
5.571569929008473032e-01 -1.507731565056553702e-01 -6.462498881297790154e-01 -5.222472741519308403e-01 -5.561447484496717664e-03
6.462389438153572918e-01 3.212641204912225490e-02 -5.598592331058643845e-01 -6.069522413794283811e-01 -1.746607296819510102e-01
6.885923105832634228e-01 2.059675944182366436e-01 -4.392089533920743305e-01 -6.514967898953065717e-01 -3.261665868066175311e-01
6.841456824322841301e-01 3.589226357472936613e-01 -2.930425481003320343e-01 -6.537941385236123448e-01 -4.523373150220218464e-01
6.360662662847454962e-01 4.812782880102175476e-01 -1.319688342205432852e-01 -6.143338059339438217e-01 -5.469454825523071273e-01
5.501543443235139552e-01 5.661432781057786912e-01 3.240618302138331686e-02 -5.363199032700582958e-01 -6.054456943890118570e-01
4.341209271982924278e-01 6.098129310288237237e-01 1.884852587364060916e-01 -4.255954923423762581e-01 -6.251811335587488250e-01
2.968582136243209657e-01 6.117817150907145507e-01 3.256873103328703500e-01 -2.903061096956417453e-01 -6.056077446643833850e-01
1.477825310015252747e-01 5.744517683342453829e-01 4.353199754885213046e-01 -1.403036279378140350e-01 -5.484791762993165287e-01
-3.710362614250950486e-03 5.026261007508359135e-01 5.112092190781165613e-01 1.365489350213699993e-02 -4.579166993996602875e-01
-1.486755835583933871e-01 4.028911053357345229e-01 5.500255673709585347e-01 1.608157222675041798e-01 -3.402931180044177495e-01
-2.789597431071360045e-01 2.829840903937450580e-01 5.513010886938876087e-01 2.913259482862315952e-01 -2.038880696459991482e-01
-3.874876613988078589e-01 1.512147611886567322e-01 5.171797813405762945e-01 3.970067789394027824e-01 -5.831623305232458421e-02
-4.685264126262468354e-01 1.597548052294417431e-02 4.519768443619744391e-01 4.719163981042623912e-01 8.622293859803220606e-02
-5.179413814566009577e-01 -1.146562653165182910e-01 3.616348057750569112e-01 5.126560066221707013e-01 2.197878628185772065e-01
-5.334362601999089737e-01 -2.332415655351947059e-01 2.531577555724739970e-01 5.184153100835238170e-01 3.335242569200731477e-01
-5.147468237724409645e-01 -3.332574364418302570e-01 1.340843538762506171e-01 4.907904948088797070e-01 4.203768341215988191e-01
-4.637435815062331268e-01 -4.093519587142196992e-01 1.203337216369115836e-02 4.334325731980463448e-01 4.755984090262754260e-01
-3.843962150651996645e-01 -4.575881671191141531e-01 -1.056703958976464852e-01 3.515942179399604850e-01 4.970049388105710619e-01
-2.825652401652882784e-01 -4.756691108353837127e-01 -2.123013705469088963e-01 2.516395680812351099e-01 4.849655173242450878e-01
-1.656116120510714440e-01 -4.631181611603428783e-01 -3.019906843636237515e-01 1.405674746887035642e-01 4.421561720566866138e-01
-4.184701399074353817e-02 -4.213763405164745457e-01 -3.699561683940311152e-01 2.557931984484152280e-02 3.731375944532107081e-01
8.012204647932731627e-02 -3.537767988931319607e-01 -4.127152639323539707e-01 -8.629683248965880349e-02 2.838335369118523133e-01
1.920823312773145553e-01 -2.653673869542411135e-01 -4.282761193181441328e-01 -1.885290477129218933e-01 1.809860981290343229e-01
2.868536955451046477e-01 -1.625736691633800080e-01 -4.162865059267906176e-01 -2.753625303788927448e-01 7.164878928448192852e-02
3.588088107251479197e-01 -5.272147855306664327e-02 -3.781092862260960752e-01 -3.420700246752585993e-01 -3.724584695555688274e-02
4.042216740604605008e-01 5.653647470253075902e-02 -3.167910656105328293e-01 -3.851758385345441238e-01 -1.392326463951838456e-01
4.214213736100806962e-01 1.578275005121041463e-01 -2.368991279834342656e-01 -4.026465812938687661e-01 -2.285827989986924935e-01
4.107561113236102290e-01 2.446302687068646620e-01 -1.442194812410967364e-01 -3.940302377270374912e-01 -3.005145374597452124e-01
3.743965763540880176e-01 3.117472431977734715e-01 -4.533178448886188844e-02 -3.605175634973071253e-01 -3.513650948145609076e-01
3.160234331990151024e-01 3.556312654154501485e-01 5.290055384133363070e-02 -3.048993316800057141e-01 -3.787355229343559726e-01
2.404490887605826022e-01 3.745426825086409228e-01 1.438703412425954564e-01 -2.314011699993795135e-01 -3.816072904725875681e-01
1.532196210447254181e-01 3.685386556194194529e-01 2.217353989249209179e-01 -1.453934943969910076e-01 -3.604167262714967901e-01
6.023153431895678089e-02 3.393182138732082631e-01 2.818398349653039592e-01 -5.299379674110493710e-02 -3.170647393869506225e-01
-3.261616444851145324e-02 2.899611567885780339e-01 3.210061472560168383e-01 3.940272259056132320e-02 -2.548380167237686011e-01
-1.197271620315987217e-01 2.246041664945979122e-01 3.376773198513070007e-01 1.256152626705508979e-01 -1.782251483768033662e-01
-1.960718850903373778e-01 1.480940746065171343e-01 3.319102079021436502e-01 2.001392904645318271e-01 -9.262543806390444168e-02
-2.574154164424912183e-01 6.564877495850018896e-02 3.052404203076939937e-01 2.585305232536674325e-01 -3.966004665816535990e-03
-3.005124334897300575e-01 -1.745564324994874905e-02 2.604513704200330793e-01 2.976763353869646966e-01 8.174027554369978077e-02
-3.232667693001807785e-01 -9.616390547644770859e-02 2.012848831931974836e-01 3.159371669771471325e-01 1.588514777768643693e-01
-3.248464196627401934e-01 -1.658865842178934846e-01 1.321283355890612299e-01 3.131583498539893817e-01 2.225190954729656667e-01
-3.057395241878478331e-01 -2.227140034483850173e-01 5.770584255484823011e-02 2.905678697424347590e-01 2.690313015701975008e-01
-2.677353278156899830e-01 -2.636004914858892101e-01 -1.720874297857288848e-02 2.505857220538956209e-01 2.960432570875026759e-01
-2.138176708707764107e-01 -2.865160349008505358e-01 -8.804855356207287598e-02 1.965748186741265169e-01 3.026768540522981610e-01
-1.479670491726436943e-01 -2.905569204144334838e-01 -1.506784800201989016e-01 1.325623077067008548e-01 2.894901611503331029e-01
-7.487916613380884989e-02 -2.760026939309668803e-01 -2.015894745915439712e-01 6.295512705023709188e-02 2.583331008297846676e-01
3.794763475970519551e-04 -2.443056605722007113e-01 -2.380633521290131949e-01 -7.733377834727606093e-03 2.121176549448826887e-01
7.274798266210225073e-02 -1.980022895740495559e-01 -2.583057917707685114e-01 -7.513587000994370602e-02 1.545364241092237745e-01
1.375427258329011693e-01 -1.405431808732492405e-01 -2.615408623007116073e-01 -1.352578131054473776e-01 8.976245484470601887e-02
1.907876596775011091e-01 -7.604837068569314518e-02 -2.480568347892408987e-01 -1.846766202358792741e-01 2.215721429975281778e-02
2.294725434353228621e-01 -9.005524199014236508e-03 -2.191920096139643448e-01 -2.207110757195445139e-01 -4.399523536760685527e-02
2.517185672090784809e-01 5.606243520420783888e-02 -1.772518025904290806e-01 -2.415568541308755757e-01 -1.047188002335004420e-01
2.568432842158872020e-01 1.149284888152262152e-01 -1.253544249003689659e-01 -2.463811016361866224e-01 -1.565385612413591476e-01
2.453289992529152919e-01 1.639593753348353999e-01 -6.721112811977825174e-02 -2.353669101151412146e-01 -1.966382421594221608e-01
2.187087415931932011e-01 2.003526248804985699e-01 -6.856342464319653551e-03 -2.096984721178390965e-01 -2.229838714796138210e-01
1.793902863602037101e-01 2.222937782567988574e-01 5.164900332450051562e-02 -1.714805432858146350e-01 -2.344133238746074210e-01
1.304409239247139585e-01 2.290254764108923535e-01 1.045129631102763579e-01 -1.235915050124329895e-01 -2.306881007890220214e-01
7.535420643991241896e-02 2.208308952651119039e-01 1.484784575009170382e-01 -6.947697446975520386e-02 -2.125009655298802924e-01
1.781598393519812085e-02 1.989429595499174752e-01 1.810351545657011840e-01 -1.289880352133143844e-02 -1.814323572017103592e-01
-3.851795017487591455e-02 1.653966222603424630e-01 2.005604225302217991e-01 4.233911757685904220e-02 -1.398506090776332478e-01
-9.022487602144413366e-02 1.228437320702382429e-01 2.063818625403130991e-01 9.266324355203248153e-02 -9.075587238054383388e-02
-1.342942811925649516e-01 7.434902676791255161e-02 1.987633696376840398e-01 1.349760327237754520e-01 -3.757440000051126550e-02
-1.682799571080533518e-01 2.318259814894596538e-02 1.788245486278428054e-01 1.668536772509776611e-01 1.608299681845881679e-02
-1.904217006958516256e-01 -2.737993506758407136e-02 1.484085035246254236e-01 1.866811680583879973e-01 6.667856622046808290e-02
-1.997321556990737657e-01 -7.424213259809087084e-02 1.099151517997374317e-01 1.937178502652698864e-01 1.109981852756309895e-01
-1.960432549214816689e-01 -1.146515996798702641e-01 6.611660096913873907e-02 1.880944885745712281e-01 1.463717286150347796e-01
-1.800066101591601964e-01 -1.463415314396645517e-01 1.996857846502519962e-02 1.707494465142262996e-01 1.708434442678670451e-01
-1.530436883240176016e-01 -1.676453818004314533e-01 -2.557152987235344899e-02 1.433160736160936644e-01 1.832786662959584589e-01
-1.172448936666825592e-01 -1.775802974373720255e-01 -6.771280429746218132e-02 1.079755081558633201e-01 1.834009408946426500e-01
-7.522139429005059164e-02 -1.758941886268675647e-01 -1.039803355285267017e-01 6.728905870445767157e-02 1.717616333038263221e-01
-2.991887165979389973e-02 -1.630713472479483617e-01 -1.323427484649193353e-01 2.402271453724647357e-02 1.496509810557677955e-01
1.559273368466884691e-02 -1.402929102112288051e-01 -1.513144629689024967e-01 -1.902607717886484195e-02 1.189643513113012308e-01
5.833599873870221053e-02 -1.093513579880469599e-01 -1.600289728339160389e-01 -5.919168912306949776e-02 8.203965352746922512e-02
9.563065672336068523e-02 -7.252233829931364895e-02 -1.582789098264383298e-01 -9.408790873821315515e-02 4.148154840120321651e-02
1.252687578150883940e-01 -3.240173625679476643e-02 -1.465187641769607474e-01 -1.217352573685256401e-01 -1.412098978648135272e-05
1.456465848844485933e-01 8.279815553138503148e-03 -1.258273399188686303e-01 -1.406638326919640303e-01 -3.982547294512617242e-02
1.558447101264526236e-01 4.684975444091610264e-02 -9.782949629105486267e-02 -1.499874300776494751e-01 -7.555240104041784088e-02
1.556533906121695399e-01 8.087733562427823486e-02 -6.458024473019152722e-02 -1.494447022500671185e-01 -1.051427954296640932e-01
1.455460191022788230e-01 1.083328870809725508e-01 -2.841827399048701963e-02 -1.394036654942441000e-01 -1.269945182904054226e-01
1.266077821317610486e-01 1.277100936832005207e-01 8.200299667620480903e-03 -1.208273126403863890e-01 -1.400310751949002119e-01
1.004295470024130221e-01 1.381032154797858791e-01 4.287448520347569847e-02 -9.520054496633723051e-02 -1.437488528249445396e-01
6.897818545199840834e-02 1.392361881349253316e-01 7.342275616858673359e-02 -6.442187039245628188e-02 -1.382335934640356312e-01
3.445426513316252048e-02 1.314454236946251964e-01 9.802549654923842226e-02 -3.066684232805716448e-02 -1.241440000207665317e-01
-8.532421850220295312e-04 1.156221164665680590e-01 1.153344545473651284e-01 3.766613248239680800e-03 -1.026614108450728535e-01
-3.470732505925966382e-02 9.312251273410332431e-02 1.245419606154265502e-01 3.661864638196243860e-02 -7.540647876795147919e-02
-6.505215714627610168e-02 6.565579921728881274e-02 1.254071101771891961e-01 6.582062077511685594e-02 -4.432654988612605429e-02
-9.012630343426542012e-02 3.515918353390978801e-02 1.182404151761027311e-01 8.962870014040769107e-02 -1.156050966921862155e-02
-1.085558726082713754e-01 3.668759409855448794e-03 1.038519759334937259e-01 1.067279548123645228e-01 2.070932763989419279e-02
-1.194240770026964299e-01 -2.680664979076474719e-02 8.347062692839246623e-02 1.163003816237431209e-01 5.040680038060507684e-02
-1.223140155140412105e-01 -5.440287673055544532e-02 5.864265578315186467e-02 1.180540459990637725e-01 7.570083247838255147e-02
-1.173220687215452696e-01 -7.750436818694228513e-02 3.111872001357518513e-02 1.122142474815361890e-01 9.512246990759609666e-02
-1.050403216758046820e-01 -9.483080972965707289e-02 2.736809034915799188e-03 9.948069855272391460e-02 1.076510343827932342e-01
-8.650804836087888638e-02 -1.055029793358717161e-01 -2.469209662779325853e-02 8.095689295463782964e-02 1.127636997621359605e-01
-6.313444978584470402e-02 -1.090847719785435072e-01 -4.949025965470121857e-02 5.805901684631820103e-02 1.104465996404482286e-01
-3.659726807436625845e-02 -1.055989123108176386e-01 -7.020697211241266888e-02 3.241203007904935873e-02 1.011692899047287320e-01
-8.724255360358257327e-03 -9.551482079489748145e-02 -8.569629779472753839e-02 5.740131943555715210e-03 8.582751270089007678e-02
1.863368062137382708e-02 -7.970856451076013816e-02 -9.517570142016597290e-02 -2.024198044033842514e-02 6.566136366831276661e-02
4.372785148482694062e-02 -5.939673171898263160e-02 -9.826292454924001607e-02 -4.393157762986976689e-02 4.215701161362606086e-02
6.502596965958895581e-02 -3.604821972425253929e-02 -9.498903295764660193e-02 -6.392946112876451981e-02 1.694013980894149007e-02
8.130660702871117529e-02 -1.128001215031471105e-02 -8.578643608241642848e-02 -7.911669114613784082e-02 -8.331487981319775707e-03
9.172748199632785315e-02 1.325533656541444394e-02 -7.145197165197714195e-02 -8.871313529335256298e-02 -3.207013294273608484e-02
9.586380533988171637e-02 3.598186910501266489e-02 -5.308681112768887100e-02 -9.231505216143343073e-02 -5.284996423551113764e-02
9.371577206561187978e-02 5.550341093176691665e-02 -3.201681387079746699e-02 -8.990964333695339317e-02 -6.948499961114762424e-02
8.568693639801172601e-02 7.069009560714367701e-02 -9.698767170492119186e-03 -8.186549448762159287e-02 -8.109029009513557540e-02
7.253734825072943870e-02 8.074231284704526390e-02 1.238060934704998672e-02 -6.889914036166322475e-02 -8.712420569838574824e-02
5.531677255229561219e-02 8.522846950002405109e-02 3.280521356004073574e-02 -5.201958822365205376e-02 -8.741022324401737098e-02
3.528403625953391298e-02 8.409544518554580572e-02 5.032199395627401373e-02 -3.245435275406793885e-02 -8.213722038676796178e-02
1.381863786560733054e-02 7.765297796645055650e-02 6.391842944548664640e-02 -1.156215986433417782e-02 -7.183807698016764220e-02
-7.669623068625175399e-03 6.653514909842184188e-02 7.287977691366642752e-02 9.261275762732168459e-03 -5.734746157720105320e-02
-2.782787247600149172e-02 5.164347596012230923e-02 7.682284512374826235e-02 2.867733539882832972e-02 -3.974101570821909207e-02
-4.543984362906172692e-02 3.407684068727601101e-02 7.570526393141707722e-02 4.549143292949331396e-02 -2.025960103385571198e-02
-5.949431112999403748e-02 1.505364449679102989e-02 6.981131195953471646e-02 5.872656272101162145e-02 -2.236376430332365217e-04
-6.923921499627594400e-02 -4.168673447318638203e-03 5.971710067485758167e-02 6.767859717638247119e-02 1.905639555172111699e-02
-7.421903241499550052e-02 -2.237211029883434676e-02 4.623913522361866590e-02 7.195025613705130496e-02 3.636671843384564617e-02
-7.429362485674884109e-02 -3.845051600673343728e-02 3.037094821413832690e-02 7.146260984725484600e-02 5.066783311874378803e-02
-6.963759379359946156e-02 -5.147249473395787422e-02 1.321268202918135515e-02 6.644482887377245461e-02 6.115732280677987909e-02
-6.072016742763586272e-02 -6.073189722686778147e-02 -4.101700203410940659e-03 5.740445684901818169e-02 6.731365480377693444e-02
-4.826680319078013870e-02 -6.578356915116989612e-02 -2.047532559246922901e-02 4.508163405325427142e-02 6.891856486067449161e-02
-3.320494944158325357e-02 -6.646263569653476644e-02 -3.491373249942841817e-02 3.039140117542893371e-02 6.605753355078025635e-02
-1.659763047282936110e-02 -6.288633922049580161e-02 -4.658144605892899914e-02 1.435849650098885988e-02 5.909969480695664856e-02
4.304633214979869393e-04 -5.543834284358339914e-02 -5.484719324073861202e-02 -1.950989879534126281e-03 4.866003214840897151e-02
1.676904205889151456e-02 -4.473645842056961364e-02 -5.931568160118538824e-02 -1.749701968244599115e-02 3.554778336819097717e-02
3.139492287738754328e-02 -3.158588523907812640e-02 -5.984444942894062702e-02 -3.132839259149611255e-02 2.070554257034240564e-02
4.343620259333369482e-02 -1.692113955659602098e-02 -5.654497464954999497e-02 -4.263771428360640936e-02 5.143657350156427555e-03
5.222355942868817102e-02 -1.740777399793946856e-03 -4.976803818228003884e-02 -5.080584817321176505e-02 -1.012573517950965396e-02
5.732555692573337858e-02 1.296038175346181376e-02 -4.007426527578328290e-02 -5.543370311452444632e-02 -2.415117570061819929e-02
5.856626384844987321e-02 2.625662664058836526e-02 -2.819176080938012863e-02 -5.635981518875921720e-02 -3.609759489662622833e-02
5.602498379873499523e-02 3.734968014699280303e-02 -1.496371341708391256e-02 -5.366289135452062542e-02 -4.529263636425584494e-02
5.001924664953993904e-02 4.561603463428132166e-02 -1.289646932095545040e-03 -4.764929950226259869e-02 -5.126155685381594829e-02
4.107332276348163447e-02 5.064039125487851400e-02 1.193547210978151973e-02 -3.882639678596044863e-02 -5.374925080006232037e-02
2.987530688263118073e-02 5.223354694806970483e-02 2.387989569727611353e-02 -2.786353016759390844e-02 -5.272853423734646938e-02
1.722626732818532957e-02 5.043437629126801269e-02 3.382738533375828638e-02 -1.554342958286758503e-02 -4.839445756557192446e-02
