0.000000000000000000e+00 0.000000000000000000e+00 0.000000000000000000e+00 0.000000000000000000e+00 0.000000000000000000e+00
0.000000000000000000e+00 0.000000000000000000e+00 0.000000000000000000e+00 0.000000000000000000e+00 0.000000000000000000e+00
0.000000000000000000e+00 0.000000000000000000e+00 0.000000000000000000e+00 0.000000000000000000e+00 0.000000000000000000e+00
0.000000000000000000e+00 0.000000000000000000e+00 0.000000000000000000e+00 0.000000000000000000e+00 0.000000000000000000e+00
0.000000000000000000e+00 0.000000000000000000e+00 0.000000000000000000e+00 0.000000000000000000e+00 0.000000000000000000e+00
0.000000000000000000e+00 0.000000000000000000e+00 0.000000000000000000e+00 0.000000000000000000e+00 0.000000000000000000e+00
0.000000000000000000e+00 0.000000000000000000e+00 0.000000000000000000e+00 0.000000000000000000e+00 0.000000000000000000e+00
0.000000000000000000e+00 0.000000000000000000e+00 0.000000000000000000e+00 0.000000000000000000e+00 0.000000000000000000e+00
0.000000000000000000e+00 0.000000000000000000e+00 0.000000000000000000e+00 0.000000000000000000e+00 0.000000000000000000e+00
0.000000000000000000e+00 0.000000000000000000e+00 0.000000000000000000e+00 0.000000000000000000e+00 0.000000000000000000e+00
0.000000000000000000e+00 0.000000000000000000e+00 0.000000000000000000e+00 0.000000000000000000e+00 0.000000000000000000e+00
0.000000000000000000e+00 0.000000000000000000e+00 0.000000000000000000e+00 0.000000000000000000e+00 0.000000000000000000e+00
0.000000000000000000e+00 0.000000000000000000e+00 0.000000000000000000e+00 0.000000000000000000e+00 0.000000000000000000e+00
0.000000000000000000e+00 0.000000000000000000e+00 0.000000000000000000e+00 0.000000000000000000e+00 0.000000000000000000e+00
0.000000000000000000e+00 0.000000000000000000e+00 0.000000000000000000e+00 0.000000000000000000e+00 0.000000000000000000e+00
0.000000000000000000e+00 0.000000000000000000e+00 0.000000000000000000e+00 0.000000000000000000e+00 0.000000000000000000e+00
0.000000000000000000e+00 0.000000000000000000e+00 0.000000000000000000e+00 0.000000000000000000e+00 0.000000000000000000e+00
0.000000000000000000e+00 0.000000000000000000e+00 0.000000000000000000e+00 0.000000000000000000e+00 0.000000000000000000e+00
0.000000000000000000e+00 0.000000000000000000e+00 0.000000000000000000e+00 0.000000000000000000e+00 0.000000000000000000e+00
0.000000000000000000e+00 0.000000000000000000e+00 0.000000000000000000e+00 0.000000000000000000e+00 0.000000000000000000e+00
0.000000000000000000e+00 0.000000000000000000e+00 0.000000000000000000e+00 0.000000000000000000e+00 0.000000000000000000e+00
0.000000000000000000e+00 0.000000000000000000e+00 0.000000000000000000e+00 0.000000000000000000e+00 0.000000000000000000e+00
0.000000000000000000e+00 0.000000000000000000e+00 0.000000000000000000e+00 0.000000000000000000e+00 0.000000000000000000e+00
0.000000000000000000e+00 0.000000000000000000e+00 0.000000000000000000e+00 0.000000000000000000e+00 0.000000000000000000e+00
0.000000000000000000e+00 0.000000000000000000e+00 0.000000000000000000e+00 0.000000000000000000e+00 0.000000000000000000e+00
0.000000000000000000e+00 0.000000000000000000e+00 0.000000000000000000e+00 0.000000000000000000e+00 0.000000000000000000e+00
0.000000000000000000e+00 0.000000000000000000e+00 0.000000000000000000e+00 0.000000000000000000e+00 0.000000000000000000e+00
0.000000000000000000e+00 0.000000000000000000e+00 0.000000000000000000e+00 0.000000000000000000e+00 0.000000000000000000e+00
0.000000000000000000e+00 0.000000000000000000e+00 0.000000000000000000e+00 0.000000000000000000e+00 0.000000000000000000e+00
0.000000000000000000e+00 0.000000000000000000e+00 0.000000000000000000e+00 0.000000000000000000e+00 0.000000000000000000e+00
0.000000000000000000e+00 0.000000000000000000e+00 0.000000000000000000e+00 0.000000000000000000e+00 0.000000000000000000e+00
0.000000000000000000e+00 0.000000000000000000e+00 0.000000000000000000e+00 0.000000000000000000e+00 0.000000000000000000e+00
0.000000000000000000e+00 0.000000000000000000e+00 0.000000000000000000e+00 0.000000000000000000e+00 0.000000000000000000e+00
0.000000000000000000e+00 0.000000000000000000e+00 0.000000000000000000e+00 0.000000000000000000e+00 0.000000000000000000e+00
0.000000000000000000e+00 0.000000000000000000e+00 0.000000000000000000e+00 0.000000000000000000e+00 0.000000000000000000e+00
0.000000000000000000e+00 0.000000000000000000e+00 0.000000000000000000e+00 0.000000000000000000e+00 0.000000000000000000e+00
0.000000000000000000e+00 0.000000000000000000e+00 0.000000000000000000e+00 0.000000000000000000e+00 0.000000000000000000e+00
0.000000000000000000e+00 0.000000000000000000e+00 0.000000000000000000e+00 0.000000000000000000e+00 0.000000000000000000e+00
0.000000000000000000e+00 0.000000000000000000e+00 0.000000000000000000e+00 0.000000000000000000e+00 0.000000000000000000e+00
0.000000000000000000e+00 0.000000000000000000e+00 0.000000000000000000e+00 0.000000000000000000e+00 0.000000000000000000e+00
0.000000000000000000e+00 0.000000000000000000e+00 0.000000000000000000e+00 0.000000000000000000e+00 0.000000000000000000e+00
0.000000000000000000e+00 0.000000000000000000e+00 0.000000000000000000e+00 0.000000000000000000e+00 0.000000000000000000e+00
0.000000000000000000e+00 0.000000000000000000e+00 0.000000000000000000e+00 0.000000000000000000e+00 0.000000000000000000e+00
0.000000000000000000e+00 0.000000000000000000e+00 0.000000000000000000e+00 0.000000000000000000e+00 0.000000000000000000e+00
0.000000000000000000e+00 0.000000000000000000e+00 0.000000000000000000e+00 0.000000000000000000e+00 0.000000000000000000e+00
0.000000000000000000e+00 0.000000000000000000e+00 0.000000000000000000e+00 0.000000000000000000e+00 0.000000000000000000e+00
0.000000000000000000e+00 0.000000000000000000e+00 0.000000000000000000e+00 0.000000000000000000e+00 0.000000000000000000e+00
0.000000000000000000e+00 0.000000000000000000e+00 0.000000000000000000e+00 0.000000000000000000e+00 0.000000000000000000e+00
0.000000000000000000e+00 0.000000000000000000e+00 0.000000000000000000e+00 0.000000000000000000e+00 0.000000000000000000e+00
0.000000000000000000e+00 0.000000000000000000e+00 0.000000000000000000e+00 0.000000000000000000e+00 0.000000000000000000e+00
0.000000000000000000e+00 0.000000000000000000e+00 0.000000000000000000e+00 0.000000000000000000e+00 0.000000000000000000e+00
0.000000000000000000e+00 0.000000000000000000e+00 0.000000000000000000e+00 0.000000000000000000e+00 0.000000000000000000e+00
0.000000000000000000e+00 0.000000000000000000e+00 0.000000000000000000e+00 0.000000000000000000e+00 0.000000000000000000e+00
0.000000000000000000e+00 0.000000000000000000e+00 0.000000000000000000e+00 0.000000000000000000e+00 0.000000000000000000e+00
0.000000000000000000e+00 0.000000000000000000e+00 0.000000000000000000e+00 0.000000000000000000e+00 0.000000000000000000e+00
0.000000000000000000e+00 0.000000000000000000e+00 0.000000000000000000e+00 0.000000000000000000e+00 0.000000000000000000e+00
0.000000000000000000e+00 0.000000000000000000e+00 0.000000000000000000e+00 0.000000000000000000e+00 0.000000000000000000e+00
0.000000000000000000e+00 0.000000000000000000e+00 0.000000000000000000e+00 0.000000000000000000e+00 0.000000000000000000e+00
0.000000000000000000e+00 0.000000000000000000e+00 0.000000000000000000e+00 0.000000000000000000e+00 0.000000000000000000e+00
0.000000000000000000e+00 0.000000000000000000e+00 0.000000000000000000e+00 0.000000000000000000e+00 0.000000000000000000e+00
0.000000000000000000e+00 0.000000000000000000e+00 0.000000000000000000e+00 0.000000000000000000e+00 0.000000000000000000e+00
0.000000000000000000e+00 0.000000000000000000e+00 0.000000000000000000e+00 0.000000000000000000e+00 0.000000000000000000e+00
0.000000000000000000e+00 0.000000000000000000e+00 0.000000000000000000e+00 0.000000000000000000e+00 0.000000000000000000e+00
0.000000000000000000e+00 0.000000000000000000e+00 0.000000000000000000e+00 0.000000000000000000e+00 0.000000000000000000e+00
0.000000000000000000e+00 0.000000000000000000e+00 0.000000000000000000e+00 0.000000000000000000e+00 0.000000000000000000e+00
0.000000000000000000e+00 0.000000000000000000e+00 0.000000000000000000e+00 0.000000000000000000e+00 0.000000000000000000e+00
0.000000000000000000e+00 0.000000000000000000e+00 0.000000000000000000e+00 0.000000000000000000e+00 0.000000000000000000e+00
0.000000000000000000e+00 0.000000000000000000e+00 0.000000000000000000e+00 0.000000000000000000e+00 0.000000000000000000e+00
0.000000000000000000e+00 0.000000000000000000e+00 0.000000000000000000e+00 0.000000000000000000e+00 0.000000000000000000e+00
0.000000000000000000e+00 0.000000000000000000e+00 0.000000000000000000e+00 0.000000000000000000e+00 0.000000000000000000e+00
0.000000000000000000e+00 0.000000000000000000e+00 0.000000000000000000e+00 0.000000000000000000e+00 0.000000000000000000e+00
0.000000000000000000e+00 0.000000000000000000e+00 0.000000000000000000e+00 0.000000000000000000e+00 0.000000000000000000e+00
0.000000000000000000e+00 0.000000000000000000e+00 0.000000000000000000e+00 0.000000000000000000e+00 0.000000000000000000e+00
0.000000000000000000e+00 0.000000000000000000e+00 0.000000000000000000e+00 0.000000000000000000e+00 0.000000000000000000e+00
0.000000000000000000e+00 0.000000000000000000e+00 0.000000000000000000e+00 0.000000000000000000e+00 0.000000000000000000e+00
0.000000000000000000e+00 0.000000000000000000e+00 0.000000000000000000e+00 0.000000000000000000e+00 0.000000000000000000e+00
0.000000000000000000e+00 0.000000000000000000e+00 0.000000000000000000e+00 0.000000000000000000e+00 0.000000000000000000e+00
0.000000000000000000e+00 0.000000000000000000e+00 0.000000000000000000e+00 0.000000000000000000e+00 0.000000000000000000e+00
0.000000000000000000e+00 0.000000000000000000e+00 0.000000000000000000e+00 0.000000000000000000e+00 0.000000000000000000e+00
0.000000000000000000e+00 0.000000000000000000e+00 0.000000000000000000e+00 0.000000000000000000e+00 0.000000000000000000e+00
0.000000000000000000e+00 0.000000000000000000e+00 0.000000000000000000e+00 0.000000000000000000e+00 0.000000000000000000e+00
0.000000000000000000e+00 0.000000000000000000e+00 0.000000000000000000e+00 0.000000000000000000e+00 0.000000000000000000e+00
0.000000000000000000e+00 0.000000000000000000e+00 0.000000000000000000e+00 0.000000000000000000e+00 0.000000000000000000e+00
0.000000000000000000e+00 0.000000000000000000e+00 0.000000000000000000e+00 0.000000000000000000e+00 0.000000000000000000e+00
0.000000000000000000e+00 0.000000000000000000e+00 0.000000000000000000e+00 0.000000000000000000e+00 0.000000000000000000e+00
0.000000000000000000e+00 0.000000000000000000e+00 0.000000000000000000e+00 0.000000000000000000e+00 0.000000000000000000e+00
0.000000000000000000e+00 0.000000000000000000e+00 0.000000000000000000e+00 0.000000000000000000e+00 0.000000000000000000e+00
0.000000000000000000e+00 0.000000000000000000e+00 0.000000000000000000e+00 0.000000000000000000e+00 0.000000000000000000e+00
0.000000000000000000e+00 0.000000000000000000e+00 0.000000000000000000e+00 0.000000000000000000e+00 0.000000000000000000e+00
0.000000000000000000e+00 0.000000000000000000e+00 0.000000000000000000e+00 0.000000000000000000e+00 0.000000000000000000e+00
0.000000000000000000e+00 0.000000000000000000e+00 0.000000000000000000e+00 0.000000000000000000e+00 0.000000000000000000e+00
0.000000000000000000e+00 0.000000000000000000e+00 0.000000000000000000e+00 0.000000000000000000e+00 0.000000000000000000e+00
-1.836405970168810189e+08 -1.841965871998518705e+08 -1.852206097886397243e+08 -1.856432754539445341e+08 -1.850908883059057593e+08
-1.837379806384105980e+08 -1.837484573193763793e+08 -1.846647970155882537e+08 -1.855388327688009143e+08 -1.855464451847051680e+08
-1.841564142481973767e+08 -1.835890176988894045e+08 -1.840760605721062422e+08 -1.851133529885831475e+08 -1.857047543971419334e+08
-1.847651703137955666e+08 -1.837871124776376486e+08 -1.836571937696041465e+08 -1.845068786630051136e+08 -1.854977960638394058e+08
-1.853565565341032445e+08 -1.842919860165078342e+08 -1.835599595624681413e+08 -1.839249167258083820e+08 -1.849873374896588326e+08
-1.857167071804097891e+08 -1.849411286158674061e+08 -1.838336429480963051e+08 -1.835695280971831977e+08 -1.843434575492496490e+08
-1.857063145059425831e+08 -1.855091752513572276e+08 -1.844019046884006858e+08 -1.835733157891682684e+08 -1.837854046763234138e+08
-1.853163521457289457e+08 -1.857874066093135178e+08 -1.850786612629061937e+08 -1.839529821503506899e+08 -1.835090121198759377e+08
-1.846733211168864667e+08 -1.856642663468501866e+08 -1.856261746261051893e+08 -1.845952267009658515e+08 -1.836226143080628216e+08
-1.839940447836290002e+08 -1.851706544168109000e+08 -1.858408337464251816e+08 -1.852850565707545578e+08 -1.841068662763139606e+08
-1.835119097433505654e+08 -1.844697051093859971e+08 -1.856328462672213912e+08 -1.857761654193841815e+08 -1.848110319260061085e+08
-1.834010984168508053e+08 -1.837988213170939386e+08 -1.850631433653195202e+08 -1.858824444852372110e+08 -1.854946783878815174e+08
-1.837182798101711571e+08 -1.833902156092972159e+08 -1.843215938265157044e+08 -1.855520767369582057e+08 -1.859097559623631537e+08
-1.843757119646405876e+08 -1.833960117226998806e+08 -1.836600022359263897e+08 -1.848894740800616741e+08 -1.858951983096407950e+08
-1.851584281481683850e+08 -1.838355218700965047e+08 -1.833088430763033628e+08 -1.841171365779684186e+08 -1.854419739131640196e+08
-1.857908168853948712e+08 -1.845783753722186983e+08 -1.834030918238003254e+08 -1.834983530825206637e+08 -1.846980506249996722e+08
-1.860367766919670105e+08 -1.853759630770428479e+08 -1.839336145083404183e+08 -1.832515598216691017e+08 -1.839144152752587497e+08
-1.857932491218583286e+08 -1.859426039799580872e+08 -1.847379788635427654e+08 -1.834796205130499005e+08 -1.833595048368301690e+08
-1.851327084035460651e+08 -1.860627138646552265e+08 -1.855429732345634103e+08 -1.841291157416867316e+08 -1.832331113851965368e+08
-1.842760787383806705e+08 -1.856776803174752593e+08 -1.860567907091945410e+08 -1.849940051205956042e+08 -1.836004867047908306e+08
-1.835138184834962487e+08 -1.849104199267432392e+08 -1.860808207665921450e+08 -1.857745997503799200e+08 -1.843610058349748552e+08
-1.831104058270323873e+08 -1.840191056136341393e+08 -1.855905423166899681e+08 -1.861831614604329169e+08 -1.852664265888918340e+08
-1.832206612930223644e+08 -1.833068118089455068e+08 -1.847461968243664801e+08 -1.860569992101261616e+08 -1.859970679686551988e+08
-1.838344923321988583e+08 -1.830239260195063353e+08 -1.838326262148343623e+08 -1.854254040932011306e+08 -1.862789212914403975e+08
-1.847650248337032199e+08 -1.832885464066447616e+08 -1.831611619629887044e+08 -1.844985398515393436e+08 -1.859936964658609033e+08
-1.856959904001720548e+08 -1.840397816736410856e+08 -1.829708186135214567e+08 -1.835897170757589340e+08 -1.852277515275577009e+08
-1.862885023444572389e+08 -1.850402120463100672e+08 -1.833515617883115113e+08 -1.830102418969182670e+08 -1.842382873470152020e+08
-1.863125434186365306e+08 -1.859425129245566130e+08 -1.842039473368645608e+08 -1.829721291651653349e+08 -1.833602160969393849e+08
-1.857418833599834740e+08 -1.864124856887634099e+08 -1.852527773008639514e+08 -1.835177406731158495e+08 -1.828967632063841224e+08
-1.847647260140505135e+08 -1.862623325871963203e+08 -1.861286949893058538e+08 -1.844908524997719228e+08 -1.830254555151136816e+08
-1.837110921110238135e+08 -1.855287245334167182e+08 -1.865031503396707177e+08 -1.855685400651853979e+08 -1.837354281575522125e+08
-1.829386609022617340e+08 -1.844573827362998724e+08 -1.862217548412001729e+08 -1.863638673087976575e+08 -1.848119787233263850e+08
-1.827210507997313738e+08 -1.834102749856871068e+08 -1.853685125775881708e+08 -1.865730005967035890e+08 -1.858889476734904945e+08
-1.831618619084040523e+08 -1.827443436911475062e+08 -1.842309291203902364e+08 -1.861008717587352097e+08 -1.865724191254338920e+08
-1.841477613657129407e+08 -1.827022418524773121e+08 -1.831932237656936944e+08 -1.851001713228479028e+08 -1.865957697979791164e+08
-1.853613958795335889e+08 -1.833333054860204458e+08 -1.826106292910536230e+08 -1.839092209517948925e+08 -1.859313272518795431e+08
-1.863739986553017199e+08 -1.844588237519145906e+08 -1.827018879183346033e+08 -1.829301557118209898e+08 -1.848004564094642699e+08
-1.868035249626090825e+08 -1.857056759106677175e+08 -1.834749574338219762e+08 -1.825017481931107640e+08 -1.835855612686876655e+08
-1.864724341420650184e+08 -1.866241891364711523e+08 -1.847016014683108628e+08 -1.827971970701991618e+08 -1.826971925200266838e+08
-1.854820723926324248e+08 -1.868613697256118953e+08 -1.859675018144194484e+08 -1.837588511630277634e+08 -1.824482441728603840e+08
-1.841680947140024304e+08 -1.863095105171845257e+08 -1.868095831319698095e+08 -1.850893905663222671e+08 -1.829581716233865917e+08
-1.829734232492451072e+08 -1.851499059894881248e+08 -1.868995252623019814e+08 -1.863279533284943402e+08 -1.840983252840212286e+08
-1.823044326785668135e+08 -1.837759960998246968e+08 -1.861834380309887826e+08 -1.870127378549383283e+08 -1.855029806821571290e+08
-1.824114303559418917e+08 -1.826499607265733778e+08 -1.849015928552485406e+08 -1.868702787273827791e+08 -1.866740588501902223e+08
-1.833051125389930606e+08 -1.821587745363791883e+08 -1.834884718189592063e+08 -1.859322711834421158e+08 -1.871667675354329050e+08
-1.847243491718101501e+08 -1.825010650761838257e+08 -1.824188621593308449e+08 -1.845175474129073918e+08 -1.867769115193049014e+08
-1.861896145658913255e+08 -1.836126779477370977e+08 -1.820643308129500449e+08 -1.831039398370008171e+08 -1.856271086038536131e+08
-1.871616648396639526e+08 -1.851523212061586380e+08 -1.825840884254825413e+08 -1.821667097196328044e+08 -1.841096121963197887e+08
-1.872589933692728281e+08 -1.865854392284018397e+08 -1.838568681060241461e+08 -1.820399722973148227e+08 -1.827347330242964029e+08
-1.864233225081792176e+08 -1.873739253533615172e+08 -1.854808486568377316e+08 -1.828151086680206358e+08 -1.819666651622865498e+08
-1.849390281688305140e+08 -1.872011610067779124e+08 -1.868818732375979424e+08 -1.842846967524361312e+08 -1.820916130490707457e+08
-1.833103276320942640e+08 -1.861095377282084823e+08 -1.875264274444390833e+08 -1.859677634846659899e+08 -1.831242077534875274e+08
-1.820812545756676495e+08 -1.844740071928243339e+08 -1.871499161409127116e+08 -1.872546251306562722e+08 -1.847663862651190460e+08
-1.816753487504901886e+08 -1.828467962293564081e+08 -1.858705286559821367e+08 -1.876459708146905005e+08 -1.864630946887703240e+08
-1.822760026391567588e+08 -1.817708854017494321e+08 -1.841285061403768659e+08 -1.869714558578682542e+08 -1.875855939118075967e+08
-1.837474288900663257e+08 -1.816271058048552573e+08 -1.825091080307404399e+08 -1.854591798125053942e+08 -1.876900059128580093e+08
-1.856277701881760359e+08 -1.825222927730662525e+08 -1.815530986122166514e+08 -1.836277230780692101e+08 -1.867141070834108591e+08
-1.872493791734021902e+08 -1.842217792704066336e+08 -1.816088319073876143e+08 -1.820881109180254936e+08 -1.849952637764210701e+08
-1.879893752343351543e+08 -1.861707580618810058e+08 -1.827247412229287922e+08 -1.813580195430251956e+08 -1.831187858981529772e+08
-1.875426593270302713e+08 -1.876587926980118155e+08 -1.845905077898791730e+08 -1.817231610921071768e+08 -1.817071628447226584e+08
-1.860549918060073853e+08 -1.881032985777425766e+08 -1.865817592772981524e+08 -1.831372392171715200e+08 -1.812422750010309517e+08
-1.840431139802701473e+08 -1.873110735572959781e+08 -1.879595814900360703e+08 -1.851810093938539922e+08 -1.819355963263396323e+08
-1.821811917304826379e+08 -1.855564889059767723e+08 -1.881770909403640628e+08 -1.871473383078593314e+08 -1.836362988181750178e+08
-1.810847544055483639e+08 -1.834448476929137409e+08 -1.871279222009492517e+08 -1.882894647168497145e+08 -1.858141485014145672e+08
-1.811506888065073192e+08 -1.816768058130063415e+08 -1.851808752911485434e+08 -1.881453246607340574e+08 -1.876920498506782055e+08
-1.824388255064305961e+08 -1.808403263949545026e+08 -1.830032326626866162e+08 -1.867476081189584732e+08 -1.885415156024367809e+08
-1.845977399778636694e+08 -1.812621455046686232e+08 -1.813126649658621252e+08 -1.845895201209389865e+08 -1.880106314657952785e+08
-1.869053174433721304e+08 -1.828950494794234335e+08 -1.806760270519856513e+08 -1.824016545153949261e+08 -1.862798875084384680e+08
-1.884978591023510695e+08 -1.852611249267314672e+08 -1.813671199466287792e+08 -1.809002858174169064e+08 -1.839568222563917041e+08
-1.887368084994499683e+08 -1.875394667554100752e+08 -1.832564636927591264e+08 -1.806012519098815024e+08 -1.818174078384720683e+08
-1.875070815207404494e+08 -1.888559369736014009e+08 -1.857692783700844944e+08 -1.816856140958092809e+08 -1.805605687749514282e+08
-1.852502973323744833e+08 -1.886732091298641860e+08 -1.880123928492706716e+08 -1.838957818297085762e+08 -1.806377735540277362e+08
-1.827430305741007030e+08 -1.870412929981641173e+08 -1.891105852193672061e+08 -1.865249394471095502e+08 -1.821236923099938333e+08
-1.808042851038466096e+08 -1.845454539200623631e+08 -1.886092843115912974e+08 -1.886080745579899549e+08 -1.846220538099420667e+08
-1.800755746197442710e+08 -1.820307238671258390e+08 -1.866829486398481131e+08 -1.893154339384263456e+08 -1.872976759954808056e+08
-1.808718510512880683e+08 -1.803107651146724820e+08 -1.840190863284194171e+08 -1.883460377739649415e+08 -1.891391990011194646e+08
-1.830543160105834007e+08 -1.799694020115521848e+08 -1.815085613043958247e+08 -1.860539624755149484e+08 -1.893996464628397226e+08
-1.859662442836240232e+08 -1.812187578044942319e+08 -1.799596015495273173e+08 -1.832458725073246062e+08 -1.879563389119629562e+08
-1.885667659326857626e+08 -1.837738943498956263e+08 -1.799135456858115792e+08 -1.808443258538043499e+08 -1.853399999900734425e+08
-1.898282243687218130e+08 -1.868221117327645719e+08 -1.815042188258076012e+08 -1.796229652394129336e+08 -1.824549151026428640e+08
-1.892244477821411192e+08 -1.892348273474715054e+08 -1.843332504918514788e+08 -1.800411509191021621e+08 -1.802335931542937160e+08
-1.869775811784668267e+08 -1.900379912558616996e+08 -1.874691926521503329e+08 -1.821017626213953793e+08 -1.793996815387370884e+08
-1.839013997193760872e+08 -1.888899989992167056e+08 -1.897232767253797650e+08 -1.852361335784474611e+08 -1.803157165197269022e+08
-1.810211339110588729e+08 -1.862249021197260916e+08 -1.901725719567587972e+08 -1.883633350838476121e+08 -1.828360831854176223e+08
-1.792492147045837343e+08 -1.829898862641226053e+08 -1.886202269922624230e+08 -1.902619895999889374e+08 -1.862120184895022810e+08
-1.791976444459600151e+08 -1.802391760947333872e+08 -1.856548337356072962e+08 -1.901426705289804041e+08 -1.892289472226515412e+08
-1.810298845521399677e+08 -1.788430706646656990e+08 -1.823144615492619872e+08 -1.880418243805533946e+08 -1.906772612163593173e+08
-1.843037559368847907e+08 -1.793239434490686953e+08 -1.796705089549187422e+08 -1.847474080760949552e+08 -1.899476220239302516e+08
-1.879437843318888843e+08 -1.816998568410664797e+08 -1.785630343359812200e+08 -1.813833249232923687e+08 -1.873242517831657827e+08
-1.905531957350009680e+08 -1.853308677042172253e+08 -1.794484309766878784e+08 -1.790085053677983582e+08 -1.837728959784036279e+08
-1.910469594264464378e+08 -1.889610832858954966e+08 -1.822318406681822836e+08 -1.783948338142827451e+08 -1.804720275748410821e+08
-1.892137346032521129e+08 -1.911516553670217693e+08 -1.861188103969959915e+08 -1.798809116935834289e+08 -1.784474238479603231e+08
-1.857704259754466116e+08 -1.909789025345080793e+08 -1.897188701769092679e+08 -1.831877646827504933e+08 -1.783889138591273725e+08
-1.819306959754097462e+08 -1.885122333590202928e+08 -1.915741296197097301e+08 -1.872992340241661370e+08 -1.804976465246612132e+08
-1.789092162227057219e+08 -1.846993196520566344e+08 -1.908967277784061730e+08 -1.906779909061155915e+08 -1.842870404915089309e+08
-1.776449968777674437e+08 -1.808420406159577370e+08 -1.879682166624352336e+08 -1.919214339858517051e+08 -1.885153999543979764e+08
-1.786610009556705952e+08 -1.781318845668569803e+08 -1.838972333324533999e+08 -1.905013623248121738e+08 -1.915374254159203768e+08
-1.818728838326034844e+08 -1.774317857856475711e+08 -1.800409220729263723e+08 -1.870025423267208338e+08 -1.920742564219368398e+08
-1.863827072127444744e+08 -1.791386320183871388e+08 -1.775728930603500307e+08 -1.827110297896987200e+08 -1.899037580092452466e+08
-1.905653673930183947e+08 -1.829603741439552903e+08 -1.773036281455960572e+08 -1.790080229974201918e+08 -1.859036542693940103e+08
-1.926954803193983734e+08 -1.877353285887241662e+08 -1.795347388865969777e+08 -1.770091779841979742e+08 -1.814941935451550484e+08
-1.918565058423968852e+08 -1.916565142998027503e+08 -1.838093002946330905e+08 -1.774269273410084546e+08 -1.780471153753250241e+08
-1.884222069694324136e+08 -1.930634894677049518e+08 -1.887601962553666830e+08 -1.803957172140202522e+08 -1.766059045340871513e+08
-1.837213002660106421e+08 -1.913571513922750354e+08 -1.924521280366950035e+08 -1.851962095793640018e+08 -1.777698873306400180e+08
-1.793132312419561744e+08 -1.872732936469596624e+08 -1.932962696629798412e+08 -1.901860601332615614e+08 -1.814754972919760942e+08
-1.765041098731897473e+08 -1.823356293157712519e+08 -1.909464879405597150e+08 -1.933344256261257231e+08 -1.867116446672153175e+08
-1.761977613745204806e+08 -1.781133191330350041e+08 -1.864001449547259808e+08 -1.932681765834181309e+08 -1.915753164463999271e+08
-1.787613195590538383e+08 -1.758403416999717951e+08 -1.813070295938228071e+08 -1.900512216312322617e+08 -1.940176188566243947e+08
-1.837100736940373480e+08 -1.763186554298214614e+08 -1.772360497707971931e+08 -1.850064622057136595e+08 -1.929720166157299280e+08
-1.894700247884978652e+08 -1.797362078364917636e+08 -1.753737953165714741e+08 -1.798818243595570624e+08 -1.889369459435171187e+08
-1.937505351457425654e+08 -1.853037650202307999e+08 -1.764518604648357630e+08 -1.761945187203919291e+08 -1.835108474014658630e+08
-1.946664468130044341e+08 -1.911109125779986680e+08 -1.805164799096295238e+08 -1.750419418281140029e+08 -1.784817762509095371e+08
-1.918545530408424139e+08 -1.947439139694281816e+08 -1.865333679752450883e+08 -1.770274704043762386e+08 -1.752921490811576545e+08
-1.865585561479451358e+08 -1.945833010500153005e+08 -1.923351243825983703e+08 -1.819479498412805200e+08 -1.749443603892208040e+08
-1.807200693963427842e+08 -1.907688202441983223e+08 -1.954395183853989542e+08 -1.883939281397978067e+08 -1.778882037658999562e+08
-1.760969836609187722e+08 -1.849218464228752255e+08 -1.944608114102109373e+08 -1.938924987410115004e+08 -1.836206551478029191e+08
-1.739860628642847538e+08 -1.790704726539835632e+08 -1.899205248688611686e+08 -1.960142278023844659e+08 -1.903292216890259981e+08
-1.752196465930730999e+08 -1.748924054598663747e+08 -1.836948220221288502e+08 -1.938363885151820779e+08 -1.952927390887524486e+08
-1.799073754598774016e+08 -1.735874366237581670e+08 -1.778538533136203587e+08 -1.884168381932054460e+08 -1.962671744852868617e+08
-1.869031889672637582e+08 -1.758624575634161830e+08 -1.740185594518792033e+08 -1.818839308288833797e+08 -1.928862724045595527e+08
-1.936620710872027278e+08 -1.815514014101005793e+08 -1.733307867468650043e+08 -1.762759088450065255e+08 -1.867117082987388968e+08
-1.972142603885892034e+08 -1.890577431516140401e+08 -1.764051455037508607e+08 -1.731037901035248935e+08 -1.800303920888726413e+08
-1.959398220646095872e+08 -1.954524890940684378e+08 -1.828478797036723495e+08 -1.734142403424554467e+08 -1.747970796746711433e+08
-1.905649356669381857e+08 -1.978270898277095556e+08 -1.907005420314506292e+08 -1.776418737824637592e+08 -1.724128783118099272e+08
-1.833767968399496078e+08 -1.951420499150154293e+08 -1.967556279008515775e+08 -1.849970974244964719e+08 -1.738246933860517144e+08
-1.767438942140420377e+08 -1.887742155152026117e+08 -1.982016604710056484e+08 -1.930025060372709930e+08 -1.792338142184110582e+08
-1.724208748109710217e+08 -1.812752899786204100e+08 -1.944727700292214751e+08 -1.981993741048318148e+08 -1.873785456910525560e+08
-1.716502570248272419e+08 -1.749331393168357313e+08 -1.874094653126448691e+08 -1.981409172631708384e+08 -1.952599446522448957e+08
-1.751805475913434625e+08 -1.713646453053118885e+08 -1.797145881995375156e+08 -1.930310538612402678e+08 -1.993082851903392076e+08
-1.826541727944811881e+08 -1.717282536973412633e+08 -1.736034569861809313e+08 -1.852530247224568129e+08 -1.976327572405804694e+08
-1.918223606571978927e+08 -1.765962526148921251e+08 -1.706107469762591720e+08 -1.775625082836679518e+08 -1.912486593839010596e+08
-1.988457883757616580e+08 -1.851512847417245507e+08 -1.718505037716074884e+08 -1.720079236022809744e+08 -1.829566206296303570e+08
-2.003501920414161384e+08 -1.945002395406128466e+08 -1.777491102507407367e+08 -1.700129428589121699e+08 -1.754520952774678171e+08
-1.957837108574405015e+08 -2.004789701085779667e+08 -1.871015761682258844e+08 -1.726069110404389501e+08 -1.706034143805831969e+08
-1.875127592861996591e+08 -2.001779542795529366e+08 -1.965076814670194685e+08 -1.799130874130592942e+08 -1.697493996084619164e+08
-1.787387882913717031e+08 -1.940151035891978741e+08 -2.016064570484297276e+08 -1.900820483474348485e+08 -1.738086431848327816e+08
-1.718809777064104378e+08 -1.849830586936437190e+08 -1.999247031845909357e+08 -1.990627700828672647e+08 -1.824939234935590625e+08
-1.685408597302627563e+08 -1.762724677053892314e+08 -1.926213476020265222e+08 -2.025045170980590582e+08 -1.932167551980085969e+08
-1.699749876609901786e+08 -1.700645050378123820e+08 -1.830855131894601285e+08 -1.988304598536619246e+08 -2.013537521653289497e+08
-1.767984426126339734e+08 -1.678494208385969400e+08 -1.744504583569117785e+08 -1.902075399214663208e+08 -2.028411732360187769e+08
-1.877242720932463109e+08 -1.708368484088108540e+08 -1.687357111468153298e+08 -1.803311941305817664e+08 -1.972031308107257783e+08
-1.987158616810256541e+08 -1.793188785706757009e+08 -1.673880993709917367e+08 -1.721001596874982417e+08 -1.875080117896767855e+08
-2.044742901707484722e+08 -1.912214606635177433e+08 -1.715918378037440777e+08 -1.673125156348333657e+08 -1.775407033740696311e+08
-2.021137551970544755e+08 -2.016760983271721601e+08 -1.813481451368492246e+08 -1.673857779634722471e+08 -1.698943019362086058e+08
-1.933324996517374218e+08 -2.053974146017366052e+08 -1.939224279617977738e+08 -1.733955230107866228e+08 -1.661975234367170036e+08
-1.823417746173169911e+08 -2.006695149356141090e+08 -2.038245735517682135e+08 -1.847557780333340764e+08 -1.678723911800143123e+08
-1.726650244040777385e+08 -1.904337908503375053e+08 -2.059049975497218370e+08 -1.977162904359278381e+08 -1.757926419933174551e+08
-1.663479024504689276e+08 -1.791648090312860906e+08 -1.994344837973727286e+08 -2.061548785323435366e+08 -1.885960156425226927e+08
-1.648977912168080509e+08 -1.700080456018615961e+08 -1.882165209480440021e+08 -2.056074431960369647e+08 -2.014492579486693442e+08
-1.697727680625664294e+08 -1.647409815730579793e+08 -1.768043889426208436e+08 -1.969323636447586417e+08 -2.078693429918691814e+08
-1.811808169979812205e+08 -1.649001111575108767e+08 -1.680468018320840895e+08 -1.848264620438750386e+08 -2.045240863555962443e+08
-1.959556953827869296e+08 -1.718870783454901576e+08 -1.635794586704743207e+08 -1.736201155361588895e+08 -1.939156196845576465e+08
-2.073857349388925433e+08 -1.852161763839479685e+08 -1.650104438714071810e+08 -1.657012587347724736e+08 -1.812871513920474350e+08
-2.092168580145509839e+08 -2.004275993343597949e+08 -1.736717401189487576e+08 -1.626039875413332283e+08 -1.705301059210218191e+08
-2.009923051633197069e+08 -2.099893695132983327e+08 -1.884443176941416264e+08 -1.660497628067918420e+08 -1.636201544508321583e+08
-1.877823399479669631e+08 -2.085890749539659619e+08 -2.038097278929835260e+08 -1.770734868175401688e+08 -1.621062779942547679e+08
-1.749434866499311030e+08 -1.978453504324436188e+08 -2.117202147844568789e+08 -1.933921743596038222e+08 -1.678099174771814346e+08
-1.653559320046558380e+08 -1.838024781295719147e+08 -2.078274716408429146e+08 -2.080445287458443642e+08 -1.812311053127550781e+08
-1.605356681588625014e+08 -1.713455932594445050e+08 -1.953396235163099170e+08 -2.128754402712724805e+08 -1.986482064074827433e+08
-1.623132961592414975e+08 -1.627438130503556430e+08 -1.808131065995725989e+08 -2.055433143721222281e+08 -2.117545968400312662e+08
-1.725087214540328085e+08 -1.594598342040531337e+08 -1.686785974792703092e+08 -1.912599857315253317e+08 -2.129476356855809391e+08
-1.899929110411635041e+08 -1.635731551961455345e+08 -1.608130264366101027e+08 -1.766578733121886253e+08 -2.023764314743836224e+08
-2.079845230928414762e+08 -1.766038681828067005e+08 -1.587408843523059785e+08 -1.653252090523965955e+08 -1.868460344099071920e+08
-2.164581313479174972e+08 -1.959362519700531363e+08 -1.647601613326497376e+08 -1.587444092712666690e+08 -1.725483954198456705e+08
-2.105558440084499717e+08 -2.128943357125396729e+08 -1.800405382386816144e+08 -1.586808824253443778e+08 -1.622019487020419538e+08
-1.952451540682124496e+08 -2.173902146491426229e+08 -2.006371351240448654e+08 -1.676216427821163833e+08 -1.571029106576796472e+08
