0.000000000000000000e+00 0.000000000000000000e+00 0.000000000000000000e+00 0.000000000000000000e+00 0.000000000000000000e+00
0.000000000000000000e+00 0.000000000000000000e+00 0.000000000000000000e+00 0.000000000000000000e+00 0.000000000000000000e+00
0.000000000000000000e+00 0.000000000000000000e+00 0.000000000000000000e+00 0.000000000000000000e+00 0.000000000000000000e+00
0.000000000000000000e+00 0.000000000000000000e+00 0.000000000000000000e+00 0.000000000000000000e+00 0.000000000000000000e+00
0.000000000000000000e+00 0.000000000000000000e+00 0.000000000000000000e+00 0.000000000000000000e+00 0.000000000000000000e+00
0.000000000000000000e+00 0.000000000000000000e+00 0.000000000000000000e+00 0.000000000000000000e+00 0.000000000000000000e+00
0.000000000000000000e+00 0.000000000000000000e+00 0.000000000000000000e+00 0.000000000000000000e+00 0.000000000000000000e+00
0.000000000000000000e+00 0.000000000000000000e+00 0.000000000000000000e+00 0.000000000000000000e+00 0.000000000000000000e+00
0.000000000000000000e+00 0.000000000000000000e+00 0.000000000000000000e+00 0.000000000000000000e+00 0.000000000000000000e+00
0.000000000000000000e+00 0.000000000000000000e+00 0.000000000000000000e+00 0.000000000000000000e+00 0.000000000000000000e+00
0.000000000000000000e+00 0.000000000000000000e+00 0.000000000000000000e+00 0.000000000000000000e+00 0.000000000000000000e+00
0.000000000000000000e+00 0.000000000000000000e+00 0.000000000000000000e+00 0.000000000000000000e+00 0.000000000000000000e+00
0.000000000000000000e+00 0.000000000000000000e+00 0.000000000000000000e+00 0.000000000000000000e+00 0.000000000000000000e+00
0.000000000000000000e+00 0.000000000000000000e+00 0.000000000000000000e+00 0.000000000000000000e+00 0.000000000000000000e+00
0.000000000000000000e+00 0.000000000000000000e+00 0.000000000000000000e+00 0.000000000000000000e+00 0.000000000000000000e+00
0.000000000000000000e+00 0.000000000000000000e+00 0.000000000000000000e+00 0.000000000000000000e+00 0.000000000000000000e+00
0.000000000000000000e+00 0.000000000000000000e+00 0.000000000000000000e+00 0.000000000000000000e+00 0.000000000000000000e+00
0.000000000000000000e+00 0.000000000000000000e+00 0.000000000000000000e+00 0.000000000000000000e+00 0.000000000000000000e+00
0.000000000000000000e+00 0.000000000000000000e+00 0.000000000000000000e+00 0.000000000000000000e+00 0.000000000000000000e+00
0.000000000000000000e+00 0.000000000000000000e+00 0.000000000000000000e+00 0.000000000000000000e+00 0.000000000000000000e+00
0.000000000000000000e+00 0.000000000000000000e+00 0.000000000000000000e+00 0.000000000000000000e+00 0.000000000000000000e+00
0.000000000000000000e+00 0.000000000000000000e+00 0.000000000000000000e+00 0.000000000000000000e+00 0.000000000000000000e+00
0.000000000000000000e+00 0.000000000000000000e+00 0.000000000000000000e+00 0.000000000000000000e+00 0.000000000000000000e+00
0.000000000000000000e+00 0.000000000000000000e+00 0.000000000000000000e+00 0.000000000000000000e+00 0.000000000000000000e+00
0.000000000000000000e+00 0.000000000000000000e+00 0.000000000000000000e+00 0.000000000000000000e+00 0.000000000000000000e+00
0.000000000000000000e+00 0.000000000000000000e+00 0.000000000000000000e+00 0.000000000000000000e+00 0.000000000000000000e+00
0.000000000000000000e+00 0.000000000000000000e+00 0.000000000000000000e+00 0.000000000000000000e+00 0.000000000000000000e+00
0.000000000000000000e+00 0.000000000000000000e+00 0.000000000000000000e+00 0.000000000000000000e+00 0.000000000000000000e+00
0.000000000000000000e+00 0.000000000000000000e+00 0.000000000000000000e+00 0.000000000000000000e+00 0.000000000000000000e+00
0.000000000000000000e+00 0.000000000000000000e+00 0.000000000000000000e+00 0.000000000000000000e+00 0.000000000000000000e+00
0.000000000000000000e+00 0.000000000000000000e+00 0.000000000000000000e+00 0.000000000000000000e+00 0.000000000000000000e+00
0.000000000000000000e+00 0.000000000000000000e+00 0.000000000000000000e+00 0.000000000000000000e+00 0.000000000000000000e+00
0.000000000000000000e+00 0.000000000000000000e+00 0.000000000000000000e+00 0.000000000000000000e+00 0.000000000000000000e+00
0.000000000000000000e+00 0.000000000000000000e+00 0.000000000000000000e+00 0.000000000000000000e+00 0.000000000000000000e+00
0.000000000000000000e+00 0.000000000000000000e+00 0.000000000000000000e+00 0.000000000000000000e+00 0.000000000000000000e+00
0.000000000000000000e+00 0.000000000000000000e+00 0.000000000000000000e+00 0.000000000000000000e+00 0.000000000000000000e+00
0.000000000000000000e+00 0.000000000000000000e+00 0.000000000000000000e+00 0.000000000000000000e+00 0.000000000000000000e+00
0.000000000000000000e+00 0.000000000000000000e+00 0.000000000000000000e+00 0.000000000000000000e+00 0.000000000000000000e+00
0.000000000000000000e+00 0.000000000000000000e+00 0.000000000000000000e+00 0.000000000000000000e+00 0.000000000000000000e+00
0.000000000000000000e+00 0.000000000000000000e+00 0.000000000000000000e+00 0.000000000000000000e+00 0.000000000000000000e+00
0.000000000000000000e+00 0.000000000000000000e+00 0.000000000000000000e+00 0.000000000000000000e+00 0.000000000000000000e+00
0.000000000000000000e+00 0.000000000000000000e+00 0.000000000000000000e+00 0.000000000000000000e+00 0.000000000000000000e+00
0.000000000000000000e+00 0.000000000000000000e+00 0.000000000000000000e+00 0.000000000000000000e+00 0.000000000000000000e+00
0.000000000000000000e+00 0.000000000000000000e+00 0.000000000000000000e+00 0.000000000000000000e+00 0.000000000000000000e+00
0.000000000000000000e+00 0.000000000000000000e+00 0.000000000000000000e+00 0.000000000000000000e+00 0.000000000000000000e+00
0.000000000000000000e+00 0.000000000000000000e+00 0.000000000000000000e+00 0.000000000000000000e+00 0.000000000000000000e+00
0.000000000000000000e+00 0.000000000000000000e+00 0.000000000000000000e+00 0.000000000000000000e+00 0.000000000000000000e+00
0.000000000000000000e+00 0.000000000000000000e+00 0.000000000000000000e+00 0.000000000000000000e+00 0.000000000000000000e+00
0.000000000000000000e+00 0.000000000000000000e+00 0.000000000000000000e+00 0.000000000000000000e+00 0.000000000000000000e+00
0.000000000000000000e+00 0.000000000000000000e+00 0.000000000000000000e+00 0.000000000000000000e+00 0.000000000000000000e+00
0.000000000000000000e+00 0.000000000000000000e+00 0.000000000000000000e+00 0.000000000000000000e+00 0.000000000000000000e+00
0.000000000000000000e+00 0.000000000000000000e+00 0.000000000000000000e+00 0.000000000000000000e+00 0.000000000000000000e+00
0.000000000000000000e+00 0.000000000000000000e+00 0.000000000000000000e+00 0.000000000000000000e+00 0.000000000000000000e+00
0.000000000000000000e+00 0.000000000000000000e+00 0.000000000000000000e+00 0.000000000000000000e+00 0.000000000000000000e+00
0.000000000000000000e+00 0.000000000000000000e+00 0.000000000000000000e+00 0.000000000000000000e+00 0.000000000000000000e+00
0.000000000000000000e+00 0.000000000000000000e+00 0.000000000000000000e+00 0.000000000000000000e+00 0.000000000000000000e+00
0.000000000000000000e+00 0.000000000000000000e+00 0.000000000000000000e+00 0.000000000000000000e+00 0.000000000000000000e+00
0.000000000000000000e+00 0.000000000000000000e+00 0.000000000000000000e+00 0.000000000000000000e+00 0.000000000000000000e+00
0.000000000000000000e+00 0.000000000000000000e+00 0.000000000000000000e+00 0.000000000000000000e+00 0.000000000000000000e+00
0.000000000000000000e+00 0.000000000000000000e+00 0.000000000000000000e+00 0.000000000000000000e+00 0.000000000000000000e+00
0.000000000000000000e+00 0.000000000000000000e+00 0.000000000000000000e+00 0.000000000000000000e+00 0.000000000000000000e+00
0.000000000000000000e+00 0.000000000000000000e+00 0.000000000000000000e+00 0.000000000000000000e+00 0.000000000000000000e+00
0.000000000000000000e+00 0.000000000000000000e+00 0.000000000000000000e+00 0.000000000000000000e+00 0.000000000000000000e+00
0.000000000000000000e+00 0.000000000000000000e+00 0.000000000000000000e+00 0.000000000000000000e+00 0.000000000000000000e+00
0.000000000000000000e+00 0.000000000000000000e+00 0.000000000000000000e+00 0.000000000000000000e+00 0.000000000000000000e+00
0.000000000000000000e+00 0.000000000000000000e+00 0.000000000000000000e+00 0.000000000000000000e+00 0.000000000000000000e+00
0.000000000000000000e+00 0.000000000000000000e+00 0.000000000000000000e+00 0.000000000000000000e+00 0.000000000000000000e+00
0.000000000000000000e+00 0.000000000000000000e+00 0.000000000000000000e+00 0.000000000000000000e+00 0.000000000000000000e+00
0.000000000000000000e+00 0.000000000000000000e+00 0.000000000000000000e+00 0.000000000000000000e+00 0.000000000000000000e+00
0.000000000000000000e+00 0.000000000000000000e+00 0.000000000000000000e+00 0.000000000000000000e+00 0.000000000000000000e+00
0.000000000000000000e+00 0.000000000000000000e+00 0.000000000000000000e+00 0.000000000000000000e+00 0.000000000000000000e+00
0.000000000000000000e+00 0.000000000000000000e+00 0.000000000000000000e+00 0.000000000000000000e+00 0.000000000000000000e+00
0.000000000000000000e+00 0.000000000000000000e+00 0.000000000000000000e+00 0.000000000000000000e+00 0.000000000000000000e+00
0.000000000000000000e+00 0.000000000000000000e+00 0.000000000000000000e+00 0.000000000000000000e+00 0.000000000000000000e+00
0.000000000000000000e+00 0.000000000000000000e+00 0.000000000000000000e+00 0.000000000000000000e+00 0.000000000000000000e+00
0.000000000000000000e+00 0.000000000000000000e+00 0.000000000000000000e+00 0.000000000000000000e+00 0.000000000000000000e+00
0.000000000000000000e+00 0.000000000000000000e+00 0.000000000000000000e+00 0.000000000000000000e+00 0.000000000000000000e+00
0.000000000000000000e+00 0.000000000000000000e+00 0.000000000000000000e+00 0.000000000000000000e+00 0.000000000000000000e+00
0.000000000000000000e+00 0.000000000000000000e+00 0.000000000000000000e+00 0.000000000000000000e+00 0.000000000000000000e+00
0.000000000000000000e+00 0.000000000000000000e+00 0.000000000000000000e+00 0.000000000000000000e+00 0.000000000000000000e+00
0.000000000000000000e+00 0.000000000000000000e+00 0.000000000000000000e+00 0.000000000000000000e+00 0.000000000000000000e+00
0.000000000000000000e+00 0.000000000000000000e+00 0.000000000000000000e+00 0.000000000000000000e+00 0.000000000000000000e+00
0.000000000000000000e+00 0.000000000000000000e+00 0.000000000000000000e+00 0.000000000000000000e+00 0.000000000000000000e+00
0.000000000000000000e+00 0.000000000000000000e+00 0.000000000000000000e+00 0.000000000000000000e+00 0.000000000000000000e+00
0.000000000000000000e+00 0.000000000000000000e+00 0.000000000000000000e+00 0.000000000000000000e+00 0.000000000000000000e+00
0.000000000000000000e+00 0.000000000000000000e+00 0.000000000000000000e+00 0.000000000000000000e+00 0.000000000000000000e+00
0.000000000000000000e+00 0.000000000000000000e+00 0.000000000000000000e+00 0.000000000000000000e+00 0.000000000000000000e+00
0.000000000000000000e+00 0.000000000000000000e+00 0.000000000000000000e+00 0.000000000000000000e+00 0.000000000000000000e+00
0.000000000000000000e+00 0.000000000000000000e+00 0.000000000000000000e+00 0.000000000000000000e+00 0.000000000000000000e+00
0.000000000000000000e+00 0.000000000000000000e+00 0.000000000000000000e+00 0.000000000000000000e+00 0.000000000000000000e+00
0.000000000000000000e+00 0.000000000000000000e+00 0.000000000000000000e+00 0.000000000000000000e+00 0.000000000000000000e+00
0.000000000000000000e+00 0.000000000000000000e+00 0.000000000000000000e+00 0.000000000000000000e+00 0.000000000000000000e+00
0.000000000000000000e+00 0.000000000000000000e+00 0.000000000000000000e+00 0.000000000000000000e+00 0.000000000000000000e+00
0.000000000000000000e+00 0.000000000000000000e+00 0.000000000000000000e+00 0.000000000000000000e+00 0.000000000000000000e+00
0.000000000000000000e+00 0.000000000000000000e+00 0.000000000000000000e+00 0.000000000000000000e+00 0.000000000000000000e+00
0.000000000000000000e+00 0.000000000000000000e+00 0.000000000000000000e+00 0.000000000000000000e+00 0.000000000000000000e+00
0.000000000000000000e+00 0.000000000000000000e+00 0.000000000000000000e+00 0.000000000000000000e+00 0.000000000000000000e+00
0.000000000000000000e+00 0.000000000000000000e+00 0.000000000000000000e+00 0.000000000000000000e+00 0.000000000000000000e+00
0.000000000000000000e+00 0.000000000000000000e+00 0.000000000000000000e+00 0.000000000000000000e+00 0.000000000000000000e+00
0.000000000000000000e+00 0.000000000000000000e+00 0.000000000000000000e+00 0.000000000000000000e+00 0.000000000000000000e+00
0.000000000000000000e+00 0.000000000000000000e+00 0.000000000000000000e+00 0.000000000000000000e+00 0.000000000000000000e+00
0.000000000000000000e+00 0.000000000000000000e+00 0.000000000000000000e+00 0.000000000000000000e+00 0.000000000000000000e+00
0.000000000000000000e+00 0.000000000000000000e+00 0.000000000000000000e+00 0.000000000000000000e+00 0.000000000000000000e+00
0.000000000000000000e+00 0.000000000000000000e+00 0.000000000000000000e+00 0.000000000000000000e+00 0.000000000000000000e+00
0.000000000000000000e+00 0.000000000000000000e+00 0.000000000000000000e+00 0.000000000000000000e+00 0.000000000000000000e+00
0.000000000000000000e+00 0.000000000000000000e+00 0.000000000000000000e+00 0.000000000000000000e+00 0.000000000000000000e+00
0.000000000000000000e+00 0.000000000000000000e+00 0.000000000000000000e+00 0.000000000000000000e+00 0.000000000000000000e+00
0.000000000000000000e+00 0.000000000000000000e+00 0.000000000000000000e+00 0.000000000000000000e+00 0.000000000000000000e+00
0.000000000000000000e+00 0.000000000000000000e+00 0.000000000000000000e+00 0.000000000000000000e+00 0.000000000000000000e+00
0.000000000000000000e+00 0.000000000000000000e+00 0.000000000000000000e+00 0.000000000000000000e+00 0.000000000000000000e+00
0.000000000000000000e+00 0.000000000000000000e+00 0.000000000000000000e+00 0.000000000000000000e+00 0.000000000000000000e+00
0.000000000000000000e+00 0.000000000000000000e+00 0.000000000000000000e+00 0.000000000000000000e+00 0.000000000000000000e+00
0.000000000000000000e+00 0.000000000000000000e+00 0.000000000000000000e+00 0.000000000000000000e+00 0.000000000000000000e+00
0.000000000000000000e+00 0.000000000000000000e+00 0.000000000000000000e+00 0.000000000000000000e+00 0.000000000000000000e+00
0.000000000000000000e+00 0.000000000000000000e+00 0.000000000000000000e+00 0.000000000000000000e+00 0.000000000000000000e+00
0.000000000000000000e+00 0.000000000000000000e+00 0.000000000000000000e+00 0.000000000000000000e+00 0.000000000000000000e+00
0.000000000000000000e+00 0.000000000000000000e+00 0.000000000000000000e+00 0.000000000000000000e+00 0.000000000000000000e+00
0.000000000000000000e+00 0.000000000000000000e+00 0.000000000000000000e+00 0.000000000000000000e+00 0.000000000000000000e+00
0.000000000000000000e+00 0.000000000000000000e+00 0.000000000000000000e+00 0.000000000000000000e+00 0.000000000000000000e+00
0.000000000000000000e+00 0.000000000000000000e+00 0.000000000000000000e+00 0.000000000000000000e+00 0.000000000000000000e+00
0.000000000000000000e+00 0.000000000000000000e+00 0.000000000000000000e+00 0.000000000000000000e+00 0.000000000000000000e+00
0.000000000000000000e+00 0.000000000000000000e+00 0.000000000000000000e+00 0.000000000000000000e+00 0.000000000000000000e+00
0.000000000000000000e+00 0.000000000000000000e+00 0.000000000000000000e+00 0.000000000000000000e+00 0.000000000000000000e+00
0.000000000000000000e+00 0.000000000000000000e+00 0.000000000000000000e+00 0.000000000000000000e+00 0.000000000000000000e+00
0.000000000000000000e+00 0.000000000000000000e+00 0.000000000000000000e+00 0.000000000000000000e+00 0.000000000000000000e+00
0.000000000000000000e+00 0.000000000000000000e+00 0.000000000000000000e+00 0.000000000000000000e+00 0.000000000000000000e+00
0.000000000000000000e+00 0.000000000000000000e+00 0.000000000000000000e+00 0.000000000000000000e+00 0.000000000000000000e+00
0.000000000000000000e+00 0.000000000000000000e+00 0.000000000000000000e+00 0.000000000000000000e+00 0.000000000000000000e+00
0.000000000000000000e+00 0.000000000000000000e+00 0.000000000000000000e+00 0.000000000000000000e+00 0.000000000000000000e+00
0.000000000000000000e+00 0.000000000000000000e+00 0.000000000000000000e+00 0.000000000000000000e+00 0.000000000000000000e+00
0.000000000000000000e+00 0.000000000000000000e+00 0.000000000000000000e+00 0.000000000000000000e+00 0.000000000000000000e+00
0.000000000000000000e+00 0.000000000000000000e+00 0.000000000000000000e+00 0.000000000000000000e+00 0.000000000000000000e+00
0.000000000000000000e+00 0.000000000000000000e+00 0.000000000000000000e+00 0.000000000000000000e+00 0.000000000000000000e+00
0.000000000000000000e+00 0.000000000000000000e+00 0.000000000000000000e+00 0.000000000000000000e+00 0.000000000000000000e+00
0.000000000000000000e+00 0.000000000000000000e+00 0.000000000000000000e+00 0.000000000000000000e+00 0.000000000000000000e+00
0.000000000000000000e+00 0.000000000000000000e+00 0.000000000000000000e+00 0.000000000000000000e+00 0.000000000000000000e+00
0.000000000000000000e+00 0.000000000000000000e+00 0.000000000000000000e+00 0.000000000000000000e+00 0.000000000000000000e+00
0.000000000000000000e+00 0.000000000000000000e+00 0.000000000000000000e+00 0.000000000000000000e+00 0.000000000000000000e+00
0.000000000000000000e+00 0.000000000000000000e+00 0.000000000000000000e+00 0.000000000000000000e+00 0.000000000000000000e+00
0.000000000000000000e+00 0.000000000000000000e+00 0.000000000000000000e+00 0.000000000000000000e+00 0.000000000000000000e+00
0.000000000000000000e+00 0.000000000000000000e+00 0.000000000000000000e+00 0.000000000000000000e+00 0.000000000000000000e+00
0.000000000000000000e+00 0.000000000000000000e+00 0.000000000000000000e+00 0.000000000000000000e+00 0.000000000000000000e+00
0.000000000000000000e+00 0.000000000000000000e+00 0.000000000000000000e+00 0.000000000000000000e+00 0.000000000000000000e+00
0.000000000000000000e+00 0.000000000000000000e+00 0.000000000000000000e+00 0.000000000000000000e+00 0.000000000000000000e+00
0.000000000000000000e+00 0.000000000000000000e+00 0.000000000000000000e+00 0.000000000000000000e+00 0.000000000000000000e+00
0.000000000000000000e+00 0.000000000000000000e+00 0.000000000000000000e+00 0.000000000000000000e+00 0.000000000000000000e+00
0.000000000000000000e+00 0.000000000000000000e+00 0.000000000000000000e+00 0.000000000000000000e+00 0.000000000000000000e+00
0.000000000000000000e+00 0.000000000000000000e+00 0.000000000000000000e+00 0.000000000000000000e+00 0.000000000000000000e+00
0.000000000000000000e+00 0.000000000000000000e+00 0.000000000000000000e+00 0.000000000000000000e+00 0.000000000000000000e+00
0.000000000000000000e+00 0.000000000000000000e+00 0.000000000000000000e+00 0.000000000000000000e+00 0.000000000000000000e+00
0.000000000000000000e+00 0.000000000000000000e+00 0.000000000000000000e+00 0.000000000000000000e+00 0.000000000000000000e+00
0.000000000000000000e+00 0.000000000000000000e+00 0.000000000000000000e+00 0.000000000000000000e+00 0.000000000000000000e+00
0.000000000000000000e+00 0.000000000000000000e+00 0.000000000000000000e+00 0.000000000000000000e+00 0.000000000000000000e+00
0.000000000000000000e+00 0.000000000000000000e+00 0.000000000000000000e+00 0.000000000000000000e+00 0.000000000000000000e+00
0.000000000000000000e+00 0.000000000000000000e+00 0.000000000000000000e+00 0.000000000000000000e+00 0.000000000000000000e+00
0.000000000000000000e+00 0.000000000000000000e+00 0.000000000000000000e+00 0.000000000000000000e+00 0.000000000000000000e+00
0.000000000000000000e+00 0.000000000000000000e+00 0.000000000000000000e+00 0.000000000000000000e+00 0.000000000000000000e+00
0.000000000000000000e+00 0.000000000000000000e+00 0.000000000000000000e+00 0.000000000000000000e+00 0.000000000000000000e+00
0.000000000000000000e+00 0.000000000000000000e+00 0.000000000000000000e+00 0.000000000000000000e+00 0.000000000000000000e+00
0.000000000000000000e+00 0.000000000000000000e+00 0.000000000000000000e+00 0.000000000000000000e+00 0.000000000000000000e+00
0.000000000000000000e+00 0.000000000000000000e+00 0.000000000000000000e+00 0.000000000000000000e+00 0.000000000000000000e+00
0.000000000000000000e+00 0.000000000000000000e+00 0.000000000000000000e+00 0.000000000000000000e+00 0.000000000000000000e+00
0.000000000000000000e+00 0.000000000000000000e+00 0.000000000000000000e+00 0.000000000000000000e+00 0.000000000000000000e+00
0.000000000000000000e+00 0.000000000000000000e+00 0.000000000000000000e+00 0.000000000000000000e+00 0.000000000000000000e+00
0.000000000000000000e+00 0.000000000000000000e+00 0.000000000000000000e+00 0.000000000000000000e+00 0.000000000000000000e+00
0.000000000000000000e+00 0.000000000000000000e+00 0.000000000000000000e+00 0.000000000000000000e+00 0.000000000000000000e+00
0.000000000000000000e+00 0.000000000000000000e+00 0.000000000000000000e+00 0.000000000000000000e+00 0.000000000000000000e+00
0.000000000000000000e+00 0.000000000000000000e+00 0.000000000000000000e+00 0.000000000000000000e+00 0.000000000000000000e+00
0.000000000000000000e+00 0.000000000000000000e+00 0.000000000000000000e+00 0.000000000000000000e+00 0.000000000000000000e+00
0.000000000000000000e+00 0.000000000000000000e+00 0.000000000000000000e+00 0.000000000000000000e+00 0.000000000000000000e+00
0.000000000000000000e+00 0.000000000000000000e+00 0.000000000000000000e+00 0.000000000000000000e+00 0.000000000000000000e+00
0.000000000000000000e+00 0.000000000000000000e+00 0.000000000000000000e+00 0.000000000000000000e+00 0.000000000000000000e+00
0.000000000000000000e+00 0.000000000000000000e+00 0.000000000000000000e+00 0.000000000000000000e+00 0.000000000000000000e+00
0.000000000000000000e+00 0.000000000000000000e+00 0.000000000000000000e+00 0.000000000000000000e+00 0.000000000000000000e+00
0.000000000000000000e+00 0.000000000000000000e+00 0.000000000000000000e+00 0.000000000000000000e+00 0.000000000000000000e+00
0.000000000000000000e+00 0.000000000000000000e+00 0.000000000000000000e+00 0.000000000000000000e+00 0.000000000000000000e+00
0.000000000000000000e+00 0.000000000000000000e+00 0.000000000000000000e+00 0.000000000000000000e+00 0.000000000000000000e+00
0.000000000000000000e+00 0.000000000000000000e+00 0.000000000000000000e+00 0.000000000000000000e+00 0.000000000000000000e+00
0.000000000000000000e+00 0.000000000000000000e+00 0.000000000000000000e+00 0.000000000000000000e+00 0.000000000000000000e+00
0.000000000000000000e+00 0.000000000000000000e+00 0.000000000000000000e+00 0.000000000000000000e+00 0.000000000000000000e+00
0.000000000000000000e+00 0.000000000000000000e+00 0.000000000000000000e+00 0.000000000000000000e+00 0.000000000000000000e+00
-3.563852308531774906e+05 -3.558725391250490211e+05 -3.553108205448970548e+05 -3.552550004367384245e+05 -3.556648960818849737e+05
-3.564282150147380889e+05 -3.560791711650798097e+05 -3.554295164232930401e+05 -3.552022506253216998e+05 -3.554992657574843033e+05
-3.563972171848245780e+05 -3.562660750483685406e+05 -3.555992514449968585e+05 -3.551987359054647386e+05 -3.553552233492585947e+05
-3.562972594237625017e+05 -3.564058044510636828e+05 -3.558074781453852192e+05 -3.552513368455708260e+05 -3.552427089931897353e+05
-3.561430014067319571e+05 -3.564763996441772906e+05 -3.560327948979124194e+05 -3.553637703669061302e+05 -3.551707990571472328e+05
-3.559544225701139076e+05 -3.564666458456470282e+05 -3.562467315353369922e+05 -3.555338257904925849e+05 -3.551483685470932396e+05
-3.557521837112181238e+05 -3.563785718798711314e+05 -3.564182535118436790e+05 -3.557506549672907568e+05 -3.551837248890080955e+05
-3.555543639449960319e+05 -3.562260777810309082e+05 -3.565202618853583117e+05 -3.559933858211834449e+05 -3.552828683795060497e+05
-3.553752875217340188e+05 -3.560304094362942269e+05 -3.565361799846542417e+05 -3.562322670327402302e+05 -3.554465322307716124e+05
-3.552261605117624858e+05 -3.558146264385116519e+05 -3.564640483392747701e+05 -3.564329671708184760e+05 -3.556668147797324345e+05
-3.551166681330484571e+05 -3.555992927461850923e+05 -3.563162456436514040e+05 -3.565635737929364550e+05 -3.559247808305945364e+05
-3.550565336684013018e+05 -3.554005655128804501e+05 -3.561150087032294832e+05 -3.566024198750542710e+05 -3.561905403583380976e+05
-3.550561197146829218e+05 -3.552305874713154044e+05 -3.558859931991894264e+05 -3.565437522316654795e+05 -3.564268505708878511e+05
-3.551253675156011595e+05 -3.550992892338922829e+05 -3.556527061943254666e+05 -3.563985891724001849e+05 -3.565962428663946339e+05
-3.552708060024265433e+05 -3.550164634368515690e+05 -3.554336037737058359e+05 -3.561903272038039868e+05 -3.566700945102859405e+05
-3.554911276091554901e+05 -3.549930342836342752e+05 -3.552420571810989641e+05 -3.559473837578210514e+05 -3.566364131470511784e+05
-3.557727626406609779e+05 -3.550406262116433936e+05 -3.550882773920113104e+05 -3.556963284346900764e+05 -3.565027234785435139e+05
-3.560874943050242146e+05 -3.551688937033787952e+05 -3.549819039666401804e+05 -3.554579621194100473e+05 -3.562924928692674148e+05
-3.563940279777706601e+05 -3.553808105560216936e+05 -3.549340128446501913e+05 -3.552468610450960114e+05 -3.560370132700874819e+05
-3.566445438095036661e+05 -3.556672096018560114e+05 -3.549574648281962145e+05 -3.550734368706701789e+05 -3.557668369351454894e+05
-3.567956090788528672e+05 -3.560028051211074926e+05 -3.550647880399127025e+05 -3.549470330732210423e+05 -3.555062371273963945e+05
-3.568203305388458539e+05 -3.563460935975611792e+05 -3.552634307559129666e+05 -3.548786357075199485e+05 -3.552718492553262040e+05
-3.567164444053683546e+05 -3.566448017879537656e+05 -3.555494031482214341e+05 -3.548819632590112160e+05 -3.550746290031372337e+05
-3.565058290460230783e+05 -3.568470257556307479e+05 -3.559016219084325130e+05 -3.549719061756224837e+05 -3.549234357805034379e+05
-3.562255482098197099e+05 -3.569155449105661828e+05 -3.562798254993804730e+05 -3.551598202545245877e+05 -3.548285876607076498e+05
-3.559154824858247302e+05 -3.568395555916656158e+05 -3.566284026360978605e+05 -3.554463987005158560e+05 -3.548039809570509824e+05
-3.556086108839490335e+05 -3.566373655153489090e+05 -3.568871254998215591e+05 -3.558144702251650160e+05 -3.548665248525882489e+05
-3.553270659037167206e+05 -3.563481054221150698e+05 -3.570072089928610949e+05 -3.562250380945619545e+05 -3.550319806271945126e+05
-3.550835231662389706e+05 -3.560173284759913804e+05 -3.569670163470669067e+05 -3.566195377488639788e+05 -3.553073947369870148e+05
-3.548856890823686263e+05 -3.556842400177126401e+05 -3.567790569895649678e+05 -3.569300513578406535e+05 -3.556822275282219052e+05
-3.547415823235310381e+05 -3.553754660020591691e+05 -3.564834749570959830e+05 -3.570968287893155939e+05 -3.561218717570047593e+05
-3.546638216191721731e+05 -3.551055858560952474e+05 -3.561318662817227887e+05 -3.570877621589829214e+05 -3.565673107935601729e+05
-3.546713798878642265e+05 -3.548819117249278352e+05 -3.557708775473139249e+05 -3.569097974233632558e+05 -3.569435541055662907e+05
-3.547872319955779240e+05 -3.547106983283818117e+05 -3.554329192656344967e+05 -3.566044290875945007e+05 -3.571775546694580116e+05
-3.550308564276696416e+05 -3.546026963721460197e+05 -3.551353588663552655e+05 -3.562297305206335732e+05 -3.572216299323846470e+05
-3.554066239004842355e+05 -3.545764208554317011e+05 -3.548854425208251923e+05 -3.558401070534841856e+05 -3.570714025214172434e+05
-3.558920981598092476e+05 -3.546573646806412144e+05 -3.546874529166189604e+05 -3.554738180305701098e+05 -3.567661409885434550e+05
-3.564316792862950242e+05 -3.548714365983941243e+05 -3.545495797809688956e+05 -3.551508929299567244e+05 -3.563702971460813424e+05
-3.569400238449229510e+05 -3.552326219378905371e+05 -3.544887908660974936e+05 -3.548783507075617090e+05 -3.559484737216814538e+05
-3.573183819821563666e+05 -3.557284849261065247e+05 -3.545318837789916433e+05 -3.546584024096119101e+05 -3.555478822845553514e+05
-3.574839577562268241e+05 -3.563098146763468394e+05 -3.547104479220291832e+05 -3.544965996367870830e+05 -3.551935876399905537e+05
-3.574023997889257735e+05 -3.568900375507617136e+05 -3.550484973762726295e+05 -3.544081417051590397e+05 -3.548934972768978332e+05
-3.571027980622317409e+05 -3.573585801558996318e+05 -3.555454369043796905e+05 -3.544205736049767584e+05 -3.546476391678160871e+05
-3.566618650013836450e+05 -3.576109823282203870e+05 -3.561613177725196583e+05 -3.545702345178165706e+05 -3.544578004640004947e+05
-3.561683633696936886e+05 -3.575892439399725990e+05 -3.568115188531971071e+05 -3.548900721732389065e+05 -3.543355388535592938e+05
-3.556920710335019394e+05 -3.573089994094244903e+05 -3.573759376096302294e+05 -3.553903427457450307e+05 -3.543070219491884345e+05
-3.552713439338302123e+05 -3.568500900485774036e+05 -3.577278189418750117e+05 -3.560396355914481683e+05 -3.544119895731591387e+05
-3.549172056295926450e+05 -3.563161438263130258e+05 -3.577807911834157421e+05 -3.567550766225451371e+05 -3.546932099112240248e+05
-3.546252834142580978e+05 -3.557934286547409720e+05 -3.575307071765452856e+05 -3.574076560182147077e+05 -3.551757906584867742e+05
-3.543888622875731671e+05 -3.553313598631939385e+05 -3.570571712419407559e+05 -3.578494582546788733e+05 -3.558432516469181865e+05
-3.542102460658945492e+05 -3.549449065091557568e+05 -3.564798801872321055e+05 -3.579665752850954304e+05 -3.566214464233745239e+05
-3.541095468514744425e+05 -3.546280324281602516e+05 -3.559051361310613574e+05 -3.577357818752006278e+05 -3.573777409887810936e+05
-3.541289569164969726e+05 -3.543689669291040627e+05 -3.553965890418866184e+05 -3.572379943840645137e+05 -3.579428442652661470e+05
-3.543274327571480535e+05 -3.541634976368162897e+05 -3.549748783173603588e+05 -3.566110092508525122e+05 -3.581658408303881879e+05
-3.547600462997217546e+05 -3.540257482290528715e+05 -3.546327795679886476e+05 -3.559821917503572186e+05 -3.579887912394054001e+05
-3.554447789364657365e+05 -3.539954514327578363e+05 -3.543531942449904163e+05 -3.554289201133478782e+05 -3.574828837615029770e+05
-3.563319712533325655e+05 -3.541368923088991432e+05 -3.541246122114113532e+05 -3.549761988424738520e+05 -3.568043024598553893e+05
-3.572897776748118922e+05 -3.545211532581608626e+05 -3.539537440724826301e+05 -3.546144774191257893e+05 -3.561093082003162708e+05
-3.581119038517713780e+05 -3.551896286930738715e+05 -3.538755492946327431e+05 -3.543208810362364165e+05 -3.554972376318997703e+05
-3.585680243211580091e+05 -3.561141717703279573e+05 -3.539568605830526794e+05 -3.540768751822091290e+05 -3.550024562580892816e+05
-3.585122970982806291e+05 -3.571730483460880350e+05 -3.542834375529138488e+05 -3.538824377567676129e+05 -3.546147936694848468e+05
-3.579825491259800037e+05 -3.581484912658510730e+05 -3.549222793264624197e+05 -3.537682541071609594e+05 -3.543051560700256960e+05
-3.571771404925407842e+05 -3.587661079317947151e+05 -3.558717829760914319e+05 -3.538033666759566404e+05 -3.540462088336101733e+05
-3.563255920291077928e+05 -3.588144121621794184e+05 -3.570261589452678454e+05 -3.540869576483392157e+05 -3.538282269615022815e+05
-3.555816212620245060e+05 -3.582913493205907289e+05 -3.581618616725001484e+05 -3.547100450126797077e+05 -3.536732633716710843e+05
-3.550001939278407372e+05 -3.574137595058271545e+05 -3.589611429922947427e+05 -3.556954555069101043e+05 -3.536474029572613654e+05
-3.545672810734150698e+05 -3.564623078634884441e+05 -3.591347687291824259e+05 -3.569499693058550474e+05 -3.538605045089424239e+05
-3.542384047674658359e+05 -3.556322023433897411e+05 -3.586239608407743508e+05 -3.582401792964756023e+05 -3.544324566589116002e+05
-3.539669914644295350e+05 -3.549950847998728277e+05 -3.576623036219987553e+05 -3.592004990641864133e+05 -3.554234164380293223e+05
-3.537231599714084296e+05 -3.545353997247119551e+05 -3.565937266330092680e+05 -3.594606277521967422e+05 -3.567681860733854701e+05
-3.535101985382658313e+05 -3.541991687817537459e+05 -3.556651990248219226e+05 -3.589124388842088520e+05 -3.582378480782714905e+05
-3.533840568687180057e+05 -3.539281457860151422e+05 -3.549676570474712644e+05 -3.578269185998595203e+05 -3.594225204714945867e+05
-3.534701626222531777e+05 -3.536801853858575341e+05 -3.544822320748821949e+05 -3.566261248164741555e+05 -3.598418410814653616e+05
-3.539471747249850887e+05 -3.534459463328744168e+05 -3.541430751862637117e+05 -3.556062999763853732e+05 -3.592901665224172175e+05
-3.549625545682277298e+05 -3.532708444130992866e+05 -3.538788051006038440e+05 -3.548662912377988105e+05 -3.580650836088632932e+05
-3.565200284584150068e+05 -3.532816432706592022e+05 -3.536342683620385360e+05 -3.543740405744953314e+05 -3.566960585535669816e+05
-3.584026836387520889e+05 -3.536874902186620748e+05 -3.533866638576695113e+05 -3.540469961305788602e+05 -3.555549468421465135e+05
-3.600852464118412463e+05 -3.546970440412442549e+05 -3.531689418151510763e+05 -3.537998101567813428e+05 -3.547563968634791672e+05
-3.607745108663028223e+05 -3.563738479157790425e+05 -3.531060261471906560e+05 -3.535656296173682786e+05 -3.542526963544819155e+05
-3.600112354472632287e+05 -3.585277586666456191e+05 -3.534383940778322285e+05 -3.533107126828088076e+05 -3.539404382742054295e+05
-3.582741910664565512e+05 -3.605649781873603351e+05 -3.544504554839334451e+05 -3.530594046593872481e+05 -3.537173244289099239e+05
-3.564576106781096896e+05 -3.614224545718678273e+05 -3.562901369994884590e+05 -3.529413528168811463e+05 -3.535021502084879321e+05
-3.550927065084541682e+05 -3.604030875602521119e+05 -3.588164185603847727e+05 -3.532417938597764005e+05 -3.532459467670557206e+05
-3.542578561921489891e+05 -3.582044823057391332e+05 -3.613376795734126354e+05 -3.543452170812820550e+05 -3.529561779949244810e+05
-3.538166628048212151e+05 -3.560680886480371701e+05 -3.623079014588496648e+05 -3.565176657847213792e+05 -3.527545924067238229e+05
-3.536009996650707908e+05 -3.546109390272034216e+05 -3.606529280444573378e+05 -3.597082013764554868e+05 -3.529711278952759458e+05
-3.534727775724608218e+05 -3.538268070505598444e+05 -3.576405040755853406e+05 -3.629814460971962544e+05 -3.541551276458671200e+05
-3.533246729401862249e+05 -3.534856989944147645e+05 -3.551154240599414916e+05 -3.634906602521042805e+05 -3.568959569791385438e+05
-3.530726973992053536e+05 -3.533741274579088786e+05 -3.537187761842746404e+05 -3.595877196907066391e+05 -3.619044188056332059e+05
-3.526685134211034747e+05 -3.532927111823920277e+05 -3.533229970024599461e+05 -3.546161207389413030e+05 -3.694915503706380259e+05
-3.525326406296377536e+05 -3.532416849112623604e+05 -3.532898307692219969e+05 -3.542687634536889382e+05 -3.695493951591323712e+05
-3.522590284408925800e+05 -3.531733115912167123e+05 -3.532611317658097250e+05 -3.539109950855182833e+05 -3.678976281760894344e+05
-3.519645108395339339e+05 -3.531105753887307364e+05 -3.532594184738327167e+05 -3.537046469827655237e+05 -3.650268345351555618e+05
-3.516363483342518448e+05 -3.530284712100088364e+05 -3.532599224121720181e+05 -3.536208759221449145e+05 -3.613690067791613983e+05
-3.513536311992573319e+05 -3.529053356117721414e+05 -3.532564151651586872e+05 -3.535919901885280269e+05 -3.580417773125292151e+05
-3.512834556288013700e+05 -3.526976297887318651e+05 -3.532175733087498229e+05 -3.535537761071776622e+05 -3.556062379145464511e+05
-3.518539803215026623e+05 -3.525111086281912867e+05 -3.532537651768348296e+05 -3.536007998459084192e+05 -3.542549422052584123e+05
-3.532839620969700627e+05 -3.522536046494799084e+05 -3.532789775524735451e+05 -3.536447882848163135e+05 -3.536009466426264262e+05
-3.559076645984854549e+05 -3.518294279349580756e+05 -3.532075555345792673e+05 -3.536155032752819243e+05 -3.532719549474531668e+05
-3.598873690509008593e+05 -3.513734985186996055e+05 -3.530810794192586909e+05 -3.535772197379879653e+05 -3.531782545374042820e+05
-3.648037918012551381e+05 -3.511443445549652679e+05 -3.529482541914926260e+05 -3.535911867364240461e+05 -3.532394085394560243e+05
-3.690229516594606685e+05 -3.514689884656488430e+05 -3.527218962265927694e+05 -3.535968275458099088e+05 -3.533203106578259030e+05
-3.687471076490713749e+05 -3.530446869537264574e+05 -3.523726491091910284e+05 -3.535857028096961440e+05 -3.534042828902093461e+05
-3.637031332228243118e+05 -3.563169433507022914e+05 -3.518432244588529575e+05 -3.534720199620073545e+05 -3.534285722624438349e+05
-3.583276141682910384e+05 -3.615159748498652480e+05 -3.513744523913058219e+05 -3.533510981808693614e+05 -3.535095986577883596e+05
-3.583276141682910384e+05 -3.615159748498652480e+05 -3.513744523913058219e+05 -3.533510981808693614e+05 -3.535095986577883596e+05
-3.583276141682910384e+05 -3.615159748498652480e+05 -3.513744523913058219e+05 -3.533510981808693614e+05 -3.535095986577883596e+05
-3.583276141682910384e+05 -3.615159748498652480e+05 -3.513744523913058219e+05 -3.533510981808693614e+05 -3.535095986577883596e+05
-3.583276141682910384e+05 -3.615159748498652480e+05 -3.513744523913058219e+05 -3.533510981808693614e+05 -3.535095986577883596e+05
-3.583276141682910384e+05 -3.615159748498652480e+05 -3.513744523913058219e+05 -3.533510981808693614e+05 -3.535095986577883596e+05
-3.583276141682910384e+05 -3.615159748498652480e+05 -3.513744523913058219e+05 -3.533510981808693614e+05 -3.535095986577883596e+05
-3.583276141682910384e+05 -3.615159748498652480e+05 -3.513744523913058219e+05 -3.533510981808693614e+05 -3.535095986577883596e+05
-3.583276141682910384e+05 -3.615159748498652480e+05 -3.513744523913058219e+05 -3.533510981808693614e+05 -3.535095986577883596e+05
-3.583276141682910384e+05 -3.615159748498652480e+05 -3.513744523913058219e+05 -3.533510981808693614e+05 -3.535095986577883596e+05
-3.583276141682910384e+05 -3.615159748498652480e+05 -3.513744523913058219e+05 -3.533510981808693614e+05 -3.535095986577883596e+05
-3.583276141682910384e+05 -3.615159748498652480e+05 -3.513744523913058219e+05 -3.533510981808693614e+05 -3.535095986577883596e+05
-3.583276141682910384e+05 -3.615159748498652480e+05 -3.513744523913058219e+05 -3.533510981808693614e+05 -3.535095986577883596e+05
-3.583276141682910384e+05 -3.615159748498652480e+05 -3.513744523913058219e+05 -3.533510981808693614e+05 -3.535095986577883596e+05
-3.583276141682910384e+05 -3.615159748498652480e+05 -3.513744523913058219e+05 -3.533510981808693614e+05 -3.535095986577883596e+05
-3.583276141682910384e+05 -3.615159748498652480e+05 -3.513744523913058219e+05 -3.533510981808693614e+05 -3.535095986577883596e+05
-3.583276141682910384e+05 -3.615159748498652480e+05 -3.513744523913058219e+05 -3.533510981808693614e+05 -3.535095986577883596e+05
-3.583276141682910384e+05 -3.615159748498652480e+05 -3.513744523913058219e+05 -3.533510981808693614e+05 -3.535095986577883596e+05
-3.583276141682910384e+05 -3.615159748498652480e+05 -3.513744523913058219e+05 -3.533510981808693614e+05 -3.535095986577883596e+05
-3.583276141682910384e+05 -3.615159748498652480e+05 -3.513744523913058219e+05 -3.533510981808693614e+05 -3.535095986577883596e+05
-3.583276141682910384e+05 -3.615159748498652480e+05 -3.513744523913058219e+05 -3.533510981808693614e+05 -3.535095986577883596e+05
-3.583276141682910384e+05 -3.615159748498652480e+05 -3.513744523913058219e+05 -3.533510981808693614e+05 -3.535095986577883596e+05
-3.583276141682910384e+05 -3.615159748498652480e+05 -3.513744523913058219e+05 -3.533510981808693614e+05 -3.535095986577883596e+05
-3.583276141682910384e+05 -3.615159748498652480e+05 -3.513744523913058219e+05 -3.533510981808693614e+05 -3.535095986577883596e+05
-3.583276141682910384e+05 -3.615159748498652480e+05 -3.513744523913058219e+05 -3.533510981808693614e+05 -3.535095986577883596e+05
-3.583276141682910384e+05 -3.615159748498652480e+05 -3.513744523913058219e+05 -3.533510981808693614e+05 -3.535095986577883596e+05
-3.583276141682910384e+05 -3.615159748498652480e+05 -3.513744523913058219e+05 -3.533510981808693614e+05 -3.535095986577883596e+05
-3.583276141682910384e+05 -3.615159748498652480e+05 -3.513744523913058219e+05 -3.533510981808693614e+05 -3.535095986577883596e+05
-3.583276141682910384e+05 -3.615159748498652480e+05 -3.513744523913058219e+05 -3.533510981808693614e+05 -3.535095986577883596e+05
-3.583276141682910384e+05 -3.615159748498652480e+05 -3.513744523913058219e+05 -3.533510981808693614e+05 -3.535095986577883596e+05
-3.583276141682910384e+05 -3.615159748498652480e+05 -3.513744523913058219e+05 -3.533510981808693614e+05 -3.535095986577883596e+05
-3.583276141682910384e+05 -3.615159748498652480e+05 -3.513744523913058219e+05 -3.533510981808693614e+05 -3.535095986577883596e+05
-3.583276141682910384e+05 -3.615159748498652480e+05 -3.513744523913058219e+05 -3.533510981808693614e+05 -3.535095986577883596e+05
-3.583276141682910384e+05 -3.615159748498652480e+05 -3.513744523913058219e+05 -3.533510981808693614e+05 -3.535095986577883596e+05
-3.583276141682910384e+05 -3.615159748498652480e+05 -3.513744523913058219e+05 -3.533510981808693614e+05 -3.535095986577883596e+05
-3.583276141682910384e+05 -3.615159748498652480e+05 -3.513744523913058219e+05 -3.533510981808693614e+05 -3.535095986577883596e+05
-3.583276141682910384e+05 -3.615159748498652480e+05 -3.513744523913058219e+05 -3.533510981808693614e+05 -3.535095986577883596e+05
-3.583276141682910384e+05 -3.615159748498652480e+05 -3.513744523913058219e+05 -3.533510981808693614e+05 -3.535095986577883596e+05
-3.583276141682910384e+05 -3.615159748498652480e+05 -3.513744523913058219e+05 -3.533510981808693614e+05 -3.535095986577883596e+05
-3.583276141682910384e+05 -3.615159748498652480e+05 -3.513744523913058219e+05 -3.533510981808693614e+05 -3.535095986577883596e+05
-3.583276141682910384e+05 -3.615159748498652480e+05 -3.513744523913058219e+05 -3.533510981808693614e+05 -3.535095986577883596e+05
-3.583276141682910384e+05 -3.615159748498652480e+05 -3.513744523913058219e+05 -3.533510981808693614e+05 -3.535095986577883596e+05
-3.583276141682910384e+05 -3.615159748498652480e+05 -3.513744523913058219e+05 -3.533510981808693614e+05 -3.535095986577883596e+05
-3.583276141682910384e+05 -3.615159748498652480e+05 -3.513744523913058219e+05 -3.533510981808693614e+05 -3.535095986577883596e+05
-3.583276141682910384e+05 -3.615159748498652480e+05 -3.513744523913058219e+05 -3.533510981808693614e+05 -3.535095986577883596e+05
-3.583276141682910384e+05 -3.615159748498652480e+05 -3.513744523913058219e+05 -3.533510981808693614e+05 -3.535095986577883596e+05
-3.583276141682910384e+05 -3.615159748498652480e+05 -3.513744523913058219e+05 -3.533510981808693614e+05 -3.535095986577883596e+05
-3.583276141682910384e+05 -3.615159748498652480e+05 -3.513744523913058219e+05 -3.533510981808693614e+05 -3.535095986577883596e+05
-3.583276141682910384e+05 -3.615159748498652480e+05 -3.513744523913058219e+05 -3.533510981808693614e+05 -3.535095986577883596e+05
-3.583276141682910384e+05 -3.615159748498652480e+05 -3.513744523913058219e+05 -3.533510981808693614e+05 -3.535095986577883596e+05
-3.583276141682910384e+05 -3.615159748498652480e+05 -3.513744523913058219e+05 -3.533510981808693614e+05 -3.535095986577883596e+05
-3.583276141682910384e+05 -3.615159748498652480e+05 -3.513744523913058219e+05 -3.533510981808693614e+05 -3.535095986577883596e+05
-3.583276141682910384e+05 -3.615159748498652480e+05 -3.513744523913058219e+05 -3.533510981808693614e+05 -3.535095986577883596e+05
-3.583276141682910384e+05 -3.615159748498652480e+05 -3.513744523913058219e+05 -3.533510981808693614e+05 -3.535095986577883596e+05
-3.583276141682910384e+05 -3.615159748498652480e+05 -3.513744523913058219e+05 -3.533510981808693614e+05 -3.535095986577883596e+05
-3.583276141682910384e+05 -3.615159748498652480e+05 -3.513744523913058219e+05 -3.533510981808693614e+05 -3.535095986577883596e+05
-3.583276141682910384e+05 -3.615159748498652480e+05 -3.513744523913058219e+05 -3.533510981808693614e+05 -3.535095986577883596e+05
-3.583276141682910384e+05 -3.615159748498652480e+05 -3.513744523913058219e+05 -3.533510981808693614e+05 -3.535095986577883596e+05
-3.583276141682910384e+05 -3.615159748498652480e+05 -3.513744523913058219e+05 -3.533510981808693614e+05 -3.535095986577883596e+05
-3.583276141682910384e+05 -3.615159748498652480e+05 -3.513744523913058219e+05 -3.533510981808693614e+05 -3.535095986577883596e+05
-3.583276141682910384e+05 -3.615159748498652480e+05 -3.513744523913058219e+05 -3.533510981808693614e+05 -3.535095986577883596e+05
-3.583276141682910384e+05 -3.615159748498652480e+05 -3.513744523913058219e+05 -3.533510981808693614e+05 -3.535095986577883596e+05
-3.583276141682910384e+05 -3.615159748498652480e+05 -3.513744523913058219e+05 -3.533510981808693614e+05 -3.535095986577883596e+05
-3.583276141682910384e+05 -3.615159748498652480e+05 -3.513744523913058219e+05 -3.533510981808693614e+05 -3.535095986577883596e+05
-3.583276141682910384e+05 -3.615159748498652480e+05 -3.513744523913058219e+05 -3.533510981808693614e+05 -3.535095986577883596e+05
-3.583276141682910384e+05 -3.615159748498652480e+05 -3.513744523913058219e+05 -3.533510981808693614e+05 -3.535095986577883596e+05
-3.583276141682910384e+05 -3.615159748498652480e+05 -3.513744523913058219e+05 -3.533510981808693614e+05 -3.535095986577883596e+05
-3.583276141682910384e+05 -3.615159748498652480e+05 -3.513744523913058219e+05 -3.533510981808693614e+05 -3.535095986577883596e+05
-3.583276141682910384e+05 -3.615159748498652480e+05 -3.513744523913058219e+05 -3.533510981808693614e+05 -3.535095986577883596e+05
-3.583276141682910384e+05 -3.615159748498652480e+05 -3.513744523913058219e+05 -3.533510981808693614e+05 -3.535095986577883596e+05
-3.583276141682910384e+05 -3.615159748498652480e+05 -3.513744523913058219e+05 -3.533510981808693614e+05 -3.535095986577883596e+05
-3.583276141682910384e+05 -3.615159748498652480e+05 -3.513744523913058219e+05 -3.533510981808693614e+05 -3.535095986577883596e+05
-3.583276141682910384e+05 -3.615159748498652480e+05 -3.513744523913058219e+05 -3.533510981808693614e+05 -3.535095986577883596e+05
-3.583276141682910384e+05 -3.615159748498652480e+05 -3.513744523913058219e+05 -3.533510981808693614e+05 -3.535095986577883596e+05
-3.583276141682910384e+05 -3.615159748498652480e+05 -3.513744523913058219e+05 -3.533510981808693614e+05 -3.535095986577883596e+05
-3.583276141682910384e+05 -3.615159748498652480e+05 -3.513744523913058219e+05 -3.533510981808693614e+05 -3.535095986577883596e+05
-3.583276141682910384e+05 -3.615159748498652480e+05 -3.513744523913058219e+05 -3.533510981808693614e+05 -3.535095986577883596e+05
-3.583276141682910384e+05 -3.615159748498652480e+05 -3.513744523913058219e+05 -3.533510981808693614e+05 -3.535095986577883596e+05
-3.583276141682910384e+05 -3.615159748498652480e+05 -3.513744523913058219e+05 -3.533510981808693614e+05 -3.535095986577883596e+05
-3.583276141682910384e+05 -3.615159748498652480e+05 -3.513744523913058219e+05 -3.533510981808693614e+05 -3.535095986577883596e+05
-3.583276141682910384e+05 -3.615159748498652480e+05 -3.513744523913058219e+05 -3.533510981808693614e+05 -3.535095986577883596e+05
-3.583276141682910384e+05 -3.615159748498652480e+05 -3.513744523913058219e+05 -3.533510981808693614e+05 -3.535095986577883596e+05
-3.583276141682910384e+05 -3.615159748498652480e+05 -3.513744523913058219e+05 -3.533510981808693614e+05 -3.535095986577883596e+05
-3.583276141682910384e+05 -3.615159748498652480e+05 -3.513744523913058219e+05 -3.533510981808693614e+05 -3.535095986577883596e+05
-3.583276141682910384e+05 -3.615159748498652480e+05 -3.513744523913058219e+05 -3.533510981808693614e+05 -3.535095986577883596e+05
-3.583276141682910384e+05 -3.615159748498652480e+05 -3.513744523913058219e+05 -3.533510981808693614e+05 -3.535095986577883596e+05
-3.583276141682910384e+05 -3.615159748498652480e+05 -3.513744523913058219e+05 -3.533510981808693614e+05 -3.535095986577883596e+05
-3.583276141682910384e+05 -3.615159748498652480e+05 -3.513744523913058219e+05 -3.533510981808693614e+05 -3.535095986577883596e+05
-3.583276141682910384e+05 -3.615159748498652480e+05 -3.513744523913058219e+05 -3.533510981808693614e+05 -3.535095986577883596e+05
-3.583276141682910384e+05 -3.615159748498652480e+05 -3.513744523913058219e+05 -3.533510981808693614e+05 -3.535095986577883596e+05
-3.583276141682910384e+05 -3.615159748498652480e+05 -3.513744523913058219e+05 -3.533510981808693614e+05 -3.535095986577883596e+05
-3.583276141682910384e+05 -3.615159748498652480e+05 -3.513744523913058219e+05 -3.533510981808693614e+05 -3.535095986577883596e+05
-3.583276141682910384e+05 -3.615159748498652480e+05 -3.513744523913058219e+05 -3.533510981808693614e+05 -3.535095986577883596e+05
-3.583276141682910384e+05 -3.615159748498652480e+05 -3.513744523913058219e+05 -3.533510981808693614e+05 -3.535095986577883596e+05
-3.583276141682910384e+05 -3.615159748498652480e+05 -3.513744523913058219e+05 -3.533510981808693614e+05 -3.535095986577883596e+05
-3.583276141682910384e+05 -3.615159748498652480e+05 -3.513744523913058219e+05 -3.533510981808693614e+05 -3.535095986577883596e+05
-3.583276141682910384e+05 -3.615159748498652480e+05 -3.513744523913058219e+05 -3.533510981808693614e+05 -3.535095986577883596e+05
-3.583276141682910384e+05 -3.615159748498652480e+05 -3.513744523913058219e+05 -3.533510981808693614e+05 -3.535095986577883596e+05
-3.583276141682910384e+05 -3.615159748498652480e+05 -3.513744523913058219e+05 -3.533510981808693614e+05 -3.535095986577883596e+05
-3.583276141682910384e+05 -3.615159748498652480e+05 -3.513744523913058219e+05 -3.533510981808693614e+05 -3.535095986577883596e+05
-3.583276141682910384e+05 -3.615159748498652480e+05 -3.513744523913058219e+05 -3.533510981808693614e+05 -3.535095986577883596e+05
-3.583276141682910384e+05 -3.615159748498652480e+05 -3.513744523913058219e+05 -3.533510981808693614e+05 -3.535095986577883596e+05
-3.583276141682910384e+05 -3.615159748498652480e+05 -3.513744523913058219e+05 -3.533510981808693614e+05 -3.535095986577883596e+05
-3.583276141682910384e+05 -3.615159748498652480e+05 -3.513744523913058219e+05 -3.533510981808693614e+05 -3.535095986577883596e+05
-3.583276141682910384e+05 -3.615159748498652480e+05 -3.513744523913058219e+05 -3.533510981808693614e+05 -3.535095986577883596e+05
-3.583276141682910384e+05 -3.615159748498652480e+05 -3.513744523913058219e+05 -3.533510981808693614e+05 -3.535095986577883596e+05
-3.583276141682910384e+05 -3.615159748498652480e+05 -3.513744523913058219e+05 -3.533510981808693614e+05 -3.535095986577883596e+05
-3.583276141682910384e+05 -3.615159748498652480e+05 -3.513744523913058219e+05 -3.533510981808693614e+05 -3.535095986577883596e+05
-3.583276141682910384e+05 -3.615159748498652480e+05 -3.513744523913058219e+05 -3.533510981808693614e+05 -3.535095986577883596e+05
-3.583276141682910384e+05 -3.615159748498652480e+05 -3.513744523913058219e+05 -3.533510981808693614e+05 -3.535095986577883596e+05
-3.583276141682910384e+05 -3.615159748498652480e+05 -3.513744523913058219e+05 -3.533510981808693614e+05 -3.535095986577883596e+05
-3.583276141682910384e+05 -3.615159748498652480e+05 -3.513744523913058219e+05 -3.533510981808693614e+05 -3.535095986577883596e+05
-3.583276141682910384e+05 -3.615159748498652480e+05 -3.513744523913058219e+05 -3.533510981808693614e+05 -3.535095986577883596e+05
-3.583276141682910384e+05 -3.615159748498652480e+05 -3.513744523913058219e+05 -3.533510981808693614e+05 -3.535095986577883596e+05
-3.583276141682910384e+05 -3.615159748498652480e+05 -3.513744523913058219e+05 -3.533510981808693614e+05 -3.535095986577883596e+05
-3.583276141682910384e+05 -3.615159748498652480e+05 -3.513744523913058219e+05 -3.533510981808693614e+05 -3.535095986577883596e+05
-3.583276141682910384e+05 -3.615159748498652480e+05 -3.513744523913058219e+05 -3.533510981808693614e+05 -3.535095986577883596e+05
-3.583276141682910384e+05 -3.615159748498652480e+05 -3.513744523913058219e+05 -3.533510981808693614e+05 -3.535095986577883596e+05
-3.583276141682910384e+05 -3.615159748498652480e+05 -3.513744523913058219e+05 -3.533510981808693614e+05 -3.535095986577883596e+05
-3.583276141682910384e+05 -3.615159748498652480e+05 -3.513744523913058219e+05 -3.533510981808693614e+05 -3.535095986577883596e+05
-3.583276141682910384e+05 -3.615159748498652480e+05 -3.513744523913058219e+05 -3.533510981808693614e+05 -3.535095986577883596e+05
-3.583276141682910384e+05 -3.615159748498652480e+05 -3.513744523913058219e+05 -3.533510981808693614e+05 -3.535095986577883596e+05
-3.583276141682910384e+05 -3.615159748498652480e+05 -3.513744523913058219e+05 -3.533510981808693614e+05 -3.535095986577883596e+05
-3.583276141682910384e+05 -3.615159748498652480e+05 -3.513744523913058219e+05 -3.533510981808693614e+05 -3.535095986577883596e+05
-3.583276141682910384e+05 -3.615159748498652480e+05 -3.513744523913058219e+05 -3.533510981808693614e+05 -3.535095986577883596e+05
-3.583276141682910384e+05 -3.615159748498652480e+05 -3.513744523913058219e+05 -3.533510981808693614e+05 -3.535095986577883596e+05
-3.583276141682910384e+05 -3.615159748498652480e+05 -3.513744523913058219e+05 -3.533510981808693614e+05 -3.535095986577883596e+05
-3.583276141682910384e+05 -3.615159748498652480e+05 -3.513744523913058219e+05 -3.533510981808693614e+05 -3.535095986577883596e+05
-3.583276141682910384e+05 -3.615159748498652480e+05 -3.513744523913058219e+05 -3.533510981808693614e+05 -3.535095986577883596e+05
-3.583276141682910384e+05 -3.615159748498652480e+05 -3.513744523913058219e+05 -3.533510981808693614e+05 -3.535095986577883596e+05
-3.583276141682910384e+05 -3.615159748498652480e+05 -3.513744523913058219e+05 -3.533510981808693614e+05 -3.535095986577883596e+05
-3.583276141682910384e+05 -3.615159748498652480e+05 -3.513744523913058219e+05 -3.533510981808693614e+05 -3.535095986577883596e+05
-3.583276141682910384e+05 -3.615159748498652480e+05 -3.513744523913058219e+05 -3.533510981808693614e+05 -3.535095986577883596e+05
-3.583276141682910384e+05 -3.615159748498652480e+05 -3.513744523913058219e+05 -3.533510981808693614e+05 -3.535095986577883596e+05
-3.583276141682910384e+05 -3.615159748498652480e+05 -3.513744523913058219e+05 -3.533510981808693614e+05 -3.535095986577883596e+05
-3.583276141682910384e+05 -3.615159748498652480e+05 -3.513744523913058219e+05 -3.533510981808693614e+05 -3.535095986577883596e+05
-3.583276141682910384e+05 -3.615159748498652480e+05 -3.513744523913058219e+05 -3.533510981808693614e+05 -3.535095986577883596e+05
-3.583276141682910384e+05 -3.615159748498652480e+05 -3.513744523913058219e+05 -3.533510981808693614e+05 -3.535095986577883596e+05
-3.583276141682910384e+05 -3.615159748498652480e+05 -3.513744523913058219e+05 -3.533510981808693614e+05 -3.535095986577883596e+05
-3.583276141682910384e+05 -3.615159748498652480e+05 -3.513744523913058219e+05 -3.533510981808693614e+05 -3.535095986577883596e+05
-3.583276141682910384e+05 -3.615159748498652480e+05 -3.513744523913058219e+05 -3.533510981808693614e+05 -3.535095986577883596e+05
-3.583276141682910384e+05 -3.615159748498652480e+05 -3.513744523913058219e+05 -3.533510981808693614e+05 -3.535095986577883596e+05
-3.583276141682910384e+05 -3.615159748498652480e+05 -3.513744523913058219e+05 -3.533510981808693614e+05 -3.535095986577883596e+05
-3.583276141682910384e+05 -3.615159748498652480e+05 -3.513744523913058219e+05 -3.533510981808693614e+05 -3.535095986577883596e+05
-3.583276141682910384e+05 -3.615159748498652480e+05 -3.513744523913058219e+05 -3.533510981808693614e+05 -3.535095986577883596e+05
-3.583276141682910384e+05 -3.615159748498652480e+05 -3.513744523913058219e+05 -3.533510981808693614e+05 -3.535095986577883596e+05
-3.583276141682910384e+05 -3.615159748498652480e+05 -3.513744523913058219e+05 -3.533510981808693614e+05 -3.535095986577883596e+05
-3.583276141682910384e+05 -3.615159748498652480e+05 -3.513744523913058219e+05 -3.533510981808693614e+05 -3.535095986577883596e+05
-3.583276141682910384e+05 -3.615159748498652480e+05 -3.513744523913058219e+05 -3.533510981808693614e+05 -3.535095986577883596e+05
-3.583276141682910384e+05 -3.615159748498652480e+05 -3.513744523913058219e+05 -3.533510981808693614e+05 -3.535095986577883596e+05
-3.583276141682910384e+05 -3.615159748498652480e+05 -3.513744523913058219e+05 -3.533510981808693614e+05 -3.535095986577883596e+05
-3.583276141682910384e+05 -3.615159748498652480e+05 -3.513744523913058219e+05 -3.533510981808693614e+05 -3.535095986577883596e+05
-3.583276141682910384e+05 -3.615159748498652480e+05 -3.513744523913058219e+05 -3.533510981808693614e+05 -3.535095986577883596e+05
-3.583276141682910384e+05 -3.615159748498652480e+05 -3.513744523913058219e+05 -3.533510981808693614e+05 -3.535095986577883596e+05
-3.583276141682910384e+05 -3.615159748498652480e+05 -3.513744523913058219e+05 -3.533510981808693614e+05 -3.535095986577883596e+05
-3.583276141682910384e+05 -3.615159748498652480e+05 -3.513744523913058219e+05 -3.533510981808693614e+05 -3.535095986577883596e+05
-3.583276141682910384e+05 -3.615159748498652480e+05 -3.513744523913058219e+05 -3.533510981808693614e+05 -3.535095986577883596e+05
-3.583276141682910384e+05 -3.615159748498652480e+05 -3.513744523913058219e+05 -3.533510981808693614e+05 -3.535095986577883596e+05
-3.583276141682910384e+05 -3.615159748498652480e+05 -3.513744523913058219e+05 -3.533510981808693614e+05 -3.535095986577883596e+05
-3.583276141682910384e+05 -3.615159748498652480e+05 -3.513744523913058219e+05 -3.533510981808693614e+05 -3.535095986577883596e+05
-3.583276141682910384e+05 -3.615159748498652480e+05 -3.513744523913058219e+05 -3.533510981808693614e+05 -3.535095986577883596e+05
-3.583276141682910384e+05 -3.615159748498652480e+05 -3.513744523913058219e+05 -3.533510981808693614e+05 -3.535095986577883596e+05
-3.583276141682910384e+05 -3.615159748498652480e+05 -3.513744523913058219e+05 -3.533510981808693614e+05 -3.535095986577883596e+05
-3.583276141682910384e+05 -3.615159748498652480e+05 -3.513744523913058219e+05 -3.533510981808693614e+05 -3.535095986577883596e+05
-3.583276141682910384e+05 -3.615159748498652480e+05 -3.513744523913058219e+05 -3.533510981808693614e+05 -3.535095986577883596e+05
-3.583276141682910384e+05 -3.615159748498652480e+05 -3.513744523913058219e+05 -3.533510981808693614e+05 -3.535095986577883596e+05
-3.583276141682910384e+05 -3.615159748498652480e+05 -3.513744523913058219e+05 -3.533510981808693614e+05 -3.535095986577883596e+05
-3.583276141682910384e+05 -3.615159748498652480e+05 -3.513744523913058219e+05 -3.533510981808693614e+05 -3.535095986577883596e+05
-3.583276141682910384e+05 -3.615159748498652480e+05 -3.513744523913058219e+05 -3.533510981808693614e+05 -3.535095986577883596e+05
-3.583276141682910384e+05 -3.615159748498652480e+05 -3.513744523913058219e+05 -3.533510981808693614e+05 -3.535095986577883596e+05
-3.583276141682910384e+05 -3.615159748498652480e+05 -3.513744523913058219e+05 -3.533510981808693614e+05 -3.535095986577883596e+05
-3.583276141682910384e+05 -3.615159748498652480e+05 -3.513744523913058219e+05 -3.533510981808693614e+05 -3.535095986577883596e+05
-3.583276141682910384e+05 -3.615159748498652480e+05 -3.513744523913058219e+05 -3.533510981808693614e+05 -3.535095986577883596e+05
-3.583276141682910384e+05 -3.615159748498652480e+05 -3.513744523913058219e+05 -3.533510981808693614e+05 -3.535095986577883596e+05
-3.583276141682910384e+05 -3.615159748498652480e+05 -3.513744523913058219e+05 -3.533510981808693614e+05 -3.535095986577883596e+05
-3.583276141682910384e+05 -3.615159748498652480e+05 -3.513744523913058219e+05 -3.533510981808693614e+05 -3.535095986577883596e+05
-3.583276141682910384e+05 -3.615159748498652480e+05 -3.513744523913058219e+05 -3.533510981808693614e+05 -3.535095986577883596e+05
-3.583276141682910384e+05 -3.615159748498652480e+05 -3.513744523913058219e+05 -3.533510981808693614e+05 -3.535095986577883596e+05
-3.583276141682910384e+05 -3.615159748498652480e+05 -3.513744523913058219e+05 -3.533510981808693614e+05 -3.535095986577883596e+05
-3.583276141682910384e+05 -3.615159748498652480e+05 -3.513744523913058219e+05 -3.533510981808693614e+05 -3.535095986577883596e+05
-3.583276141682910384e+05 -3.615159748498652480e+05 -3.513744523913058219e+05 -3.533510981808693614e+05 -3.535095986577883596e+05
-3.583276141682910384e+05 -3.615159748498652480e+05 -3.513744523913058219e+05 -3.533510981808693614e+05 -3.535095986577883596e+05
-3.583276141682910384e+05 -3.615159748498652480e+05 -3.513744523913058219e+05 -3.533510981808693614e+05 -3.535095986577883596e+05
-3.583276141682910384e+05 -3.615159748498652480e+05 -3.513744523913058219e+05 -3.533510981808693614e+05 -3.535095986577883596e+05
-3.583276141682910384e+05 -3.615159748498652480e+05 -3.513744523913058219e+05 -3.533510981808693614e+05 -3.535095986577883596e+05
-3.583276141682910384e+05 -3.615159748498652480e+05 -3.513744523913058219e+05 -3.533510981808693614e+05 -3.535095986577883596e+05
-3.583276141682910384e+05 -3.615159748498652480e+05 -3.513744523913058219e+05 -3.533510981808693614e+05 -3.535095986577883596e+05
-3.583276141682910384e+05 -3.615159748498652480e+05 -3.513744523913058219e+05 -3.533510981808693614e+05 -3.535095986577883596e+05
-3.583276141682910384e+05 -3.615159748498652480e+05 -3.513744523913058219e+05 -3.533510981808693614e+05 -3.535095986577883596e+05
-3.583276141682910384e+05 -3.615159748498652480e+05 -3.513744523913058219e+05 -3.533510981808693614e+05 -3.535095986577883596e+05
-3.583276141682910384e+05 -3.615159748498652480e+05 -3.513744523913058219e+05 -3.533510981808693614e+05 -3.535095986577883596e+05
-3.583276141682910384e+05 -3.615159748498652480e+05 -3.513744523913058219e+05 -3.533510981808693614e+05 -3.535095986577883596e+05
-3.583276141682910384e+05 -3.615159748498652480e+05 -3.513744523913058219e+05 -3.533510981808693614e+05 -3.535095986577883596e+05
-3.583276141682910384e+05 -3.615159748498652480e+05 -3.513744523913058219e+05 -3.533510981808693614e+05 -3.535095986577883596e+05
-3.583276141682910384e+05 -3.615159748498652480e+05 -3.513744523913058219e+05 -3.533510981808693614e+05 -3.535095986577883596e+05
-3.583276141682910384e+05 -3.615159748498652480e+05 -3.513744523913058219e+05 -3.533510981808693614e+05 -3.535095986577883596e+05
-3.583276141682910384e+05 -3.615159748498652480e+05 -3.513744523913058219e+05 -3.533510981808693614e+05 -3.535095986577883596e+05
-3.583276141682910384e+05 -3.615159748498652480e+05 -3.513744523913058219e+05 -3.533510981808693614e+05 -3.535095986577883596e+05
-3.583276141682910384e+05 -3.615159748498652480e+05 -3.513744523913058219e+05 -3.533510981808693614e+05 -3.535095986577883596e+05
-3.583276141682910384e+05 -3.615159748498652480e+05 -3.513744523913058219e+05 -3.533510981808693614e+05 -3.535095986577883596e+05
-3.583276141682910384e+05 -3.615159748498652480e+05 -3.513744523913058219e+05 -3.533510981808693614e+05 -3.535095986577883596e+05
-3.583276141682910384e+05 -3.615159748498652480e+05 -3.513744523913058219e+05 -3.533510981808693614e+05 -3.535095986577883596e+05
-3.583276141682910384e+05 -3.615159748498652480e+05 -3.513744523913058219e+05 -3.533510981808693614e+05 -3.535095986577883596e+05
-3.583276141682910384e+05 -3.615159748498652480e+05 -3.513744523913058219e+05 -3.533510981808693614e+05 -3.535095986577883596e+05
-3.583276141682910384e+05 -3.615159748498652480e+05 -3.513744523913058219e+05 -3.533510981808693614e+05 -3.535095986577883596e+05
-3.583276141682910384e+05 -3.615159748498652480e+05 -3.513744523913058219e+05 -3.533510981808693614e+05 -3.535095986577883596e+05
-3.583276141682910384e+05 -3.615159748498652480e+05 -3.513744523913058219e+05 -3.533510981808693614e+05 -3.535095986577883596e+05
-3.583276141682910384e+05 -3.615159748498652480e+05 -3.513744523913058219e+05 -3.533510981808693614e+05 -3.535095986577883596e+05
-3.583276141682910384e+05 -3.615159748498652480e+05 -3.513744523913058219e+05 -3.533510981808693614e+05 -3.535095986577883596e+05
-3.583276141682910384e+05 -3.615159748498652480e+05 -3.513744523913058219e+05 -3.533510981808693614e+05 -3.535095986577883596e+05
-3.583276141682910384e+05 -3.615159748498652480e+05 -3.513744523913058219e+05 -3.533510981808693614e+05 -3.535095986577883596e+05
-3.583276141682910384e+05 -3.615159748498652480e+05 -3.513744523913058219e+05 -3.533510981808693614e+05 -3.535095986577883596e+05
-3.583276141682910384e+05 -3.615159748498652480e+05 -3.513744523913058219e+05 -3.533510981808693614e+05 -3.535095986577883596e+05
-3.583276141682910384e+05 -3.615159748498652480e+05 -3.513744523913058219e+05 -3.533510981808693614e+05 -3.535095986577883596e+05
-3.583276141682910384e+05 -3.615159748498652480e+05 -3.513744523913058219e+05 -3.533510981808693614e+05 -3.535095986577883596e+05
-3.583276141682910384e+05 -3.615159748498652480e+05 -3.513744523913058219e+05 -3.533510981808693614e+05 -3.535095986577883596e+05
-3.583276141682910384e+05 -3.615159748498652480e+05 -3.513744523913058219e+05 -3.533510981808693614e+05 -3.535095986577883596e+05
-3.583276141682910384e+05 -3.615159748498652480e+05 -3.513744523913058219e+05 -3.533510981808693614e+05 -3.535095986577883596e+05
-3.583276141682910384e+05 -3.615159748498652480e+05 -3.513744523913058219e+05 -3.533510981808693614e+05 -3.535095986577883596e+05
-3.583276141682910384e+05 -3.615159748498652480e+05 -3.513744523913058219e+05 -3.533510981808693614e+05 -3.535095986577883596e+05
-3.583276141682910384e+05 -3.615159748498652480e+05 -3.513744523913058219e+05 -3.533510981808693614e+05 -3.535095986577883596e+05
-3.583276141682910384e+05 -3.615159748498652480e+05 -3.513744523913058219e+05 -3.533510981808693614e+05 -3.535095986577883596e+05
-3.583276141682910384e+05 -3.615159748498652480e+05 -3.513744523913058219e+05 -3.533510981808693614e+05 -3.535095986577883596e+05
-3.583276141682910384e+05 -3.615159748498652480e+05 -3.513744523913058219e+05 -3.533510981808693614e+05 -3.535095986577883596e+05
-3.583276141682910384e+05 -3.615159748498652480e+05 -3.513744523913058219e+05 -3.533510981808693614e+05 -3.535095986577883596e+05
-3.583276141682910384e+05 -3.615159748498652480e+05 -3.513744523913058219e+05 -3.533510981808693614e+05 -3.535095986577883596e+05
-3.583276141682910384e+05 -3.615159748498652480e+05 -3.513744523913058219e+05 -3.533510981808693614e+05 -3.535095986577883596e+05
-3.583276141682910384e+05 -3.615159748498652480e+05 -3.513744523913058219e+05 -3.533510981808693614e+05 -3.535095986577883596e+05
-3.583276141682910384e+05 -3.615159748498652480e+05 -3.513744523913058219e+05 -3.533510981808693614e+05 -3.535095986577883596e+05
