0.000000000000000000e+00 0.000000000000000000e+00 0.000000000000000000e+00 0.000000000000000000e+00 0.000000000000000000e+00
0.000000000000000000e+00 0.000000000000000000e+00 0.000000000000000000e+00 0.000000000000000000e+00 0.000000000000000000e+00
0.000000000000000000e+00 0.000000000000000000e+00 0.000000000000000000e+00 0.000000000000000000e+00 0.000000000000000000e+00
0.000000000000000000e+00 0.000000000000000000e+00 0.000000000000000000e+00 0.000000000000000000e+00 0.000000000000000000e+00
0.000000000000000000e+00 0.000000000000000000e+00 0.000000000000000000e+00 0.000000000000000000e+00 0.000000000000000000e+00
0.000000000000000000e+00 0.000000000000000000e+00 0.000000000000000000e+00 0.000000000000000000e+00 0.000000000000000000e+00
0.000000000000000000e+00 0.000000000000000000e+00 0.000000000000000000e+00 0.000000000000000000e+00 0.000000000000000000e+00
0.000000000000000000e+00 0.000000000000000000e+00 0.000000000000000000e+00 0.000000000000000000e+00 0.000000000000000000e+00
0.000000000000000000e+00 0.000000000000000000e+00 0.000000000000000000e+00 0.000000000000000000e+00 0.000000000000000000e+00
0.000000000000000000e+00 0.000000000000000000e+00 0.000000000000000000e+00 0.000000000000000000e+00 0.000000000000000000e+00
0.000000000000000000e+00 0.000000000000000000e+00 0.000000000000000000e+00 0.000000000000000000e+00 0.000000000000000000e+00
0.000000000000000000e+00 0.000000000000000000e+00 0.000000000000000000e+00 0.000000000000000000e+00 0.000000000000000000e+00
0.000000000000000000e+00 0.000000000000000000e+00 0.000000000000000000e+00 0.000000000000000000e+00 0.000000000000000000e+00
0.000000000000000000e+00 0.000000000000000000e+00 0.000000000000000000e+00 0.000000000000000000e+00 0.000000000000000000e+00
0.000000000000000000e+00 0.000000000000000000e+00 0.000000000000000000e+00 0.000000000000000000e+00 0.000000000000000000e+00
0.000000000000000000e+00 0.000000000000000000e+00 0.000000000000000000e+00 0.000000000000000000e+00 0.000000000000000000e+00
0.000000000000000000e+00 0.000000000000000000e+00 0.000000000000000000e+00 0.000000000000000000e+00 0.000000000000000000e+00
0.000000000000000000e+00 0.000000000000000000e+00 0.000000000000000000e+00 0.000000000000000000e+00 0.000000000000000000e+00
0.000000000000000000e+00 0.000000000000000000e+00 0.000000000000000000e+00 0.000000000000000000e+00 0.000000000000000000e+00
0.000000000000000000e+00 0.000000000000000000e+00 0.000000000000000000e+00 0.000000000000000000e+00 0.000000000000000000e+00
0.000000000000000000e+00 0.000000000000000000e+00 0.000000000000000000e+00 0.000000000000000000e+00 0.000000000000000000e+00
0.000000000000000000e+00 0.000000000000000000e+00 0.000000000000000000e+00 0.000000000000000000e+00 0.000000000000000000e+00
0.000000000000000000e+00 0.000000000000000000e+00 0.000000000000000000e+00 0.000000000000000000e+00 0.000000000000000000e+00
0.000000000000000000e+00 0.000000000000000000e+00 0.000000000000000000e+00 0.000000000000000000e+00 0.000000000000000000e+00
0.000000000000000000e+00 0.000000000000000000e+00 0.000000000000000000e+00 0.000000000000000000e+00 0.000000000000000000e+00
0.000000000000000000e+00 0.000000000000000000e+00 0.000000000000000000e+00 0.000000000000000000e+00 0.000000000000000000e+00
0.000000000000000000e+00 0.000000000000000000e+00 0.000000000000000000e+00 0.000000000000000000e+00 0.000000000000000000e+00
0.000000000000000000e+00 0.000000000000000000e+00 0.000000000000000000e+00 0.000000000000000000e+00 0.000000000000000000e+00
0.000000000000000000e+00 0.000000000000000000e+00 0.000000000000000000e+00 0.000000000000000000e+00 0.000000000000000000e+00
0.000000000000000000e+00 0.000000000000000000e+00 0.000000000000000000e+00 0.000000000000000000e+00 0.000000000000000000e+00
0.000000000000000000e+00 0.000000000000000000e+00 0.000000000000000000e+00 0.000000000000000000e+00 0.000000000000000000e+00
0.000000000000000000e+00 0.000000000000000000e+00 0.000000000000000000e+00 0.000000000000000000e+00 0.000000000000000000e+00
0.000000000000000000e+00 0.000000000000000000e+00 0.000000000000000000e+00 0.000000000000000000e+00 0.000000000000000000e+00
0.000000000000000000e+00 0.000000000000000000e+00 0.000000000000000000e+00 0.000000000000000000e+00 0.000000000000000000e+00
0.000000000000000000e+00 0.000000000000000000e+00 0.000000000000000000e+00 0.000000000000000000e+00 0.000000000000000000e+00
0.000000000000000000e+00 0.000000000000000000e+00 0.000000000000000000e+00 0.000000000000000000e+00 0.000000000000000000e+00
0.000000000000000000e+00 0.000000000000000000e+00 0.000000000000000000e+00 0.000000000000000000e+00 0.000000000000000000e+00
0.000000000000000000e+00 0.000000000000000000e+00 0.000000000000000000e+00 0.000000000000000000e+00 0.000000000000000000e+00
0.000000000000000000e+00 0.000000000000000000e+00 0.000000000000000000e+00 0.000000000000000000e+00 0.000000000000000000e+00
0.000000000000000000e+00 0.000000000000000000e+00 0.000000000000000000e+00 0.000000000000000000e+00 0.000000000000000000e+00
0.000000000000000000e+00 0.000000000000000000e+00 0.000000000000000000e+00 0.000000000000000000e+00 0.000000000000000000e+00
0.000000000000000000e+00 0.000000000000000000e+00 0.000000000000000000e+00 0.000000000000000000e+00 0.000000000000000000e+00
0.000000000000000000e+00 0.000000000000000000e+00 0.000000000000000000e+00 0.000000000000000000e+00 0.000000000000000000e+00
0.000000000000000000e+00 0.000000000000000000e+00 0.000000000000000000e+00 0.000000000000000000e+00 0.000000000000000000e+00
0.000000000000000000e+00 0.000000000000000000e+00 0.000000000000000000e+00 0.000000000000000000e+00 0.000000000000000000e+00
0.000000000000000000e+00 0.000000000000000000e+00 0.000000000000000000e+00 0.000000000000000000e+00 0.000000000000000000e+00
0.000000000000000000e+00 0.000000000000000000e+00 0.000000000000000000e+00 0.000000000000000000e+00 0.000000000000000000e+00
0.000000000000000000e+00 0.000000000000000000e+00 0.000000000000000000e+00 0.000000000000000000e+00 0.000000000000000000e+00
0.000000000000000000e+00 0.000000000000000000e+00 0.000000000000000000e+00 0.000000000000000000e+00 0.000000000000000000e+00
0.000000000000000000e+00 0.000000000000000000e+00 0.000000000000000000e+00 0.000000000000000000e+00 0.000000000000000000e+00
0.000000000000000000e+00 0.000000000000000000e+00 0.000000000000000000e+00 0.000000000000000000e+00 0.000000000000000000e+00
0.000000000000000000e+00 0.000000000000000000e+00 0.000000000000000000e+00 0.000000000000000000e+00 0.000000000000000000e+00
0.000000000000000000e+00 0.000000000000000000e+00 0.000000000000000000e+00 0.000000000000000000e+00 0.000000000000000000e+00
0.000000000000000000e+00 0.000000000000000000e+00 0.000000000000000000e+00 0.000000000000000000e+00 0.000000000000000000e+00
0.000000000000000000e+00 0.000000000000000000e+00 0.000000000000000000e+00 0.000000000000000000e+00 0.000000000000000000e+00
0.000000000000000000e+00 0.000000000000000000e+00 0.000000000000000000e+00 0.000000000000000000e+00 0.000000000000000000e+00
0.000000000000000000e+00 0.000000000000000000e+00 0.000000000000000000e+00 0.000000000000000000e+00 0.000000000000000000e+00
0.000000000000000000e+00 0.000000000000000000e+00 0.000000000000000000e+00 0.000000000000000000e+00 0.000000000000000000e+00
0.000000000000000000e+00 0.000000000000000000e+00 0.000000000000000000e+00 0.000000000000000000e+00 0.000000000000000000e+00
0.000000000000000000e+00 0.000000000000000000e+00 0.000000000000000000e+00 0.000000000000000000e+00 0.000000000000000000e+00
0.000000000000000000e+00 0.000000000000000000e+00 0.000000000000000000e+00 0.000000000000000000e+00 0.000000000000000000e+00
0.000000000000000000e+00 0.000000000000000000e+00 0.000000000000000000e+00 0.000000000000000000e+00 0.000000000000000000e+00
0.000000000000000000e+00 0.000000000000000000e+00 0.000000000000000000e+00 0.000000000000000000e+00 0.000000000000000000e+00
0.000000000000000000e+00 0.000000000000000000e+00 0.000000000000000000e+00 0.000000000000000000e+00 0.000000000000000000e+00
0.000000000000000000e+00 0.000000000000000000e+00 0.000000000000000000e+00 0.000000000000000000e+00 0.000000000000000000e+00
0.000000000000000000e+00 0.000000000000000000e+00 0.000000000000000000e+00 0.000000000000000000e+00 0.000000000000000000e+00
0.000000000000000000e+00 0.000000000000000000e+00 0.000000000000000000e+00 0.000000000000000000e+00 0.000000000000000000e+00
0.000000000000000000e+00 0.000000000000000000e+00 0.000000000000000000e+00 0.000000000000000000e+00 0.000000000000000000e+00
0.000000000000000000e+00 0.000000000000000000e+00 0.000000000000000000e+00 0.000000000000000000e+00 0.000000000000000000e+00
0.000000000000000000e+00 0.000000000000000000e+00 0.000000000000000000e+00 0.000000000000000000e+00 0.000000000000000000e+00
0.000000000000000000e+00 0.000000000000000000e+00 0.000000000000000000e+00 0.000000000000000000e+00 0.000000000000000000e+00
0.000000000000000000e+00 0.000000000000000000e+00 0.000000000000000000e+00 0.000000000000000000e+00 0.000000000000000000e+00
0.000000000000000000e+00 0.000000000000000000e+00 0.000000000000000000e+00 0.000000000000000000e+00 0.000000000000000000e+00
0.000000000000000000e+00 0.000000000000000000e+00 0.000000000000000000e+00 0.000000000000000000e+00 0.000000000000000000e+00
0.000000000000000000e+00 0.000000000000000000e+00 0.000000000000000000e+00 0.000000000000000000e+00 0.000000000000000000e+00
0.000000000000000000e+00 0.000000000000000000e+00 0.000000000000000000e+00 0.000000000000000000e+00 0.000000000000000000e+00
0.000000000000000000e+00 0.000000000000000000e+00 0.000000000000000000e+00 0.000000000000000000e+00 0.000000000000000000e+00
0.000000000000000000e+00 0.000000000000000000e+00 0.000000000000000000e+00 0.000000000000000000e+00 0.000000000000000000e+00
0.000000000000000000e+00 0.000000000000000000e+00 0.000000000000000000e+00 0.000000000000000000e+00 0.000000000000000000e+00
0.000000000000000000e+00 0.000000000000000000e+00 0.000000000000000000e+00 0.000000000000000000e+00 0.000000000000000000e+00
0.000000000000000000e+00 0.000000000000000000e+00 0.000000000000000000e+00 0.000000000000000000e+00 0.000000000000000000e+00
0.000000000000000000e+00 0.000000000000000000e+00 0.000000000000000000e+00 0.000000000000000000e+00 0.000000000000000000e+00
0.000000000000000000e+00 0.000000000000000000e+00 0.000000000000000000e+00 0.000000000000000000e+00 0.000000000000000000e+00
0.000000000000000000e+00 0.000000000000000000e+00 0.000000000000000000e+00 0.000000000000000000e+00 0.000000000000000000e+00
0.000000000000000000e+00 0.000000000000000000e+00 0.000000000000000000e+00 0.000000000000000000e+00 0.000000000000000000e+00
0.000000000000000000e+00 0.000000000000000000e+00 0.000000000000000000e+00 0.000000000000000000e+00 0.000000000000000000e+00
0.000000000000000000e+00 0.000000000000000000e+00 0.000000000000000000e+00 0.000000000000000000e+00 0.000000000000000000e+00
0.000000000000000000e+00 0.000000000000000000e+00 0.000000000000000000e+00 0.000000000000000000e+00 0.000000000000000000e+00
0.000000000000000000e+00 0.000000000000000000e+00 0.000000000000000000e+00 0.000000000000000000e+00 0.000000000000000000e+00
0.000000000000000000e+00 0.000000000000000000e+00 0.000000000000000000e+00 0.000000000000000000e+00 0.000000000000000000e+00
0.000000000000000000e+00 0.000000000000000000e+00 0.000000000000000000e+00 0.000000000000000000e+00 0.000000000000000000e+00
0.000000000000000000e+00 0.000000000000000000e+00 0.000000000000000000e+00 0.000000000000000000e+00 0.000000000000000000e+00
0.000000000000000000e+00 0.000000000000000000e+00 0.000000000000000000e+00 0.000000000000000000e+00 0.000000000000000000e+00
0.000000000000000000e+00 0.000000000000000000e+00 0.000000000000000000e+00 0.000000000000000000e+00 0.000000000000000000e+00
0.000000000000000000e+00 0.000000000000000000e+00 0.000000000000000000e+00 0.000000000000000000e+00 0.000000000000000000e+00
0.000000000000000000e+00 0.000000000000000000e+00 0.000000000000000000e+00 0.000000000000000000e+00 0.000000000000000000e+00
0.000000000000000000e+00 0.000000000000000000e+00 0.000000000000000000e+00 0.000000000000000000e+00 0.000000000000000000e+00
0.000000000000000000e+00 0.000000000000000000e+00 0.000000000000000000e+00 0.000000000000000000e+00 0.000000000000000000e+00
0.000000000000000000e+00 0.000000000000000000e+00 0.000000000000000000e+00 0.000000000000000000e+00 0.000000000000000000e+00
0.000000000000000000e+00 0.000000000000000000e+00 0.000000000000000000e+00 0.000000000000000000e+00 0.000000000000000000e+00
0.000000000000000000e+00 0.000000000000000000e+00 0.000000000000000000e+00 0.000000000000000000e+00 0.000000000000000000e+00
0.000000000000000000e+00 0.000000000000000000e+00 0.000000000000000000e+00 0.000000000000000000e+00 0.000000000000000000e+00
0.000000000000000000e+00 0.000000000000000000e+00 0.000000000000000000e+00 0.000000000000000000e+00 0.000000000000000000e+00
0.000000000000000000e+00 0.000000000000000000e+00 0.000000000000000000e+00 0.000000000000000000e+00 0.000000000000000000e+00
0.000000000000000000e+00 0.000000000000000000e+00 0.000000000000000000e+00 0.000000000000000000e+00 0.000000000000000000e+00
0.000000000000000000e+00 0.000000000000000000e+00 0.000000000000000000e+00 0.000000000000000000e+00 0.000000000000000000e+00
0.000000000000000000e+00 0.000000000000000000e+00 0.000000000000000000e+00 0.000000000000000000e+00 0.000000000000000000e+00
0.000000000000000000e+00 0.000000000000000000e+00 0.000000000000000000e+00 0.000000000000000000e+00 0.000000000000000000e+00
0.000000000000000000e+00 0.000000000000000000e+00 0.000000000000000000e+00 0.000000000000000000e+00 0.000000000000000000e+00
0.000000000000000000e+00 0.000000000000000000e+00 0.000000000000000000e+00 0.000000000000000000e+00 0.000000000000000000e+00
0.000000000000000000e+00 0.000000000000000000e+00 0.000000000000000000e+00 0.000000000000000000e+00 0.000000000000000000e+00
0.000000000000000000e+00 0.000000000000000000e+00 0.000000000000000000e+00 0.000000000000000000e+00 0.000000000000000000e+00
0.000000000000000000e+00 0.000000000000000000e+00 0.000000000000000000e+00 0.000000000000000000e+00 0.000000000000000000e+00
0.000000000000000000e+00 0.000000000000000000e+00 0.000000000000000000e+00 0.000000000000000000e+00 0.000000000000000000e+00
0.000000000000000000e+00 0.000000000000000000e+00 0.000000000000000000e+00 0.000000000000000000e+00 0.000000000000000000e+00
0.000000000000000000e+00 0.000000000000000000e+00 0.000000000000000000e+00 0.000000000000000000e+00 0.000000000000000000e+00
0.000000000000000000e+00 0.000000000000000000e+00 0.000000000000000000e+00 0.000000000000000000e+00 0.000000000000000000e+00
0.000000000000000000e+00 0.000000000000000000e+00 0.000000000000000000e+00 0.000000000000000000e+00 0.000000000000000000e+00
0.000000000000000000e+00 0.000000000000000000e+00 0.000000000000000000e+00 0.000000000000000000e+00 0.000000000000000000e+00
0.000000000000000000e+00 0.000000000000000000e+00 0.000000000000000000e+00 0.000000000000000000e+00 0.000000000000000000e+00
0.000000000000000000e+00 0.000000000000000000e+00 0.000000000000000000e+00 0.000000000000000000e+00 0.000000000000000000e+00
0.000000000000000000e+00 0.000000000000000000e+00 0.000000000000000000e+00 0.000000000000000000e+00 0.000000000000000000e+00
0.000000000000000000e+00 0.000000000000000000e+00 0.000000000000000000e+00 0.000000000000000000e+00 0.000000000000000000e+00
0.000000000000000000e+00 0.000000000000000000e+00 0.000000000000000000e+00 0.000000000000000000e+00 0.000000000000000000e+00
0.000000000000000000e+00 0.000000000000000000e+00 0.000000000000000000e+00 0.000000000000000000e+00 0.000000000000000000e+00
0.000000000000000000e+00 0.000000000000000000e+00 0.000000000000000000e+00 0.000000000000000000e+00 0.000000000000000000e+00
0.000000000000000000e+00 0.000000000000000000e+00 0.000000000000000000e+00 0.000000000000000000e+00 0.000000000000000000e+00
0.000000000000000000e+00 0.000000000000000000e+00 0.000000000000000000e+00 0.000000000000000000e+00 0.000000000000000000e+00
0.000000000000000000e+00 0.000000000000000000e+00 0.000000000000000000e+00 0.000000000000000000e+00 0.000000000000000000e+00
0.000000000000000000e+00 0.000000000000000000e+00 0.000000000000000000e+00 0.000000000000000000e+00 0.000000000000000000e+00
0.000000000000000000e+00 0.000000000000000000e+00 0.000000000000000000e+00 0.000000000000000000e+00 0.000000000000000000e+00
0.000000000000000000e+00 0.000000000000000000e+00 0.000000000000000000e+00 0.000000000000000000e+00 0.000000000000000000e+00
0.000000000000000000e+00 0.000000000000000000e+00 0.000000000000000000e+00 0.000000000000000000e+00 0.000000000000000000e+00
0.000000000000000000e+00 0.000000000000000000e+00 0.000000000000000000e+00 0.000000000000000000e+00 0.000000000000000000e+00
0.000000000000000000e+00 0.000000000000000000e+00 0.000000000000000000e+00 0.000000000000000000e+00 0.000000000000000000e+00
0.000000000000000000e+00 0.000000000000000000e+00 0.000000000000000000e+00 0.000000000000000000e+00 0.000000000000000000e+00
0.000000000000000000e+00 0.000000000000000000e+00 0.000000000000000000e+00 0.000000000000000000e+00 0.000000000000000000e+00
0.000000000000000000e+00 0.000000000000000000e+00 0.000000000000000000e+00 0.000000000000000000e+00 0.000000000000000000e+00
0.000000000000000000e+00 0.000000000000000000e+00 0.000000000000000000e+00 0.000000000000000000e+00 0.000000000000000000e+00
0.000000000000000000e+00 0.000000000000000000e+00 0.000000000000000000e+00 0.000000000000000000e+00 0.000000000000000000e+00
0.000000000000000000e+00 0.000000000000000000e+00 0.000000000000000000e+00 0.000000000000000000e+00 0.000000000000000000e+00
0.000000000000000000e+00 0.000000000000000000e+00 0.000000000000000000e+00 0.000000000000000000e+00 0.000000000000000000e+00
0.000000000000000000e+00 0.000000000000000000e+00 0.000000000000000000e+00 0.000000000000000000e+00 0.000000000000000000e+00
0.000000000000000000e+00 0.000000000000000000e+00 0.000000000000000000e+00 0.000000000000000000e+00 0.000000000000000000e+00
0.000000000000000000e+00 0.000000000000000000e+00 0.000000000000000000e+00 0.000000000000000000e+00 0.000000000000000000e+00
0.000000000000000000e+00 0.000000000000000000e+00 0.000000000000000000e+00 0.000000000000000000e+00 0.000000000000000000e+00
0.000000000000000000e+00 0.000000000000000000e+00 0.000000000000000000e+00 0.000000000000000000e+00 0.000000000000000000e+00
0.000000000000000000e+00 0.000000000000000000e+00 0.000000000000000000e+00 0.000000000000000000e+00 0.000000000000000000e+00
0.000000000000000000e+00 0.000000000000000000e+00 0.000000000000000000e+00 0.000000000000000000e+00 0.000000000000000000e+00
0.000000000000000000e+00 0.000000000000000000e+00 0.000000000000000000e+00 0.000000000000000000e+00 0.000000000000000000e+00
0.000000000000000000e+00 0.000000000000000000e+00 0.000000000000000000e+00 0.000000000000000000e+00 0.000000000000000000e+00
0.000000000000000000e+00 0.000000000000000000e+00 0.000000000000000000e+00 0.000000000000000000e+00 0.000000000000000000e+00
0.000000000000000000e+00 0.000000000000000000e+00 0.000000000000000000e+00 0.000000000000000000e+00 0.000000000000000000e+00
0.000000000000000000e+00 0.000000000000000000e+00 0.000000000000000000e+00 0.000000000000000000e+00 0.000000000000000000e+00
0.000000000000000000e+00 0.000000000000000000e+00 0.000000000000000000e+00 0.000000000000000000e+00 0.000000000000000000e+00
0.000000000000000000e+00 0.000000000000000000e+00 0.000000000000000000e+00 0.000000000000000000e+00 0.000000000000000000e+00
0.000000000000000000e+00 0.000000000000000000e+00 0.000000000000000000e+00 0.000000000000000000e+00 0.000000000000000000e+00
0.000000000000000000e+00 0.000000000000000000e+00 0.000000000000000000e+00 0.000000000000000000e+00 0.000000000000000000e+00
0.000000000000000000e+00 0.000000000000000000e+00 0.000000000000000000e+00 0.000000000000000000e+00 0.000000000000000000e+00
0.000000000000000000e+00 0.000000000000000000e+00 0.000000000000000000e+00 0.000000000000000000e+00 0.000000000000000000e+00
0.000000000000000000e+00 0.000000000000000000e+00 0.000000000000000000e+00 0.000000000000000000e+00 0.000000000000000000e+00
0.000000000000000000e+00 0.000000000000000000e+00 0.000000000000000000e+00 0.000000000000000000e+00 0.000000000000000000e+00
0.000000000000000000e+00 0.000000000000000000e+00 0.000000000000000000e+00 0.000000000000000000e+00 0.000000000000000000e+00
0.000000000000000000e+00 0.000000000000000000e+00 0.000000000000000000e+00 0.000000000000000000e+00 0.000000000000000000e+00
0.000000000000000000e+00 0.000000000000000000e+00 0.000000000000000000e+00 0.000000000000000000e+00 0.000000000000000000e+00
0.000000000000000000e+00 0.000000000000000000e+00 0.000000000000000000e+00 0.000000000000000000e+00 0.000000000000000000e+00
0.000000000000000000e+00 0.000000000000000000e+00 0.000000000000000000e+00 0.000000000000000000e+00 0.000000000000000000e+00
0.000000000000000000e+00 0.000000000000000000e+00 0.000000000000000000e+00 0.000000000000000000e+00 0.000000000000000000e+00
0.000000000000000000e+00 0.000000000000000000e+00 0.000000000000000000e+00 0.000000000000000000e+00 0.000000000000000000e+00
0.000000000000000000e+00 0.000000000000000000e+00 0.000000000000000000e+00 0.000000000000000000e+00 0.000000000000000000e+00
0.000000000000000000e+00 0.000000000000000000e+00 0.000000000000000000e+00 0.000000000000000000e+00 0.000000000000000000e+00
0.000000000000000000e+00 0.000000000000000000e+00 0.000000000000000000e+00 0.000000000000000000e+00 0.000000000000000000e+00
0.000000000000000000e+00 0.000000000000000000e+00 0.000000000000000000e+00 0.000000000000000000e+00 0.000000000000000000e+00
0.000000000000000000e+00 0.000000000000000000e+00 0.000000000000000000e+00 0.000000000000000000e+00 0.000000000000000000e+00
0.000000000000000000e+00 0.000000000000000000e+00 0.000000000000000000e+00 0.000000000000000000e+00 0.000000000000000000e+00
0.000000000000000000e+00 0.000000000000000000e+00 0.000000000000000000e+00 0.000000000000000000e+00 0.000000000000000000e+00
0.000000000000000000e+00 0.000000000000000000e+00 0.000000000000000000e+00 0.000000000000000000e+00 0.000000000000000000e+00
0.000000000000000000e+00 0.000000000000000000e+00 0.000000000000000000e+00 0.000000000000000000e+00 0.000000000000000000e+00
0.000000000000000000e+00 0.000000000000000000e+00 0.000000000000000000e+00 0.000000000000000000e+00 0.000000000000000000e+00
0.000000000000000000e+00 0.000000000000000000e+00 0.000000000000000000e+00 0.000000000000000000e+00 0.000000000000000000e+00
0.000000000000000000e+00 0.000000000000000000e+00 0.000000000000000000e+00 0.000000000000000000e+00 0.000000000000000000e+00
0.000000000000000000e+00 0.000000000000000000e+00 0.000000000000000000e+00 0.000000000000000000e+00 0.000000000000000000e+00
0.000000000000000000e+00 0.000000000000000000e+00 0.000000000000000000e+00 0.000000000000000000e+00 0.000000000000000000e+00
0.000000000000000000e+00 0.000000000000000000e+00 0.000000000000000000e+00 0.000000000000000000e+00 0.000000000000000000e+00
0.000000000000000000e+00 0.000000000000000000e+00 0.000000000000000000e+00 0.000000000000000000e+00 0.000000000000000000e+00
0.000000000000000000e+00 0.000000000000000000e+00 0.000000000000000000e+00 0.000000000000000000e+00 0.000000000000000000e+00
0.000000000000000000e+00 0.000000000000000000e+00 0.000000000000000000e+00 0.000000000000000000e+00 0.000000000000000000e+00
0.000000000000000000e+00 0.000000000000000000e+00 0.000000000000000000e+00 0.000000000000000000e+00 0.000000000000000000e+00
0.000000000000000000e+00 0.000000000000000000e+00 0.000000000000000000e+00 0.000000000000000000e+00 0.000000000000000000e+00
0.000000000000000000e+00 0.000000000000000000e+00 0.000000000000000000e+00 0.000000000000000000e+00 0.000000000000000000e+00
0.000000000000000000e+00 0.000000000000000000e+00 0.000000000000000000e+00 0.000000000000000000e+00 0.000000000000000000e+00
0.000000000000000000e+00 0.000000000000000000e+00 0.000000000000000000e+00 0.000000000000000000e+00 0.000000000000000000e+00
0.000000000000000000e+00 0.000000000000000000e+00 0.000000000000000000e+00 0.000000000000000000e+00 0.000000000000000000e+00
0.000000000000000000e+00 0.000000000000000000e+00 0.000000000000000000e+00 0.000000000000000000e+00 0.000000000000000000e+00
0.000000000000000000e+00 0.000000000000000000e+00 0.000000000000000000e+00 0.000000000000000000e+00 0.000000000000000000e+00
0.000000000000000000e+00 0.000000000000000000e+00 0.000000000000000000e+00 0.000000000000000000e+00 0.000000000000000000e+00
0.000000000000000000e+00 0.000000000000000000e+00 0.000000000000000000e+00 0.000000000000000000e+00 0.000000000000000000e+00
0.000000000000000000e+00 0.000000000000000000e+00 0.000000000000000000e+00 0.000000000000000000e+00 0.000000000000000000e+00
0.000000000000000000e+00 0.000000000000000000e+00 0.000000000000000000e+00 0.000000000000000000e+00 0.000000000000000000e+00
0.000000000000000000e+00 0.000000000000000000e+00 0.000000000000000000e+00 0.000000000000000000e+00 0.000000000000000000e+00
0.000000000000000000e+00 0.000000000000000000e+00 0.000000000000000000e+00 0.000000000000000000e+00 0.000000000000000000e+00
0.000000000000000000e+00 0.000000000000000000e+00 0.000000000000000000e+00 0.000000000000000000e+00 0.000000000000000000e+00
0.000000000000000000e+00 0.000000000000000000e+00 0.000000000000000000e+00 0.000000000000000000e+00 0.000000000000000000e+00
0.000000000000000000e+00 0.000000000000000000e+00 0.000000000000000000e+00 0.000000000000000000e+00 0.000000000000000000e+00
0.000000000000000000e+00 0.000000000000000000e+00 0.000000000000000000e+00 0.000000000000000000e+00 0.000000000000000000e+00
0.000000000000000000e+00 0.000000000000000000e+00 0.000000000000000000e+00 0.000000000000000000e+00 0.000000000000000000e+00
0.000000000000000000e+00 0.000000000000000000e+00 0.000000000000000000e+00 0.000000000000000000e+00 0.000000000000000000e+00
0.000000000000000000e+00 0.000000000000000000e+00 0.000000000000000000e+00 0.000000000000000000e+00 0.000000000000000000e+00
0.000000000000000000e+00 0.000000000000000000e+00 0.000000000000000000e+00 0.000000000000000000e+00 0.000000000000000000e+00
0.000000000000000000e+00 0.000000000000000000e+00 0.000000000000000000e+00 0.000000000000000000e+00 0.000000000000000000e+00
0.000000000000000000e+00 0.000000000000000000e+00 0.000000000000000000e+00 0.000000000000000000e+00 0.000000000000000000e+00
0.000000000000000000e+00 0.000000000000000000e+00 0.000000000000000000e+00 0.000000000000000000e+00 0.000000000000000000e+00
0.000000000000000000e+00 0.000000000000000000e+00 0.000000000000000000e+00 0.000000000000000000e+00 0.000000000000000000e+00
0.000000000000000000e+00 0.000000000000000000e+00 0.000000000000000000e+00 0.000000000000000000e+00 0.000000000000000000e+00
0.000000000000000000e+00 0.000000000000000000e+00 0.000000000000000000e+00 0.000000000000000000e+00 0.000000000000000000e+00
0.000000000000000000e+00 0.000000000000000000e+00 0.000000000000000000e+00 0.000000000000000000e+00 0.000000000000000000e+00
0.000000000000000000e+00 0.000000000000000000e+00 0.000000000000000000e+00 0.000000000000000000e+00 0.000000000000000000e+00
0.000000000000000000e+00 0.000000000000000000e+00 0.000000000000000000e+00 0.000000000000000000e+00 0.000000000000000000e+00
0.000000000000000000e+00 0.000000000000000000e+00 0.000000000000000000e+00 0.000000000000000000e+00 0.000000000000000000e+00
0.000000000000000000e+00 0.000000000000000000e+00 0.000000000000000000e+00 0.000000000000000000e+00 0.000000000000000000e+00
0.000000000000000000e+00 0.000000000000000000e+00 0.000000000000000000e+00 0.000000000000000000e+00 0.000000000000000000e+00
0.000000000000000000e+00 0.000000000000000000e+00 0.000000000000000000e+00 0.000000000000000000e+00 0.000000000000000000e+00
0.000000000000000000e+00 0.000000000000000000e+00 0.000000000000000000e+00 0.000000000000000000e+00 0.000000000000000000e+00
0.000000000000000000e+00 0.000000000000000000e+00 0.000000000000000000e+00 0.000000000000000000e+00 0.000000000000000000e+00
0.000000000000000000e+00 0.000000000000000000e+00 0.000000000000000000e+00 0.000000000000000000e+00 0.000000000000000000e+00
0.000000000000000000e+00 0.000000000000000000e+00 0.000000000000000000e+00 0.000000000000000000e+00 0.000000000000000000e+00
0.000000000000000000e+00 0.000000000000000000e+00 0.000000000000000000e+00 0.000000000000000000e+00 0.000000000000000000e+00
0.000000000000000000e+00 0.000000000000000000e+00 0.000000000000000000e+00 0.000000000000000000e+00 0.000000000000000000e+00
0.000000000000000000e+00 0.000000000000000000e+00 0.000000000000000000e+00 0.000000000000000000e+00 0.000000000000000000e+00
0.000000000000000000e+00 0.000000000000000000e+00 0.000000000000000000e+00 0.000000000000000000e+00 0.000000000000000000e+00
0.000000000000000000e+00 0.000000000000000000e+00 0.000000000000000000e+00 0.000000000000000000e+00 0.000000000000000000e+00
0.000000000000000000e+00 0.000000000000000000e+00 0.000000000000000000e+00 0.000000000000000000e+00 0.000000000000000000e+00
0.000000000000000000e+00 0.000000000000000000e+00 0.000000000000000000e+00 0.000000000000000000e+00 0.000000000000000000e+00
0.000000000000000000e+00 0.000000000000000000e+00 0.000000000000000000e+00 0.000000000000000000e+00 0.000000000000000000e+00
0.000000000000000000e+00 0.000000000000000000e+00 0.000000000000000000e+00 0.000000000000000000e+00 0.000000000000000000e+00
0.000000000000000000e+00 0.000000000000000000e+00 0.000000000000000000e+00 0.000000000000000000e+00 0.000000000000000000e+00
0.000000000000000000e+00 0.000000000000000000e+00 0.000000000000000000e+00 0.000000000000000000e+00 0.000000000000000000e+00
0.000000000000000000e+00 0.000000000000000000e+00 0.000000000000000000e+00 0.000000000000000000e+00 0.000000000000000000e+00
0.000000000000000000e+00 0.000000000000000000e+00 0.000000000000000000e+00 0.000000000000000000e+00 0.000000000000000000e+00
0.000000000000000000e+00 0.000000000000000000e+00 0.000000000000000000e+00 0.000000000000000000e+00 0.000000000000000000e+00
0.000000000000000000e+00 0.000000000000000000e+00 0.000000000000000000e+00 0.000000000000000000e+00 0.000000000000000000e+00
0.000000000000000000e+00 0.000000000000000000e+00 0.000000000000000000e+00 0.000000000000000000e+00 0.000000000000000000e+00
0.000000000000000000e+00 0.000000000000000000e+00 0.000000000000000000e+00 0.000000000000000000e+00 0.000000000000000000e+00
0.000000000000000000e+00 0.000000000000000000e+00 0.000000000000000000e+00 0.000000000000000000e+00 0.000000000000000000e+00
0.000000000000000000e+00 0.000000000000000000e+00 0.000000000000000000e+00 0.000000000000000000e+00 0.000000000000000000e+00
0.000000000000000000e+00 0.000000000000000000e+00 0.000000000000000000e+00 0.000000000000000000e+00 0.000000000000000000e+00
0.000000000000000000e+00 0.000000000000000000e+00 0.000000000000000000e+00 0.000000000000000000e+00 0.000000000000000000e+00
0.000000000000000000e+00 0.000000000000000000e+00 0.000000000000000000e+00 0.000000000000000000e+00 0.000000000000000000e+00
0.000000000000000000e+00 0.000000000000000000e+00 0.000000000000000000e+00 0.000000000000000000e+00 0.000000000000000000e+00
0.000000000000000000e+00 0.000000000000000000e+00 0.000000000000000000e+00 0.000000000000000000e+00 0.000000000000000000e+00
0.000000000000000000e+00 0.000000000000000000e+00 0.000000000000000000e+00 0.000000000000000000e+00 0.000000000000000000e+00
0.000000000000000000e+00 0.000000000000000000e+00 0.000000000000000000e+00 0.000000000000000000e+00 0.000000000000000000e+00
0.000000000000000000e+00 0.000000000000000000e+00 0.000000000000000000e+00 0.000000000000000000e+00 0.000000000000000000e+00
0.000000000000000000e+00 0.000000000000000000e+00 0.000000000000000000e+00 0.000000000000000000e+00 0.000000000000000000e+00
0.000000000000000000e+00 0.000000000000000000e+00 0.000000000000000000e+00 0.000000000000000000e+00 0.000000000000000000e+00
0.000000000000000000e+00 0.000000000000000000e+00 0.000000000000000000e+00 0.000000000000000000e+00 0.000000000000000000e+00
0.000000000000000000e+00 0.000000000000000000e+00 0.000000000000000000e+00 0.000000000000000000e+00 0.000000000000000000e+00
0.000000000000000000e+00 0.000000000000000000e+00 0.000000000000000000e+00 0.000000000000000000e+00 0.000000000000000000e+00
0.000000000000000000e+00 0.000000000000000000e+00 0.000000000000000000e+00 0.000000000000000000e+00 0.000000000000000000e+00
0.000000000000000000e+00 0.000000000000000000e+00 0.000000000000000000e+00 0.000000000000000000e+00 0.000000000000000000e+00
0.000000000000000000e+00 0.000000000000000000e+00 0.000000000000000000e+00 0.000000000000000000e+00 0.000000000000000000e+00
0.000000000000000000e+00 0.000000000000000000e+00 0.000000000000000000e+00 0.000000000000000000e+00 0.000000000000000000e+00
0.000000000000000000e+00 0.000000000000000000e+00 0.000000000000000000e+00 0.000000000000000000e+00 0.000000000000000000e+00
0.000000000000000000e+00 0.000000000000000000e+00 0.000000000000000000e+00 0.000000000000000000e+00 0.000000000000000000e+00
0.000000000000000000e+00 0.000000000000000000e+00 0.000000000000000000e+00 0.000000000000000000e+00 0.000000000000000000e+00
0.000000000000000000e+00 0.000000000000000000e+00 0.000000000000000000e+00 0.000000000000000000e+00 0.000000000000000000e+00
0.000000000000000000e+00 0.000000000000000000e+00 0.000000000000000000e+00 0.000000000000000000e+00 0.000000000000000000e+00
0.000000000000000000e+00 0.000000000000000000e+00 0.000000000000000000e+00 0.000000000000000000e+00 0.000000000000000000e+00
0.000000000000000000e+00 0.000000000000000000e+00 0.000000000000000000e+00 0.000000000000000000e+00 0.000000000000000000e+00
0.000000000000000000e+00 0.000000000000000000e+00 0.000000000000000000e+00 0.000000000000000000e+00 0.000000000000000000e+00
0.000000000000000000e+00 0.000000000000000000e+00 0.000000000000000000e+00 0.000000000000000000e+00 0.000000000000000000e+00
0.000000000000000000e+00 0.000000000000000000e+00 0.000000000000000000e+00 0.000000000000000000e+00 0.000000000000000000e+00
0.000000000000000000e+00 0.000000000000000000e+00 0.000000000000000000e+00 0.000000000000000000e+00 0.000000000000000000e+00
0.000000000000000000e+00 0.000000000000000000e+00 0.000000000000000000e+00 0.000000000000000000e+00 0.000000000000000000e+00
0.000000000000000000e+00 0.000000000000000000e+00 0.000000000000000000e+00 0.000000000000000000e+00 0.000000000000000000e+00
-6.732744315889136466e+00 -6.659457363599556423e+00 8.752407854543056698e-02 6.726680626837262089e+00 6.694152098364944514e+00
-5.518106986311053674e+00 -7.420712973205033869e+00 -1.901202296140411807e+00 5.491952000227531272e+00 7.458498925123675072e+00
-3.743357245838841330e+00 -7.468585105736035956e+00 -3.729341453468960399e+00 3.703742403395582361e+00 7.496600466687224795e+00
-1.689514680118733292e+00 -6.866417912867288642e+00 -5.178603168282492675e+00 1.648399201632262612e+00 6.874450998321132822e+00
3.582378488192436983e-01 -5.767186675111012129e+00 -6.120612938139093018e+00 -3.887936738887798338e-01 5.752776496906231607e+00
2.197981060994376179e+00 -4.339606299604091610e+00 -6.528344877941173685e+00 -2.211013663194304701e+00 4.308158375863340162e+00
3.713613354349555529e+00 -2.732042772129938069e+00 -6.438634500952676198e+00 -3.709057410853823900e+00 2.693296116803270301e+00
4.846065633293744845e+00 -1.064446307091056587e+00 -5.912937741420608795e+00 -4.829061371685562598e+00 1.028175066364083623e+00
5.566575657063416394e+00 5.621810162346764228e-01 -5.020571775290932237e+00 -5.544386738256584124e+00 -5.891515504189970276e-01
5.864794155224585026e+00 2.054641787138324016e+00 -3.840034097864752916e+00 -5.844134455713960286e+00 -2.069524647398563566e+00
5.749613549670645085e+00 3.325550839393734304e+00 -2.463680877678687597e+00 -5.735009252158188353e+00 -3.329261728797947573e+00
5.253533627567638753e+00 4.300343105585096026e+00 -9.960728686285742484e-01 -5.246652135877557299e+00 -4.296386852541639989e+00
4.433397211198457200e+00 4.926790896469095848e+00 4.544298467209380576e-01 -4.433176264431144098e+00 -4.919795296912709226e+00
3.366049586137380700e+00 5.181196311248814190e+00 1.786220077284334184e+00 -3.369479973646065218e+00 -5.175418659701710666e+00
2.140861791636712308e+00 5.069215110975924254e+00 2.913186626139899538e+00 -2.144188700520943680e+00 -5.067371816121325701e+00
8.514999350474395934e-01 4.622511409432440210e+00 3.770383004835990537e+00 -8.514905697085266567e-01 -4.625217252535660073e+00
-4.114248781449921233e-01 3.893534866125706984e+00 4.316985574553155125e+00 4.165208550494839956e-01 -3.899440098975428981e+00
-1.566222267874975316e+00 2.949953332434383402e+00 4.537181235991002204e+00 1.576272807027742084e+00 -2.956441803124278511e+00
-2.544600017760676458e+00 1.869024373121902949e+00 4.439245683547617283e+00 2.557796380618817089e+00 -1.873185719397468585e+00
-3.294824455746697911e+00 7.317528985374376349e-01 4.052768931347383585e+00 3.308341765244517951e+00 -7.313074859891751656e-01
-3.783374215194963863e+00 -3.828531925226384414e-01 3.424261796279011172e+00 3.794227969047168969e+00 3.889249949321267330e-01
-3.995070181676043219e+00 -1.402734542337183976e+00 2.611945535445239219e+00 4.000907071188278152e+00 1.413975633500083484e+00
-3.932173559314563249e+00 -2.266551401327009607e+00 1.680710742532155688e+00 3.931808083363075301e+00 2.281211984393053172e+00
-3.613180570786597823e+00 -2.926479480507440112e+00 6.978398142026792650e-01 3.606790007145669552e+00 2.942001435783941687e+00
-3.071649817149814332e+00 -3.350440007923520813e+00 -2.705475707951190967e-01 3.060630619809301400e+00 3.364095757063570780e+00
-2.354642654527014045e+00 -3.523815439625898716e+00 -1.162790861515212271e+00 2.341198156779020767e+00 3.533340855637057576e+00
-1.519924599667415999e+00 -3.450161047094162381e+00 -1.925097719662594020e+00 1.506502349045363509e+00 3.454232140321003897e+00
-6.314571818417090698e-01 -3.150251809724494478e+00 -2.514901061986019926e+00 6.201845904400147269e-01 3.148695891717728124e+00
2.463204889000359665e-01 -2.659258218166154375e+00 -2.903510572227676612e+00 -2.540569964271244263e-01 2.652964852236531446e+00
1.054147952334894001e+00 -2.022608646043103420e+00 -3.077418694584784120e+00 -1.057885143840619158e+00 2.013195135703320648e+00
1.742301161099427897e+00 -1.291548755021181272e+00 -3.038103532755740410e+00 -1.742428958866384381e+00 1.280902229682548299e+00
2.273151594909275097e+00 -5.192257007419236459e-01 -2.800684279420775358e+00 -2.270652763531245899e+00 5.090605136045195378e-01
2.622213612763772517e+00 2.424509274706884154e-01 -2.391947367002021707e+00 -2.618314492731565135e+00 -2.509139761612410591e-01
2.778270319286344048e+00 9.453942644293366060e-01 -1.848061224476002407e+00 -2.774103341377349263e+00 -9.515753546364937865e-01
2.742976542751340396e+00 1.547683252722167335e+00 -1.212013737214474585e+00 -2.739330178980105224e+00 -1.551617546303486028e+00
2.530002815032767138e+00 2.015753591924634769e+00 -5.307044700237397716e-01 -2.527201378699622136e+00 -2.017928349416305167e+00
2.163614207176627779e+00 2.326254706977984199e+00 1.482606148826257353e-01 -2.161536433545867109e+00 -2.327368248897174308e+00
1.676626740831903994e+00 2.467274276811291411e+00 7.798432242750971133e-01 -1.674840907665077649e+00 -2.467985040132236296e+00
1.107832518549877410e+00 2.438706224197201511e+00 1.324594406299896887e+00 -1.105800452638950437e+00 -2.439435877360469185e+00
4.991072730316558070e-01 2.251709884589817356e+00 1.751133608021911536e+00 -4.963958348433386569e-01 -2.252545511676771639e+00
-1.075392854667884396e-01 1.927361991614113368e+00 2.037890538617778358e+00 1.110979495071931639e-01 -1.928072439773039992e+00
-6.727273926332570930e-01 1.494682794910674017e+00 2.174012302875599101e+00 6.769667559966524584e-01 -1.494831988783734245e+00
-1.162092416532275907e+00 9.882374305787057223e-01 2.159418811333167376e+00 1.166544955990722388e+00 -9.873526924397941773e-01
-1.548158346469190594e+00 4.455137585098523090e-01 2.004066110797084743e+00 1.552173714420016504e+00 -4.432567350480061674e-01
-1.811630019916599776e+00 -9.572474159721772180e-02 1.726553846742723941e+00 1.814539477847436633e+00 9.943179200674151508e-02
-1.942097174854940267e+00 -5.999292337507861061e-01 1.352269477638804895e+00 1.943377833113151709e+00 6.048521237419453023e-01
-1.938190842028983507e+00 -1.035956298854925350e+00 9.112739989188798351e-01 1.937588304473012668e+00 1.041580655698756352e+00
-1.807246293408400373e+00 -1.378861912825665170e+00 4.361004112080649198e-01 1.804828860012964942e+00 1.384494798187684950e+00
-1.564505814566354847e+00 -1.611227965252615579e+00 -4.041690416594815455e-02 1.560642470493365686e+00 1.616140407721979866e+00
-1.231867394968161555e+00 -1.723953983405133172e+00 -4.872013877208979937e-01 1.227140616151817909e+00 1.727527765469607068e+00
-8.361934149191599941e-01 -1.716450452024295137e+00 -8.768048756326244364e-01 8.312724197731435893e-01 1.718293895562059248e+00
-4.072557927324692018e-01 -1.596204829505183609e+00 -1.186991737567076655e+00 4.027633012868056528e-01 1.596212264353844112e+00
2.451432823846991585e-02 -1.377764380430049229e+00 -1.401925504855249915e+00 -2.811011243219817268e-02 1.376109903087508135e+00
4.302383461070107273e-01 -1.081264451672909743e+00 -1.512867466736416588e+00 -4.326843433054259891e-01 1.078337972476020257e+00
7.845319211519887759e-01 -7.306851197749675286e-01 -1.518351100867469050e+00 -7.857957142452135502e-01 7.269923668853329746e-01
1.067014346920935663e+00 -3.520193032587509707e-01 -1.423859407436628866e+00 -1.067241774261810106e+00 3.480736450280110250e-01
1.263318091164707280e+00 2.850783578812570926e-02 -1.241076200188986567e+00 -1.262760734162982068e+00 -3.227596832877820815e-02
1.365605639450055531e+00 3.860816386425681701e-01 -9.867974921099742502e-01 -1.364540464732449276e+00 -3.893802596534511329e-01
1.372635523763238385e+00 6.987501190354298286e-01 -6.815867523842106257e-01 -1.371297178142306672e+00 -7.014397800815149742e-01
1.289424836355913762e+00 9.486399008626480445e-01 -3.482561291060334296e-01 -1.287964807175813409e+00 -9.507107200542466163e-01
1.126554165417853470e+00 1.122883648507041476e+00 -1.026355927130402634e-02 -1.125032406912837679e+00 -1.124407634667604627e+00
8.991678250932884087e-01 1.214205223424621449e+00 3.098716652924987658e-01 -8.975736755867975702e-01 -1.215280312531331841e+00
6.257385480611804551e-01 1.221123248449683230e+00 5.920256152490287471e-01 -6.240307328935296161e-01 -1.221825194106477497e+00
3.266837930360615427e-01 1.147762715084981178e+00 8.196960904221850530e-01 -3.248354876716721962e-01 -1.148116817787121713e+00
2.293225841462720807e-02 1.003298744937582532e+00 9.809162668068339697e-01 -2.096729006228438552e-02 -1.003276657375126169e+00
-2.654600654684546868e-01 8.010874375730488994e-01 1.068802799688659100e+00 2.674500602468105059e-01 -8.006268504749892712e-01
-5.205547505065682978e-01 5.575609210699422613e-01 1.081719192901210214e+00 5.224162776916558837e-01 -5.565998237194914600e-01
-7.275646861099523965e-01 2.909763106698062818e-01 1.023068560900707524e+00 7.291088656665525303e-01 -2.894902398699296109e-01
-8.756263811024175281e-01 2.011212576917319889e-02 9.007590228603142846e-01 8.766679862551969293e-01 -1.814295284795567828e-02
-9.582824753272651819e-01 -2.369979410754717575e-01 7.264063707085042232e-01 9.586808046471929634e-01 2.393299910223664062e-01
-9.736653629969022061e-01 -4.642134671772158994e-01 5.143502434015279068e-01 9.733564480348291248e-01 4.667178621119536519e-01
-9.243877367169934800e-01 -6.482504924229700594e-01 2.805623472608867464e-01 9.234002545959875130e-01 6.506923969666048579e-01
-8.171573497388514573e-01 -7.794065139547895482e-01 4.152134964689389862e-02 8.156091128315010597e-01 7.815442043448579401e-01
-6.621444002955508834e-01 -8.520099667422207368e-01 -1.868771997421171394e-01 6.602211712035550573e-01 8.536346339868912114e-01
-4.721436287836628942e-01 -8.645747290128461549e-01 -3.903138528702421173e-01 4.700660434149471212e-01 8.655435694162701976e-01
-2.615897041414956270e-01 -8.196612901511803884e-01 -5.568856910945403360e-01 2.595763705068211968e-01 8.199169477967500619e-01
-4.550004870155221343e-02 -7.234694155734043841e-01 -6.777477778943887810e-01 4.373500756668033396e-02 7.230425487971541276e-01
1.615719163918777068e-01 -5.852087426737425657e-01 -7.475225113883702255e-01 -1.629610697968118527e-01 5.842046738150361573e-01
3.464924342200614849e-01 -4.163091332910888731e-01 -7.644609957464211236e-01 -3.474426850799064437e-01 4.148830852517984558e-01
4.983449037353112065e-01 -2.295389594270813571e-01 -7.303592353380875535e-01 -4.988527023103311864e-01 2.278664313089811821e-01
6.090229009682790462e-01 -3.809732445337962736e-02 -6.502489224260123990e-01 -6.091292670281837074e-01 3.634636382790997627e-02
6.735946632334101070e-01 1.452612787519209914e-01 -5.318957975097424740e-01 -6.733656897097270999e-01 -1.469505927468733875e-01
6.904343447744168971e-01 3.090204887208837792e-01 -3.851478225125439803e-01 -6.899424830521267982e-01 -3.105465319859695983e-01
6.611304080085697032e-01 4.435729552415068055e-01 -2.211816364974169835e-01 -6.604407870468199659e-01 -4.448729789451353889e-01
5.901930180393856196e-01 5.417357321219088417e-01 -5.169975238273587237e-02 -5.893570511302966830e-01 -5.427785451446136555e-01
4.845916069917389213e-01 5.990859545859757995e-01 1.118673722651951502e-01 -4.836478716580926429e-01 -5.998606416654967965e-01
3.531615484153437512e-01 6.141029576354873898e-01 2.591016328376248290e-01 -3.521419702595078305e-01 -6.146077107961743780e-01
2.059248298653316434e-01 5.881152271655655239e-01 3.812323184610110216e-01 -2.048630048798254222e-01 -5.883496008212047990e-01
5.337293502031036085e-02 5.250636550421721171e-01 4.716272291121755278e-01 -5.231120646281237768e-02 -5.250260331052671869e-01
-9.423981935060835036e-02 4.311049522749950680e-01 5.261132777902706170e-01 9.524719599344298737e-02 -4.307952093796832971e-01
-2.275476463322508858e-01 3.140893135891362764e-01 5.431138947199402045e-01 2.284365399264014496e-01 -3.135150603400791991e-01
-3.386308998958720839e-01 1.829535687287403289e-01 5.236047722209958843e-01 3.393342181772951993e-01 -1.821373885687746219e-01
-4.214500147508182248e-01 4.707468561406517871e-02 4.709025356670653584e-01 4.219077701142693870e-01 -4.605959750233962896e-02
-4.721355252356561061e-01 -8.437131785575621712e-02 3.903116286676607816e-01 4.723054815634037951e-01 8.552033279837066571e-02
-4.891238300669849548e-01 -2.030028771414244815e-01 2.886623405507829365e-01 4.889900465577293742e-01 2.042022945295458580e-01
-4.731379446188114790e-01 -3.017420362725816707e-01 1.737773256153638812e-01 4.727151149099965144e-01 3.028978078296357679e-01
-4.270214749514906760e-01 -3.752098842107937648e-01 5.390547017117734707e-02 4.263540320607042688e-01 3.762285190993668871e-01
-3.554424258475850085e-01 -4.199877903675300894e-01 -6.283891927546708667e-02 3.545986371429456496e-01 4.207882169546118267e-01
-2.644911305582591798e-01 -4.347339034102544186e-01 -1.689964269195723678e-01 2.635535182987081559e-01 4.352576893649672263e-01
-1.612031476587250656e-01 -4.201548294363878777e-01 -2.582115800811324857e-01 1.602572805746049767e-01 4.203727898392657925e-01
-5.304267166185990673e-02 -3.788426174750720854e-01 -3.255857972376448028e-01 5.216654592305167149e-02 3.787567275428397329e-01
5.261600957387925492e-02 -3.149962075684171747e-01 -3.679166122120503535e-01 -5.336013571933116706e-02 3.146368054814123738e-01
1.489727542665822968e-01 -2.340534397624922380e-01 -3.838137179771021201e-01 -1.495429482240306918e-01 2.334726792165921494e-01
2.302197256023252037e-01 -1.422640001477795402e-01 -3.736908700139969230e-01 -2.305951706687459080e-01 1.415271657719396892e-01
2.918686754069302891e-01 -4.623520459908274371e-02 -3.396408229821612501e-01 -2.920472735983185020e-01 4.541171556909897461e-02
3.309709663674833546e-01 4.751834915087823491e-02 -2.852076400423653735e-01 -3.309649297351773267e-01 -4.836264704585420404e-02
3.462226964428135600e-01 1.329929151501783591e-01 -2.150765100587102574e-01 -3.460535048589383766e-01 -1.338011191520900589e-01
3.379555648481394337e-01 2.050571274810966127e-01 -1.347054284893804132e-01 -3.376495099786699372e-01 -2.057839585669836990e-01
3.080214489668757771e-01 2.597373941467483460e-01 -4.992564904995557690e-02 -3.076065567817612423e-01 -2.603494977697087265e-01
2.595848129319712205e-01 2.944131963375800076e-01 3.346137113637762117e-02 -2.590893850891231032e-01 -2.948878396650334577e-01
1.968419181303062981e-01 3.079144551458858348e-01 1.100637691482255903e-01 -1.962944123799139906e-01 -3.082375871914088128e-01
1.246892312165239491e-01 3.005195719440169611e-01 1.752317600425778721e-01 -1.241188415733628092e-01 -3.006841190502593242e-01
4.836531123700318208e-02 2.738591624743847430e-01 2.253230436977010365e-01 -4.780248368930799241e-02 -2.738641184011527119e-01
-2.690926605426912852e-02 2.307364414525181484e-01 2.578869245230257512e-01 2.743303136895419714e-02 -2.305868908558212360e-01
-9.627068226548118890e-02 1.748802314098579780e-01 2.717592775621159307e-01 9.672409281800378733e-02 -1.745880441214057999e-01
-1.555087880828776303e-01 1.106502993612756003e-01 2.670670797605966262e-01 1.558630517134769466e-01 -1.102349581526438638e-01
-2.013054305871094241e-01 4.271693260258732638e-02 2.451474933339114204e-01 2.015371898575115117e-01 -4.220587204882993160e-02
-2.314021156251726552e-01 -2.426273287734559761e-02 2.083919648494871046e-01 2.314963997866267831e-01 2.483478666243359861e-02
-2.446900082809728982e-01 -8.595006002966622261e-02 1.600301335962331650e-01 2.446425196865321394e-01 8.654299614406493757e-02
-2.412204931430025068e-01 -1.385927037884504831e-01 1.038713301218825297e-01 2.410386664998742934e-01 1.391640935307979776e-01
-2.221395859686678687e-01 -1.792391163698092149e-01 4.402303500173574552e-02 2.218421188167781222e-01 1.797480426849253354e-01
-1.895541712100495546e-01 -2.058884083498405682e-01 -1.539409064857927625e-02 1.891690489377587103e-01 2.062994504740396362e-01
-1.463421032707080127e-01 -2.175691390675933701e-01 -7.051597428746167462e-02 1.459034484255919695e-01 2.178558446302484020e-01
-9.592141819059386842e-02 -2.143457471036363249e-01 -1.179731317110797595e-01 9.546571005249517017e-02 2.144930196718135285e-01
-4.199602408593621633e-02 -1.972562992442256080e-01 -1.550832839840439736e-01 4.155831706343075804e-02 1.972613484523718097e-01
1.170390974130269823e-02 -1.681896708587999056e-01 -1.799886227066757882e-01 -1.209319827738580301e-02 1.680614546794339803e-01
6.166914390033871596e-02 -1.297138579799192171e-01 -1.917318445057890619e-01 -6.198647663569760435e-02 1.294712222553880687e-01
1.048302054102132758e-01 -8.486964530632670756e-02 -1.902693368210424396e-01 -1.050600312602032183e-01 8.453857209334998679e-02
1.387348028530790700e-01 -3.694521398299246973e-02 -1.764240439528543258e-01 -1.388695914723948044e-01 3.655568935460355023e-02
1.616743883498746315e-01 1.075250559505813198e-02 -1.517843115298490586e-01 -1.617138387144708700e-01 -1.116951132572204138e-02
1.727544784694742819e-01 5.511473995417494331e-02 -1.185581758421874465e-01 -1.727042419417112451e-01 -5.552980095988697268e-02
1.719074537059968599e-01 9.342272104022486534e-02 -7.939496522564377934e-02 -1.717777124563687752e-01 -9.380978584496366124e-02
1.598504338781778500e-01 1.235035331024387367e-01 -3.718760392297636164e-02 -1.596545975138795037e-01 -1.238410270865695356e-01
1.379942457998799277e-01 1.438419017702831648e-01 5.130401801945056947e-03 -1.377479052821195815e-01 -1.441132185149139600e-01
1.083122910992243004e-01 1.536430911562873813e-01 4.477966373504536218e-02 -1.080324389724385686e-01 -1.538366705403501067e-01
7.318016894076072310e-02 1.528454415064296745e-01 7.930890050438056671e-02 -7.288459407860671535e-02 -1.529546425688414479e-01
3.519814037756398978e-02 1.420843903600353397e-01 1.067378270554073111e-01 -3.490485699962588007e-02 -1.421073160437980321e-01
-2.991086273259851384e-03 1.226128725121039681e-01 1.256611788620993486e-01 3.264505063137652669e-03 -1.225522165041423167e-01
-3.887718907973820165e-02 9.618559417160267577e-02 1.353091240021372654e-01 3.911444394988064510e-02 -9.604848796707987635e-02
-7.023878416827092352e-02 6.491666924263023164e-02 1.355625014713048027e-01 7.042583355703314896e-02 -6.471443893638585687e-02
-9.527257512189653277e-02 3.112137618806877504e-02 1.269244323491226512e-01 9.539867112521088766e-02 -3.086909211210003487e-02
-1.126882342732278275e-01 -2.846712264992923812e-03 1.104526642081434112e-01 1.127468522510273463e-01 3.130988798206571500e-03
-1.217647121497361373e-01 -3.475225432071280679e-02 8.765935040753411456e-02 1.217541991404986340e-01 3.504856258414908859e-02
-1.223663695268983609e-01 -6.261834400422681968e-02 6.038670851812869000e-02 1.222901657035024015e-01 6.290620815645600605e-02
-1.149199933124575856e-01 -8.484203209653778943e-02 3.066807546879922464e-02 1.147863474802252037e-01 8.510201395903228827e-02
-1.003562351208920761e-01 -1.002788868906407532e-01 5.842626654286955414e-04 1.001774223338224301e-01 1.004941276843686615e-01
-8.002115614243046626e-02 -1.082927175874121434e-01 -2.787516131274812847e-02 7.981229162579518699e-02 1.084502712634728416e-01
-5.556524858528612276e-02 -1.087691148977435740e-01 -5.293690709066288524e-02 5.534285769546141293e-02 1.088608991386714742e-01
-2.881843352303899153e-02 -1.020939464276710007e-01 -7.314794764414438155e-02 2.859896918609052333e-02 1.021171956959355809e-01
-1.660044390089100838e-03 -8.910020838519554232e-02 -8.745284899403213408e-02 1.458537075432219049e-03 8.905739222935922517e-02
2.410732292404858812e-02 -7.098853435378618681e-02 -9.524088236577603339e-02 -2.427833722915304429e-02 7.088678549437975318e-02
4.687194541832090389e-02 -4.922808858329332654e-02 -9.636150455668611448e-02 -4.700313460237209168e-02 4.907825202298623374e-02
6.530820167316121749e-02 -2.544545863159585961e-02 -9.110892109338704359e-02 -6.539376638030774957e-02 2.526091303678165353e-02
7.844765952261290032e-02 -1.309492585220306668e-03 -8.017841710743249528e-02 -7.848532158781919288e-02 1.104903700771136610e-03
8.572270297331695266e-02 2.158018084085882443e-02 -6.459883481044646769e-02 -8.571343189130380125e-02 -2.179003519452174867e-02
8.698139672671202638e-02 4.179390210662931732e-02 -4.564689878461203332e-02 -8.692896713415447507e-02 -4.199513594085268336e-02
8.247426240480115744e-02 5.815605044205954949e-02 -2.474997538160605276e-02 -8.238472778165545352e-02 -5.833645089115323257e-02
7.281544451577152965e-02 6.980789302056450429e-02 -3.384263268488932243e-03 -7.269658913853530025e-02 -6.995747163818152869e-02
5.892227167278103750e-02 7.624629258055658221e-02 1.702465600273543253e-02 -5.878307378366318808e-02 -7.635763062871876727e-02
4.193838966134229296e-02 7.733707003432366278e-02 3.519250036895037875e-02 -4.178850310712954597e-02 -7.740549631206707082e-02
2.314640856748499328e-02 7.330352469089851386e-02 5.005271507177299489e-02 -2.299565471349900025e-02 -7.332716295049859778e-02
3.876343668538252078e-03 6.469220283434454211e-02 6.081439630276844199e-02 -3.734203106887173766e-03 -6.467191324578198952e-02
-1.458395600175890934e-02 5.231937789283304385e-02 6.699891693582393781e-02 1.470885289843517144e-02 -5.225860048721948231e-02
-3.107067467484955769e-02 3.720278451694277594e-02 6.845402448155112063e-02 3.117104261208998583e-02 -3.710727920564862309e-02
-4.461329179508732867e-02 2.048387593493314687e-02 6.534573983914143680e-02 4.468363768789093693e-02 -2.036134878943734322e-02
-5.448742241990221780e-02 3.346217514730487255e-03 5.812983245180104036e-02 5.452439982512044536e-02 -3.205828574755395597e-03
-6.024868908948613488e-02 -1.306441494540197534e-02 4.750589173823669548e-02 6.025131311506912168e-02 1.321265234183484176e-02
-6.174644368971481806e-02 -2.771307410263624746e-02 3.435798538706245908e-02 6.171612918201158787e-02 2.785897272246222120e-02
-5.911752881645673807e-02 -3.973738974296685961e-02 1.968654532340811253e-02 5.905793410392307791e-02 3.987129764411746768e-02
-5.276155815293583767e-02 -4.849458563386035287e-02 4.536430130468021085e-03 5.267824183000620331e-02 4.860806292942814605e-02
-4.330032575598213168e-02 -5.359148453632366083e-02 -1.007392005629243609e-02 4.320024946114348063e-02 5.367788213884982368e-02
-3.152485861219157803e-02 -5.489647066158377664e-02 -2.321766982417691055e-02 3.141578915801058330e-02 5.495135321727431105e-02
-1.833425647251201579e-02 -5.253362802647457835e-02 -3.411517493455024780e-02 1.822413209585304478e-02 5.255500100265127900e-02
-4.670786113632515411e-03 -4.686043606275950429e-02 -4.217687253212735327e-02 4.567112276084784282e-03 4.684876113913843954e-02
8.544293134018620534e-03 -3.843140886360266878e-02 -4.703137653250419326e-02 -8.634962323493205680e-03 3.838941763521641626e-02
2.046998646820311421e-02 -2.795085221267094855e-02 -4.853775806951005772e-02 -2.054244178532707230e-02 2.788319095892060825e-02
3.039627279316933078e-02 -1.621844462260612837e-02 -4.678207671862236183e-02 -3.044689897131150000e-02 1.613119880443661391e-02
3.778340626152727755e-02 -4.071606061985060497e-03 -4.205925402543658764e-02 -3.781028648909411094e-02 3.971760274459447751e-03
4.228785227173875727e-02 7.671400523499407979e-03 -3.484226262921690659e-02 -4.229074306814158829e-02 -7.776513016741228718e-03
4.377391363844798655e-02 1.826395287402475184e-02 -2.574135565074945481e-02 -4.375411469316101837e-02 -1.836716546127369412e-02
4.231109729793722241e-02 2.707596704330260395e-02 -1.545654789080947930e-02 -4.227124361934578300e-02 -2.717072734343827303e-02
3.815817792754478549e-02 3.362869545574295738e-02 -4.726815137935634799e-03 -3.810197981769099240e-02 -3.370942568522480171e-02
3.173575872677556614e-02 3.761771375253964572e-02 5.720472818886638069e-03 -3.166771030561607581e-02 -3.768007626670324267e-02
2.358976408942347475e-02 3.892323071431623427e-02 1.521657299592282797e-02 -2.351483616092336221e-02 -3.896429895669463461e-02
1.434877667181952941e-02 3.760776901491783702e-02 2.319196135288157518e-02 -1.427210478018805552e-02 -3.762610943192788715e-02
4.678332424816572868e-03 3.390203767542495500e-02 2.920817996190124347e-02 -4.604909942114327435e-03 -3.389770853057783029e-02
-4.764671414402617093e-03 2.818057027236333528e-02 3.297933418136013428e-02 4.830284878737632799e-03 -2.815504311638548571e-02
-1.337448179704172832e-02 2.092927618192592584e-02 3.438239094321403344e-02 1.342842393499917193e-02 -2.088528515903539592e-02
-2.063330601141166731e-02 1.270748321439591974e-02 3.345623614131654211e-02 2.067263283282972167e-02 -1.264880863127488923e-02
-2.614034971970254084e-02 4.107253785297897836e-03 3.039017227958611123e-02 2.616319840111638179e-02 -4.038448724365489503e-03
-2.963160763013478194e-02 -4.287210580104564711e-03 2.550319650811928504e-02 2.963728698411442417e-02 4.361137581902400570e-03
-3.098961906634177879e-02 -1.193741737186296628e-02 1.921593117769851422e-02 3.097861782508994771e-02 1.201134539200040402e-02
-3.024309762640007768e-02 -1.838334989948153114e-02 1.201745570325903067e-02 3.021700764533357883e-02 1.845239162982675526e-02
-2.755701049128234797e-02 -2.326928132478751562e-02 4.429495453783000199e-03 2.751837030266403999e-02 2.332910649609338041e-02
-2.321427682166771894e-02 -2.636132513295972105e-02 -3.029541970136303067e-03 2.316634926109360434e-02 2.640843608296367453e-02
-1.759074096297002371e-02 -2.755602724313471058e-02 -9.878322252742752219e-03 1.753724539118801592e-02 2.758796483866638935e-02
-1.112542841182994832e-02 -2.687993251014436646e-02 -1.570204676787173223e-02 1.107025220796848536e-02 2.689539706048555204e-02
-4.288294134769429777e-03 -2.448065529540689733e-02 -2.017593312623694110e-02 4.235209040129818935e-03 2.447953552962895546e-02
2.452282003933448258e-03 -2.061051219212713115e-02 -2.308150913659396536e-02 -2.499875417807839468e-03 2.059382450787954066e-02
8.660104315804084338e-03 -1.560420374927131391e-02 -2.431505109889383828e-02 -8.699385665420328664e-03 1.557395237865843995e-02
1.395796931869809285e-02 -9.852338618620067046e-03 -2.388804709939967852e-02 -1.398684895836934360e-02 9.811313915593563098e-03
1.804912284499997008e-02 -3.772764998079963360e-03 -2.192009345847088092e-02 -1.806632880968491589e-02 3.724300987838190420e-03
2.073225473687341155e-02 2.218292643490689300e-03 -1.862510468425999932e-02 -2.073735709194887700e-02 -2.270579199639340216e-03
2.190940674816376291e-02 7.733392778400323755e-03 -1.429210647491378078e-02 -2.190278512203447034e-02 -7.785860947404436502e-03
2.158666984347618403e-02 1.243765050947118721e-02 -9.262166531209301001e-03 -2.156943298179847188e-02 -1.248687375070647518e-02
1.986802593688423782e-02 1.606775747224989045e-02 -3.903186223529268341e-03 -1.984189361393831272e-02 -1.611072872050733906e-02
1.694312579496773039e-02 1.844527349302959793e-02 1.415678342817455705e-03 -1.691028344665662306e-02 -1.847956794516689843e-02
1.307012890686391413e-02 1.948362471715751193e-02 6.348268705254845636e-03 -1.303306527127669201e-02 -1.950751481999445439e-02
8.555013090195282000e-03 1.918870625275865757e-02 1.059283264883728246e-02 -8.516350161048262188e-03 -1.920122713302311115e-02
3.728901274352098508e-03 1.765339949634509714e-02 1.390934200849737977e-02 -3.691225328818303984e-03 -1.765436537607887116e-02
-1.075003309289080831e-03 1.504669588462417829e-02 1.613180981164826985e-02 1.109301177280079759e-03 -1.503666977581076883e-02
-5.543344076691331633e-03 1.159843485420855580e-02 1.717507523770899283e-02 5.572209746630536753e-03 -1.157865537803872205e-02
-9.402029261316627307e-03 7.580896297407814684e-03 1.703591735764007492e-02 9.423861973945834095e-03 -7.553167041931490786e-03
-1.243200988859698673e-02 3.288626144923725153e-03 1.578873856179735524e-02 1.244574641275522295e-02 -3.255174641801084935e-03
-1.448058617750342010e-02 -9.820858723564498266e-04 1.357640150205747555e-02 1.448574751580646892e-02 1.018770761601872068e-03
-1.546774863798797833e-02 -4.952712060057331243e-03 1.059708868480908721e-02 1.546444633787850444e-02 4.990054003304033974e-03
-1.538741152344783557e-02 -8.379753393328970290e-03 7.088266066808656014e-03 1.537631356280211650e-02 8.415262246900400908e-03
-1.430373798377287085e-02 -1.106875823227214221e-02 3.308961405684744065e-03 1.428599739677362430e-02 1.110019172030608618e-02
-1.234306656943510994e-02 -1.288435311327179068e-02 -4.783890065974603337e-04 1.232021905926552509e-02 1.290985541199169209e-02
-9.682209060607096379e-03 -1.375584820546646089e-02 -4.025313092574304107e-03 9.656048382318359671e-03 1.377405605255782074e-02
-6.534085499645735616e-03 -1.367829465721443274e-02 -7.112801450458823213e-03 6.506527035411906711e-03 1.368840429873967833e-02
-3.131784280395493152e-03 -1.270917629607225263e-02 -9.564020954078124997e-03 3.104727764137458438e-03 1.271096794399525359e-02
2.878209677973742422e-04 -1.096119437209675668e-02 -1.125356539246579086e-02 -3.126192117080246833e-04 1.095501446948271909e-02
3.499798929567280500e-03 -8.591834675017825940e-03 -1.211282892757985404e-02 -3.520835435185820476e-03 8.578539711559250366e-03
6.305237319804397368e-03 -5.790578823983155363e-03 -1.213136451451005647e-02 -6.321346073384767270e-03 5.771447316366922105e-03
8.542836846286757518e-03 -2.764727822801641734e-03 -1.135435960335301822e-02 -8.553245076983099701e-03 2.741349090781815788e-03
1.009739956829871881e-02 2.751570835357148529e-04 -9.876608165525282979e-03 -1.010175337756401975e-02 -3.010076843244163607e-04
1.090482721188944584e-02 3.129222079363099505e-03 -7.833566545765455538e-03 -1.090318799017145866e-02 -3.155711739277172311e-03
1.095349534770558887e-02 5.620815604776661402e-03 -5.390239291011770899e-03 -1.094630977588987274e-02 -5.646177473501759123e-03
1.028211442527466289e-02 7.606774147844963009e-03 -2.728742262533893209e-03 -1.027016218526482713e-02 -7.629417927275923897e-03
8.974412146481721905e-03 8.984947262919025165e-03 -3.543069443382385124e-05 -8.958736323567971158e-03 -9.003550972741084651e-03
7.151164394558835041e-03 9.698625218202033479e-03 2.511541459711631123e-03 -7.132989861646261455e-03 -9.712204048113782379e-03
4.960238065095184078e-03 9.737743753663338428e-03 4.753438112946021046e-03 -4.940883511369497175e-03 -9.745693373924972300e-03
2.565412164517545841e-03 9.136969192560993186e-03 6.560266287360166405e-03 -2.546201182263291372e-03 -9.139082756652252768e-03
1.347759216479111298e-04 7.970962674361580305e-03 7.837705384642009582e-03 -1.169522275804996532e-04 -7.967422218611096285e-03
-2.170515506200566738e-03 6.347284757467868722e-03 8.531316393857190511e-03 2.185863828506560795e-03 -6.338628807939563140e-03
-4.206410320497331636e-03 4.397534629027024730e-03 8.627903813302192221e-03 4.218413245696433535e-03 -4.384605037459950692e-03
-5.854448451461514817e-03 2.267405038394473479e-03 8.154102320902285525e-03 5.862499780699973601e-03 -2.251277202100472521e-03
