0.000000000000000000e+00 0.000000000000000000e+00 0.000000000000000000e+00 0.000000000000000000e+00 0.000000000000000000e+00
0.000000000000000000e+00 0.000000000000000000e+00 0.000000000000000000e+00 0.000000000000000000e+00 0.000000000000000000e+00
0.000000000000000000e+00 0.000000000000000000e+00 0.000000000000000000e+00 0.000000000000000000e+00 0.000000000000000000e+00
0.000000000000000000e+00 0.000000000000000000e+00 0.000000000000000000e+00 0.000000000000000000e+00 0.000000000000000000e+00
0.000000000000000000e+00 0.000000000000000000e+00 0.000000000000000000e+00 0.000000000000000000e+00 0.000000000000000000e+00
0.000000000000000000e+00 0.000000000000000000e+00 0.000000000000000000e+00 0.000000000000000000e+00 0.000000000000000000e+00
0.000000000000000000e+00 0.000000000000000000e+00 0.000000000000000000e+00 0.000000000000000000e+00 0.000000000000000000e+00
0.000000000000000000e+00 0.000000000000000000e+00 0.000000000000000000e+00 0.000000000000000000e+00 0.000000000000000000e+00
0.000000000000000000e+00 0.000000000000000000e+00 0.000000000000000000e+00 0.000000000000000000e+00 0.000000000000000000e+00
0.000000000000000000e+00 0.000000000000000000e+00 0.000000000000000000e+00 0.000000000000000000e+00 0.000000000000000000e+00
0.000000000000000000e+00 0.000000000000000000e+00 0.000000000000000000e+00 0.000000000000000000e+00 0.000000000000000000e+00
0.000000000000000000e+00 0.000000000000000000e+00 0.000000000000000000e+00 0.000000000000000000e+00 0.000000000000000000e+00
0.000000000000000000e+00 0.000000000000000000e+00 0.000000000000000000e+00 0.000000000000000000e+00 0.000000000000000000e+00
0.000000000000000000e+00 0.000000000000000000e+00 0.000000000000000000e+00 0.000000000000000000e+00 0.000000000000000000e+00
0.000000000000000000e+00 0.000000000000000000e+00 0.000000000000000000e+00 0.000000000000000000e+00 0.000000000000000000e+00
0.000000000000000000e+00 0.000000000000000000e+00 0.000000000000000000e+00 0.000000000000000000e+00 0.000000000000000000e+00
0.000000000000000000e+00 0.000000000000000000e+00 0.000000000000000000e+00 0.000000000000000000e+00 0.000000000000000000e+00
0.000000000000000000e+00 0.000000000000000000e+00 0.000000000000000000e+00 0.000000000000000000e+00 0.000000000000000000e+00
0.000000000000000000e+00 0.000000000000000000e+00 0.000000000000000000e+00 0.000000000000000000e+00 0.000000000000000000e+00
0.000000000000000000e+00 0.000000000000000000e+00 0.000000000000000000e+00 0.000000000000000000e+00 0.000000000000000000e+00
0.000000000000000000e+00 0.000000000000000000e+00 0.000000000000000000e+00 0.000000000000000000e+00 0.000000000000000000e+00
0.000000000000000000e+00 0.000000000000000000e+00 0.000000000000000000e+00 0.000000000000000000e+00 0.000000000000000000e+00
0.000000000000000000e+00 0.000000000000000000e+00 0.000000000000000000e+00 0.000000000000000000e+00 0.000000000000000000e+00
0.000000000000000000e+00 0.000000000000000000e+00 0.000000000000000000e+00 0.000000000000000000e+00 0.000000000000000000e+00
0.000000000000000000e+00 0.000000000000000000e+00 0.000000000000000000e+00 0.000000000000000000e+00 0.000000000000000000e+00
0.000000000000000000e+00 0.000000000000000000e+00 0.000000000000000000e+00 0.000000000000000000e+00 0.000000000000000000e+00
0.000000000000000000e+00 0.000000000000000000e+00 0.000000000000000000e+00 0.000000000000000000e+00 0.000000000000000000e+00
0.000000000000000000e+00 0.000000000000000000e+00 0.000000000000000000e+00 0.000000000000000000e+00 0.000000000000000000e+00
0.000000000000000000e+00 0.000000000000000000e+00 0.000000000000000000e+00 0.000000000000000000e+00 0.000000000000000000e+00
0.000000000000000000e+00 0.000000000000000000e+00 0.000000000000000000e+00 0.000000000000000000e+00 0.000000000000000000e+00
0.000000000000000000e+00 0.000000000000000000e+00 0.000000000000000000e+00 0.000000000000000000e+00 0.000000000000000000e+00
0.000000000000000000e+00 0.000000000000000000e+00 0.000000000000000000e+00 0.000000000000000000e+00 0.000000000000000000e+00
0.000000000000000000e+00 0.000000000000000000e+00 0.000000000000000000e+00 0.000000000000000000e+00 0.000000000000000000e+00
0.000000000000000000e+00 0.000000000000000000e+00 0.000000000000000000e+00 0.000000000000000000e+00 0.000000000000000000e+00
0.000000000000000000e+00 0.000000000000000000e+00 0.000000000000000000e+00 0.000000000000000000e+00 0.000000000000000000e+00
0.000000000000000000e+00 0.000000000000000000e+00 0.000000000000000000e+00 0.000000000000000000e+00 0.000000000000000000e+00
0.000000000000000000e+00 0.000000000000000000e+00 0.000000000000000000e+00 0.000000000000000000e+00 0.000000000000000000e+00
0.000000000000000000e+00 0.000000000000000000e+00 0.000000000000000000e+00 0.000000000000000000e+00 0.000000000000000000e+00
0.000000000000000000e+00 0.000000000000000000e+00 0.000000000000000000e+00 0.000000000000000000e+00 0.000000000000000000e+00
0.000000000000000000e+00 0.000000000000000000e+00 0.000000000000000000e+00 0.000000000000000000e+00 0.000000000000000000e+00
0.000000000000000000e+00 0.000000000000000000e+00 0.000000000000000000e+00 0.000000000000000000e+00 0.000000000000000000e+00
0.000000000000000000e+00 0.000000000000000000e+00 0.000000000000000000e+00 0.000000000000000000e+00 0.000000000000000000e+00
0.000000000000000000e+00 0.000000000000000000e+00 0.000000000000000000e+00 0.000000000000000000e+00 0.000000000000000000e+00
0.000000000000000000e+00 0.000000000000000000e+00 0.000000000000000000e+00 0.000000000000000000e+00 0.000000000000000000e+00
0.000000000000000000e+00 0.000000000000000000e+00 0.000000000000000000e+00 0.000000000000000000e+00 0.000000000000000000e+00
0.000000000000000000e+00 0.000000000000000000e+00 0.000000000000000000e+00 0.000000000000000000e+00 0.000000000000000000e+00
0.000000000000000000e+00 0.000000000000000000e+00 0.000000000000000000e+00 0.000000000000000000e+00 0.000000000000000000e+00
0.000000000000000000e+00 0.000000000000000000e+00 0.000000000000000000e+00 0.000000000000000000e+00 0.000000000000000000e+00
0.000000000000000000e+00 0.000000000000000000e+00 0.000000000000000000e+00 0.000000000000000000e+00 0.000000000000000000e+00
0.000000000000000000e+00 0.000000000000000000e+00 0.000000000000000000e+00 0.000000000000000000e+00 0.000000000000000000e+00
0.000000000000000000e+00 0.000000000000000000e+00 0.000000000000000000e+00 0.000000000000000000e+00 0.000000000000000000e+00
0.000000000000000000e+00 0.000000000000000000e+00 0.000000000000000000e+00 0.000000000000000000e+00 0.000000000000000000e+00
0.000000000000000000e+00 0.000000000000000000e+00 0.000000000000000000e+00 0.000000000000000000e+00 0.000000000000000000e+00
0.000000000000000000e+00 0.000000000000000000e+00 0.000000000000000000e+00 0.000000000000000000e+00 0.000000000000000000e+00
0.000000000000000000e+00 0.000000000000000000e+00 0.000000000000000000e+00 0.000000000000000000e+00 0.000000000000000000e+00
0.000000000000000000e+00 0.000000000000000000e+00 0.000000000000000000e+00 0.000000000000000000e+00 0.000000000000000000e+00
0.000000000000000000e+00 0.000000000000000000e+00 0.000000000000000000e+00 0.000000000000000000e+00 0.000000000000000000e+00
0.000000000000000000e+00 0.000000000000000000e+00 0.000000000000000000e+00 0.000000000000000000e+00 0.000000000000000000e+00
0.000000000000000000e+00 0.000000000000000000e+00 0.000000000000000000e+00 0.000000000000000000e+00 0.000000000000000000e+00
0.000000000000000000e+00 0.000000000000000000e+00 0.000000000000000000e+00 0.000000000000000000e+00 0.000000000000000000e+00
0.000000000000000000e+00 0.000000000000000000e+00 0.000000000000000000e+00 0.000000000000000000e+00 0.000000000000000000e+00
0.000000000000000000e+00 0.000000000000000000e+00 0.000000000000000000e+00 0.000000000000000000e+00 0.000000000000000000e+00
0.000000000000000000e+00 0.000000000000000000e+00 0.000000000000000000e+00 0.000000000000000000e+00 0.000000000000000000e+00
0.000000000000000000e+00 0.000000000000000000e+00 0.000000000000000000e+00 0.000000000000000000e+00 0.000000000000000000e+00
0.000000000000000000e+00 0.000000000000000000e+00 0.000000000000000000e+00 0.000000000000000000e+00 0.000000000000000000e+00
0.000000000000000000e+00 0.000000000000000000e+00 0.000000000000000000e+00 0.000000000000000000e+00 0.000000000000000000e+00
0.000000000000000000e+00 0.000000000000000000e+00 0.000000000000000000e+00 0.000000000000000000e+00 0.000000000000000000e+00
0.000000000000000000e+00 0.000000000000000000e+00 0.000000000000000000e+00 0.000000000000000000e+00 0.000000000000000000e+00
0.000000000000000000e+00 0.000000000000000000e+00 0.000000000000000000e+00 0.000000000000000000e+00 0.000000000000000000e+00
0.000000000000000000e+00 0.000000000000000000e+00 0.000000000000000000e+00 0.000000000000000000e+00 0.000000000000000000e+00
0.000000000000000000e+00 0.000000000000000000e+00 0.000000000000000000e+00 0.000000000000000000e+00 0.000000000000000000e+00
0.000000000000000000e+00 0.000000000000000000e+00 0.000000000000000000e+00 0.000000000000000000e+00 0.000000000000000000e+00
0.000000000000000000e+00 0.000000000000000000e+00 0.000000000000000000e+00 0.000000000000000000e+00 0.000000000000000000e+00
0.000000000000000000e+00 0.000000000000000000e+00 0.000000000000000000e+00 0.000000000000000000e+00 0.000000000000000000e+00
0.000000000000000000e+00 0.000000000000000000e+00 0.000000000000000000e+00 0.000000000000000000e+00 0.000000000000000000e+00
0.000000000000000000e+00 0.000000000000000000e+00 0.000000000000000000e+00 0.000000000000000000e+00 0.000000000000000000e+00
0.000000000000000000e+00 0.000000000000000000e+00 0.000000000000000000e+00 0.000000000000000000e+00 0.000000000000000000e+00
0.000000000000000000e+00 0.000000000000000000e+00 0.000000000000000000e+00 0.000000000000000000e+00 0.000000000000000000e+00
0.000000000000000000e+00 0.000000000000000000e+00 0.000000000000000000e+00 0.000000000000000000e+00 0.000000000000000000e+00
0.000000000000000000e+00 0.000000000000000000e+00 0.000000000000000000e+00 0.000000000000000000e+00 0.000000000000000000e+00
0.000000000000000000e+00 0.000000000000000000e+00 0.000000000000000000e+00 0.000000000000000000e+00 0.000000000000000000e+00
0.000000000000000000e+00 0.000000000000000000e+00 0.000000000000000000e+00 0.000000000000000000e+00 0.000000000000000000e+00
0.000000000000000000e+00 0.000000000000000000e+00 0.000000000000000000e+00 0.000000000000000000e+00 0.000000000000000000e+00
0.000000000000000000e+00 0.000000000000000000e+00 0.000000000000000000e+00 0.000000000000000000e+00 0.000000000000000000e+00
0.000000000000000000e+00 0.000000000000000000e+00 0.000000000000000000e+00 0.000000000000000000e+00 0.000000000000000000e+00
0.000000000000000000e+00 0.000000000000000000e+00 0.000000000000000000e+00 0.000000000000000000e+00 0.000000000000000000e+00
0.000000000000000000e+00 0.000000000000000000e+00 0.000000000000000000e+00 0.000000000000000000e+00 0.000000000000000000e+00
0.000000000000000000e+00 0.000000000000000000e+00 0.000000000000000000e+00 0.000000000000000000e+00 0.000000000000000000e+00
0.000000000000000000e+00 0.000000000000000000e+00 0.000000000000000000e+00 0.000000000000000000e+00 0.000000000000000000e+00
0.000000000000000000e+00 0.000000000000000000e+00 0.000000000000000000e+00 0.000000000000000000e+00 0.000000000000000000e+00
0.000000000000000000e+00 0.000000000000000000e+00 0.000000000000000000e+00 0.000000000000000000e+00 0.000000000000000000e+00
0.000000000000000000e+00 0.000000000000000000e+00 0.000000000000000000e+00 0.000000000000000000e+00 0.000000000000000000e+00
0.000000000000000000e+00 0.000000000000000000e+00 0.000000000000000000e+00 0.000000000000000000e+00 0.000000000000000000e+00
0.000000000000000000e+00 0.000000000000000000e+00 0.000000000000000000e+00 0.000000000000000000e+00 0.000000000000000000e+00
0.000000000000000000e+00 0.000000000000000000e+00 0.000000000000000000e+00 0.000000000000000000e+00 0.000000000000000000e+00
0.000000000000000000e+00 0.000000000000000000e+00 0.000000000000000000e+00 0.000000000000000000e+00 0.000000000000000000e+00
0.000000000000000000e+00 0.000000000000000000e+00 0.000000000000000000e+00 0.000000000000000000e+00 0.000000000000000000e+00
0.000000000000000000e+00 0.000000000000000000e+00 0.000000000000000000e+00 0.000000000000000000e+00 0.000000000000000000e+00
0.000000000000000000e+00 0.000000000000000000e+00 0.000000000000000000e+00 0.000000000000000000e+00 0.000000000000000000e+00
0.000000000000000000e+00 0.000000000000000000e+00 0.000000000000000000e+00 0.000000000000000000e+00 0.000000000000000000e+00
0.000000000000000000e+00 0.000000000000000000e+00 0.000000000000000000e+00 0.000000000000000000e+00 0.000000000000000000e+00
0.000000000000000000e+00 0.000000000000000000e+00 0.000000000000000000e+00 0.000000000000000000e+00 0.000000000000000000e+00
0.000000000000000000e+00 0.000000000000000000e+00 0.000000000000000000e+00 0.000000000000000000e+00 0.000000000000000000e+00
0.000000000000000000e+00 0.000000000000000000e+00 0.000000000000000000e+00 0.000000000000000000e+00 0.000000000000000000e+00
0.000000000000000000e+00 0.000000000000000000e+00 0.000000000000000000e+00 0.000000000000000000e+00 0.000000000000000000e+00
0.000000000000000000e+00 0.000000000000000000e+00 0.000000000000000000e+00 0.000000000000000000e+00 0.000000000000000000e+00
0.000000000000000000e+00 0.000000000000000000e+00 0.000000000000000000e+00 0.000000000000000000e+00 0.000000000000000000e+00
0.000000000000000000e+00 0.000000000000000000e+00 0.000000000000000000e+00 0.000000000000000000e+00 0.000000000000000000e+00
0.000000000000000000e+00 0.000000000000000000e+00 0.000000000000000000e+00 0.000000000000000000e+00 0.000000000000000000e+00
0.000000000000000000e+00 0.000000000000000000e+00 0.000000000000000000e+00 0.000000000000000000e+00 0.000000000000000000e+00
0.000000000000000000e+00 0.000000000000000000e+00 0.000000000000000000e+00 0.000000000000000000e+00 0.000000000000000000e+00
0.000000000000000000e+00 0.000000000000000000e+00 0.000000000000000000e+00 0.000000000000000000e+00 0.000000000000000000e+00
0.000000000000000000e+00 0.000000000000000000e+00 0.000000000000000000e+00 0.000000000000000000e+00 0.000000000000000000e+00
0.000000000000000000e+00 0.000000000000000000e+00 0.000000000000000000e+00 0.000000000000000000e+00 0.000000000000000000e+00
0.000000000000000000e+00 0.000000000000000000e+00 0.000000000000000000e+00 0.000000000000000000e+00 0.000000000000000000e+00
0.000000000000000000e+00 0.000000000000000000e+00 0.000000000000000000e+00 0.000000000000000000e+00 0.000000000000000000e+00
0.000000000000000000e+00 0.000000000000000000e+00 0.000000000000000000e+00 0.000000000000000000e+00 0.000000000000000000e+00
0.000000000000000000e+00 0.000000000000000000e+00 0.000000000000000000e+00 0.000000000000000000e+00 0.000000000000000000e+00
0.000000000000000000e+00 0.000000000000000000e+00 0.000000000000000000e+00 0.000000000000000000e+00 0.000000000000000000e+00
0.000000000000000000e+00 0.000000000000000000e+00 0.000000000000000000e+00 0.000000000000000000e+00 0.000000000000000000e+00
0.000000000000000000e+00 0.000000000000000000e+00 0.000000000000000000e+00 0.000000000000000000e+00 0.000000000000000000e+00
0.000000000000000000e+00 0.000000000000000000e+00 0.000000000000000000e+00 0.000000000000000000e+00 0.000000000000000000e+00
0.000000000000000000e+00 0.000000000000000000e+00 0.000000000000000000e+00 0.000000000000000000e+00 0.000000000000000000e+00
0.000000000000000000e+00 0.000000000000000000e+00 0.000000000000000000e+00 0.000000000000000000e+00 0.000000000000000000e+00
0.000000000000000000e+00 0.000000000000000000e+00 0.000000000000000000e+00 0.000000000000000000e+00 0.000000000000000000e+00
0.000000000000000000e+00 0.000000000000000000e+00 0.000000000000000000e+00 0.000000000000000000e+00 0.000000000000000000e+00
0.000000000000000000e+00 0.000000000000000000e+00 0.000000000000000000e+00 0.000000000000000000e+00 0.000000000000000000e+00
0.000000000000000000e+00 0.000000000000000000e+00 0.000000000000000000e+00 0.000000000000000000e+00 0.000000000000000000e+00
0.000000000000000000e+00 0.000000000000000000e+00 0.000000000000000000e+00 0.000000000000000000e+00 0.000000000000000000e+00
0.000000000000000000e+00 0.000000000000000000e+00 0.000000000000000000e+00 0.000000000000000000e+00 0.000000000000000000e+00
0.000000000000000000e+00 0.000000000000000000e+00 0.000000000000000000e+00 0.000000000000000000e+00 0.000000000000000000e+00
0.000000000000000000e+00 0.000000000000000000e+00 0.000000000000000000e+00 0.000000000000000000e+00 0.000000000000000000e+00
0.000000000000000000e+00 0.000000000000000000e+00 0.000000000000000000e+00 0.000000000000000000e+00 0.000000000000000000e+00
0.000000000000000000e+00 0.000000000000000000e+00 0.000000000000000000e+00 0.000000000000000000e+00 0.000000000000000000e+00
0.000000000000000000e+00 0.000000000000000000e+00 0.000000000000000000e+00 0.000000000000000000e+00 0.000000000000000000e+00
0.000000000000000000e+00 0.000000000000000000e+00 0.000000000000000000e+00 0.000000000000000000e+00 0.000000000000000000e+00
0.000000000000000000e+00 0.000000000000000000e+00 0.000000000000000000e+00 0.000000000000000000e+00 0.000000000000000000e+00
0.000000000000000000e+00 0.000000000000000000e+00 0.000000000000000000e+00 0.000000000000000000e+00 0.000000000000000000e+00
0.000000000000000000e+00 0.000000000000000000e+00 0.000000000000000000e+00 0.000000000000000000e+00 0.000000000000000000e+00
0.000000000000000000e+00 0.000000000000000000e+00 0.000000000000000000e+00 0.000000000000000000e+00 0.000000000000000000e+00
0.000000000000000000e+00 0.000000000000000000e+00 0.000000000000000000e+00 0.000000000000000000e+00 0.000000000000000000e+00
0.000000000000000000e+00 0.000000000000000000e+00 0.000000000000000000e+00 0.000000000000000000e+00 0.000000000000000000e+00
0.000000000000000000e+00 0.000000000000000000e+00 0.000000000000000000e+00 0.000000000000000000e+00 0.000000000000000000e+00
0.000000000000000000e+00 0.000000000000000000e+00 0.000000000000000000e+00 0.000000000000000000e+00 0.000000000000000000e+00
0.000000000000000000e+00 0.000000000000000000e+00 0.000000000000000000e+00 0.000000000000000000e+00 0.000000000000000000e+00
0.000000000000000000e+00 0.000000000000000000e+00 0.000000000000000000e+00 0.000000000000000000e+00 0.000000000000000000e+00
0.000000000000000000e+00 0.000000000000000000e+00 0.000000000000000000e+00 0.000000000000000000e+00 0.000000000000000000e+00
0.000000000000000000e+00 0.000000000000000000e+00 0.000000000000000000e+00 0.000000000000000000e+00 0.000000000000000000e+00
0.000000000000000000e+00 0.000000000000000000e+00 0.000000000000000000e+00 0.000000000000000000e+00 0.000000000000000000e+00
0.000000000000000000e+00 0.000000000000000000e+00 0.000000000000000000e+00 0.000000000000000000e+00 0.000000000000000000e+00
0.000000000000000000e+00 0.000000000000000000e+00 0.000000000000000000e+00 0.000000000000000000e+00 0.000000000000000000e+00
0.000000000000000000e+00 0.000000000000000000e+00 0.000000000000000000e+00 0.000000000000000000e+00 0.000000000000000000e+00
0.000000000000000000e+00 0.000000000000000000e+00 0.000000000000000000e+00 0.000000000000000000e+00 0.000000000000000000e+00
0.000000000000000000e+00 0.000000000000000000e+00 0.000000000000000000e+00 0.000000000000000000e+00 0.000000000000000000e+00
0.000000000000000000e+00 0.000000000000000000e+00 0.000000000000000000e+00 0.000000000000000000e+00 0.000000000000000000e+00
0.000000000000000000e+00 0.000000000000000000e+00 0.000000000000000000e+00 0.000000000000000000e+00 0.000000000000000000e+00
0.000000000000000000e+00 0.000000000000000000e+00 0.000000000000000000e+00 0.000000000000000000e+00 0.000000000000000000e+00
0.000000000000000000e+00 0.000000000000000000e+00 0.000000000000000000e+00 0.000000000000000000e+00 0.000000000000000000e+00
0.000000000000000000e+00 0.000000000000000000e+00 0.000000000000000000e+00 0.000000000000000000e+00 0.000000000000000000e+00
0.000000000000000000e+00 0.000000000000000000e+00 0.000000000000000000e+00 0.000000000000000000e+00 0.000000000000000000e+00
0.000000000000000000e+00 0.000000000000000000e+00 0.000000000000000000e+00 0.000000000000000000e+00 0.000000000000000000e+00
0.000000000000000000e+00 0.000000000000000000e+00 0.000000000000000000e+00 0.000000000000000000e+00 0.000000000000000000e+00
0.000000000000000000e+00 0.000000000000000000e+00 0.000000000000000000e+00 0.000000000000000000e+00 0.000000000000000000e+00
0.000000000000000000e+00 0.000000000000000000e+00 0.000000000000000000e+00 0.000000000000000000e+00 0.000000000000000000e+00
0.000000000000000000e+00 0.000000000000000000e+00 0.000000000000000000e+00 0.000000000000000000e+00 0.000000000000000000e+00
0.000000000000000000e+00 0.000000000000000000e+00 0.000000000000000000e+00 0.000000000000000000e+00 0.000000000000000000e+00
0.000000000000000000e+00 0.000000000000000000e+00 0.000000000000000000e+00 0.000000000000000000e+00 0.000000000000000000e+00
0.000000000000000000e+00 0.000000000000000000e+00 0.000000000000000000e+00 0.000000000000000000e+00 0.000000000000000000e+00
0.000000000000000000e+00 0.000000000000000000e+00 0.000000000000000000e+00 0.000000000000000000e+00 0.000000000000000000e+00
0.000000000000000000e+00 0.000000000000000000e+00 0.000000000000000000e+00 0.000000000000000000e+00 0.000000000000000000e+00
0.000000000000000000e+00 0.000000000000000000e+00 0.000000000000000000e+00 0.000000000000000000e+00 0.000000000000000000e+00
0.000000000000000000e+00 0.000000000000000000e+00 0.000000000000000000e+00 0.000000000000000000e+00 0.000000000000000000e+00
0.000000000000000000e+00 0.000000000000000000e+00 0.000000000000000000e+00 0.000000000000000000e+00 0.000000000000000000e+00
0.000000000000000000e+00 0.000000000000000000e+00 0.000000000000000000e+00 0.000000000000000000e+00 0.000000000000000000e+00
0.000000000000000000e+00 0.000000000000000000e+00 0.000000000000000000e+00 0.000000000000000000e+00 0.000000000000000000e+00
0.000000000000000000e+00 0.000000000000000000e+00 0.000000000000000000e+00 0.000000000000000000e+00 0.000000000000000000e+00
0.000000000000000000e+00 0.000000000000000000e+00 0.000000000000000000e+00 0.000000000000000000e+00 0.000000000000000000e+00
0.000000000000000000e+00 0.000000000000000000e+00 0.000000000000000000e+00 0.000000000000000000e+00 0.000000000000000000e+00
0.000000000000000000e+00 0.000000000000000000e+00 0.000000000000000000e+00 0.000000000000000000e+00 0.000000000000000000e+00
0.000000000000000000e+00 0.000000000000000000e+00 0.000000000000000000e+00 0.000000000000000000e+00 0.000000000000000000e+00
0.000000000000000000e+00 0.000000000000000000e+00 0.000000000000000000e+00 0.000000000000000000e+00 0.000000000000000000e+00
0.000000000000000000e+00 0.000000000000000000e+00 0.000000000000000000e+00 0.000000000000000000e+00 0.000000000000000000e+00
0.000000000000000000e+00 0.000000000000000000e+00 0.000000000000000000e+00 0.000000000000000000e+00 0.000000000000000000e+00
0.000000000000000000e+00 0.000000000000000000e+00 0.000000000000000000e+00 0.000000000000000000e+00 0.000000000000000000e+00
0.000000000000000000e+00 0.000000000000000000e+00 0.000000000000000000e+00 0.000000000000000000e+00 0.000000000000000000e+00
0.000000000000000000e+00 0.000000000000000000e+00 0.000000000000000000e+00 0.000000000000000000e+00 0.000000000000000000e+00
0.000000000000000000e+00 0.000000000000000000e+00 0.000000000000000000e+00 0.000000000000000000e+00 0.000000000000000000e+00
0.000000000000000000e+00 0.000000000000000000e+00 0.000000000000000000e+00 0.000000000000000000e+00 0.000000000000000000e+00
0.000000000000000000e+00 0.000000000000000000e+00 0.000000000000000000e+00 0.000000000000000000e+00 0.000000000000000000e+00
0.000000000000000000e+00 0.000000000000000000e+00 0.000000000000000000e+00 0.000000000000000000e+00 0.000000000000000000e+00
0.000000000000000000e+00 0.000000000000000000e+00 0.000000000000000000e+00 0.000000000000000000e+00 0.000000000000000000e+00
0.000000000000000000e+00 0.000000000000000000e+00 0.000000000000000000e+00 0.000000000000000000e+00 0.000000000000000000e+00
0.000000000000000000e+00 0.000000000000000000e+00 0.000000000000000000e+00 0.000000000000000000e+00 0.000000000000000000e+00
0.000000000000000000e+00 0.000000000000000000e+00 0.000000000000000000e+00 0.000000000000000000e+00 0.000000000000000000e+00
0.000000000000000000e+00 0.000000000000000000e+00 0.000000000000000000e+00 0.000000000000000000e+00 0.000000000000000000e+00
0.000000000000000000e+00 0.000000000000000000e+00 0.000000000000000000e+00 0.000000000000000000e+00 0.000000000000000000e+00
0.000000000000000000e+00 0.000000000000000000e+00 0.000000000000000000e+00 0.000000000000000000e+00 0.000000000000000000e+00
0.000000000000000000e+00 0.000000000000000000e+00 0.000000000000000000e+00 0.000000000000000000e+00 0.000000000000000000e+00
0.000000000000000000e+00 0.000000000000000000e+00 0.000000000000000000e+00 0.000000000000000000e+00 0.000000000000000000e+00
0.000000000000000000e+00 0.000000000000000000e+00 0.000000000000000000e+00 0.000000000000000000e+00 0.000000000000000000e+00
0.000000000000000000e+00 0.000000000000000000e+00 0.000000000000000000e+00 0.000000000000000000e+00 0.000000000000000000e+00
0.000000000000000000e+00 0.000000000000000000e+00 0.000000000000000000e+00 0.000000000000000000e+00 0.000000000000000000e+00
0.000000000000000000e+00 0.000000000000000000e+00 0.000000000000000000e+00 0.000000000000000000e+00 0.000000000000000000e+00
0.000000000000000000e+00 0.000000000000000000e+00 0.000000000000000000e+00 0.000000000000000000e+00 0.000000000000000000e+00
0.000000000000000000e+00 0.000000000000000000e+00 0.000000000000000000e+00 0.000000000000000000e+00 0.000000000000000000e+00
0.000000000000000000e+00 0.000000000000000000e+00 0.000000000000000000e+00 0.000000000000000000e+00 0.000000000000000000e+00
0.000000000000000000e+00 0.000000000000000000e+00 0.000000000000000000e+00 0.000000000000000000e+00 0.000000000000000000e+00
0.000000000000000000e+00 0.000000000000000000e+00 0.000000000000000000e+00 0.000000000000000000e+00 0.000000000000000000e+00
0.000000000000000000e+00 0.000000000000000000e+00 0.000000000000000000e+00 0.000000000000000000e+00 0.000000000000000000e+00
0.000000000000000000e+00 0.000000000000000000e+00 0.000000000000000000e+00 0.000000000000000000e+00 0.000000000000000000e+00
0.000000000000000000e+00 0.000000000000000000e+00 0.000000000000000000e+00 0.000000000000000000e+00 0.000000000000000000e+00
0.000000000000000000e+00 0.000000000000000000e+00 0.000000000000000000e+00 0.000000000000000000e+00 0.000000000000000000e+00
0.000000000000000000e+00 0.000000000000000000e+00 0.000000000000000000e+00 0.000000000000000000e+00 0.000000000000000000e+00
0.000000000000000000e+00 0.000000000000000000e+00 0.000000000000000000e+00 0.000000000000000000e+00 0.000000000000000000e+00
0.000000000000000000e+00 0.000000000000000000e+00 0.000000000000000000e+00 0.000000000000000000e+00 0.000000000000000000e+00
0.000000000000000000e+00 0.000000000000000000e+00 0.000000000000000000e+00 0.000000000000000000e+00 0.000000000000000000e+00
0.000000000000000000e+00 0.000000000000000000e+00 0.000000000000000000e+00 0.000000000000000000e+00 0.000000000000000000e+00
0.000000000000000000e+00 0.000000000000000000e+00 0.000000000000000000e+00 0.000000000000000000e+00 0.000000000000000000e+00
0.000000000000000000e+00 0.000000000000000000e+00 0.000000000000000000e+00 0.000000000000000000e+00 0.000000000000000000e+00
0.000000000000000000e+00 0.000000000000000000e+00 0.000000000000000000e+00 0.000000000000000000e+00 0.000000000000000000e+00
0.000000000000000000e+00 0.000000000000000000e+00 0.000000000000000000e+00 0.000000000000000000e+00 0.000000000000000000e+00
0.000000000000000000e+00 0.000000000000000000e+00 0.000000000000000000e+00 0.000000000000000000e+00 0.000000000000000000e+00
0.000000000000000000e+00 0.000000000000000000e+00 0.000000000000000000e+00 0.000000000000000000e+00 0.000000000000000000e+00
0.000000000000000000e+00 0.000000000000000000e+00 0.000000000000000000e+00 0.000000000000000000e+00 0.000000000000000000e+00
0.000000000000000000e+00 0.000000000000000000e+00 0.000000000000000000e+00 0.000000000000000000e+00 0.000000000000000000e+00
0.000000000000000000e+00 0.000000000000000000e+00 0.000000000000000000e+00 0.000000000000000000e+00 0.000000000000000000e+00
0.000000000000000000e+00 0.000000000000000000e+00 0.000000000000000000e+00 0.000000000000000000e+00 0.000000000000000000e+00
0.000000000000000000e+00 0.000000000000000000e+00 0.000000000000000000e+00 0.000000000000000000e+00 0.000000000000000000e+00
0.000000000000000000e+00 0.000000000000000000e+00 0.000000000000000000e+00 0.000000000000000000e+00 0.000000000000000000e+00
0.000000000000000000e+00 0.000000000000000000e+00 0.000000000000000000e+00 0.000000000000000000e+00 0.000000000000000000e+00
0.000000000000000000e+00 0.000000000000000000e+00 0.000000000000000000e+00 0.000000000000000000e+00 0.000000000000000000e+00
0.000000000000000000e+00 0.000000000000000000e+00 0.000000000000000000e+00 0.000000000000000000e+00 0.000000000000000000e+00
0.000000000000000000e+00 0.000000000000000000e+00 0.000000000000000000e+00 0.000000000000000000e+00 0.000000000000000000e+00
0.000000000000000000e+00 0.000000000000000000e+00 0.000000000000000000e+00 0.000000000000000000e+00 0.000000000000000000e+00
0.000000000000000000e+00 0.000000000000000000e+00 0.000000000000000000e+00 0.000000000000000000e+00 0.000000000000000000e+00
0.000000000000000000e+00 0.000000000000000000e+00 0.000000000000000000e+00 0.000000000000000000e+00 0.000000000000000000e+00
0.000000000000000000e+00 0.000000000000000000e+00 0.000000000000000000e+00 0.000000000000000000e+00 0.000000000000000000e+00
0.000000000000000000e+00 0.000000000000000000e+00 0.000000000000000000e+00 0.000000000000000000e+00 0.000000000000000000e+00
0.000000000000000000e+00 0.000000000000000000e+00 0.000000000000000000e+00 0.000000000000000000e+00 0.000000000000000000e+00
0.000000000000000000e+00 0.000000000000000000e+00 0.000000000000000000e+00 0.000000000000000000e+00 0.000000000000000000e+00
0.000000000000000000e+00 0.000000000000000000e+00 0.000000000000000000e+00 0.000000000000000000e+00 0.000000000000000000e+00
0.000000000000000000e+00 0.000000000000000000e+00 0.000000000000000000e+00 0.000000000000000000e+00 0.000000000000000000e+00
0.000000000000000000e+00 0.000000000000000000e+00 0.000000000000000000e+00 0.000000000000000000e+00 0.000000000000000000e+00
0.000000000000000000e+00 0.000000000000000000e+00 0.000000000000000000e+00 0.000000000000000000e+00 0.000000000000000000e+00
0.000000000000000000e+00 0.000000000000000000e+00 0.000000000000000000e+00 0.000000000000000000e+00 0.000000000000000000e+00
0.000000000000000000e+00 0.000000000000000000e+00 0.000000000000000000e+00 0.000000000000000000e+00 0.000000000000000000e+00
0.000000000000000000e+00 0.000000000000000000e+00 0.000000000000000000e+00 0.000000000000000000e+00 0.000000000000000000e+00
0.000000000000000000e+00 0.000000000000000000e+00 0.000000000000000000e+00 0.000000000000000000e+00 0.000000000000000000e+00
0.000000000000000000e+00 0.000000000000000000e+00 0.000000000000000000e+00 0.000000000000000000e+00 0.000000000000000000e+00
0.000000000000000000e+00 0.000000000000000000e+00 0.000000000000000000e+00 0.000000000000000000e+00 0.000000000000000000e+00
0.000000000000000000e+00 0.000000000000000000e+00 0.000000000000000000e+00 0.000000000000000000e+00 0.000000000000000000e+00
0.000000000000000000e+00 0.000000000000000000e+00 0.000000000000000000e+00 0.000000000000000000e+00 0.000000000000000000e+00
0.000000000000000000e+00 0.000000000000000000e+00 0.000000000000000000e+00 0.000000000000000000e+00 0.000000000000000000e+00
0.000000000000000000e+00 0.000000000000000000e+00 0.000000000000000000e+00 0.000000000000000000e+00 0.000000000000000000e+00
0.000000000000000000e+00 0.000000000000000000e+00 0.000000000000000000e+00 0.000000000000000000e+00 0.000000000000000000e+00
0.000000000000000000e+00 0.000000000000000000e+00 0.000000000000000000e+00 0.000000000000000000e+00 0.000000000000000000e+00
0.000000000000000000e+00 0.000000000000000000e+00 0.000000000000000000e+00 0.000000000000000000e+00 0.000000000000000000e+00
0.000000000000000000e+00 0.000000000000000000e+00 0.000000000000000000e+00 0.000000000000000000e+00 0.000000000000000000e+00
0.000000000000000000e+00 0.000000000000000000e+00 0.000000000000000000e+00 0.000000000000000000e+00 0.000000000000000000e+00
0.000000000000000000e+00 0.000000000000000000e+00 0.000000000000000000e+00 0.000000000000000000e+00 0.000000000000000000e+00
0.000000000000000000e+00 0.000000000000000000e+00 0.000000000000000000e+00 0.000000000000000000e+00 0.000000000000000000e+00
0.000000000000000000e+00 0.000000000000000000e+00 0.000000000000000000e+00 0.000000000000000000e+00 0.000000000000000000e+00
0.000000000000000000e+00 0.000000000000000000e+00 0.000000000000000000e+00 0.000000000000000000e+00 0.000000000000000000e+00
0.000000000000000000e+00 0.000000000000000000e+00 0.000000000000000000e+00 0.000000000000000000e+00 0.000000000000000000e+00
0.000000000000000000e+00 0.000000000000000000e+00 0.000000000000000000e+00 0.000000000000000000e+00 0.000000000000000000e+00
0.000000000000000000e+00 0.000000000000000000e+00 0.000000000000000000e+00 0.000000000000000000e+00 0.000000000000000000e+00
0.000000000000000000e+00 0.000000000000000000e+00 0.000000000000000000e+00 0.000000000000000000e+00 0.000000000000000000e+00
0.000000000000000000e+00 0.000000000000000000e+00 0.000000000000000000e+00 0.000000000000000000e+00 0.000000000000000000e+00
0.000000000000000000e+00 0.000000000000000000e+00 0.000000000000000000e+00 0.000000000000000000e+00 0.000000000000000000e+00
0.000000000000000000e+00 0.000000000000000000e+00 0.000000000000000000e+00 0.000000000000000000e+00 0.000000000000000000e+00
0.000000000000000000e+00 0.000000000000000000e+00 0.000000000000000000e+00 0.000000000000000000e+00 0.000000000000000000e+00
0.000000000000000000e+00 0.000000000000000000e+00 0.000000000000000000e+00 0.000000000000000000e+00 0.000000000000000000e+00
0.000000000000000000e+00 0.000000000000000000e+00 0.000000000000000000e+00 0.000000000000000000e+00 0.000000000000000000e+00
0.000000000000000000e+00 0.000000000000000000e+00 0.000000000000000000e+00 0.000000000000000000e+00 0.000000000000000000e+00
0.000000000000000000e+00 0.000000000000000000e+00 0.000000000000000000e+00 0.000000000000000000e+00 0.000000000000000000e+00
-6.512186745300406976e+00 -6.455854685481972943e+00 1.024171781971066064e-01 6.512186746660906245e+00 6.455854663346626943e+00
-5.332756516951859815e+00 -7.199591625483801494e+00 -1.829096552899536654e+00 5.332756506860794943e+00 7.199591594597874789e+00
-3.617585291780833323e+00 -7.255398287043790972e+00 -3.612212305107343813e+00 3.617585271045067330e+00 7.255398250273476179e+00
-1.634896206144299091e+00 -6.680944911814918896e+00 -5.034479032369655549e+00 1.634896176848900318e+00 6.680944872504213095e+00
3.441506880463800488e-01 -5.621073889661169609e+00 -5.967660138779900869e+00 -3.441507230327203182e-01 5.621073851060212512e+00
2.127783783215896118e+00 -4.237886857658475392e+00 -6.380728533656570889e+00 -2.127783820821861571e+00 4.237886822552808574e+00
3.604852391959943780e+00 -2.675547873108647057e+00 -6.305911001786238756e+00 -3.604852429292657590e+00 2.675547843679099813e+00
4.717063962375385167e+00 -1.051140848396826533e+00 -5.801586382749978732e+00 -4.717063996879383936e+00 1.051140826230046565e+00
5.434038192780239918e+00 5.371492273345568336e-01 -4.935344371262870844e+00 -5.434038222293569476e+00 -5.371492412096867675e-01
5.742604632087230598e+00 1.999152223222439462e+00 -3.784091444307479790e+00 -5.742604654896893202e+00 -1.999152228336480208e+00
5.648015649007534833e+00 3.250033713468000851e+00 -2.437951567493317206e+00 -5.648015663928196872e+00 -3.250033709934394999e+00
5.178510488503114573e+00 4.216478004812339364e+00 -9.986795226950232474e-01 -5.178510494947379250e+00 -4.216477993324285301e+00
4.386539919055342018e+00 4.845800949672477209e+00 4.282185914148308736e-01 -4.386539917058373206e+00 -4.845800931442977522e+00
3.345116372809533445e+00 5.112262500025640755e+00 1.743473602405819278e+00 -3.345116362995047776e+00 -5.112262476673763878e+00
2.140890133325335398e+00 5.018400117811926187e+00 2.862359484958422406e+00 -2.140890116822417699e+00 -5.018400091217992909e+00
8.661172836791143359e-01 4.592351787361033111e+00 3.720105266094692720e+00 -8.661172620065586969e-01 -4.592351759513880083e+00
-3.888194707795504246e-01 3.883249812869699724e+00 4.274820928211340743e+00 3.888194958469040619e-01 -3.883249785720691794e+00
-1.541573433008287530e+00 2.956114451433173862e+00 4.508597284103982084e+00 1.541573459580519057e+00 -2.956114426764508529e+00
-2.522653517707432513e+00 1.886498214864157363e+00 4.427003989341954160e+00 2.522653543918356167e+00 -1.886498194177410381e+00
-3.278920598905767481e+00 7.547061205644978177e-01 4.056830883468174775e+00 3.278920623039179638e+00 -7.547061049964819412e-01
-3.775516537700296826e+00 -3.600813206730827942e-01 3.442153656726479660e+00 3.775516558293568803e+00 3.600813304015219041e-01
-3.996136144536634127e+00 -1.385001954556503323e+00 2.639413886983168922e+00 3.996136160455606046e+00 1.385001958157968449e+00
-3.942108195457630249e+00 -2.257524528497847793e+00 1.712481007277236067e+00 3.942108205942462806e+00 2.257524526106199136e+00
-3.631078681337360781e+00 -2.928424204878767423e+00 7.283507234062204239e-01 3.631078686022923829e+00 2.928424197012869268e+00
-3.095752086185178165e+00 -3.364142361080162402e+00 -2.464824155144959839e-01 3.095752085099942708e+00 3.364142348587843667e+00
-2.382358222024510752e+00 -3.548628945288285319e+00 -1.149411387857815159e+00 2.382358215569287729e+00 3.548628929273058841e+00
-1.547983353346201296e+00 -3.484197585189213076e+00 -1.925259570745916360e+00 1.547983342251723515e+00 3.484197566922692779e+00
-6.562086898326915385e-01 -3.190694694348930049e+00 -2.529842219057643948e+00 6.562086750957717429e-01 3.190694675174724715e+00
2.285268365032059878e-01 -2.702715228718007179e+00 -2.932859338055571197e+00 -2.285268537010819168e-01 2.702715209956062736e+00
1.046583226839114422e+00 -2.065408993093669654e+00 -3.119398676128462000e+00 -1.046583245222578951e+00 2.065408975954394766e+00
1.747518267339397635e+00 -1.329946515398761075e+00 -3.089831580438752834e+00 -1.747518285629780621e+00 1.329946500913273155e+00
2.292687782324053902e+00 -5.495539783468432748e-01 -2.858466583076863632e+00 -2.292687799322278064e+00 5.495539673153240212e-01
2.656335959490775167e+00 2.235942585881521283e-01 -2.451539964180519338e+00 -2.656335974148546608e+00 -2.235942656308515242e-01
2.825799791330592114e+00 9.408789484357245048e-01 -1.904918350831652285e+00 -2.825799802808144801e+00 -9.408789512384194698e-01
2.801250438281910782e+00 1.559512748023109907e+00 -1.261561458568455363e+00 -2.801250445990878912e+00 -1.559512746620589141e+00
2.595022833453648481e+00 2.044733980353710123e+00 -5.686531894658563013e-01 -2.595022837083116318e+00 -2.044733975052255737e+00
2.230384947181068167e+00 2.371750273350209159e+00 1.255814517081021708e-01 -2.230384946704898841e+00 -2.371750264696198318e+00
1.739642398769237319e+00 2.527113272006577205e+00 7.751598711403959729e-01 -1.739642394434023132e+00 -2.527113260739835887e+00
1.161638268718610645e+00 2.509264717037303694e+00 1.339405845647789306e+00 -1.161638261013437923e+00 -2.509264704032796001e+00
5.388528852930171142e-01 2.328168570321325070e+00 1.785502385677488979e+00 -5.388528749039841470e-01 -2.328168556523992905e+00
-8.562616005829809529e-02 2.004107060461915335e+00 2.090339207916694253e+00 8.562617230473776320e-02 -2.004107046819817217e+00
-6.709997532048452840e-01 1.565805271927587006e+00 2.241553557385136841e+00 6.709997664049927035e-01 -1.565805259328258314e+00
-1.181300339188780635e+00 1.048072957222208057e+00 2.237733098216470040e+00 1.181300352426328359e+00 -1.048072946436570341e+00
-1.587423880914126118e+00 4.891592270830079081e-01 2.087816942199638870e+00 1.587423893321569857e+00 -4.891592187203970821e-01
-1.868559175019991248e+00 -7.197496584498827565e-02 1.809807563217485482e+00 1.868559185832702640e+00 7.197497136820599217e-02
-2.012994498757022743e+00 -5.982672602086758218e-01 1.428972719333747143e+00 2.012994507356911544e+00 5.982672626856784248e-01
-2.018342196392617360e+00 -1.056884186772781620e+00 9.757413276814880243e-01 2.018342202339499014e+00 1.056884186208049581e+00
-1.891246739335082250e+00 -1.421159360237037816e+00 4.834712667499108107e-01 1.891246742384927293e+00 1.421159356834259091e+00
-1.646622384791683213e+00 -1.672061151440139337e+00 -1.378603209531218017e-02 1.646622384901657687e+00 1.672061145577865338e+00
-1.306429750151433478e+00 -1.799115655724963680e+00 -4.834406365050715748e-01 1.306429747472151570e+00 1.799115647922184813e+00
-8.979954958761947603e-01 -1.800709440670798855e+00 -8.963590692028632345e-01 8.979954907320704116e-01 1.800709431545087558e+00
-4.519364617357430891e-01 -1.683727416719739578e+00 -1.228592732771648599e+00 4.519364545949640100e-01 1.683727406941136762e+00
1.510718049963723404e-04 -1.462558859921791354e+00 -1.462711023551641176e+00 -1.510803685672411768e-04 1.462558850165888824e+00
4.279957088658926656e-01 -1.157602290172511816e+00 -1.588626842304363462e+00 -4.279957182159008777e-01 1.157602281076104411e+00
8.046999330450780308e-01 -7.934676826828453988e-01 -1.603862300804427043e+00 -8.046999425276323281e-01 7.934676748049875883e-01
1.108355177625105714e+00 -3.970791172544074210e-01 -1.513277870764647037e+00 -1.108355186612311138e+00 3.970791110449424788e-01
1.323148342690184220e+00 4.169175352615065409e-03 -1.328342777854697898e+00 -1.323148350619509639e+00 -4.169179575777672356e-03
1.439968028243184373e+00 3.841158345184982892e-01 -1.066042503862249635e+00 -1.439968034650498163e+00 -3.841158365826887744e-01
1.456554776365870607e+00 7.193494913633967647e-01 -7.475129704587440971e-01 -1.456554780910494618e+00 -7.193494912448504808e-01
1.377240063450086538e+00 9.905026555349036865e-01 -3.964837975321472419e-01 -1.377240065930715573e+00 -9.905026533529568411e-01
1.212311444240454117e+00 1.183272182660752181e+00 -3.761848703434644836e-02 -1.212311444601303467e+00 -1.183272178663189678e+00
9.770458560319106311e-01 1.289106568691680499e+00 3.051464082543802747e-01 -9.770458543590381240e-01 -1.289106563232395253e+00
6.904719258918885494e-01 1.305509281608430827e+00 6.101510680764745675e-01 -6.904719224003195155e-01 -1.305509275119092427e+00
3.739458300259773105e-01 1.235935028661443003e+00 8.593428908788585119e-01 -3.739458250388807969e-01 -1.235935021619277263e+00
4.964303956520595834e-02 1.089292365361476111e+00 1.039298030569967946e+00 -4.964303348691963269e-02 -1.089292358255523396e+00
-2.609259391775244907e-01 8.791004687315470134e-01 1.141872933260352552e+00 2.609259458924627628e-01 -8.791004620297816485e-01
-5.382746959422392008e-01 6.223740950636622582e-01 1.164458044489957489e+00 5.382747028217129692e-01 -6.223740891831772704e-01
-7.660908738380441951e-01 3.383273759531381097e-01 1.109839700536762841e+00 7.660908804243141690e-01 -3.383273712352835028e-01
-9.321161609078578714e-01 4.699475571374948230e-02 9.857072848692175482e-01 9.321161667867496892e-01 -4.699475240563859985e-02
-1.028720579859252249e+00 -2.321333404611438667e-01 8.038672501307809748e-01 1.028720584684809980e+00 2.321333422178756545e-01
-1.053158010020627922e+00 -4.813704773067074560e-01 5.792404775373881654e-01 1.053158013533934678e+00 4.813704774795634078e-01
-1.007507339932081525e+00 -6.859130270341806668e-01 3.287241954546863965e-01 1.007507341973405524e+00 6.859130256960791483e-01
-8.983160054362165914e-01 -8.346760522958216466e-01 6.999711191355618978e-02 8.983160059501101857e-01 8.346760496146546915e-01
-7.359732277541229939e-01 -9.208405739611258412e-01 -1.796590505458160181e-01 7.359732267875460643e-01 9.208405701836506196e-01
-5.338533790008382907e-01 -9.420849729919381632e-01 -4.044536534385818061e-01 5.338533766947670678e-01 9.420849684233733035e-01
-3.072872762495649779e-01 -9.004958332948233002e-01 -5.910339710327079388e-01 3.072872728249338437e-01 9.004958282757304922e-01
-7.243756811755762415e-02 -8.021797094082947499e-01 -7.292295300697341220e-01 7.243756385671107356e-02 8.021797042904372788e-01
1.548331998246473273e-01 -6.566229864397441496e-01 -8.125519147182149737e-01 -1.548332045995566009e-01 6.566229815625761468e-01
3.600129738598085161e-01 -4.758661988000624232e-01 -8.384269074573855729e-01 -3.600129788098975769e-01 4.758661944693516332e-01
5.308333421103639260e-01 -2.735675931351974621e-01 -8.081575225935858642e-01 -5.308333469029783425e-01 2.735675896050224765e-01
6.579520421323750146e-01 -6.402836563000351144e-02 -7.266365810891182164e-01 -6.579520464624381004e-01 6.402836308906489915e-02
7.353958297760775364e-01 1.387571563957491205e-01 -6.018428950831353763e-01 -7.353958333845385109e-01 -1.387571578329069855e-01
7.607556737561271820e-01 3.219739549678694024e-01 -4.441654033140370883e-01 -7.607556764444728392e-01 -3.219739552644421687e-01
7.351419029684654882e-01 4.747381829024442390e-01 -2.656061395680392456e-01 -7.351419046085638787e-01 -4.747381820977910616e-01
6.629185416544022269e-01 5.886926346035051827e-01 -7.891721698858226997e-02 -6.629185421932666245e-01 -5.886926328067477732e-01
5.512457577061046221e-01 6.584174063021026591e-01 1.032706218496902001e-01 -5.512457571655041688e-01 -6.584174036815152453e-01
4.094682809517009026e-01 6.816367192459612534e-01 2.692707378690901154e-01 -4.094682794228927669e-01 -6.816367160150166304e-01
2.483954824431410802e-01 6.592149797307318426e-01 4.090616709422960073e-01 -2.483954800772968374e-01 -6.592149761318616408e-01
7.952430705759215568e-02 5.949490952749094674e-01 5.148620225864274369e-01 -7.952430405277108316e-02 -5.949490915621543641e-01
-8.574178078239634571e-02 4.951780978088041740e-01 5.815266607637875618e-01 8.574178419668479489e-02 -4.951780942305586408e-01
-2.368268035990188924e-01 3.682434310197557070e-01 6.067462081006526065e-01 2.368268071785084583e-01 -3.682434278027555963e-01
-3.646241576236705084e-01 2.238425313603888689e-01 5.910470521320663195e-01 3.646241611261090143e-01 -2.238425286959475902e-01
-4.620102134180023024e-01 7.232388890674078252e-02 5.376036414012456133e-01 4.620102166188862491e-01 -7.232388694003603902e-02
-5.242040928139618527e-01 -7.602653110990462149e-02 4.518872299774160939e-01 5.242040955202578179e-01 7.602653228693953547e-02
-5.489592373705211026e-01 -2.116595326912633912e-01 3.411845571988692538e-01 5.489592394315939705e-01 2.116595330431682576e-01
-5.365831814930928090e-01 -3.263546094500123784e-01 2.140258403349520888e-01 5.365831828082868737e-01 3.263546089971444131e-01
-4.897919899789740517e-01 -4.136939948075541995e-01 7.956413181501498233e-02 4.897919905015394315e-01 4.136939936218032021e-01
-4.134151273440210828e-01 -4.693926563884495140e-01 -5.305189441504729042e-02 4.134151270813354317e-01 4.693926545858032595e-01
-3.139751740116196177e-01 -4.914688730480074597e-01 -1.752717779840571033e-01 3.139751730218801051e-01 4.914688707786287747e-01
-1.991745439794053163e-01 -4.802517892475034467e-01 -2.796677411828905058e-01 1.991745423651905267e-01 4.802517866841081173e-01
-7.732742678260476343e-02 -4.382342273539291955e-01 -3.603595793121338042e-01 7.732742468188151530e-02 4.382342246793187734e-01
4.322151771300133949e-02 -3.697899112888969886e-01 -4.133173032942836223e-01 -4.322152013770972495e-02 3.697899086835108595e-01
1.546505168538401531e-01 -2.807829003548047986e-01 -4.365278470181855330e-01 -1.546505194273241623e-01 2.807828979850989781e-01
2.501490459778542563e-01 -1.781025685114789869e-01 -4.300218634024908226e-01 -2.501490485243003103e-01 1.781025665198373020e-01
3.243114150594362810e-01 -6.915966786185295812e-02 -3.957661598388368951e-01 -3.243114174139238859e-01 6.915966635859581435e-02
3.734149333372979718e-01 3.862168030581028533e-02 -3.374358223598972195e-01 -3.734149353559925166e-01 -3.862168124792245139e-02
3.955716558259185778e-01 1.382840074682812892e-01 -2.600870140674884090e-01 -3.955716573943676151e-01 -1.382840078168296460e-01
3.907518997501051028e-01 2.237605777987674849e-01 -1.697565780494309784e-01 -3.907519007891910867e-01 -2.237605775617036163e-01
3.606859225970833749e-01 2.902205231145793540e-01 -7.301788467724155962e-02 -3.606859230663680971e-01 -2.902205223376354559e-01
3.086572001030449264e-01 3.343176694844927632e-01 2.347617994176843734e-02 -3.086572000014135564e-01 -3.343176682462686289e-01
2.392065591775724420e-01 3.543319940527183687e-01 1.134326316481541058e-01 -2.392065585412736506e-01 -3.543319924578738900e-01
1.577708795601323322e-01 3.501995119112294996e-01 1.913121302703004178e-01 -1.577708784584711810e-01 -3.501995100823178109e-01
7.028297640054370632e-02 3.234335156970001290e-01 2.526531681771290727e-01 -7.028297492963159199e-02 -3.234335137655408587e-01
-1.723958048917829944e-02 2.769469999221358947e-01 2.943085851833725508e-01 1.723958221410680849e-02 -2.769469980195516379e-01
-9.908964969046639426e-02 2.147922510514117811e-01 3.145831382965353362e-01 9.908965154358785610e-02 -2.147922493004319755e-01
-1.702250854569047622e-01 1.418384754684915705e-01 3.132682061463051282e-01 1.702250873105867757e-01 -1.418384739755677859e-01
-2.265619983039486030e-01 6.341161004639873922e-02 2.915769354755795573e-01 2.265620000371843801e-01 -6.341160889557992397e-02
-2.651910438337909959e-01 -1.507807260167421011e-02 2.519896658356572949e-01 2.651910453397551826e-01 1.507807335307778142e-02
-2.845067680860741133e-01 -8.849530661764549999e-02 1.980248477828058240e-01 2.845067692783525004e-01 8.849530694141702347e-02
-2.842459954250043386e-01 -1.523029173688658089e-01 1.339546179521108327e-01 2.842459962421635122e-01 1.523029172662053177e-01
-2.654371245279467106e-01 -2.028289646420849413e-01 6.448659302755319067e-02 2.654371249362339480e-01 2.028289641419882550e-01
-2.302677270762605033e-01 -2.374629571449358989e-01 -5.565683044709807993e-03 2.302677270703586132e-01 2.374629563008388844e-01
-1.818827723404596308e-01 -2.547716711976752979e-01 -7.160176108202455370e-02 1.818827719423504186e-01 2.547716700826781477e-01
-1.241298706132949597e-01 -2.545310527335203354e-01 -1.295227480854835300e-01 1.241298698694035391e-01 2.545310514345795472e-01
-6.127086021438960667e-02 -2.376766109457275067e-01 -1.759721549127417073e-01 6.127085919128529012e-02 2.376766095572525606e-01
2.319402092912560380e-03 -2.061801638691247440e-01 -2.085159830303804085e-01 -2.319403313904571003e-03 2.061801624864286198e-01
6.244621166405190521e-02 -1.628653483517456535e-01 -2.257534797445114871e-01 -6.244621299292112820e-02 1.628653470647847823e-01
1.153608922103151052e-01 -1.111776469460478978e-01 -2.273549228692729740e-01 -1.153608935546878711e-01 1.111776458338408075e-01
1.579830642744196878e-01 -5.492665103570119889e-02 -2.140277252670837460e-01 -1.579830655457083177e-01 5.492665016175277831e-02
1.880669479248273379e-01 1.981112597304282574e-03 -1.874167409910878213e-01 -1.880669490438139635e-01 -1.981113188330728241e-03
2.043038885323770204e-01 5.580108273071746061e-02 -1.499486156505872303e-01 -2.043038894338987943e-01 -5.580108301493068995e-02
2.063580208201607480e-01 1.031852259273532552e-01 -1.046331406180654316e-01 -2.063580214566355375e-01 -1.031852259021145413e-01
1.948365457555232272e-01 1.413786517398202824e-01 -5.483670436993758057e-02 -1.948365460991458575e-01 -1.413786514228166924e-01
1.712002218441690815e-01 1.683677547437275879e-01 -4.044008313025735518e-03 -1.712002218877030357e-01 -1.683677541707700454e-01
1.376231697192529801e-01 1.829728866338039550e-01 4.437579285396187068e-02 -1.376231694754363466e-01 -1.829728858555561000e-01
9.681380854179430506e-02 1.848823550289961926e-01 8.738342073675151034e-02 -9.681380804147118879e-02 -1.848823541069022081e-01
5.181057611547119912e-02 1.746283995232682795e-01 1.224511748219856699e-01 -5.181057540463537142e-02 -1.746283985249836024e-01
5.766964920182281358e-03 1.535094813783763334e-01 1.477017073848167772e-01 -5.766964056183752386e-03 -1.535094803730271407e-01
-3.825967707366367127e-02 1.234665080013013783e-01 1.619969417572443560e-01 3.825967802645714733e-02 -1.234665070548905258e-01
-7.750213207166663232e-02 8.692328539129283438e-02 1.649738832302768410e-01 7.750213304644060219e-02 -8.692328456254694302e-02
-1.096484413689409187e-01 4.660337981023082027e-02 1.570277782135569289e-01 1.096484423009258941e-01 -4.660337914713821861e-02
-1.329689854302100738e-01 5.336568392827824824e-03 1.392465442385815433e-01 1.329689862608043616e-01 -5.336567930059478611e-03
-1.463992276661676972e-01 -3.413186884741573751e-02 1.133033912963595652e-01 1.463992283464413957e-01 3.413186909007957792e-02
-1.495749873530029528e-01 -6.931658345503677321e-02 8.131690993556679736e-02 1.495749878463867866e-01 6.931658347322285085e-02
-1.428203055108893116e-01 -9.814150657407243183e-02 4.568950322691910093e-02 1.428203057949162524e-01 9.814150637829582857e-02
-1.270910197519520557e-01 -1.190545713715634168e-01 8.935839878282439072e-03 1.270910198189880713e-01 1.190545709857624562e-01
-1.038798934867289220e-01 -1.311020144732040482e-01 -2.648698937403229023e-02 1.038798933436980015e-01 1.311020139324744482e-01
-7.509139351818265584e-02 -1.339594650680966115e-01 -5.833666944610062938e-02 7.509139318535716645e-02 1.339594644158166592e-01
-4.289584294712298074e-02 -1.279200710094553495e-01 -8.472066622717341899e-02 4.289584245610639224e-02 1.279200702940205825e-01
-9.573594309701963234e-03 -1.138427681116287310e-01 -1.042014254885696156e-01 9.573593700777947857e-03 1.138427673830323394e-01
2.263997669422411138e-02 -9.306627846411506810e-02 -1.158664744110331629e-01 -2.263997737517129891e-02 9.306627777060245965e-02
5.169845311684438671e-02 -6.729637006687087808e-02 -1.193606820602980678e-01 -5.169845382161463582e-02 6.729636945188482988e-02
7.586840314139277341e-02 -3.847522476757057885e-02 -1.148805314069208383e-01 -7.586840382273569994e-02 3.847522426716862981e-02
9.382633787882327381e-02 -8.642405447746625072e-03 -1.031327304545293089e-01 -9.382633849347270238e-02 8.642405088634409413e-03
1.047236838371024131e-01 2.020310106459406035e-02 -8.526168741451878308e-02 -1.047236843483935753e-01 -2.020310126631788897e-02
1.082172450565015154e-01 4.623090340289837119e-02 -6.275216900481585258e-02 -1.082172454364219438e-01 -4.623090344224130288e-02
1.044650391600191741e-01 6.788955613472527628e-02 -3.731475655863357443e-02 -1.044650393905888069e-01 -6.788955601755057578e-02
9.408965753836509571e-02 8.399305354639123589e-02 -1.076245313208539119e-02 -9.408965761228936520e-02 -8.399305328847309071e-02
7.811328846859880159e-02 9.377912107299446465e-02 1.511304463425937501e-02 -7.811328838919047446e-02 -9.377912069847534060e-02
5.787014758107238144e-02 9.693697859737809841e-02 3.865729905688127660e-02 -5.787014736148399230e-02 -9.693697813675987429e-02
3.490320541969894191e-02 9.360431959058364282e-02 5.845411382428958302e-02 -3.490320508155263929e-02 -9.360431907840693899e-02
1.085274473466482127e-02 8.433524492592099631e-02 7.340569917179172454e-02 -1.085274430619963953e-02 -8.433524439830034081e-02
-1.265559401708201900e-02 7.004268551165700185e-02 8.278784128854187185e-02 1.265559450319870237e-02 -7.004268500384046303e-02
-3.411599035941504515e-02 5.192033861210788165e-02 8.627776064283734780e-02 3.411599086845143458e-02 -5.192033815621952680e-02
-5.223437315832320932e-02 3.135023941675316866e-02 8.395426347362590358e-02 5.223437365585856945e-02 -3.135023903985643956e-02
-6.600181873617290418e-02 9.802736250533013868e-03 7.627163453475571675e-02 6.600181919032889477e-02 -9.802735973125706673e-03
-7.474560073106256697e-02 -1.126419186434828371e-02 6.401036578245412889e-02 7.474560111445185950e-02 1.126419202933170126e-02
-7.815571179717764605e-02 -3.049963413684194519e-02 4.820916683364663557e-02 7.815571208845790985e-02 3.049963418448151456e-02
-7.628637399461266067e-02 -4.674254761420580662e-02 3.008368643601570455e-02 7.628637417956465883e-02 4.674254754749988111e-02
-6.953370208521229834e-02 -5.908782630137529579e-02 1.093794857182634958e-02 6.953370215729690051e-02 5.908782613063188333e-02
-5.859218019779195707e-02 -6.693216282528752226e-02 -7.925340546325225846e-03 5.859218015817713177e-02 6.693216256706986667e-02
-4.439386663785568204e-02 -6.999774333089253675e-02 -2.528971279548027085e-02 4.439386649493907988e-02 6.999774300661153192e-02
-2.803518342616576065e-02 -6.833338674471994834e-02 -4.009980596060198216e-02 2.803518319465057862e-02 6.833338637898334067e-02
-1.069672397655900553e-02 -6.229425038852118984e-02 -5.152182917234759962e-02 1.069672367616654289e-02 6.229425000736091289e-02
6.438298793878359169e-03 -5.250257661423486655e-02 -5.898643855485177778e-02 -6.438299139956621571e-03 5.250257624333387607e-02
2.226153802408471424e-02 -3.979306560102826434e-02 -6.221214392832814105e-02 -2.226153839088102632e-02 3.979306526406296146e-02
3.580805612964863688e-02 -2.514726867790562786e-02 -6.120873041558497207e-02 -3.580805649214074959e-02 2.514726839510562570e-02
4.631189724340447483e-02 -9.621869014035422038e-03 -5.626150484496553195e-02 -4.631189757815174640e-02 9.621868801043084729e-03
5.324573471513768808e-02 5.724155554414881060e-03 -4.789838665181561650e-02 -5.324573500172893187e-02 -5.724155687326334604e-03
5.634282303365910349e-02 1.989869109975844416e-02 -3.684285657260932129e-02 -5.634282325588765850e-02 -1.989869114807625919e-02
5.560079492518506944e-02 3.203767454314043750e-02 -2.395659367320172525e-02 -5.560079507188848275e-02 -3.203767450810757200e-02
5.126799260222149324e-02 4.145475544261411488e-02 -1.017604807831882716e-02 -5.126799266774820230e-02 -4.145475533084931608e-02
4.381415801417213457e-02 4.767680986604174581e-02 3.552590069511291689e-03 -4.381415799846420656e-02 -4.767680968882861275e-02
3.388822410200647423e-02 5.046373179191963182e-02 1.633568945781707638e-02 -3.388822401031261339e-02 -5.046373156422812728e-02
2.226663720732418097e-02 4.981202397371686796e-02 2.738781176970773307e-02 -2.226663704958123033e-02 -4.981202371303485726e-02
9.796071316118242639e-03 4.594278324351031700e-02 3.607738814142343042e-02 -9.796071106058564654e-03 -4.594278296857100957e-02
-2.665445645733819074e-03 3.927565778620353831e-02 4.195996677606114722e-02 2.665445891676437775e-03 -3.927565751569783020e-02
-1.430508119018388501e-02 3.039118783411991903e-02 4.479750320198351565e-02 1.430508145408779068e-02 -3.039118758547788152e-02
-2.440586565519566042e-02 1.998457829331993368e-02 4.456315884782633546e-02 2.440586591889889329e-02 -1.998457808163818517e-02
-3.238848805330341724e-02 8.814360399932238618e-03 4.143205432601122090e-02 3.238848829960202375e-02 -8.814360237109122517e-03
-3.784194871662557857e-02 -2.350442067100432311e-03 3.575930521126569755e-02 3.784194893034684842e-02 2.350442172975442893e-03
-4.054165660531554999e-02 -1.278110060801243737e-02 2.804745959670252101e-02 4.054165677420273894e-02 1.278110065298888702e-02
-4.045443270494040316e-02 -2.183470675692222515e-02 1.890601214365393232e-02 4.045443282030106863e-02 2.183470674123121416e-02
-3.773075994344357587e-02 -2.899172117676984337e-02 9.006050057593140146e-03 3.773076000053149359e-02 2.899172110459124693e-02
-3.268544860837370447e-02 -3.388350807305242490e-02 -9.667527351092588140e-04 3.268544860649330586e-02 3.388350795203629723e-02
-2.576855869742330357e-02 -3.630856085527973953e-02 -1.035764467406160433e-02 2.576855863976425937e-02 3.630856069586616691e-02
-1.752898681066960770e-02 -3.623695075504009683e-02 -1.858391597777108925e-02 1.752898670389664917e-02 3.623695056963228966e-02
-8.573479363950732568e-03 -3.380332747235290786e-02 -2.516917613039021395e-02 8.573479217587817724e-03 3.380332727440527735e-02
4.760097130848869309e-04 -2.928953335465214400e-02 -2.976891213195331440e-02 -4.760098874248358211e-04 2.928953315773745805e-02
9.023741174079492194e-03 -2.309851740321929026e-02 -3.218611783668166165e-02 -9.023741363561186418e-03 2.309851722013663705e-02
1.653774117759461079e-02 -1.572170582648554568e-02 -3.237648096505982981e-02 -1.653774136906172379e-02 1.572170566846532377e-02
2.258122530720017840e-02 -7.702314726939510359e-03 -3.044334219068454625e-02 -2.258122548805074903e-02 7.702314602992128487e-03
2.683616670745895411e-02 4.027921173235445582e-04 -2.662328784337815099e-02 -2.683616686643922056e-02 -4.027922008801999680e-04
2.911787304497107098e-02 8.060145274059191470e-03 -2.126378800593546614e-02 -2.911787317284002252e-02 -8.060145313872078832e-03
2.938008642823249084e-02 1.479325159355997579e-02 -1.479475058771144089e-02 -2.938008651826054182e-02 -1.479325158930562718e-02
2.771078338441962732e-02 2.021071122806154807e-02 -7.696174558983187065e-03 -2.771078343269741187e-02 -2.021071118230977764e-02
2.431943427514475856e-02 2.402732545055767666e-02 -4.642113854351170008e-04 -2.431943428069175892e-02 -2.402732536845355107e-02
1.951700042775745061e-02 2.607718582998626994e-02 6.422068571540856703e-03 -1.951700039243375873e-02 -2.607718571878051353e-02
1.369035388376710002e-02 2.631830533545143416e-02 1.253106843615928515e-02 -1.369035381200435671e-02 -2.631830520391775438e-02
7.273082999217052140e-03 2.482893613575733877e-02 1.750438361926472119e-02 -7.273082897595312471e-03 -2.482893599354050670e-02
7.147684115729775875e-04 2.179622231051002446e-02 2.107639598914724799e-02 -7.147682882794319670e-04 -2.179622216745096333e-02
-5.549182561058177941e-03 1.749833793488255601e-02 2.308679103169496497e-02 5.549182696847339107e-03 -1.749833780036560635e-02
-1.112520732589312999e-02 1.228160699753051005e-02 2.348554499797082112e-02 1.112520746466320529e-02 -1.228160687989450495e-02
-1.568509693731140117e-02 6.534359720254939025e-03 2.233045651243622740e-02 1.568509706984799745e-02 -6.534359626303017261e-03
-1.898401889125325009e-02 6.593917030493143521e-04 1.977775605505811135e-02 1.898401900922819588e-02 -6.593916376845650401e-04
-2.087216768234076078e-02 -4.953093202848101589e-03 1.606678183932301954e-02 2.087216777880963881e-02 4.953093236843951128e-03
-2.129961127218545774e-02 -9.950313454590447443e-03 1.150003001784270784e-02 2.129961134196899086e-02 9.950313456628272213e-03
-2.031436785748374704e-02 -1.403800616068668315e-02 6.420121496895913292e-03 2.031436789741397284e-02 1.403800613229437035e-02
-1.805418762790077583e-02 -1.699660319042285705e-02 1.185349426067293897e-03 1.805418763692328080e-02 1.699660313503534997e-02
-1.473290097140879905e-02 -1.869168459059263737e-02 -3.854522623857169032e-03 1.473290095054157964e-02 1.869168451322846675e-02
-1.062250545323123463e-02 -1.907832377378141514e-02 -8.380645636547666075e-03 1.062250540539041652e-02 1.907832368063261397e-02
-6.032382388277373990e-03 -1.819935948121477812e-02 -1.212428761996118057e-02 6.032382317988213213e-03 1.819935937918164270e-02
-1.287150127668648799e-03 -1.617802541826134782e-02 -1.488176668230214300e-02 1.287150040686419221e-03 1.617802531446513314e-02
3.295327351595800022e-03 -1.320571488300008832e-02 -1.652436269878860414e-02 -3.295327448725415571e-03 1.320571478430666336e-02
7.424346144927184907e-03 -9.525934115845490976e-03 -1.700282076565844125e-02 -7.424346245336459552e-03 9.525934028430526820e-03
1.085393411395603296e-02 -5.415694473536847298e-03 -1.634643941843550927e-02 -1.085393421092026127e-02 5.415694402518604796e-03
1.339658222229211069e-02 -1.165686158263076234e-03 -1.465707286994990047e-02 -1.339658230966112029e-02 1.165686107423342770e-03
1.493244295636871923e-02 2.939404572668579720e-03 -1.209871173561268519e-02 -1.493244302893850101e-02 -2.939404601061824506e-03
1.541363114277144279e-02 6.639159973614010106e-03 -8.883549719555244514e-03 -1.541363119657466335e-02 -6.639159978875923407e-03
1.486360209723523208e-02 9.713161347885111013e-03 -5.255626825395308746e-03 -1.486360212973594948e-02 -9.713161330876393662e-03
1.337190520039473196e-02 1.199329237394656383e-02 -1.473242477885060341e-03 -1.337190521057952421e-02 -1.199329233693695491e-02
1.108489723180328297e-02 1.337199131187962083e-02 2.208649069219584954e-03 -1.108489722016824976e-02 -1.337199125832649708e-02
8.193232588473315162e-03 1.380612427294753905e-02 5.554910313034365499e-03 -8.193232556913220346e-03 -1.380612420720850504e-02
4.917114742898913600e-03 1.331645390618747815e-02 8.364542102081309535e-03 -4.917114694510731250e-03 -1.331645383318912079e-02
1.490387645369963552e-03 1.198296614185701339e-02 1.048203155876412974e-02 -1.490387584188195350e-03 -1.198296606674369678e-02
-1.855435006508729867e-03 9.936574073065685547e-03 1.180513971246677923e-02 1.855435075824205535e-03 -9.936574000852385971e-03
-4.906157902301700770e-03 7.347927644023054261e-03 1.228880538962533187e-02 4.906157974802373770e-03 -7.347927579274679197e-03
-7.477983284065152156e-03 4.414209256584904033e-03 1.194511254357766977e-02 7.477983354851938311e-03 -4.414209203141658544e-03
