0.000000000000000000e+00 0.000000000000000000e+00 0.000000000000000000e+00 0.000000000000000000e+00 0.000000000000000000e+00
0.000000000000000000e+00 0.000000000000000000e+00 0.000000000000000000e+00 0.000000000000000000e+00 0.000000000000000000e+00
0.000000000000000000e+00 0.000000000000000000e+00 0.000000000000000000e+00 0.000000000000000000e+00 0.000000000000000000e+00
0.000000000000000000e+00 0.000000000000000000e+00 0.000000000000000000e+00 0.000000000000000000e+00 0.000000000000000000e+00
0.000000000000000000e+00 0.000000000000000000e+00 0.000000000000000000e+00 0.000000000000000000e+00 0.000000000000000000e+00
0.000000000000000000e+00 0.000000000000000000e+00 0.000000000000000000e+00 0.000000000000000000e+00 0.000000000000000000e+00
0.000000000000000000e+00 0.000000000000000000e+00 0.000000000000000000e+00 0.000000000000000000e+00 0.000000000000000000e+00
0.000000000000000000e+00 0.000000000000000000e+00 0.000000000000000000e+00 0.000000000000000000e+00 0.000000000000000000e+00
0.000000000000000000e+00 0.000000000000000000e+00 0.000000000000000000e+00 0.000000000000000000e+00 0.000000000000000000e+00
0.000000000000000000e+00 0.000000000000000000e+00 0.000000000000000000e+00 0.000000000000000000e+00 0.000000000000000000e+00
0.000000000000000000e+00 0.000000000000000000e+00 0.000000000000000000e+00 0.000000000000000000e+00 0.000000000000000000e+00
0.000000000000000000e+00 0.000000000000000000e+00 0.000000000000000000e+00 0.000000000000000000e+00 0.000000000000000000e+00
0.000000000000000000e+00 0.000000000000000000e+00 0.000000000000000000e+00 0.000000000000000000e+00 0.000000000000000000e+00
0.000000000000000000e+00 0.000000000000000000e+00 0.000000000000000000e+00 0.000000000000000000e+00 0.000000000000000000e+00
0.000000000000000000e+00 0.000000000000000000e+00 0.000000000000000000e+00 0.000000000000000000e+00 0.000000000000000000e+00
0.000000000000000000e+00 0.000000000000000000e+00 0.000000000000000000e+00 0.000000000000000000e+00 0.000000000000000000e+00
0.000000000000000000e+00 0.000000000000000000e+00 0.000000000000000000e+00 0.000000000000000000e+00 0.000000000000000000e+00
0.000000000000000000e+00 0.000000000000000000e+00 0.000000000000000000e+00 0.000000000000000000e+00 0.000000000000000000e+00
0.000000000000000000e+00 0.000000000000000000e+00 0.000000000000000000e+00 0.000000000000000000e+00 0.000000000000000000e+00
0.000000000000000000e+00 0.000000000000000000e+00 0.000000000000000000e+00 0.000000000000000000e+00 0.000000000000000000e+00
0.000000000000000000e+00 0.000000000000000000e+00 0.000000000000000000e+00 0.000000000000000000e+00 0.000000000000000000e+00
0.000000000000000000e+00 0.000000000000000000e+00 0.000000000000000000e+00 0.000000000000000000e+00 0.000000000000000000e+00
0.000000000000000000e+00 0.000000000000000000e+00 0.000000000000000000e+00 0.000000000000000000e+00 0.000000000000000000e+00
0.000000000000000000e+00 0.000000000000000000e+00 0.000000000000000000e+00 0.000000000000000000e+00 0.000000000000000000e+00
0.000000000000000000e+00 0.000000000000000000e+00 0.000000000000000000e+00 0.000000000000000000e+00 0.000000000000000000e+00
0.000000000000000000e+00 0.000000000000000000e+00 0.000000000000000000e+00 0.000000000000000000e+00 0.000000000000000000e+00
0.000000000000000000e+00 0.000000000000000000e+00 0.000000000000000000e+00 0.000000000000000000e+00 0.000000000000000000e+00
0.000000000000000000e+00 0.000000000000000000e+00 0.000000000000000000e+00 0.000000000000000000e+00 0.000000000000000000e+00
0.000000000000000000e+00 0.000000000000000000e+00 0.000000000000000000e+00 0.000000000000000000e+00 0.000000000000000000e+00
0.000000000000000000e+00 0.000000000000000000e+00 0.000000000000000000e+00 0.000000000000000000e+00 0.000000000000000000e+00
0.000000000000000000e+00 0.000000000000000000e+00 0.000000000000000000e+00 0.000000000000000000e+00 0.000000000000000000e+00
0.000000000000000000e+00 0.000000000000000000e+00 0.000000000000000000e+00 0.000000000000000000e+00 0.000000000000000000e+00
0.000000000000000000e+00 0.000000000000000000e+00 0.000000000000000000e+00 0.000000000000000000e+00 0.000000000000000000e+00
0.000000000000000000e+00 0.000000000000000000e+00 0.000000000000000000e+00 0.000000000000000000e+00 0.000000000000000000e+00
0.000000000000000000e+00 0.000000000000000000e+00 0.000000000000000000e+00 0.000000000000000000e+00 0.000000000000000000e+00
0.000000000000000000e+00 0.000000000000000000e+00 0.000000000000000000e+00 0.000000000000000000e+00 0.000000000000000000e+00
0.000000000000000000e+00 0.000000000000000000e+00 0.000000000000000000e+00 0.000000000000000000e+00 0.000000000000000000e+00
0.000000000000000000e+00 0.000000000000000000e+00 0.000000000000000000e+00 0.000000000000000000e+00 0.000000000000000000e+00
0.000000000000000000e+00 0.000000000000000000e+00 0.000000000000000000e+00 0.000000000000000000e+00 0.000000000000000000e+00
0.000000000000000000e+00 0.000000000000000000e+00 0.000000000000000000e+00 0.000000000000000000e+00 0.000000000000000000e+00
0.000000000000000000e+00 0.000000000000000000e+00 0.000000000000000000e+00 0.000000000000000000e+00 0.000000000000000000e+00
0.000000000000000000e+00 0.000000000000000000e+00 0.000000000000000000e+00 0.000000000000000000e+00 0.000000000000000000e+00
0.000000000000000000e+00 0.000000000000000000e+00 0.000000000000000000e+00 0.000000000000000000e+00 0.000000000000000000e+00
0.000000000000000000e+00 0.000000000000000000e+00 0.000000000000000000e+00 0.000000000000000000e+00 0.000000000000000000e+00
0.000000000000000000e+00 0.000000000000000000e+00 0.000000000000000000e+00 0.000000000000000000e+00 0.000000000000000000e+00
0.000000000000000000e+00 0.000000000000000000e+00 0.000000000000000000e+00 0.000000000000000000e+00 0.000000000000000000e+00
0.000000000000000000e+00 0.000000000000000000e+00 0.000000000000000000e+00 0.000000000000000000e+00 0.000000000000000000e+00
0.000000000000000000e+00 0.000000000000000000e+00 0.000000000000000000e+00 0.000000000000000000e+00 0.000000000000000000e+00
0.000000000000000000e+00 0.000000000000000000e+00 0.000000000000000000e+00 0.000000000000000000e+00 0.000000000000000000e+00
0.000000000000000000e+00 0.000000000000000000e+00 0.000000000000000000e+00 0.000000000000000000e+00 0.000000000000000000e+00
0.000000000000000000e+00 0.000000000000000000e+00 0.000000000000000000e+00 0.000000000000000000e+00 0.000000000000000000e+00
0.000000000000000000e+00 0.000000000000000000e+00 0.000000000000000000e+00 0.000000000000000000e+00 0.000000000000000000e+00
0.000000000000000000e+00 0.000000000000000000e+00 0.000000000000000000e+00 0.000000000000000000e+00 0.000000000000000000e+00
0.000000000000000000e+00 0.000000000000000000e+00 0.000000000000000000e+00 0.000000000000000000e+00 0.000000000000000000e+00
0.000000000000000000e+00 0.000000000000000000e+00 0.000000000000000000e+00 0.000000000000000000e+00 0.000000000000000000e+00
0.000000000000000000e+00 0.000000000000000000e+00 0.000000000000000000e+00 0.000000000000000000e+00 0.000000000000000000e+00
0.000000000000000000e+00 0.000000000000000000e+00 0.000000000000000000e+00 0.000000000000000000e+00 0.000000000000000000e+00
0.000000000000000000e+00 0.000000000000000000e+00 0.000000000000000000e+00 0.000000000000000000e+00 0.000000000000000000e+00
0.000000000000000000e+00 0.000000000000000000e+00 0.000000000000000000e+00 0.000000000000000000e+00 0.000000000000000000e+00
0.000000000000000000e+00 0.000000000000000000e+00 0.000000000000000000e+00 0.000000000000000000e+00 0.000000000000000000e+00
0.000000000000000000e+00 0.000000000000000000e+00 0.000000000000000000e+00 0.000000000000000000e+00 0.000000000000000000e+00
0.000000000000000000e+00 0.000000000000000000e+00 0.000000000000000000e+00 0.000000000000000000e+00 0.000000000000000000e+00
0.000000000000000000e+00 0.000000000000000000e+00 0.000000000000000000e+00 0.000000000000000000e+00 0.000000000000000000e+00
0.000000000000000000e+00 0.000000000000000000e+00 0.000000000000000000e+00 0.000000000000000000e+00 0.000000000000000000e+00
0.000000000000000000e+00 0.000000000000000000e+00 0.000000000000000000e+00 0.000000000000000000e+00 0.000000000000000000e+00
0.000000000000000000e+00 0.000000000000000000e+00 0.000000000000000000e+00 0.000000000000000000e+00 0.000000000000000000e+00
0.000000000000000000e+00 0.000000000000000000e+00 0.000000000000000000e+00 0.000000000000000000e+00 0.000000000000000000e+00
0.000000000000000000e+00 0.000000000000000000e+00 0.000000000000000000e+00 0.000000000000000000e+00 0.000000000000000000e+00
0.000000000000000000e+00 0.000000000000000000e+00 0.000000000000000000e+00 0.000000000000000000e+00 0.000000000000000000e+00
0.000000000000000000e+00 0.000000000000000000e+00 0.000000000000000000e+00 0.000000000000000000e+00 0.000000000000000000e+00
0.000000000000000000e+00 0.000000000000000000e+00 0.000000000000000000e+00 0.000000000000000000e+00 0.000000000000000000e+00
0.000000000000000000e+00 0.000000000000000000e+00 0.000000000000000000e+00 0.000000000000000000e+00 0.000000000000000000e+00
0.000000000000000000e+00 0.000000000000000000e+00 0.000000000000000000e+00 0.000000000000000000e+00 0.000000000000000000e+00
0.000000000000000000e+00 0.000000000000000000e+00 0.000000000000000000e+00 0.000000000000000000e+00 0.000000000000000000e+00
0.000000000000000000e+00 0.000000000000000000e+00 0.000000000000000000e+00 0.000000000000000000e+00 0.000000000000000000e+00
0.000000000000000000e+00 0.000000000000000000e+00 0.000000000000000000e+00 0.000000000000000000e+00 0.000000000000000000e+00
0.000000000000000000e+00 0.000000000000000000e+00 0.000000000000000000e+00 0.000000000000000000e+00 0.000000000000000000e+00
0.000000000000000000e+00 0.000000000000000000e+00 0.000000000000000000e+00 0.000000000000000000e+00 0.000000000000000000e+00
0.000000000000000000e+00 0.000000000000000000e+00 0.000000000000000000e+00 0.000000000000000000e+00 0.000000000000000000e+00
0.000000000000000000e+00 0.000000000000000000e+00 0.000000000000000000e+00 0.000000000000000000e+00 0.000000000000000000e+00
0.000000000000000000e+00 0.000000000000000000e+00 0.000000000000000000e+00 0.000000000000000000e+00 0.000000000000000000e+00
0.000000000000000000e+00 0.000000000000000000e+00 0.000000000000000000e+00 0.000000000000000000e+00 0.000000000000000000e+00
0.000000000000000000e+00 0.000000000000000000e+00 0.000000000000000000e+00 0.000000000000000000e+00 0.000000000000000000e+00
0.000000000000000000e+00 0.000000000000000000e+00 0.000000000000000000e+00 0.000000000000000000e+00 0.000000000000000000e+00
0.000000000000000000e+00 0.000000000000000000e+00 0.000000000000000000e+00 0.000000000000000000e+00 0.000000000000000000e+00
0.000000000000000000e+00 0.000000000000000000e+00 0.000000000000000000e+00 0.000000000000000000e+00 0.000000000000000000e+00
0.000000000000000000e+00 0.000000000000000000e+00 0.000000000000000000e+00 0.000000000000000000e+00 0.000000000000000000e+00
0.000000000000000000e+00 0.000000000000000000e+00 0.000000000000000000e+00 0.000000000000000000e+00 0.000000000000000000e+00
0.000000000000000000e+00 0.000000000000000000e+00 0.000000000000000000e+00 0.000000000000000000e+00 0.000000000000000000e+00
0.000000000000000000e+00 0.000000000000000000e+00 0.000000000000000000e+00 0.000000000000000000e+00 0.000000000000000000e+00
0.000000000000000000e+00 0.000000000000000000e+00 0.000000000000000000e+00 0.000000000000000000e+00 0.000000000000000000e+00
0.000000000000000000e+00 0.000000000000000000e+00 0.000000000000000000e+00 0.000000000000000000e+00 0.000000000000000000e+00
0.000000000000000000e+00 0.000000000000000000e+00 0.000000000000000000e+00 0.000000000000000000e+00 0.000000000000000000e+00
0.000000000000000000e+00 0.000000000000000000e+00 0.000000000000000000e+00 0.000000000000000000e+00 0.000000000000000000e+00
0.000000000000000000e+00 0.000000000000000000e+00 0.000000000000000000e+00 0.000000000000000000e+00 0.000000000000000000e+00
0.000000000000000000e+00 0.000000000000000000e+00 0.000000000000000000e+00 0.000000000000000000e+00 0.000000000000000000e+00
0.000000000000000000e+00 0.000000000000000000e+00 0.000000000000000000e+00 0.000000000000000000e+00 0.000000000000000000e+00
0.000000000000000000e+00 0.000000000000000000e+00 0.000000000000000000e+00 0.000000000000000000e+00 0.000000000000000000e+00
0.000000000000000000e+00 0.000000000000000000e+00 0.000000000000000000e+00 0.000000000000000000e+00 0.000000000000000000e+00
0.000000000000000000e+00 0.000000000000000000e+00 0.000000000000000000e+00 0.000000000000000000e+00 0.000000000000000000e+00
0.000000000000000000e+00 0.000000000000000000e+00 0.000000000000000000e+00 0.000000000000000000e+00 0.000000000000000000e+00
0.000000000000000000e+00 0.000000000000000000e+00 0.000000000000000000e+00 0.000000000000000000e+00 0.000000000000000000e+00
0.000000000000000000e+00 0.000000000000000000e+00 0.000000000000000000e+00 0.000000000000000000e+00 0.000000000000000000e+00
0.000000000000000000e+00 0.000000000000000000e+00 0.000000000000000000e+00 0.000000000000000000e+00 0.000000000000000000e+00
0.000000000000000000e+00 0.000000000000000000e+00 0.000000000000000000e+00 0.000000000000000000e+00 0.000000000000000000e+00
0.000000000000000000e+00 0.000000000000000000e+00 0.000000000000000000e+00 0.000000000000000000e+00 0.000000000000000000e+00
0.000000000000000000e+00 0.000000000000000000e+00 0.000000000000000000e+00 0.000000000000000000e+00 0.000000000000000000e+00
0.000000000000000000e+00 0.000000000000000000e+00 0.000000000000000000e+00 0.000000000000000000e+00 0.000000000000000000e+00
0.000000000000000000e+00 0.000000000000000000e+00 0.000000000000000000e+00 0.000000000000000000e+00 0.000000000000000000e+00
0.000000000000000000e+00 0.000000000000000000e+00 0.000000000000000000e+00 0.000000000000000000e+00 0.000000000000000000e+00
0.000000000000000000e+00 0.000000000000000000e+00 0.000000000000000000e+00 0.000000000000000000e+00 0.000000000000000000e+00
0.000000000000000000e+00 0.000000000000000000e+00 0.000000000000000000e+00 0.000000000000000000e+00 0.000000000000000000e+00
0.000000000000000000e+00 0.000000000000000000e+00 0.000000000000000000e+00 0.000000000000000000e+00 0.000000000000000000e+00
0.000000000000000000e+00 0.000000000000000000e+00 0.000000000000000000e+00 0.000000000000000000e+00 0.000000000000000000e+00
0.000000000000000000e+00 0.000000000000000000e+00 0.000000000000000000e+00 0.000000000000000000e+00 0.000000000000000000e+00
0.000000000000000000e+00 0.000000000000000000e+00 0.000000000000000000e+00 0.000000000000000000e+00 0.000000000000000000e+00
0.000000000000000000e+00 0.000000000000000000e+00 0.000000000000000000e+00 0.000000000000000000e+00 0.000000000000000000e+00
0.000000000000000000e+00 0.000000000000000000e+00 0.000000000000000000e+00 0.000000000000000000e+00 0.000000000000000000e+00
0.000000000000000000e+00 0.000000000000000000e+00 0.000000000000000000e+00 0.000000000000000000e+00 0.000000000000000000e+00
0.000000000000000000e+00 0.000000000000000000e+00 0.000000000000000000e+00 0.000000000000000000e+00 0.000000000000000000e+00
0.000000000000000000e+00 0.000000000000000000e+00 0.000000000000000000e+00 0.000000000000000000e+00 0.000000000000000000e+00
0.000000000000000000e+00 0.000000000000000000e+00 0.000000000000000000e+00 0.000000000000000000e+00 0.000000000000000000e+00
0.000000000000000000e+00 0.000000000000000000e+00 0.000000000000000000e+00 0.000000000000000000e+00 0.000000000000000000e+00
0.000000000000000000e+00 0.000000000000000000e+00 0.000000000000000000e+00 0.000000000000000000e+00 0.000000000000000000e+00
0.000000000000000000e+00 0.000000000000000000e+00 0.000000000000000000e+00 0.000000000000000000e+00 0.000000000000000000e+00
0.000000000000000000e+00 0.000000000000000000e+00 0.000000000000000000e+00 0.000000000000000000e+00 0.000000000000000000e+00
0.000000000000000000e+00 0.000000000000000000e+00 0.000000000000000000e+00 0.000000000000000000e+00 0.000000000000000000e+00
0.000000000000000000e+00 0.000000000000000000e+00 0.000000000000000000e+00 0.000000000000000000e+00 0.000000000000000000e+00
0.000000000000000000e+00 0.000000000000000000e+00 0.000000000000000000e+00 0.000000000000000000e+00 0.000000000000000000e+00
0.000000000000000000e+00 0.000000000000000000e+00 0.000000000000000000e+00 0.000000000000000000e+00 0.000000000000000000e+00
0.000000000000000000e+00 0.000000000000000000e+00 0.000000000000000000e+00 0.000000000000000000e+00 0.000000000000000000e+00
0.000000000000000000e+00 0.000000000000000000e+00 0.000000000000000000e+00 0.000000000000000000e+00 0.000000000000000000e+00
0.000000000000000000e+00 0.000000000000000000e+00 0.000000000000000000e+00 0.000000000000000000e+00 0.000000000000000000e+00
0.000000000000000000e+00 0.000000000000000000e+00 0.000000000000000000e+00 0.000000000000000000e+00 0.000000000000000000e+00
0.000000000000000000e+00 0.000000000000000000e+00 0.000000000000000000e+00 0.000000000000000000e+00 0.000000000000000000e+00
0.000000000000000000e+00 0.000000000000000000e+00 0.000000000000000000e+00 0.000000000000000000e+00 0.000000000000000000e+00
0.000000000000000000e+00 0.000000000000000000e+00 0.000000000000000000e+00 0.000000000000000000e+00 0.000000000000000000e+00
0.000000000000000000e+00 0.000000000000000000e+00 0.000000000000000000e+00 0.000000000000000000e+00 0.000000000000000000e+00
0.000000000000000000e+00 0.000000000000000000e+00 0.000000000000000000e+00 0.000000000000000000e+00 0.000000000000000000e+00
0.000000000000000000e+00 0.000000000000000000e+00 0.000000000000000000e+00 0.000000000000000000e+00 0.000000000000000000e+00
0.000000000000000000e+00 0.000000000000000000e+00 0.000000000000000000e+00 0.000000000000000000e+00 0.000000000000000000e+00
0.000000000000000000e+00 0.000000000000000000e+00 0.000000000000000000e+00 0.000000000000000000e+00 0.000000000000000000e+00
0.000000000000000000e+00 0.000000000000000000e+00 0.000000000000000000e+00 0.000000000000000000e+00 0.000000000000000000e+00
0.000000000000000000e+00 0.000000000000000000e+00 0.000000000000000000e+00 0.000000000000000000e+00 0.000000000000000000e+00
0.000000000000000000e+00 0.000000000000000000e+00 0.000000000000000000e+00 0.000000000000000000e+00 0.000000000000000000e+00
0.000000000000000000e+00 0.000000000000000000e+00 0.000000000000000000e+00 0.000000000000000000e+00 0.000000000000000000e+00
0.000000000000000000e+00 0.000000000000000000e+00 0.000000000000000000e+00 0.000000000000000000e+00 0.000000000000000000e+00
0.000000000000000000e+00 0.000000000000000000e+00 0.000000000000000000e+00 0.000000000000000000e+00 0.000000000000000000e+00
0.000000000000000000e+00 0.000000000000000000e+00 0.000000000000000000e+00 0.000000000000000000e+00 0.000000000000000000e+00
0.000000000000000000e+00 0.000000000000000000e+00 0.000000000000000000e+00 0.000000000000000000e+00 0.000000000000000000e+00
0.000000000000000000e+00 0.000000000000000000e+00 0.000000000000000000e+00 0.000000000000000000e+00 0.000000000000000000e+00
0.000000000000000000e+00 0.000000000000000000e+00 0.000000000000000000e+00 0.000000000000000000e+00 0.000000000000000000e+00
0.000000000000000000e+00 0.000000000000000000e+00 0.000000000000000000e+00 0.000000000000000000e+00 0.000000000000000000e+00
0.000000000000000000e+00 0.000000000000000000e+00 0.000000000000000000e+00 0.000000000000000000e+00 0.000000000000000000e+00
0.000000000000000000e+00 0.000000000000000000e+00 0.000000000000000000e+00 0.000000000000000000e+00 0.000000000000000000e+00
0.000000000000000000e+00 0.000000000000000000e+00 0.000000000000000000e+00 0.000000000000000000e+00 0.000000000000000000e+00
0.000000000000000000e+00 0.000000000000000000e+00 0.000000000000000000e+00 0.000000000000000000e+00 0.000000000000000000e+00
0.000000000000000000e+00 0.000000000000000000e+00 0.000000000000000000e+00 0.000000000000000000e+00 0.000000000000000000e+00
0.000000000000000000e+00 0.000000000000000000e+00 0.000000000000000000e+00 0.000000000000000000e+00 0.000000000000000000e+00
0.000000000000000000e+00 0.000000000000000000e+00 0.000000000000000000e+00 0.000000000000000000e+00 0.000000000000000000e+00
0.000000000000000000e+00 0.000000000000000000e+00 0.000000000000000000e+00 0.000000000000000000e+00 0.000000000000000000e+00
0.000000000000000000e+00 0.000000000000000000e+00 0.000000000000000000e+00 0.000000000000000000e+00 0.000000000000000000e+00
0.000000000000000000e+00 0.000000000000000000e+00 0.000000000000000000e+00 0.000000000000000000e+00 0.000000000000000000e+00
0.000000000000000000e+00 0.000000000000000000e+00 0.000000000000000000e+00 0.000000000000000000e+00 0.000000000000000000e+00
0.000000000000000000e+00 0.000000000000000000e+00 0.000000000000000000e+00 0.000000000000000000e+00 0.000000000000000000e+00
0.000000000000000000e+00 0.000000000000000000e+00 0.000000000000000000e+00 0.000000000000000000e+00 0.000000000000000000e+00
0.000000000000000000e+00 0.000000000000000000e+00 0.000000000000000000e+00 0.000000000000000000e+00 0.000000000000000000e+00
0.000000000000000000e+00 0.000000000000000000e+00 0.000000000000000000e+00 0.000000000000000000e+00 0.000000000000000000e+00
0.000000000000000000e+00 0.000000000000000000e+00 0.000000000000000000e+00 0.000000000000000000e+00 0.000000000000000000e+00
0.000000000000000000e+00 0.000000000000000000e+00 0.000000000000000000e+00 0.000000000000000000e+00 0.000000000000000000e+00
0.000000000000000000e+00 0.000000000000000000e+00 0.000000000000000000e+00 0.000000000000000000e+00 0.000000000000000000e+00
0.000000000000000000e+00 0.000000000000000000e+00 0.000000000000000000e+00 0.000000000000000000e+00 0.000000000000000000e+00
0.000000000000000000e+00 0.000000000000000000e+00 0.000000000000000000e+00 0.000000000000000000e+00 0.000000000000000000e+00
0.000000000000000000e+00 0.000000000000000000e+00 0.000000000000000000e+00 0.000000000000000000e+00 0.000000000000000000e+00
0.000000000000000000e+00 0.000000000000000000e+00 0.000000000000000000e+00 0.000000000000000000e+00 0.000000000000000000e+00
0.000000000000000000e+00 0.000000000000000000e+00 0.000000000000000000e+00 0.000000000000000000e+00 0.000000000000000000e+00
0.000000000000000000e+00 0.000000000000000000e+00 0.000000000000000000e+00 0.000000000000000000e+00 0.000000000000000000e+00
0.000000000000000000e+00 0.000000000000000000e+00 0.000000000000000000e+00 0.000000000000000000e+00 0.000000000000000000e+00
0.000000000000000000e+00 0.000000000000000000e+00 0.000000000000000000e+00 0.000000000000000000e+00 0.000000000000000000e+00
0.000000000000000000e+00 0.000000000000000000e+00 0.000000000000000000e+00 0.000000000000000000e+00 0.000000000000000000e+00
0.000000000000000000e+00 0.000000000000000000e+00 0.000000000000000000e+00 0.000000000000000000e+00 0.000000000000000000e+00
0.000000000000000000e+00 0.000000000000000000e+00 0.000000000000000000e+00 0.000000000000000000e+00 0.000000000000000000e+00
0.000000000000000000e+00 0.000000000000000000e+00 0.000000000000000000e+00 0.000000000000000000e+00 0.000000000000000000e+00
0.000000000000000000e+00 0.000000000000000000e+00 0.000000000000000000e+00 0.000000000000000000e+00 0.000000000000000000e+00
0.000000000000000000e+00 0.000000000000000000e+00 0.000000000000000000e+00 0.000000000000000000e+00 0.000000000000000000e+00
0.000000000000000000e+00 0.000000000000000000e+00 0.000000000000000000e+00 0.000000000000000000e+00 0.000000000000000000e+00
0.000000000000000000e+00 0.000000000000000000e+00 0.000000000000000000e+00 0.000000000000000000e+00 0.000000000000000000e+00
0.000000000000000000e+00 0.000000000000000000e+00 0.000000000000000000e+00 0.000000000000000000e+00 0.000000000000000000e+00
0.000000000000000000e+00 0.000000000000000000e+00 0.000000000000000000e+00 0.000000000000000000e+00 0.000000000000000000e+00
0.000000000000000000e+00 0.000000000000000000e+00 0.000000000000000000e+00 0.000000000000000000e+00 0.000000000000000000e+00
0.000000000000000000e+00 0.000000000000000000e+00 0.000000000000000000e+00 0.000000000000000000e+00 0.000000000000000000e+00
0.000000000000000000e+00 0.000000000000000000e+00 0.000000000000000000e+00 0.000000000000000000e+00 0.000000000000000000e+00
0.000000000000000000e+00 0.000000000000000000e+00 0.000000000000000000e+00 0.000000000000000000e+00 0.000000000000000000e+00
0.000000000000000000e+00 0.000000000000000000e+00 0.000000000000000000e+00 0.000000000000000000e+00 0.000000000000000000e+00
0.000000000000000000e+00 0.000000000000000000e+00 0.000000000000000000e+00 0.000000000000000000e+00 0.000000000000000000e+00
0.000000000000000000e+00 0.000000000000000000e+00 0.000000000000000000e+00 0.000000000000000000e+00 0.000000000000000000e+00
0.000000000000000000e+00 0.000000000000000000e+00 0.000000000000000000e+00 0.000000000000000000e+00 0.000000000000000000e+00
0.000000000000000000e+00 0.000000000000000000e+00 0.000000000000000000e+00 0.000000000000000000e+00 0.000000000000000000e+00
0.000000000000000000e+00 0.000000000000000000e+00 0.000000000000000000e+00 0.000000000000000000e+00 0.000000000000000000e+00
0.000000000000000000e+00 0.000000000000000000e+00 0.000000000000000000e+00 0.000000000000000000e+00 0.000000000000000000e+00
0.000000000000000000e+00 0.000000000000000000e+00 0.000000000000000000e+00 0.000000000000000000e+00 0.000000000000000000e+00
0.000000000000000000e+00 0.000000000000000000e+00 0.000000000000000000e+00 0.000000000000000000e+00 0.000000000000000000e+00
0.000000000000000000e+00 0.000000000000000000e+00 0.000000000000000000e+00 0.000000000000000000e+00 0.000000000000000000e+00
0.000000000000000000e+00 0.000000000000000000e+00 0.000000000000000000e+00 0.000000000000000000e+00 0.000000000000000000e+00
0.000000000000000000e+00 0.000000000000000000e+00 0.000000000000000000e+00 0.000000000000000000e+00 0.000000000000000000e+00
0.000000000000000000e+00 0.000000000000000000e+00 0.000000000000000000e+00 0.000000000000000000e+00 0.000000000000000000e+00
0.000000000000000000e+00 0.000000000000000000e+00 0.000000000000000000e+00 0.000000000000000000e+00 0.000000000000000000e+00
0.000000000000000000e+00 0.000000000000000000e+00 0.000000000000000000e+00 0.000000000000000000e+00 0.000000000000000000e+00
0.000000000000000000e+00 0.000000000000000000e+00 0.000000000000000000e+00 0.000000000000000000e+00 0.000000000000000000e+00
0.000000000000000000e+00 0.000000000000000000e+00 0.000000000000000000e+00 0.000000000000000000e+00 0.000000000000000000e+00
0.000000000000000000e+00 0.000000000000000000e+00 0.000000000000000000e+00 0.000000000000000000e+00 0.000000000000000000e+00
0.000000000000000000e+00 0.000000000000000000e+00 0.000000000000000000e+00 0.000000000000000000e+00 0.000000000000000000e+00
0.000000000000000000e+00 0.000000000000000000e+00 0.000000000000000000e+00 0.000000000000000000e+00 0.000000000000000000e+00
0.000000000000000000e+00 0.000000000000000000e+00 0.000000000000000000e+00 0.000000000000000000e+00 0.000000000000000000e+00
0.000000000000000000e+00 0.000000000000000000e+00 0.000000000000000000e+00 0.000000000000000000e+00 0.000000000000000000e+00
0.000000000000000000e+00 0.000000000000000000e+00 0.000000000000000000e+00 0.000000000000000000e+00 0.000000000000000000e+00
0.000000000000000000e+00 0.000000000000000000e+00 0.000000000000000000e+00 0.000000000000000000e+00 0.000000000000000000e+00
0.000000000000000000e+00 0.000000000000000000e+00 0.000000000000000000e+00 0.000000000000000000e+00 0.000000000000000000e+00
0.000000000000000000e+00 0.000000000000000000e+00 0.000000000000000000e+00 0.000000000000000000e+00 0.000000000000000000e+00
0.000000000000000000e+00 0.000000000000000000e+00 0.000000000000000000e+00 0.000000000000000000e+00 0.000000000000000000e+00
0.000000000000000000e+00 0.000000000000000000e+00 0.000000000000000000e+00 0.000000000000000000e+00 0.000000000000000000e+00
0.000000000000000000e+00 0.000000000000000000e+00 0.000000000000000000e+00 0.000000000000000000e+00 0.000000000000000000e+00
0.000000000000000000e+00 0.000000000000000000e+00 0.000000000000000000e+00 0.000000000000000000e+00 0.000000000000000000e+00
0.000000000000000000e+00 0.000000000000000000e+00 0.000000000000000000e+00 0.000000000000000000e+00 0.000000000000000000e+00
0.000000000000000000e+00 0.000000000000000000e+00 0.000000000000000000e+00 0.000000000000000000e+00 0.000000000000000000e+00
0.000000000000000000e+00 0.000000000000000000e+00 0.000000000000000000e+00 0.000000000000000000e+00 0.000000000000000000e+00
0.000000000000000000e+00 0.000000000000000000e+00 0.000000000000000000e+00 0.000000000000000000e+00 0.000000000000000000e+00
0.000000000000000000e+00 0.000000000000000000e+00 0.000000000000000000e+00 0.000000000000000000e+00 0.000000000000000000e+00
0.000000000000000000e+00 0.000000000000000000e+00 0.000000000000000000e+00 0.000000000000000000e+00 0.000000000000000000e+00
0.000000000000000000e+00 0.000000000000000000e+00 0.000000000000000000e+00 0.000000000000000000e+00 0.000000000000000000e+00
0.000000000000000000e+00 0.000000000000000000e+00 0.000000000000000000e+00 0.000000000000000000e+00 0.000000000000000000e+00
0.000000000000000000e+00 0.000000000000000000e+00 0.000000000000000000e+00 0.000000000000000000e+00 0.000000000000000000e+00
0.000000000000000000e+00 0.000000000000000000e+00 0.000000000000000000e+00 0.000000000000000000e+00 0.000000000000000000e+00
0.000000000000000000e+00 0.000000000000000000e+00 0.000000000000000000e+00 0.000000000000000000e+00 0.000000000000000000e+00
0.000000000000000000e+00 0.000000000000000000e+00 0.000000000000000000e+00 0.000000000000000000e+00 0.000000000000000000e+00
0.000000000000000000e+00 0.000000000000000000e+00 0.000000000000000000e+00 0.000000000000000000e+00 0.000000000000000000e+00
0.000000000000000000e+00 0.000000000000000000e+00 0.000000000000000000e+00 0.000000000000000000e+00 0.000000000000000000e+00
0.000000000000000000e+00 0.000000000000000000e+00 0.000000000000000000e+00 0.000000000000000000e+00 0.000000000000000000e+00
0.000000000000000000e+00 0.000000000000000000e+00 0.000000000000000000e+00 0.000000000000000000e+00 0.000000000000000000e+00
0.000000000000000000e+00 0.000000000000000000e+00 0.000000000000000000e+00 0.000000000000000000e+00 0.000000000000000000e+00
0.000000000000000000e+00 0.000000000000000000e+00 0.000000000000000000e+00 0.000000000000000000e+00 0.000000000000000000e+00
0.000000000000000000e+00 0.000000000000000000e+00 0.000000000000000000e+00 0.000000000000000000e+00 0.000000000000000000e+00
0.000000000000000000e+00 0.000000000000000000e+00 0.000000000000000000e+00 0.000000000000000000e+00 0.000000000000000000e+00
0.000000000000000000e+00 0.000000000000000000e+00 0.000000000000000000e+00 0.000000000000000000e+00 0.000000000000000000e+00
0.000000000000000000e+00 0.000000000000000000e+00 0.000000000000000000e+00 0.000000000000000000e+00 0.000000000000000000e+00
0.000000000000000000e+00 0.000000000000000000e+00 0.000000000000000000e+00 0.000000000000000000e+00 0.000000000000000000e+00
0.000000000000000000e+00 0.000000000000000000e+00 0.000000000000000000e+00 0.000000000000000000e+00 0.000000000000000000e+00
0.000000000000000000e+00 0.000000000000000000e+00 0.000000000000000000e+00 0.000000000000000000e+00 0.000000000000000000e+00
0.000000000000000000e+00 0.000000000000000000e+00 0.000000000000000000e+00 0.000000000000000000e+00 0.000000000000000000e+00
0.000000000000000000e+00 0.000000000000000000e+00 0.000000000000000000e+00 0.000000000000000000e+00 0.000000000000000000e+00
0.000000000000000000e+00 0.000000000000000000e+00 0.000000000000000000e+00 0.000000000000000000e+00 0.000000000000000000e+00
0.000000000000000000e+00 0.000000000000000000e+00 0.000000000000000000e+00 0.000000000000000000e+00 0.000000000000000000e+00
0.000000000000000000e+00 0.000000000000000000e+00 0.000000000000000000e+00 0.000000000000000000e+00 0.000000000000000000e+00
0.000000000000000000e+00 0.000000000000000000e+00 0.000000000000000000e+00 0.000000000000000000e+00 0.000000000000000000e+00
0.000000000000000000e+00 0.000000000000000000e+00 0.000000000000000000e+00 0.000000000000000000e+00 0.000000000000000000e+00
0.000000000000000000e+00 0.000000000000000000e+00 0.000000000000000000e+00 0.000000000000000000e+00 0.000000000000000000e+00
0.000000000000000000e+00 0.000000000000000000e+00 0.000000000000000000e+00 0.000000000000000000e+00 0.000000000000000000e+00
0.000000000000000000e+00 0.000000000000000000e+00 0.000000000000000000e+00 0.000000000000000000e+00 0.000000000000000000e+00
0.000000000000000000e+00 0.000000000000000000e+00 0.000000000000000000e+00 0.000000000000000000e+00 0.000000000000000000e+00
0.000000000000000000e+00 0.000000000000000000e+00 0.000000000000000000e+00 0.000000000000000000e+00 0.000000000000000000e+00
0.000000000000000000e+00 0.000000000000000000e+00 0.000000000000000000e+00 0.000000000000000000e+00 0.000000000000000000e+00
0.000000000000000000e+00 0.000000000000000000e+00 0.000000000000000000e+00 0.000000000000000000e+00 0.000000000000000000e+00
0.000000000000000000e+00 0.000000000000000000e+00 0.000000000000000000e+00 0.000000000000000000e+00 0.000000000000000000e+00
0.000000000000000000e+00 0.000000000000000000e+00 0.000000000000000000e+00 0.000000000000000000e+00 0.000000000000000000e+00
0.000000000000000000e+00 0.000000000000000000e+00 0.000000000000000000e+00 0.000000000000000000e+00 0.000000000000000000e+00
0.000000000000000000e+00 0.000000000000000000e+00 0.000000000000000000e+00 0.000000000000000000e+00 0.000000000000000000e+00
0.000000000000000000e+00 0.000000000000000000e+00 0.000000000000000000e+00 0.000000000000000000e+00 0.000000000000000000e+00
0.000000000000000000e+00 0.000000000000000000e+00 0.000000000000000000e+00 0.000000000000000000e+00 0.000000000000000000e+00
0.000000000000000000e+00 0.000000000000000000e+00 0.000000000000000000e+00 0.000000000000000000e+00 0.000000000000000000e+00
0.000000000000000000e+00 0.000000000000000000e+00 0.000000000000000000e+00 0.000000000000000000e+00 0.000000000000000000e+00
0.000000000000000000e+00 0.000000000000000000e+00 0.000000000000000000e+00 0.000000000000000000e+00 0.000000000000000000e+00
0.000000000000000000e+00 0.000000000000000000e+00 0.000000000000000000e+00 0.000000000000000000e+00 0.000000000000000000e+00
0.000000000000000000e+00 0.000000000000000000e+00 0.000000000000000000e+00 0.000000000000000000e+00 0.000000000000000000e+00
0.000000000000000000e+00 0.000000000000000000e+00 0.000000000000000000e+00 0.000000000000000000e+00 0.000000000000000000e+00
0.000000000000000000e+00 0.000000000000000000e+00 0.000000000000000000e+00 0.000000000000000000e+00 0.000000000000000000e+00
-6.603762193394196345e+00 -6.540526707619940261e+00 9.636812212140577483e-02 6.601319544503290615e+00 6.554652788928225782e+00
-5.409668959086091355e+00 -7.291593218867397752e+00 -1.858982298951049827e+00 5.399050123811366397e+00 7.307004305971236846e+00
-3.669769146382749536e+00 -7.344165339636903767e+00 -3.660934348551308837e+00 3.653647213231018487e+00 7.355645999717038919e+00
-1.657573174465517996e+00 -6.758244553648571795e+00 -5.094582216167373723e+00 1.640789412273624626e+00 6.761628383350761773e+00
3.499839067972921325e-01 -5.682037360723731112e+00 -6.031585942047029469e+00 -3.625172175327995294e-01 5.676275662258798427e+00
2.156960330100117229e+00 -4.280393532955225844e+00 -6.442544974198990637e+00 -2.162364723376418940e+00 4.267631700648061965e+00
3.650160293048222204e+00 -2.699228003945232768e+00 -6.361592128391929890e+00 -3.648348286368960469e+00 2.683405162862073645e+00
4.770942644518304299e+00 -1.056811887264149208e+00 -5.848396548800038452e+00 -4.763967172052954169e+00 1.041928570271077659e+00
5.489554573298437212e+00 5.475108443432411542e-01 -4.971279040643543645e+00 -5.480377900358686993e+00 -5.586184765891735182e-01
5.793955478012315474e+00 2.022317433808186848e+00 -3.807809193050831098e+00 -5.785357808898999643e+00 -2.028449830479643445e+00
5.690881574522793862e+00 3.281701510503158836e+00 -2.449030427812324717e+00 -5.684772070102228625e+00 -3.283188237283181987e+00
5.210330167599975582e+00 4.251800475425059567e+00 -9.978551039550240809e-01 -5.207446680792771510e+00 -4.250063755248016939e+00
4.406580133261548404e+00 4.880086507611722801e+00 4.390244268490473556e-01 -4.406520737662281917e+00 -4.877044600943256647e+00
3.354252047685228888e+00 5.141640059541348506e+00 1.761354972928623086e+00 -3.355784378250035171e+00 -5.139085419289608048e+00
2.141149392706409582e+00 5.040278605063778450e+00 2.883812102926487597e+00 -2.142703451423615846e+00 -5.039380019008889988e+00
8.601377307618950363e-01 4.605603948653921975e+00 3.741523863596357913e+00 -8.603363320775581080e-01 -4.606657283021428739e+00
-3.982857882094669733e-01 3.888137716892958728e+00 4.293016688177142548e+00 4.002161535077706223e-01 -3.890607860703237275e+00
-1.552034338129955948e+00 2.954019044595891152e+00 4.521233495414539227e+00 1.556081873790314152e+00 -2.956820971216971738e+00
-2.532109393598003244e+00 1.879530305036831273e+00 4.432861317105266430e+00 2.537548870917636368e+00 -1.881432408729359240e+00
-3.285956092029906017e+00 7.452866500300581176e-01 4.055858492705523233e+00 3.291616146192196446e+00 -7.453022801643762740e-01
-3.779274825030968898e+00 -3.695887358724997962e-01 3.435326308407710805e+00 3.783894856754133507e+00 3.719278840830614885e-01
-3.996230613450834301e+00 -1.392558350745218831e+00 2.628463707094721435e+00 3.998797158507620964e+00 1.397099751179758043e+00
-3.938538825845954605e+00 -2.261581455058548240e+00 1.699582414613744374e+00 3.938519708998463820e+00 2.267618872033566824e+00
-3.624194735539591594e+00 -2.928013275542027394e+00 7.158130129791192564e-01 3.621631085409010797e+00 2.934483887042987682e+00
-3.086252752442971481e+00 -3.358909611826972341e+00 -2.564931772546669708e-01 3.081707382684429675e+00 3.364661132081766759e+00
-2.371285249990028543e+00 -3.538815835867062720e+00 -1.155113612041198445e+00 2.365674714187072869e+00 3.542876222243506401e+00
-1.536662082006309049e+00 -3.470561788856237673e+00 -1.925442116198466058e+00 1.531020897803135439e+00 3.472347093313488120e+00
-6.461290367223505582e-01 -3.174379516179797189e+00 -2.523964945119280934e+00 6.413685450629832419e-01 3.173791493400721642e+00
2.358635587384556864e-01 -2.685102345858392248e+00 -2.921051802712641976e+00 -2.391391669995522884e-01 2.682498319394631903e+00
1.049818709170588615e+00 -2.047995541373127004e+00 -3.102375008820515756e+00 -1.051396597876560923e+00 2.044051318010029927e+00
1.745576613025456636e+00 -1.314262968906720674e+00 -3.068765545123528948e+00 -1.745611473866829355e+00 1.309779477467104769e+00
2.284900393889817583e+00 -5.371041819865608469e-01 -2.834867657387740270e+00 -2.283807174908770943e+00 5.328171125087868276e-01
2.642551233882350914e+00 2.314058655839903722e-01 -2.427145540475571739e+00 -2.640856899911004696e+00 -2.349668298093527952e-01
2.806462246426808083e+00 9.428554953390271276e-01 -1.881592499908714800e+00 -2.804659792778800842e+00 -9.454343356481227367e-01
2.777423147758245392e+00 1.554803151798418437e+00 -1.241184155262096356e+00 -2.775861048661405484e+00 -1.556410568997299348e+00
2.568332008906888397e+00 2.032972745828094396e+00 -5.529936041434760918e-01 -2.567158453021992859e+00 -2.033819058817724290e+00
2.202883420549666127e+00 2.353163489842137857e+00 1.350013511714677761e-01 -2.202050480768914298e+00 -2.353555805104358800e+00
1.713608934470846723e+00 2.502563434535929332e+00 7.771989035527876455e-01 -1.712928289753940847e+00 -2.502796260518965976e+00
1.139343332197868763e+00 2.480221673113569114e+00 1.333421347341226415e+00 -1.138573775989476511e+00 -2.480489028452414146e+00
5.223257372458021131e-01 2.296607695414663919e+00 1.771439341065975004e+00 -5.212661131958621352e-01 -2.296957153928476103e+00
-9.479800108853050911e-02 1.972345854882542993e+00 2.068777386630506143e+00 9.623632179033801692e-02 -1.972682277945301488e+00
-6.718163696493775205e-01 1.536296848488658329e+00 2.213700205417807432e+00 6.735757379601758910e-01 -1.536429422874393769e+00
-1.173428979134582661e+00 1.023180540933261273e+00 2.205354296617191956e+00 1.175316501838621797e+00 -1.022895539467161496e+00
-1.571211481529379617e+00 4.709386156604941087e-01 2.053110610343516829e+00 1.572948135681363713e+00 -4.700751672494331568e-01
-1.844986626760988235e+00 -8.196034442469979364e-02 1.775231268271100005e+00 1.846278256137226625e+00 8.345249152505729295e-02
-1.983587339836438534e+00 -5.990813737663783778e-01 1.397045601085989741e+00 1.984197341776953394e+00 6.011160992244327650e-01
-1.985052670368347316e+00 -1.048294964076605940e+00 9.488401566753484895e-01 1.984857901430773008e+00 1.050660456341388382e+00
-1.856317375705372585e+00 -1.403654633688029341e+00 4.636379903265518410e-01 1.855334839272542169e+00 1.406055537062372407e+00
-1.612435541146724161e+00 -1.646805141724750232e+00 -2.501067487993052091e-02 1.610815639045640513e+00 1.648924030207558511e+00
-1.275345793972342934e+00 -1.767849994661503388e+00 -4.851440773540813267e-01 1.273336230836294325e+00 1.769412270725684744e+00
-8.721862378220582857e-01 -1.765607732981613553e+00 -8.883320256395446091e-01 8.700773220816775400e-01 1.766434227650431454e+00
-4.332268687492352166e-01 -1.647219128253877951e+00 -1.211343566948855255e+00 4.312926035301599126e-01 1.647254677977055159e+00
1.041653478741007277e-02 -1.427143234601842892e+00 -1.437417963096068840e+00 -1.196735371745931073e-02 1.426456339059721357e+00
4.290486804902534090e-01 -1.125672245731264232e+00 -1.557036143641920223e+00 -4.301010298048057456e-01 1.124428649249022749e+00
7.963995913906374291e-01 -7.671569331051304452e-01 -1.568147549209669256e+00 -7.969364244831598221e-01 7.655762868567705937e-01
1.091196269214031345e+00 -3.781369834505182159e-01 -1.475877388535233425e+00 -1.091280972619938616e+00 3.764448449127281160e-01
1.298229458280886872e+00 1.447665898761536611e-02 -1.291789165052680932e+00 -1.297974156851067651e+00 -1.608984069060290928e-02
1.408923040978620422e+00 3.850803922971942073e-01 -1.032793975414647791e+00 -1.408452584718278056e+00 -3.864851494032860990e-01
1.421449066607768152e+00 7.108690520628073717e-01 -7.197934799934143646e-01 -1.420869993598177228e+00 -7.120043520041737795e-01
1.340434100607112766e+00 9.730982976385045280e-01 -3.761387276785094214e-01 -1.339815245271027466e+00 -9.739621112420718818e-01
1.176297973285550968e+00 1.158066881377326274e+00 -2.599360549798471892e-02 -1.175665627066593943e+00 -1.158695109402678947e+00
9.442717633442384573e-01 1.257761364143994420e+00 3.072947059355503052e-01 -9.436183450029309583e-01 -1.258202382253587492e+00
6.631596764841307667e-01 1.270117267843821507e+00 6.027072605208965150e-01 -6.624615920774931110e-01 -1.270409445251616143e+00
3.539307365854928444e-01 1.198879000941944550e+00 8.428408312621177290e-01 -3.531691974625942865e-01 -1.199036859941562172e+00
3.824122093204853495e-02 1.053076613367084802e+00 1.014884600183434182e+00 -3.741962370870257487e-02 -1.053088350229702597e+00
-2.630076933245585336e-01 8.461703872651714642e-01 1.111228326999227134e+00 2.638547013132307439e-01 -8.460061022908988981e-01
-5.309808604720944736e-01 5.949387952513839339e-01 1.129677737479575228e+00 5.317888214293279292e-01 -5.945659010313985027e-01
-7.500098254397687958e-01 3.182002726379715707e-01 1.073286608327460145e+00 7.506955713311813660e-01 -3.176008909862292895e-01
-9.084269754438448752e-01 3.546523359865248054e-02 9.498453613782352756e-01 9.089060000561651753e-01 -3.465027530168872383e-02
-9.991007069723080170e-01 -2.343872809066744889e-01 7.710892208294677364e-01 9.993059972266339352e-01 2.353713679420743610e-01
-1.019660286539794569e+00 -4.743225981884619524e-01 5.517024562969792267e-01 1.019557744426883961e+00 4.753962161428278987e-01
-9.724153794804766271e-01 -6.701802504061293853e-01 3.081989134806455977e-01 9.720121436473729837e-01 6.712415028039666609e-01
-8.639871540271456540e-01 -8.114626521676908677e-01 5.775587140456459045e-02 8.633311186231242829e-01 8.124038817082332997e-01
-7.046786637478612558e-01 -8.918405236340759545e-01 -1.829275557167165944e-01 7.038497272276351691e-01 8.925664967062915123e-01
-5.076256317554957986e-01 -9.093511783486554201e-01 -3.986819464102223654e-01 5.067211283018200341e-01 9.097946957162349468e-01
-2.877858272803782702e-01 -8.662877632107425230e-01 -5.767692631042176110e-01 2.869037588992962573e-01 8.664193467088859846e-01
-6.084243823064643814e-02 -7.688024550047524164e-01 -7.075832694545913792e-01 6.006630914578083708e-02 7.686323947540788515e-01
1.578922800314412345e-01 -6.262705193577255969e-01 -7.851105226887815647e-01 -1.585039887365758959e-01 6.258434936932651960e-01
3.544876605654593837e-01 -4.504796420528561218e-01 -8.071320094452141269e-01 -3.549057670516050367e-01 4.498638187290299739e-01
5.172475375692306976e-01 -2.547164274932237626e-01 -7.751658651149025969e-01 -5.174702331467618821e-01 2.539899995897702545e-01
6.373550014434369304e-01 -5.281968453087122761e-02 -6.941703144765648537e-01 -6.374011997852274680e-01 5.205799216361507720e-02
7.092820355197966276e-01 1.417382720121613260e-01 -5.720404011846790260e-01 -7.091823474168874597e-01 -1.424724717654060613e-01
7.309573559648706587e-01 3.166910983460342055e-01 -4.189419097117852986e-01 -7.307452177509357050e-01 -3.173527671133040129e-01
7.037012182953967798e-01 4.616963633317285320e-01 -2.465323226415296887e-01 -7.034062429900704849e-01 -4.622585711143400444e-01
6.319475814803688918e-01 5.688972737778356104e-01 -6.712286563335700951e-02 -6.315923061728001553e-01 -5.693478295650127308e-01
5.227836092565808501e-01 6.333014586251067835e-01 1.071622030558477268e-01 -5.223837522319947357e-01 -6.336375045920175086e-01
3.853449607566791779e-01 6.529599663932201814e-01 2.651737041368219527e-01 -3.849123520630889916e-01 -6.531824691560628171e-01
2.301123525306947304e-01 6.289418512512334747e-01 3.974223014985602820e-01 -2.296590820807120903e-01 -6.290516219447155333e-01
6.815941534057923246e-02 5.651133459628777667e-01 4.966178265194323704e-01 -6.770157429205679589e-02 -5.651095383153859064e-01
-8.959703563549974159e-02 4.677439747388037472e-01 5.580331566159056900e-01 9.003736167158368775e-02 -4.676251595265428218e-01
-2.330959163967147585e-01 3.449733909572119117e-01 5.796768942372041433e-01 2.334911243648501722e-01 -3.447405226643455722e-01
-3.537377591675914257e-01 2.061810759257869385e-01 5.622739545829227303e-01 3.540576341409372718e-01 -2.058411509523993543e-01
-4.448641170752886675e-01 6.130574665801048068e-02 5.090670961722192356e-01 4.450804301512056305e-01 -6.087481223040187156e-02
-5.020872589361041749e-01 -7.983765899265771182e-02 4.254641180440961734e-01 5.021788715434770678e-01 8.033324831106145036e-02
-5.234575365233140598e-01 -2.081979054569654819e-01 3.185640542554611931e-01 5.234147159995555798e-01 2.087225671845294450e-01
-5.094660643827487734e-01 -3.160439682522324101e-01 1.966009510025454043e-01 5.092929458392759789e-01 3.165562479046133970e-01
-4.628899421531028624e-01 -3.974052477407314932e-01 6.834597665610978035e-02 4.626045545260623615e-01 3.978627995327765343e-01
-3.884961612144742782e-01 -4.483717820473919757e-01 -5.749177303952922313e-02 3.881280296622636738e-01 4.487369266446501470e-01
-2.926285843386595142e-01 -4.672412136477339661e-01 -1.728278353385462041e-01 2.922144711291875807e-01 4.674859098496138010e-01
-1.827096380987561497e-01 -4.545104725858739037e-01 -2.706945515033991612e-01 1.822883590707467250e-01 4.546197133195384876e-01
-6.669384276081684326e-02 -4.127213029631105479e-01 -3.456349552550275761e-01 6.630122033205339271e-02 4.126943439617757892e-01
4.748696336770073106e-02 -3.461788245477179227e-01 -3.939779147924655778e-01 -4.782208369116604935e-02 3.460281608021849586e-01
1.524476007261568455e-01 -2.605702180639314358e-01 -4.139827078471922106e-01 -1.527056769237674083e-01 2.603187049763547312e-01
2.418079242579233568e-01 -1.625155989601779205e-01 -4.058503926832652264e-01 -2.419792244979372120e-01 1.621924570112873443e-01
3.105579507454380161e-01 -5.908505549093571313e-02 -3.716082568836914235e-01 -3.106414888352047599e-01 5.872163164721969086e-02
3.553109137429127373e-01 4.268493330157688975e-02 -3.148815392539472957e-01 -3.553123574786466454e-01 -4.305885491470008014e-02
3.744346931742220663e-01 1.362452081074299326e-01 -2.405730618830792811e-01 -3.743639132910215328e-01 -1.366040024856328694e-01
3.680608744872074234e-01 2.159313046940153080e-01 -1.544761602022013125e-01 -3.679297473379689598e-01 -2.162548000522854230e-01
3.379785390495709807e-01 2.772829437626177507e-01 -6.284928921308197136e-02 -3.377994216630987867e-01 -2.775565329277823179e-01
2.874265704986340708e-01 3.172697096500854963e-01 2.801812794981690946e-02 -2.872115995894160001e-01 -3.174836427357662361e-01
2.208036731487794113e-01 3.344132405374916628e-01 1.122197089947386400e-01 -2.205647763904770020e-01 -3.345615758295267805e-01
1.433193145855489736e-01 3.288029621134132552e-01 1.845996003173290267e-01 -1.430686294620769627e-01 -3.288826239180693833e-01
6.061125627019166989e-02 3.020092364535170160e-01 2.410513194518060787e-01 -6.036157049084189125e-02 -3.020194856709000342e-01
-2.164391206626964381e-02 2.569043033154216893e-01 2.787315134831267471e-01 2.187904541677798340e-02 -2.568467206247817547e-01
-9.810179295703982949e-02 1.974070569390642405e-01 2.961788435033441691e-01 9.830847556400791609e-02 -1.972859318917812299e-01
-1.640798900128249138e-01 1.281720872873949590e-01 2.933352419241704867e-01 1.642448553668152678e-01 -1.279949550990570339e-01
-2.158270420990457961e-01 5.424621700256367085e-02 2.714736166030308762e-01 2.159390261533243871e-01 -5.402422426101656516e-02
-2.507184863270335851e-01 -1.928315523069902213e-02 2.330421569438821117e-01 2.507696966153876161e-01 1.953533575248777091e-02
-2.673678894223237568e-01 -8.762422102837266746e-02 1.814403268206126463e-01 2.673552298930704785e-01 8.788908594113138684e-02
-2.656533241592703987e-01 -1.465799475920024908e-01 1.207451570874865793e-01 2.655790767375105776e-01 1.468384644216565726e-01
-2.466596996858189950e-01 -1.927923180438760320e-01 5.540849359459060208e-02 2.465314817385104718e-01 1.930256667242021273e-01
-2.125453198697804247e-01 -2.239182330383429342e-01 -1.005355374742802552e-02 2.123752950582215859e-01 2.241097037816537074e-01
-1.663448014813329323e-01 -2.387289551009112165e-01 -7.135846977868416652e-02 1.661482784872787832e-01 2.388656728509422622e-01
-1.117242825897501041e-01 -2.371305778680951604e-01 -1.247239629431785291e-01 1.115179542313103483e-01 2.372047561282734640e-01
-5.270743067884752636e-02 -2.201085154547449685e-01 -1.670878080760309636e-01 5.250756012838721232e-02 2.201180409685405404e-01
6.608006725085064509e-03 -1.896040141837090909e-01 -1.962691518757212761e-01 -6.787162611772617170e-03 1.895523007296983087e-01
6.232360446091492201e-02 -1.483348168623871977e-01 -2.110639041130605853e-01 -6.247092149686678947e-02 1.482300063682879254e-01
1.109857897323944520e-01 -9.957508842385928705e-02 -2.112714814641329653e-01 -1.110938519227100824e-01 9.942878820036672727e-02
1.497885926276352753e-01 -4.691141252623891311e-02 -1.976547623241311225e-01 -1.498537347703505218e-01 4.673721652512213831e-02
1.767225343620452971e-01 6.007893380598483546e-03 -1.718393433889129351e-01 -1.767444657923420148e-01 -6.195851126713743280e-03
1.906629065307848814e-01 5.571359822376020787e-02 -1.361618038543337128e-01 -1.906440848656198450e-01 -5.590186084120387505e-02
1.913951600625581617e-01 9.913162623608758051e-02 -9.347948772855682598e-02 -1.913400906138295610e-01 -9.930828822591798721e-02
1.795793932586145780e-01 1.337619132088637697e-01 -4.695618174914561321e-02 -1.794939945460496955e-01 -1.339171297483208178e-01
1.566597547784881472e-01 1.578105947815111598e-01 1.610720788752722859e-04 -1.565508687081524075e-01 -1.579367814959033167e-01
1.247277706621480048e-01 1.702694777110682900e-01 4.475895053079930602e-02 -1.246028273963625810e-01 -1.703613031702527758e-01
8.635103149258965827e-02 1.709403650649861661e-01 8.405466992887690447e-02 -8.621782275565478826e-02 -1.709946481925816164e-01
4.438024247376365361e-02 1.604054338901400589e-01 1.157607306656037172e-01 -4.424672642350930413e-02 -1.604210353123835531e-01
1.748299387942128325e-03 1.399482806777479771e-01 1.382083934534938385e-01 -1.622360319112577933e-03 -1.399260324898104479e-01
-3.872518719794786068e-02 1.114332401744187045e-01 1.504239229062059591e-01 3.883607379841183538e-02 -1.113759084398591725e-01
-7.451157669983901610e-02 7.715295669183443172e-02 1.521551055819118647e-01 7.460077937214312782e-02 -7.706519058596848770e-02
-1.035225536668737123e-01 3.965580050702105508e-02 1.438490018114732538e-01 1.035847796567495177e-01 -3.954400241672476057e-02
-1.242229877861747156e-01 1.565492051265801208e-03 1.265850766255677273e-01 1.242547608785906782e-01 -1.437548451090171374e-03
-1.357018941361382014e-01 -3.459479457564150484e-02 1.019705673951124270e-01 1.357019244101972111e-01 3.472995396044128297e-02
-1.376990476742246394e-01 -6.656248524636744490e-02 7.200703151558990323e-02 1.376684110941163441e-01 6.669549132982226236e-02
-1.305877748605459021e-01 -9.247007898636169787e-02 3.893838389552625040e-02 1.305298508869207619e-01 9.259183876392908241e-02
-1.153172487128485690e-01 -1.109465042258100664e-01 5.091346950072992567e-03 1.152374073720733583e-01 1.110489432418203803e-01
-9.332008753560391834e-02 -1.211804213682124848e-01 -2.728089011617193180e-02 9.322516274859972418e-02 1.212571538397654164e-01
-6.639305963367077290e-02 -1.229433367341277311e-01 -5.614181277489208727e-02 6.629068245425580319e-02 1.229901705955111363e-01
-3.656010616855887713e-02 -1.165731912145155508e-01 -7.979293137706594541e-02 3.645799209677468705e-02 1.165884012889153026e-01
-5.927629171380129069e-03 -1.029216842095989626e-01 -9.696661853821814114e-02 5.832914568379051964e-03 1.029060252825527710e-01
2.345798321992650926e-02 -8.327081647953230026e-02 -1.068859144294321273e-01 -2.353927782409074090e-02 8.322729005850433570e-02
4.974128512654014261e-02 -5.922585098918482782e-02 -1.092891591637701332e-01 -4.980461679301964595e-02 5.915927576201599619e-02
7.136911764285693016e-02 -3.259301528382850532e-02 -1.044197052082548038e-01 -7.141159424708166947e-02 3.250947470406102130e-02
8.717608682486829852e-02 -5.250771631725171737e-03 -9.298321683941321303e-02 -8.719646929849503292e-02 5.157019285848102666e-03
9.643997032018461479e-02 2.097662093531020913e-02 -7.607703989378403198e-02 -9.643854320287510717e-02 -2.107372580274063240e-02
9.890508097157502121e-02 4.443518065647024395e-02 -5.509771073701016930e-02 -9.888343978091393427e-02 -4.452915476242209902e-02
9.477383861527816089e-02 6.373996188476908908e-02 -3.163378613217104895e-02 -9.473463956642858008e-02 -6.382506894164224898e-02
8.466886708423292107e-02 7.785103780932567386e-02 -7.351766907537757648e-03 -8.461557271276842762e-02 -7.792254509743881674e-02
6.956972040966252768e-02 8.612299627863088947e-02 1.611705602426401207e-02 -6.950635858574498449e-02 -8.617733050841276665e-02
5.072975581793023186e-02 8.832613080929210825e-02 3.728146515381708381e-02 -5.066069464280314322e-02 -8.836095567796729833e-02
2.957964685607996844e-02 8.463942407390258327e-02 5.488044498930435416e-02 -2.950937807297307133e-02 -8.465366156374738715e-02
7.624533514557009159e-03 7.561723984423884826e-02 6.795343659593527930e-02 -7.557454416627780794e-03 -7.561105024987230250e-02
-1.365816646585147828e-02 6.213325056194364537e-02 7.588715997898472232e-02 1.371797831870874736e-02 -6.210797622438241072e-02
-3.291368435237039536e-02 4.530643560286599925e-02 7.843718208124368652e-02 3.296270020222771130e-02 -4.526450438355258954e-02
-4.899178751432121948e-02 2.641491658764683753e-02 7.572417308586332219e-02 4.902724639782235494e-02 -2.635969646044186016e-02
-6.101099693915928296e-02 6.803904181308284733e-03 6.820646408861805177e-02 6.103109249369872286e-02 -6.739501497461081181e-03
-6.840188943078866213e-02 -1.220589927204134353e-02 5.663198914369706877e-02 6.840589911937061673e-02 1.227489853431861996e-02
-7.092775974329842970e-02 -2.940345065564982027e-02 4.197387680231207813e-02 7.091609405830129331e-02 2.947228695628331327e-02
-6.868247340036574833e-02 -4.376081396404357671e-02 2.535478979044052811e-02 6.865663137088533208e-02 4.382488679784185548e-02
-6.206683199536946333e-02 -5.449069534995318320e-02 7.965564235663233350e-03 6.202926196011358806e-02 5.454589289684928094e-02
-5.174610742285986470e-02 -6.108512913973641184e-02 -9.016234281762496722e-03 5.169998570469851867e-02 6.112812160043223919e-02
-3.859250057680801982e-02 -6.333378140636140852e-02 -2.450252242507544587e-02 3.854145242550238715e-02 6.336224673802982876e-02
-2.361708116899258192e-02 -6.132176751814131382e-02 -3.756099194102594657e-02 2.356487573764725479e-02 6.133452603629915151e-02
-7.896227103451596702e-03 -5.540823807732553341e-02 -4.746769431607883449e-02 7.846480023338072221e-03 5.540528419854171688e-02
7.502312850503727037e-03 -4.618818550614593038e-02 -5.374322172852401963e-02 -7.546399476948293869e-03 4.617061832703559660e-02
2.158885194508453412e-02 -3.444088967628931158e-02 -5.617099868862537870e-02 -2.162469035684861166e-02 3.441075647742045107e-02
3.351236980085980227e-02 -2.106910489049103677e-02 -5.479744092528363725e-02 -3.353811673811397942e-02 2.102918081160778940e-02
4.260878094147058787e-02 -7.033465254267824707e-03 -4.991493134129917214e-02 -4.262339602880209355e-02 6.986997000481929600e-03
4.843436592470693608e-02 6.713353871278610920e-03 -4.202963194516188411e-02 -4.843760557561192781e-02 -6.762912580552335635e-03
5.078297860352250920e-02 1.928841694763339804e-02 -3.181703371981660367e-02 -5.077533803351755304e-02 -1.933765458467557805e-02
4.968678568747418589e-02 2.993245020355863803e-02 -2.006879513238517959e-02 -4.966940346036305409e-02 -2.997821425776969056e-02
4.540138728493272463e-02 3.805281843026889904e-02 -7.634803985202531437e-03 -4.537592574897131303e-02 -3.809239009035140372e-02
3.837714058240619674e-02 4.325334456707428943e-02 4.635495391374036371e-03 -3.834565266764164426e-02 -4.328456790676762922e-02
2.921930801730958718e-02 4.534972954617867008e-02 1.594863041351969254e-02 -2.918409750242572515e-02 -4.537109636405004670e-02
1.864023418803621365e-02 4.437032830163982478e-02 2.561601407901915872e-02 -1.860371385607452813e-02 -4.438102202291747261e-02
7.407098810883945041e-03 4.054300176569296255e-02 3.309339111276766304e-02 -7.371649636455895882e-03 -4.054290414229701905e-02
-3.711112551386293312e-03 3.426963316342263727e-02 3.800873564362954732e-02 3.743277779491710477e-03 -3.425929669391083315e-02
-1.399392406947928477e-02 2.609061923586185675e-02 4.017738886026733097e-02 1.402088787317280760e-02 -2.607120723778799318e-02
-2.281384092227399518e-02 1.664218373843516507e-02 3.960413064884914930e-02 2.283409242067372877e-02 -1.661537969518781313e-02
-2.967238320826674422e-02 6.609677423785553958e-03 3.647273880499366655e-02 2.968490556840007108e-02 -6.577566009822122250e-03
-3.422578817250449684e-02 -3.319858159850185789e-03 3.112440784661524296e-02 3.423011436204533714e-02 3.354933823185388825e-03
-3.629924826712725705e-02 -1.250272127258286042e-02 2.402703194903942421e-02 3.629547869953529682e-02 1.253831887002290583e-02
-3.588935860532148359e-02 -2.037835190810080577e-02 1.573784989058376466e-02 3.587813733925886844e-02 2.041209559833407142e-02
-3.315523352231020127e-02 -2.650157208273951417e-02 6.862250940407898549e-03 3.313768386544604927e-02 2.653131235864948992e-02
-2.839946809141110848e-02 -3.056555220588374686e-02 -1.988360167990762574e-03 2.837709296576797560e-02 3.058950700724090768e-02
-2.204072257366213039e-02 -3.241449058454331372e-02 -1.023683570580045769e-02 2.201527899875643096e-02 3.243135575571667178e-02
-1.458017071033302151e-02 -3.204573648148814624e-02 -1.737617049112759673e-02 1.455353032331321850e-02 3.205475659195888838e-02
-6.564324347036664883e-03 -2.960177392337413199e-02 -2.299889050952057257e-02 6.538333049078429160e-03 2.960276836290504782e-02
1.453133683521861189e-03 -2.535313437408923468e-02 -2.681836623868285446e-02 -1.476784560405570990e-03 2.534647835359341017e-02
8.947949657987208302e-03 -1.967386082656324281e-02 -2.868110072510817593e-02 -8.967830810073951914e-03 1.966042571365479719e-02
1.545801918922106583e-02 -1.301152416232832613e-02 -2.856966743593303271e-02 -1.547304272888924172e-02 1.299258515907038801e-02
2.061029172982927968e-02 -5.854042649394260861e-03 -2.659660155299317999e-02 -2.061975935105879107e-02 5.831164139576878493e-03
2.414040828354153956e-02 1.304356043356333936e-03 -2.299012385982594428e-02 -2.414402837703067892e-02 -1.329446279182277526e-03
2.590417474998500669e-02 7.995761123174599527e-03 -1.807306239383007704e-02 -2.590205124527885511e-02 -8.021298139612840009e-03
2.588056834487839283e-02 1.380774395589412507e-02 -1.223671534470453445e-02 -2.587316577744890392e-02 -1.383204329680353707e-02
2.416652047464275255e-02 1.840733987693358997e-02 -5.911621294490766558e-03 -2.415461037022339705e-02 -1.842889974354109187e-02
2.096427392925424849e-02 2.155856393208450961e-02 4.626787950644859317e-04 -2.094886774063538237e-02 -2.157614733986885219e-02
1.656253779945894566e-02 2.313266190271967560e-02 6.466858541385875174e-03 -1.654481117794470713e-02 -2.314535638018961131e-02
1.131300272701718512e-02 2.311081334877913840e-02 1.172814606946089890e-02 -1.129421537683485653e-02 -2.311806731736634063e-02
5.603998427971865204e-03 2.157951015893684599e-02 1.594221639650423780e-02 -5.585413407817463836e-03 -2.158114623551640049e-02
-1.668339347854798371e-04 1.871929988268683162e-02 1.888944001210496326e-02 1.840277612749351176e-04 -1.871550608567279506e-02
-5.619018540718912283e-03 1.478797993083297291e-02 2.044472500101075438e-02 5.633777203094256225e-03 -1.477928033152090502e-02
-1.041318879919709076e-02 1.009963426812932052e-02 2.058065075731674645e-02 1.042467335255073055e-02 -1.008684119783933089e-02
-1.427107100034372654e-02 5.001103103670773153e-03 1.936404702757209967e-02 1.427869354302716866e-02 -4.985253725199207363e-03
-1.699041414248757265e-02 -1.524393859901073713e-04 1.694659294726799659e-02 1.699386667794585901e-02 1.701584920309931308e-04
-1.845415952159578515e-02 -5.021153906643953044e-03 1.355037118896076052e-02 1.845342356022103975e-02 5.039489596307655458e-03
-1.863355522808675738e-02 -9.301941406579717145e-03 9.449591478934697697e-03 1.862889137827529809e-02 9.319658941659845347e-03
-1.758533915824424254e-02 -1.274630748630493395e-02 4.949886276716314489e-03 1.757725752002699260e-02 1.276227188245905239e-02
-1.544347615995743210e-02 -1.517369849033583899e-02 3.666555839115828415e-04 1.543269010878751957e-02 1.518694644347480353e-02
-1.240628789576341331e-02 -1.647968246700923234e-02 -3.996067981684971876e-03 1.239365522672197274e-02 1.648947977373272505e-02
-8.720058925838202260e-03 -1.663871307683133585e-02 -7.864881417916734854e-03 8.706515418197490266e-03 1.664459360096973498e-02
-4.660379100281984190e-03 -1.570159059267443522e-02 -1.101324723922023942e-02 4.646870020132558808e-03 1.570337450014921976e-02
-5.125597273864330918e-04 -1.378805908308640242e-02 -1.327379658863913139e-02 4.999747521507456926e-04 1.378584977987624451e-02
3.447542274508798993e-03 -1.107529775743435613e-02 -1.454611563263156875e-02 -3.458426032995817138e-03 1.106945899907155889e-02
6.971058031773675299e-03 -7.783269689682805435e-03 -1.479973684067660035e-02 -6.979621227051480137e-03 7.774385764645231657e-03
9.850939255681223986e-03 -4.158060015538827918e-03 -1.407240207320791317e-02 -9.856751460693924383e-03 4.146883194163526916e-03
1.193326336827930066e-02 -4.543986230663831101e-04 -1.246396106679207964e-02 -1.193609927049301377e-02 4.417886875619697943e-04
1.312446024482445857e-02 3.081448017482039774e-03 -1.012653538567156314e-02 -1.312430118506390658e-02 -3.094587235484039158e-03
1.339420629599891166e-02 6.227318376303061544e-03 -7.251789202224851252e-03 -1.339122843127194332e-02 -6.240100850443516117e-03
1.277402890707725856e-02 8.798387672222775235e-03 -4.056292957065756044e-03 -1.276857996991560655e-02 -8.810001479451145048e-03
1.135194252582674354e-02 1.065725467239112510e-02 -7.660382603352020991e-04 -1.134450956923619899e-02 -1.066700962961990816e-02
9.263679749741257283e-03 1.172039263369104543e-02 2.398838332449028301e-03 -9.254850461536436035e-03 -1.172775707576829106e-02
6.681272827529528661e-03 1.196073678481593926e-02 5.238134840973828095e-03 -6.671693041534312689e-03 -1.196536215782339693e-02
3.799873250793294605e-03 1.140644402053040546e-02 7.583608859588735623e-03 -3.790203252874242614e-03 -1.140817673729011689e-02
8.237651730707966921e-04 1.013611327915203177e-02 9.308274487008669565e-03 -8.146372217421201083e-04 -1.013499401384379377e-02
-2.047472465709904935e-03 8.270958906131163288e-03 1.033250214280932895e-02 2.055492955094894141e-03 -8.267209987163603654e-03
-4.631757749579730118e-03 5.964616828250114168e-03 1.062669792676342734e-02 4.638205262349441062e-03 -5.958619038296550027e-03
-6.775472316421720688e-03 3.391374279501685202e-03 1.021056895587249894e-02 6.780006707795161770e-03 -3.383634833091015391e-03
