0.000000000000000000e+00 0.000000000000000000e+00 0.000000000000000000e+00 0.000000000000000000e+00 0.000000000000000000e+00
0.000000000000000000e+00 0.000000000000000000e+00 0.000000000000000000e+00 0.000000000000000000e+00 0.000000000000000000e+00
0.000000000000000000e+00 0.000000000000000000e+00 0.000000000000000000e+00 0.000000000000000000e+00 0.000000000000000000e+00
0.000000000000000000e+00 0.000000000000000000e+00 0.000000000000000000e+00 0.000000000000000000e+00 0.000000000000000000e+00
0.000000000000000000e+00 0.000000000000000000e+00 0.000000000000000000e+00 0.000000000000000000e+00 0.000000000000000000e+00
0.000000000000000000e+00 0.000000000000000000e+00 0.000000000000000000e+00 0.000000000000000000e+00 0.000000000000000000e+00
0.000000000000000000e+00 0.000000000000000000e+00 0.000000000000000000e+00 0.000000000000000000e+00 0.000000000000000000e+00
0.000000000000000000e+00 0.000000000000000000e+00 0.000000000000000000e+00 0.000000000000000000e+00 0.000000000000000000e+00
0.000000000000000000e+00 0.000000000000000000e+00 0.000000000000000000e+00 0.000000000000000000e+00 0.000000000000000000e+00
0.000000000000000000e+00 0.000000000000000000e+00 0.000000000000000000e+00 0.000000000000000000e+00 0.000000000000000000e+00
0.000000000000000000e+00 0.000000000000000000e+00 0.000000000000000000e+00 0.000000000000000000e+00 0.000000000000000000e+00
0.000000000000000000e+00 0.000000000000000000e+00 0.000000000000000000e+00 0.000000000000000000e+00 0.000000000000000000e+00
0.000000000000000000e+00 0.000000000000000000e+00 0.000000000000000000e+00 0.000000000000000000e+00 0.000000000000000000e+00
0.000000000000000000e+00 0.000000000000000000e+00 0.000000000000000000e+00 0.000000000000000000e+00 0.000000000000000000e+00
0.000000000000000000e+00 0.000000000000000000e+00 0.000000000000000000e+00 0.000000000000000000e+00 0.000000000000000000e+00
0.000000000000000000e+00 0.000000000000000000e+00 0.000000000000000000e+00 0.000000000000000000e+00 0.000000000000000000e+00
0.000000000000000000e+00 0.000000000000000000e+00 0.000000000000000000e+00 0.000000000000000000e+00 0.000000000000000000e+00
0.000000000000000000e+00 0.000000000000000000e+00 0.000000000000000000e+00 0.000000000000000000e+00 0.000000000000000000e+00
0.000000000000000000e+00 0.000000000000000000e+00 0.000000000000000000e+00 0.000000000000000000e+00 0.000000000000000000e+00
0.000000000000000000e+00 0.000000000000000000e+00 0.000000000000000000e+00 0.000000000000000000e+00 0.000000000000000000e+00
0.000000000000000000e+00 0.000000000000000000e+00 0.000000000000000000e+00 0.000000000000000000e+00 0.000000000000000000e+00
0.000000000000000000e+00 0.000000000000000000e+00 0.000000000000000000e+00 0.000000000000000000e+00 0.000000000000000000e+00
0.000000000000000000e+00 0.000000000000000000e+00 0.000000000000000000e+00 0.000000000000000000e+00 0.000000000000000000e+00
0.000000000000000000e+00 0.000000000000000000e+00 0.000000000000000000e+00 0.000000000000000000e+00 0.000000000000000000e+00
0.000000000000000000e+00 0.000000000000000000e+00 0.000000000000000000e+00 0.000000000000000000e+00 0.000000000000000000e+00
0.000000000000000000e+00 0.000000000000000000e+00 0.000000000000000000e+00 0.000000000000000000e+00 0.000000000000000000e+00
0.000000000000000000e+00 0.000000000000000000e+00 0.000000000000000000e+00 0.000000000000000000e+00 0.000000000000000000e+00
0.000000000000000000e+00 0.000000000000000000e+00 0.000000000000000000e+00 0.000000000000000000e+00 0.000000000000000000e+00
0.000000000000000000e+00 0.000000000000000000e+00 0.000000000000000000e+00 0.000000000000000000e+00 0.000000000000000000e+00
0.000000000000000000e+00 0.000000000000000000e+00 0.000000000000000000e+00 0.000000000000000000e+00 0.000000000000000000e+00
0.000000000000000000e+00 0.000000000000000000e+00 0.000000000000000000e+00 0.000000000000000000e+00 0.000000000000000000e+00
0.000000000000000000e+00 0.000000000000000000e+00 0.000000000000000000e+00 0.000000000000000000e+00 0.000000000000000000e+00
0.000000000000000000e+00 0.000000000000000000e+00 0.000000000000000000e+00 0.000000000000000000e+00 0.000000000000000000e+00
0.000000000000000000e+00 0.000000000000000000e+00 0.000000000000000000e+00 0.000000000000000000e+00 0.000000000000000000e+00
0.000000000000000000e+00 0.000000000000000000e+00 0.000000000000000000e+00 0.000000000000000000e+00 0.000000000000000000e+00
0.000000000000000000e+00 0.000000000000000000e+00 0.000000000000000000e+00 0.000000000000000000e+00 0.000000000000000000e+00
0.000000000000000000e+00 0.000000000000000000e+00 0.000000000000000000e+00 0.000000000000000000e+00 0.000000000000000000e+00
0.000000000000000000e+00 0.000000000000000000e+00 0.000000000000000000e+00 0.000000000000000000e+00 0.000000000000000000e+00
0.000000000000000000e+00 0.000000000000000000e+00 0.000000000000000000e+00 0.000000000000000000e+00 0.000000000000000000e+00
0.000000000000000000e+00 0.000000000000000000e+00 0.000000000000000000e+00 0.000000000000000000e+00 0.000000000000000000e+00
0.000000000000000000e+00 0.000000000000000000e+00 0.000000000000000000e+00 0.000000000000000000e+00 0.000000000000000000e+00
0.000000000000000000e+00 0.000000000000000000e+00 0.000000000000000000e+00 0.000000000000000000e+00 0.000000000000000000e+00
0.000000000000000000e+00 0.000000000000000000e+00 0.000000000000000000e+00 0.000000000000000000e+00 0.000000000000000000e+00
0.000000000000000000e+00 0.000000000000000000e+00 0.000000000000000000e+00 0.000000000000000000e+00 0.000000000000000000e+00
0.000000000000000000e+00 0.000000000000000000e+00 0.000000000000000000e+00 0.000000000000000000e+00 0.000000000000000000e+00
0.000000000000000000e+00 0.000000000000000000e+00 0.000000000000000000e+00 0.000000000000000000e+00 0.000000000000000000e+00
0.000000000000000000e+00 0.000000000000000000e+00 0.000000000000000000e+00 0.000000000000000000e+00 0.000000000000000000e+00
0.000000000000000000e+00 0.000000000000000000e+00 0.000000000000000000e+00 0.000000000000000000e+00 0.000000000000000000e+00
0.000000000000000000e+00 0.000000000000000000e+00 0.000000000000000000e+00 0.000000000000000000e+00 0.000000000000000000e+00
0.000000000000000000e+00 0.000000000000000000e+00 0.000000000000000000e+00 0.000000000000000000e+00 0.000000000000000000e+00
0.000000000000000000e+00 0.000000000000000000e+00 0.000000000000000000e+00 0.000000000000000000e+00 0.000000000000000000e+00
0.000000000000000000e+00 0.000000000000000000e+00 0.000000000000000000e+00 0.000000000000000000e+00 0.000000000000000000e+00
0.000000000000000000e+00 0.000000000000000000e+00 0.000000000000000000e+00 0.000000000000000000e+00 0.000000000000000000e+00
0.000000000000000000e+00 0.000000000000000000e+00 0.000000000000000000e+00 0.000000000000000000e+00 0.000000000000000000e+00
0.000000000000000000e+00 0.000000000000000000e+00 0.000000000000000000e+00 0.000000000000000000e+00 0.000000000000000000e+00
0.000000000000000000e+00 0.000000000000000000e+00 0.000000000000000000e+00 0.000000000000000000e+00 0.000000000000000000e+00
0.000000000000000000e+00 0.000000000000000000e+00 0.000000000000000000e+00 0.000000000000000000e+00 0.000000000000000000e+00
0.000000000000000000e+00 0.000000000000000000e+00 0.000000000000000000e+00 0.000000000000000000e+00 0.000000000000000000e+00
0.000000000000000000e+00 0.000000000000000000e+00 0.000000000000000000e+00 0.000000000000000000e+00 0.000000000000000000e+00
0.000000000000000000e+00 0.000000000000000000e+00 0.000000000000000000e+00 0.000000000000000000e+00 0.000000000000000000e+00
0.000000000000000000e+00 0.000000000000000000e+00 0.000000000000000000e+00 0.000000000000000000e+00 0.000000000000000000e+00
0.000000000000000000e+00 0.000000000000000000e+00 0.000000000000000000e+00 0.000000000000000000e+00 0.000000000000000000e+00
0.000000000000000000e+00 0.000000000000000000e+00 0.000000000000000000e+00 0.000000000000000000e+00 0.000000000000000000e+00
0.000000000000000000e+00 0.000000000000000000e+00 0.000000000000000000e+00 0.000000000000000000e+00 0.000000000000000000e+00
0.000000000000000000e+00 0.000000000000000000e+00 0.000000000000000000e+00 0.000000000000000000e+00 0.000000000000000000e+00
0.000000000000000000e+00 0.000000000000000000e+00 0.000000000000000000e+00 0.000000000000000000e+00 0.000000000000000000e+00
0.000000000000000000e+00 0.000000000000000000e+00 0.000000000000000000e+00 0.000000000000000000e+00 0.000000000000000000e+00
0.000000000000000000e+00 0.000000000000000000e+00 0.000000000000000000e+00 0.000000000000000000e+00 0.000000000000000000e+00
0.000000000000000000e+00 0.000000000000000000e+00 0.000000000000000000e+00 0.000000000000000000e+00 0.000000000000000000e+00
0.000000000000000000e+00 0.000000000000000000e+00 0.000000000000000000e+00 0.000000000000000000e+00 0.000000000000000000e+00
0.000000000000000000e+00 0.000000000000000000e+00 0.000000000000000000e+00 0.000000000000000000e+00 0.000000000000000000e+00
0.000000000000000000e+00 0.000000000000000000e+00 0.000000000000000000e+00 0.000000000000000000e+00 0.000000000000000000e+00
0.000000000000000000e+00 0.000000000000000000e+00 0.000000000000000000e+00 0.000000000000000000e+00 0.000000000000000000e+00
0.000000000000000000e+00 0.000000000000000000e+00 0.000000000000000000e+00 0.000000000000000000e+00 0.000000000000000000e+00
0.000000000000000000e+00 0.000000000000000000e+00 0.000000000000000000e+00 0.000000000000000000e+00 0.000000000000000000e+00
0.000000000000000000e+00 0.000000000000000000e+00 0.000000000000000000e+00 0.000000000000000000e+00 0.000000000000000000e+00
0.000000000000000000e+00 0.000000000000000000e+00 0.000000000000000000e+00 0.000000000000000000e+00 0.000000000000000000e+00
0.000000000000000000e+00 0.000000000000000000e+00 0.000000000000000000e+00 0.000000000000000000e+00 0.000000000000000000e+00
0.000000000000000000e+00 0.000000000000000000e+00 0.000000000000000000e+00 0.000000000000000000e+00 0.000000000000000000e+00
0.000000000000000000e+00 0.000000000000000000e+00 0.000000000000000000e+00 0.000000000000000000e+00 0.000000000000000000e+00
0.000000000000000000e+00 0.000000000000000000e+00 0.000000000000000000e+00 0.000000000000000000e+00 0.000000000000000000e+00
0.000000000000000000e+00 0.000000000000000000e+00 0.000000000000000000e+00 0.000000000000000000e+00 0.000000000000000000e+00
0.000000000000000000e+00 0.000000000000000000e+00 0.000000000000000000e+00 0.000000000000000000e+00 0.000000000000000000e+00
0.000000000000000000e+00 0.000000000000000000e+00 0.000000000000000000e+00 0.000000000000000000e+00 0.000000000000000000e+00
0.000000000000000000e+00 0.000000000000000000e+00 0.000000000000000000e+00 0.000000000000000000e+00 0.000000000000000000e+00
0.000000000000000000e+00 0.000000000000000000e+00 0.000000000000000000e+00 0.000000000000000000e+00 0.000000000000000000e+00
0.000000000000000000e+00 0.000000000000000000e+00 0.000000000000000000e+00 0.000000000000000000e+00 0.000000000000000000e+00
0.000000000000000000e+00 0.000000000000000000e+00 0.000000000000000000e+00 0.000000000000000000e+00 0.000000000000000000e+00
0.000000000000000000e+00 0.000000000000000000e+00 0.000000000000000000e+00 0.000000000000000000e+00 0.000000000000000000e+00
0.000000000000000000e+00 0.000000000000000000e+00 0.000000000000000000e+00 0.000000000000000000e+00 0.000000000000000000e+00
0.000000000000000000e+00 0.000000000000000000e+00 0.000000000000000000e+00 0.000000000000000000e+00 0.000000000000000000e+00
0.000000000000000000e+00 0.000000000000000000e+00 0.000000000000000000e+00 0.000000000000000000e+00 0.000000000000000000e+00
0.000000000000000000e+00 0.000000000000000000e+00 0.000000000000000000e+00 0.000000000000000000e+00 0.000000000000000000e+00
0.000000000000000000e+00 0.000000000000000000e+00 0.000000000000000000e+00 0.000000000000000000e+00 0.000000000000000000e+00
0.000000000000000000e+00 0.000000000000000000e+00 0.000000000000000000e+00 0.000000000000000000e+00 0.000000000000000000e+00
0.000000000000000000e+00 0.000000000000000000e+00 0.000000000000000000e+00 0.000000000000000000e+00 0.000000000000000000e+00
0.000000000000000000e+00 0.000000000000000000e+00 0.000000000000000000e+00 0.000000000000000000e+00 0.000000000000000000e+00
0.000000000000000000e+00 0.000000000000000000e+00 0.000000000000000000e+00 0.000000000000000000e+00 0.000000000000000000e+00
0.000000000000000000e+00 0.000000000000000000e+00 0.000000000000000000e+00 0.000000000000000000e+00 0.000000000000000000e+00
0.000000000000000000e+00 0.000000000000000000e+00 0.000000000000000000e+00 0.000000000000000000e+00 0.000000000000000000e+00
0.000000000000000000e+00 0.000000000000000000e+00 0.000000000000000000e+00 0.000000000000000000e+00 0.000000000000000000e+00
0.000000000000000000e+00 0.000000000000000000e+00 0.000000000000000000e+00 0.000000000000000000e+00 0.000000000000000000e+00
0.000000000000000000e+00 0.000000000000000000e+00 0.000000000000000000e+00 0.000000000000000000e+00 0.000000000000000000e+00
0.000000000000000000e+00 0.000000000000000000e+00 0.000000000000000000e+00 0.000000000000000000e+00 0.000000000000000000e+00
0.000000000000000000e+00 0.000000000000000000e+00 0.000000000000000000e+00 0.000000000000000000e+00 0.000000000000000000e+00
0.000000000000000000e+00 0.000000000000000000e+00 0.000000000000000000e+00 0.000000000000000000e+00 0.000000000000000000e+00
0.000000000000000000e+00 0.000000000000000000e+00 0.000000000000000000e+00 0.000000000000000000e+00 0.000000000000000000e+00
0.000000000000000000e+00 0.000000000000000000e+00 0.000000000000000000e+00 0.000000000000000000e+00 0.000000000000000000e+00
0.000000000000000000e+00 0.000000000000000000e+00 0.000000000000000000e+00 0.000000000000000000e+00 0.000000000000000000e+00
0.000000000000000000e+00 0.000000000000000000e+00 0.000000000000000000e+00 0.000000000000000000e+00 0.000000000000000000e+00
0.000000000000000000e+00 0.000000000000000000e+00 0.000000000000000000e+00 0.000000000000000000e+00 0.000000000000000000e+00
0.000000000000000000e+00 0.000000000000000000e+00 0.000000000000000000e+00 0.000000000000000000e+00 0.000000000000000000e+00
0.000000000000000000e+00 0.000000000000000000e+00 0.000000000000000000e+00 0.000000000000000000e+00 0.000000000000000000e+00
0.000000000000000000e+00 0.000000000000000000e+00 0.000000000000000000e+00 0.000000000000000000e+00 0.000000000000000000e+00
0.000000000000000000e+00 0.000000000000000000e+00 0.000000000000000000e+00 0.000000000000000000e+00 0.000000000000000000e+00
0.000000000000000000e+00 0.000000000000000000e+00 0.000000000000000000e+00 0.000000000000000000e+00 0.000000000000000000e+00
0.000000000000000000e+00 0.000000000000000000e+00 0.000000000000000000e+00 0.000000000000000000e+00 0.000000000000000000e+00
0.000000000000000000e+00 0.000000000000000000e+00 0.000000000000000000e+00 0.000000000000000000e+00 0.000000000000000000e+00
0.000000000000000000e+00 0.000000000000000000e+00 0.000000000000000000e+00 0.000000000000000000e+00 0.000000000000000000e+00
0.000000000000000000e+00 0.000000000000000000e+00 0.000000000000000000e+00 0.000000000000000000e+00 0.000000000000000000e+00
0.000000000000000000e+00 0.000000000000000000e+00 0.000000000000000000e+00 0.000000000000000000e+00 0.000000000000000000e+00
0.000000000000000000e+00 0.000000000000000000e+00 0.000000000000000000e+00 0.000000000000000000e+00 0.000000000000000000e+00
0.000000000000000000e+00 0.000000000000000000e+00 0.000000000000000000e+00 0.000000000000000000e+00 0.000000000000000000e+00
0.000000000000000000e+00 0.000000000000000000e+00 0.000000000000000000e+00 0.000000000000000000e+00 0.000000000000000000e+00
0.000000000000000000e+00 0.000000000000000000e+00 0.000000000000000000e+00 0.000000000000000000e+00 0.000000000000000000e+00
0.000000000000000000e+00 0.000000000000000000e+00 0.000000000000000000e+00 0.000000000000000000e+00 0.000000000000000000e+00
0.000000000000000000e+00 0.000000000000000000e+00 0.000000000000000000e+00 0.000000000000000000e+00 0.000000000000000000e+00
0.000000000000000000e+00 0.000000000000000000e+00 0.000000000000000000e+00 0.000000000000000000e+00 0.000000000000000000e+00
0.000000000000000000e+00 0.000000000000000000e+00 0.000000000000000000e+00 0.000000000000000000e+00 0.000000000000000000e+00
0.000000000000000000e+00 0.000000000000000000e+00 0.000000000000000000e+00 0.000000000000000000e+00 0.000000000000000000e+00
0.000000000000000000e+00 0.000000000000000000e+00 0.000000000000000000e+00 0.000000000000000000e+00 0.000000000000000000e+00
0.000000000000000000e+00 0.000000000000000000e+00 0.000000000000000000e+00 0.000000000000000000e+00 0.000000000000000000e+00
0.000000000000000000e+00 0.000000000000000000e+00 0.000000000000000000e+00 0.000000000000000000e+00 0.000000000000000000e+00
0.000000000000000000e+00 0.000000000000000000e+00 0.000000000000000000e+00 0.000000000000000000e+00 0.000000000000000000e+00
0.000000000000000000e+00 0.000000000000000000e+00 0.000000000000000000e+00 0.000000000000000000e+00 0.000000000000000000e+00
0.000000000000000000e+00 0.000000000000000000e+00 0.000000000000000000e+00 0.000000000000000000e+00 0.000000000000000000e+00
0.000000000000000000e+00 0.000000000000000000e+00 0.000000000000000000e+00 0.000000000000000000e+00 0.000000000000000000e+00
0.000000000000000000e+00 0.000000000000000000e+00 0.000000000000000000e+00 0.000000000000000000e+00 0.000000000000000000e+00
0.000000000000000000e+00 0.000000000000000000e+00 0.000000000000000000e+00 0.000000000000000000e+00 0.000000000000000000e+00
0.000000000000000000e+00 0.000000000000000000e+00 0.000000000000000000e+00 0.000000000000000000e+00 0.000000000000000000e+00
0.000000000000000000e+00 0.000000000000000000e+00 0.000000000000000000e+00 0.000000000000000000e+00 0.000000000000000000e+00
0.000000000000000000e+00 0.000000000000000000e+00 0.000000000000000000e+00 0.000000000000000000e+00 0.000000000000000000e+00
0.000000000000000000e+00 0.000000000000000000e+00 0.000000000000000000e+00 0.000000000000000000e+00 0.000000000000000000e+00
0.000000000000000000e+00 0.000000000000000000e+00 0.000000000000000000e+00 0.000000000000000000e+00 0.000000000000000000e+00
0.000000000000000000e+00 0.000000000000000000e+00 0.000000000000000000e+00 0.000000000000000000e+00 0.000000000000000000e+00
0.000000000000000000e+00 0.000000000000000000e+00 0.000000000000000000e+00 0.000000000000000000e+00 0.000000000000000000e+00
0.000000000000000000e+00 0.000000000000000000e+00 0.000000000000000000e+00 0.000000000000000000e+00 0.000000000000000000e+00
0.000000000000000000e+00 0.000000000000000000e+00 0.000000000000000000e+00 0.000000000000000000e+00 0.000000000000000000e+00
0.000000000000000000e+00 0.000000000000000000e+00 0.000000000000000000e+00 0.000000000000000000e+00 0.000000000000000000e+00
0.000000000000000000e+00 0.000000000000000000e+00 0.000000000000000000e+00 0.000000000000000000e+00 0.000000000000000000e+00
0.000000000000000000e+00 0.000000000000000000e+00 0.000000000000000000e+00 0.000000000000000000e+00 0.000000000000000000e+00
0.000000000000000000e+00 0.000000000000000000e+00 0.000000000000000000e+00 0.000000000000000000e+00 0.000000000000000000e+00
0.000000000000000000e+00 0.000000000000000000e+00 0.000000000000000000e+00 0.000000000000000000e+00 0.000000000000000000e+00
0.000000000000000000e+00 0.000000000000000000e+00 0.000000000000000000e+00 0.000000000000000000e+00 0.000000000000000000e+00
0.000000000000000000e+00 0.000000000000000000e+00 0.000000000000000000e+00 0.000000000000000000e+00 0.000000000000000000e+00
0.000000000000000000e+00 0.000000000000000000e+00 0.000000000000000000e+00 0.000000000000000000e+00 0.000000000000000000e+00
0.000000000000000000e+00 0.000000000000000000e+00 0.000000000000000000e+00 0.000000000000000000e+00 0.000000000000000000e+00
0.000000000000000000e+00 0.000000000000000000e+00 0.000000000000000000e+00 0.000000000000000000e+00 0.000000000000000000e+00
0.000000000000000000e+00 0.000000000000000000e+00 0.000000000000000000e+00 0.000000000000000000e+00 0.000000000000000000e+00
0.000000000000000000e+00 0.000000000000000000e+00 0.000000000000000000e+00 0.000000000000000000e+00 0.000000000000000000e+00
0.000000000000000000e+00 0.000000000000000000e+00 0.000000000000000000e+00 0.000000000000000000e+00 0.000000000000000000e+00
0.000000000000000000e+00 0.000000000000000000e+00 0.000000000000000000e+00 0.000000000000000000e+00 0.000000000000000000e+00
0.000000000000000000e+00 0.000000000000000000e+00 0.000000000000000000e+00 0.000000000000000000e+00 0.000000000000000000e+00
0.000000000000000000e+00 0.000000000000000000e+00 0.000000000000000000e+00 0.000000000000000000e+00 0.000000000000000000e+00
0.000000000000000000e+00 0.000000000000000000e+00 0.000000000000000000e+00 0.000000000000000000e+00 0.000000000000000000e+00
0.000000000000000000e+00 0.000000000000000000e+00 0.000000000000000000e+00 0.000000000000000000e+00 0.000000000000000000e+00
0.000000000000000000e+00 0.000000000000000000e+00 0.000000000000000000e+00 0.000000000000000000e+00 0.000000000000000000e+00
0.000000000000000000e+00 0.000000000000000000e+00 0.000000000000000000e+00 0.000000000000000000e+00 0.000000000000000000e+00
0.000000000000000000e+00 0.000000000000000000e+00 0.000000000000000000e+00 0.000000000000000000e+00 0.000000000000000000e+00
0.000000000000000000e+00 0.000000000000000000e+00 0.000000000000000000e+00 0.000000000000000000e+00 0.000000000000000000e+00
0.000000000000000000e+00 0.000000000000000000e+00 0.000000000000000000e+00 0.000000000000000000e+00 0.000000000000000000e+00
0.000000000000000000e+00 0.000000000000000000e+00 0.000000000000000000e+00 0.000000000000000000e+00 0.000000000000000000e+00
0.000000000000000000e+00 0.000000000000000000e+00 0.000000000000000000e+00 0.000000000000000000e+00 0.000000000000000000e+00
0.000000000000000000e+00 0.000000000000000000e+00 0.000000000000000000e+00 0.000000000000000000e+00 0.000000000000000000e+00
0.000000000000000000e+00 0.000000000000000000e+00 0.000000000000000000e+00 0.000000000000000000e+00 0.000000000000000000e+00
0.000000000000000000e+00 0.000000000000000000e+00 0.000000000000000000e+00 0.000000000000000000e+00 0.000000000000000000e+00
0.000000000000000000e+00 0.000000000000000000e+00 0.000000000000000000e+00 0.000000000000000000e+00 0.000000000000000000e+00
0.000000000000000000e+00 0.000000000000000000e+00 0.000000000000000000e+00 0.000000000000000000e+00 0.000000000000000000e+00
0.000000000000000000e+00 0.000000000000000000e+00 0.000000000000000000e+00 0.000000000000000000e+00 0.000000000000000000e+00
0.000000000000000000e+00 0.000000000000000000e+00 0.000000000000000000e+00 0.000000000000000000e+00 0.000000000000000000e+00
0.000000000000000000e+00 0.000000000000000000e+00 0.000000000000000000e+00 0.000000000000000000e+00 0.000000000000000000e+00
0.000000000000000000e+00 0.000000000000000000e+00 0.000000000000000000e+00 0.000000000000000000e+00 0.000000000000000000e+00
0.000000000000000000e+00 0.000000000000000000e+00 0.000000000000000000e+00 0.000000000000000000e+00 0.000000000000000000e+00
0.000000000000000000e+00 0.000000000000000000e+00 0.000000000000000000e+00 0.000000000000000000e+00 0.000000000000000000e+00
0.000000000000000000e+00 0.000000000000000000e+00 0.000000000000000000e+00 0.000000000000000000e+00 0.000000000000000000e+00
0.000000000000000000e+00 0.000000000000000000e+00 0.000000000000000000e+00 0.000000000000000000e+00 0.000000000000000000e+00
0.000000000000000000e+00 0.000000000000000000e+00 0.000000000000000000e+00 0.000000000000000000e+00 0.000000000000000000e+00
0.000000000000000000e+00 0.000000000000000000e+00 0.000000000000000000e+00 0.000000000000000000e+00 0.000000000000000000e+00
0.000000000000000000e+00 0.000000000000000000e+00 0.000000000000000000e+00 0.000000000000000000e+00 0.000000000000000000e+00
0.000000000000000000e+00 0.000000000000000000e+00 0.000000000000000000e+00 0.000000000000000000e+00 0.000000000000000000e+00
0.000000000000000000e+00 0.000000000000000000e+00 0.000000000000000000e+00 0.000000000000000000e+00 0.000000000000000000e+00
0.000000000000000000e+00 0.000000000000000000e+00 0.000000000000000000e+00 0.000000000000000000e+00 0.000000000000000000e+00
0.000000000000000000e+00 0.000000000000000000e+00 0.000000000000000000e+00 0.000000000000000000e+00 0.000000000000000000e+00
0.000000000000000000e+00 0.000000000000000000e+00 0.000000000000000000e+00 0.000000000000000000e+00 0.000000000000000000e+00
0.000000000000000000e+00 0.000000000000000000e+00 0.000000000000000000e+00 0.000000000000000000e+00 0.000000000000000000e+00
0.000000000000000000e+00 0.000000000000000000e+00 0.000000000000000000e+00 0.000000000000000000e+00 0.000000000000000000e+00
0.000000000000000000e+00 0.000000000000000000e+00 0.000000000000000000e+00 0.000000000000000000e+00 0.000000000000000000e+00
0.000000000000000000e+00 0.000000000000000000e+00 0.000000000000000000e+00 0.000000000000000000e+00 0.000000000000000000e+00
0.000000000000000000e+00 0.000000000000000000e+00 0.000000000000000000e+00 0.000000000000000000e+00 0.000000000000000000e+00
0.000000000000000000e+00 0.000000000000000000e+00 0.000000000000000000e+00 0.000000000000000000e+00 0.000000000000000000e+00
0.000000000000000000e+00 0.000000000000000000e+00 0.000000000000000000e+00 0.000000000000000000e+00 0.000000000000000000e+00
0.000000000000000000e+00 0.000000000000000000e+00 0.000000000000000000e+00 0.000000000000000000e+00 0.000000000000000000e+00
0.000000000000000000e+00 0.000000000000000000e+00 0.000000000000000000e+00 0.000000000000000000e+00 0.000000000000000000e+00
0.000000000000000000e+00 0.000000000000000000e+00 0.000000000000000000e+00 0.000000000000000000e+00 0.000000000000000000e+00
0.000000000000000000e+00 0.000000000000000000e+00 0.000000000000000000e+00 0.000000000000000000e+00 0.000000000000000000e+00
0.000000000000000000e+00 0.000000000000000000e+00 0.000000000000000000e+00 0.000000000000000000e+00 0.000000000000000000e+00
0.000000000000000000e+00 0.000000000000000000e+00 0.000000000000000000e+00 0.000000000000000000e+00 0.000000000000000000e+00
0.000000000000000000e+00 0.000000000000000000e+00 0.000000000000000000e+00 0.000000000000000000e+00 0.000000000000000000e+00
0.000000000000000000e+00 0.000000000000000000e+00 0.000000000000000000e+00 0.000000000000000000e+00 0.000000000000000000e+00
0.000000000000000000e+00 0.000000000000000000e+00 0.000000000000000000e+00 0.000000000000000000e+00 0.000000000000000000e+00
0.000000000000000000e+00 0.000000000000000000e+00 0.000000000000000000e+00 0.000000000000000000e+00 0.000000000000000000e+00
0.000000000000000000e+00 0.000000000000000000e+00 0.000000000000000000e+00 0.000000000000000000e+00 0.000000000000000000e+00
0.000000000000000000e+00 0.000000000000000000e+00 0.000000000000000000e+00 0.000000000000000000e+00 0.000000000000000000e+00
0.000000000000000000e+00 0.000000000000000000e+00 0.000000000000000000e+00 0.000000000000000000e+00 0.000000000000000000e+00
0.000000000000000000e+00 0.000000000000000000e+00 0.000000000000000000e+00 0.000000000000000000e+00 0.000000000000000000e+00
0.000000000000000000e+00 0.000000000000000000e+00 0.000000000000000000e+00 0.000000000000000000e+00 0.000000000000000000e+00
0.000000000000000000e+00 0.000000000000000000e+00 0.000000000000000000e+00 0.000000000000000000e+00 0.000000000000000000e+00
0.000000000000000000e+00 0.000000000000000000e+00 0.000000000000000000e+00 0.000000000000000000e+00 0.000000000000000000e+00
0.000000000000000000e+00 0.000000000000000000e+00 0.000000000000000000e+00 0.000000000000000000e+00 0.000000000000000000e+00
0.000000000000000000e+00 0.000000000000000000e+00 0.000000000000000000e+00 0.000000000000000000e+00 0.000000000000000000e+00
0.000000000000000000e+00 0.000000000000000000e+00 0.000000000000000000e+00 0.000000000000000000e+00 0.000000000000000000e+00
0.000000000000000000e+00 0.000000000000000000e+00 0.000000000000000000e+00 0.000000000000000000e+00 0.000000000000000000e+00
0.000000000000000000e+00 0.000000000000000000e+00 0.000000000000000000e+00 0.000000000000000000e+00 0.000000000000000000e+00
0.000000000000000000e+00 0.000000000000000000e+00 0.000000000000000000e+00 0.000000000000000000e+00 0.000000000000000000e+00
0.000000000000000000e+00 0.000000000000000000e+00 0.000000000000000000e+00 0.000000000000000000e+00 0.000000000000000000e+00
0.000000000000000000e+00 0.000000000000000000e+00 0.000000000000000000e+00 0.000000000000000000e+00 0.000000000000000000e+00
0.000000000000000000e+00 0.000000000000000000e+00 0.000000000000000000e+00 0.000000000000000000e+00 0.000000000000000000e+00
0.000000000000000000e+00 0.000000000000000000e+00 0.000000000000000000e+00 0.000000000000000000e+00 0.000000000000000000e+00
0.000000000000000000e+00 0.000000000000000000e+00 0.000000000000000000e+00 0.000000000000000000e+00 0.000000000000000000e+00
0.000000000000000000e+00 0.000000000000000000e+00 0.000000000000000000e+00 0.000000000000000000e+00 0.000000000000000000e+00
0.000000000000000000e+00 0.000000000000000000e+00 0.000000000000000000e+00 0.000000000000000000e+00 0.000000000000000000e+00
0.000000000000000000e+00 0.000000000000000000e+00 0.000000000000000000e+00 0.000000000000000000e+00 0.000000000000000000e+00
0.000000000000000000e+00 0.000000000000000000e+00 0.000000000000000000e+00 0.000000000000000000e+00 0.000000000000000000e+00
0.000000000000000000e+00 0.000000000000000000e+00 0.000000000000000000e+00 0.000000000000000000e+00 0.000000000000000000e+00
0.000000000000000000e+00 0.000000000000000000e+00 0.000000000000000000e+00 0.000000000000000000e+00 0.000000000000000000e+00
0.000000000000000000e+00 0.000000000000000000e+00 0.000000000000000000e+00 0.000000000000000000e+00 0.000000000000000000e+00
0.000000000000000000e+00 0.000000000000000000e+00 0.000000000000000000e+00 0.000000000000000000e+00 0.000000000000000000e+00
0.000000000000000000e+00 0.000000000000000000e+00 0.000000000000000000e+00 0.000000000000000000e+00 0.000000000000000000e+00
0.000000000000000000e+00 0.000000000000000000e+00 0.000000000000000000e+00 0.000000000000000000e+00 0.000000000000000000e+00
0.000000000000000000e+00 0.000000000000000000e+00 0.000000000000000000e+00 0.000000000000000000e+00 0.000000000000000000e+00
0.000000000000000000e+00 0.000000000000000000e+00 0.000000000000000000e+00 0.000000000000000000e+00 0.000000000000000000e+00
0.000000000000000000e+00 0.000000000000000000e+00 0.000000000000000000e+00 0.000000000000000000e+00 0.000000000000000000e+00
0.000000000000000000e+00 0.000000000000000000e+00 0.000000000000000000e+00 0.000000000000000000e+00 0.000000000000000000e+00
0.000000000000000000e+00 0.000000000000000000e+00 0.000000000000000000e+00 0.000000000000000000e+00 0.000000000000000000e+00
0.000000000000000000e+00 0.000000000000000000e+00 0.000000000000000000e+00 0.000000000000000000e+00 0.000000000000000000e+00
0.000000000000000000e+00 0.000000000000000000e+00 0.000000000000000000e+00 0.000000000000000000e+00 0.000000000000000000e+00
0.000000000000000000e+00 0.000000000000000000e+00 0.000000000000000000e+00 0.000000000000000000e+00 0.000000000000000000e+00
0.000000000000000000e+00 0.000000000000000000e+00 0.000000000000000000e+00 0.000000000000000000e+00 0.000000000000000000e+00
0.000000000000000000e+00 0.000000000000000000e+00 0.000000000000000000e+00 0.000000000000000000e+00 0.000000000000000000e+00
0.000000000000000000e+00 0.000000000000000000e+00 0.000000000000000000e+00 0.000000000000000000e+00 0.000000000000000000e+00
0.000000000000000000e+00 0.000000000000000000e+00 0.000000000000000000e+00 0.000000000000000000e+00 0.000000000000000000e+00
0.000000000000000000e+00 0.000000000000000000e+00 0.000000000000000000e+00 0.000000000000000000e+00 0.000000000000000000e+00
0.000000000000000000e+00 0.000000000000000000e+00 0.000000000000000000e+00 0.000000000000000000e+00 0.000000000000000000e+00
0.000000000000000000e+00 0.000000000000000000e+00 0.000000000000000000e+00 0.000000000000000000e+00 0.000000000000000000e+00
0.000000000000000000e+00 0.000000000000000000e+00 0.000000000000000000e+00 0.000000000000000000e+00 0.000000000000000000e+00
0.000000000000000000e+00 0.000000000000000000e+00 0.000000000000000000e+00 0.000000000000000000e+00 0.000000000000000000e+00
0.000000000000000000e+00 0.000000000000000000e+00 0.000000000000000000e+00 0.000000000000000000e+00 0.000000000000000000e+00
0.000000000000000000e+00 0.000000000000000000e+00 0.000000000000000000e+00 0.000000000000000000e+00 0.000000000000000000e+00
0.000000000000000000e+00 0.000000000000000000e+00 0.000000000000000000e+00 0.000000000000000000e+00 0.000000000000000000e+00
0.000000000000000000e+00 0.000000000000000000e+00 0.000000000000000000e+00 0.000000000000000000e+00 0.000000000000000000e+00
0.000000000000000000e+00 0.000000000000000000e+00 0.000000000000000000e+00 0.000000000000000000e+00 0.000000000000000000e+00
0.000000000000000000e+00 0.000000000000000000e+00 0.000000000000000000e+00 0.000000000000000000e+00 0.000000000000000000e+00
0.000000000000000000e+00 0.000000000000000000e+00 0.000000000000000000e+00 0.000000000000000000e+00 0.000000000000000000e+00
0.000000000000000000e+00 0.000000000000000000e+00 0.000000000000000000e+00 0.000000000000000000e+00 0.000000000000000000e+00
0.000000000000000000e+00 0.000000000000000000e+00 0.000000000000000000e+00 0.000000000000000000e+00 0.000000000000000000e+00
0.000000000000000000e+00 0.000000000000000000e+00 0.000000000000000000e+00 0.000000000000000000e+00 0.000000000000000000e+00
0.000000000000000000e+00 0.000000000000000000e+00 0.000000000000000000e+00 0.000000000000000000e+00 0.000000000000000000e+00
0.000000000000000000e+00 0.000000000000000000e+00 0.000000000000000000e+00 0.000000000000000000e+00 0.000000000000000000e+00
0.000000000000000000e+00 0.000000000000000000e+00 0.000000000000000000e+00 0.000000000000000000e+00 0.000000000000000000e+00
0.000000000000000000e+00 0.000000000000000000e+00 0.000000000000000000e+00 0.000000000000000000e+00 0.000000000000000000e+00
0.000000000000000000e+00 0.000000000000000000e+00 0.000000000000000000e+00 0.000000000000000000e+00 0.000000000000000000e+00
0.000000000000000000e+00 0.000000000000000000e+00 0.000000000000000000e+00 0.000000000000000000e+00 0.000000000000000000e+00
0.000000000000000000e+00 0.000000000000000000e+00 0.000000000000000000e+00 0.000000000000000000e+00 0.000000000000000000e+00
0.000000000000000000e+00 0.000000000000000000e+00 0.000000000000000000e+00 0.000000000000000000e+00 0.000000000000000000e+00
0.000000000000000000e+00 0.000000000000000000e+00 0.000000000000000000e+00 0.000000000000000000e+00 0.000000000000000000e+00
-6.531119960278338077e+00 -6.473376116852127993e+00 1.011824395710934910e-01 6.530623447909678525e+00 6.476264454776758939e+00
-5.348652941666431460e+00 -7.218634947546473057e+00 -1.835268989376933169e+00 5.346485152966550025e+00 7.221789031774505929e+00
-3.628370058701579470e+00 -7.273779963139698879e+00 -3.622295668876629016e+00 3.625074485787568968e+00 7.276135859846840859e+00
-1.639584561539392693e+00 -6.696960481902035411e+00 -5.046935593941873854e+00 1.636147868884942236e+00 6.697665338718380212e+00
3.453549805927313976e-01 -5.633712861371090064e+00 -5.980925476526242512e+00 -3.479282128222813686e-01 5.632546918663089208e+00
2.133819734861207351e+00 -4.246707120828312476e+00 -6.393570422307806922e+00 -2.134936021839691556e+00 4.244102651328455877e+00
3.614237402919305175e+00 -2.680470034926129674e+00 -6.317490311555557625e+00 -3.613871843721446542e+00 2.677229398947979178e+00
4.728240378478978378e+00 -1.052330683799917344e+00 -5.811332146009451805e+00 -4.726808070967781994e+00 1.049274212201911194e+00
5.445573006801915028e+00 5.392875233871812224e-01 -4.942838367133157718e+00 -5.443680117362335480e+00 -5.415733538677619530e-01
5.753293622529021434e+00 2.003955990734224368e+00 -3.789052873709294555e+00 -5.751513954279004359e+00 -2.005218384051149272e+00
5.656958137149195487e+00 3.256617227461077402e+00 -2.440288913383858560e+00 -5.655689747574937698e+00 -3.256918467398964623e+00
5.185167929594366676e+00 4.223839237474818376e+00 -9.985397409604123142e-01 -5.184568610578042858e+00 -4.223469455936492700e+00
4.390752183496450023e+00 4.852966328774436455e+00 4.304431618886083166e-01 -4.390743431734874136e+00 -4.852321623242914939e+00
3.347057717775585584e+00 5.118424853591935886e+00 1.747185670564363802e+00 -3.347386841368809929e+00 -5.117878591390266685e+00
2.140975970835032882e+00 5.023015131918359799e+00 2.866835353374694861e+00 -2.141317221906110735e+00 -5.022813684881023200e+00
8.648918576152839766e-01 4.595177697742982126e+00 3.724597078552689844e+00 -8.649565245256236601e-01 -4.595387008822411801e+00
-3.907859269432762961e-01 3.884333443267878216e+00 4.278663821336303741e+00 3.911632020043878666e-01 -3.884845931417125531e+00
-1.543762891324332198e+00 2.955736218556514583e+00 4.511300380612921046e+00 1.544584748097387994e+00 -2.956327818124303342e+00
-2.524649134616415047e+00 1.885091998949618430e+00 4.428306640489076074e+00 2.525768747766237610e+00 -1.885505464527990949e+00
-3.280426382535945873e+00 7.527722292671503723e-01 4.056714659851887284e+00 3.281601866490461372e+00 -7.527989265594312585e-01
-3.776352373902955861e+00 -3.620527232037275001e-01 3.440813841086500346e+00 3.777320678304283419e+00 3.625148894651405440e-01
-3.996219455381669672e+00 -1.386586781773346821e+00 2.637204499784458367e+00 3.996766821940421544e+00 1.387510705429310320e+00
-3.941436281720662294e+00 -2.258399594579241221e+00 1.709849666466692009e+00 3.941447980691477948e+00 2.259641730324117859e+00
-3.629720627971567026e+00 -2.928386069412181492e+00 7.257748059356913251e-01 3.629201292674026025e+00 2.929726687228713544e+00
-3.093848764949863384e+00 -3.363114604659139140e+00 -2.485536689803387322e-01 3.092912683646487970e+00 3.364313206248752408e+00
-2.380120987716169534e+00 -3.546658320065450898e+00 -1.150607208122375491e+00 2.378957790747663559e+00 3.547510194838758402e+00
-1.545682342440141577e+00 -3.481437641715333431e+00 -1.925326600558023404e+00 1.544508027900774350e+00 3.481818005205365996e+00
-6.541488176312503233e-01 -3.187378711260899777e+00 -2.528665734594959691e+00 6.531551071566197297e-01 3.187264068866423106e+00
2.300369865520775770e-01 -2.699125679900806318e+00 -2.930463220904198529e+00 -2.307217740581822829e-01 2.698588427588998417e+00
1.047262921630851995e+00 -2.061852172705965103e+00 -3.115927813409584246e+00 -1.047592304359649562e+00 2.061032493455054571e+00
1.747143284919167261e+00 -1.326735830655494608e+00 -3.085525886085491276e+00 -1.747148335967242172e+00 1.325801353630010837e+00
2.291116374397674349e+00 -5.469980300677024232e-01 -2.853635254297218982e+00 -2.290883662106053986e+00 5.461037010306857287e-01
2.653531992982089971e+00 2.252061985909984965e-01 -2.446539229308183128e+00 -2.653172566702946877e+00 -2.259481232593015254e-01
2.821849821158833205e+00 9.412989328549054013e-01 -1.900130755321969733e+00 -2.821468339389078928e+00 -9.418336524615325001e-01
2.796369157348920886e+00 1.558562658128745948e+00 -1.257373297452788030e+00 -2.796040226872567480e+00 -1.558891868142806336e+00
2.589542343253795842e+00 2.042334684066895001e+00 -5.654286785738307231e-01 -2.589298278897156358e+00 -2.042502785699474188e+00
2.224727026110713268e+00 2.367944060818787388e+00 1.275280559518820467e-01 -2.224558270728795417e+00 -2.368016588431180125e+00
1.734277189929623209e+00 2.522073790201570631e+00 7.755916943326235380e-01 -1.734143769286429659e+00 -2.522114182434942897e+00
1.157035731228808872e+00 2.503291651295139975e+00 1.338187740886579880e+00 -1.156885666174867211e+00 -2.503342340559804313e+00
5.354342899060007266e-01 2.321667173617413038e+00 1.782619611130503268e+00 -5.352234179932269242e-01 -2.321739431641566043e+00
-8.753016467348090357e-02 1.997554747013384091e+00 2.085907651246639016e+00 8.782248846719031832e-02 -1.997629071091633346e+00
-6.711797792993660083e-01 1.559709033993034621e+00 2.235818839604462038e+00 6.715430838171458916e-01 -1.559744851577644642e+00
-1.179685107825857449e+00 1.042922593910256213e+00 2.231056997169395206e+00 1.180079728464498157e+00 -1.042873637030721001e+00
-1.584083061956040428e+00 4.853820186269448000e-01 2.080651617636287476e+00 1.584450282063553317e+00 -4.852125611184875953e-01
-1.863694021438474069e+00 -7.405294262868147848e-02 1.802660223957040619e+00 1.863971064760683749e+00 7.435549728627829924e-02
-2.006919353489630353e+00 -5.984494962710545929e-01 1.422364708425732704e+00 2.007054948066163913e+00 5.988687431166109798e-01
-2.011460038195149291e+00 -1.055119956630962363e+00 9.701657960177538786e-01 2.011426579313170482e+00 1.055612379537981038e+00
-1.884020938665613931e+00 -1.417547315947795816e+00 4.793530705665711156e-01 1.883820522460941227e+00 1.418050978882506641e+00
-1.639545614442206922e+00 -1.666840523332785873e+00 -1.612514560148132353e-02 1.639208946998562455e+00 1.667288043880869042e+00
-1.299990579450383654e+00 -1.792645872224670756e+00 -4.838087407705192744e-01 1.299569542772118558e+00 1.792978311402498193e+00
-8.926439879495692287e-01 -1.793440020721829953e+00 -8.947100296759774585e-01 8.922000916091714640e-01 1.793618308817610085e+00
-4.480514349197605162e-01 -1.676161420587086948e+00 -1.225029518326881783e+00 4.476432061328665668e-01 1.676172746886209763e+00
2.289742249191689845e-03 -1.455214238424345163e+00 -1.457476014194392544e+00 -2.617364756412185987e-03 1.455072267898266158e+00
4.282269644943497711e-01 -1.150975331574970451e+00 -1.582080796669944389e+00 -4.284489597011222339e-01 1.150714772978169931e+00
8.029923213510996582e-01 -7.880013417895804784e-01 -1.596455172499275488e+00 -8.031046998223223543e-01 7.876687754046149958e-01
1.104808729291739899e+00 -3.931371360118338654e-01 -1.505515054599357860e+00 -1.104824925641609834e+00 3.927807163686735104e-01
1.317988299140229858e+00 6.322707108848905910e-03 -1.320749740970741160e+00 -1.317932433115143187e+00 -6.662150343255044543e-03
1.433530995687599008e+00 3.843319406084007017e-01 -1.059129815634674676e+00 -1.433430104758465662e+00 -3.846266056878783202e-01
1.449267578648934851e+00 7.176045057675778382e-01 -7.417431589437987194e-01 -1.449144839005073182e+00 -7.178413669882338644e-01
1.369591745517460435e+00 9.869020161792403378e-01 -3.922414049463249230e-01 -1.369462155503783141e+00 -9.870808972947481275e-01
1.204819653640746946e+00 1.178046387789143390e+00 -3.518489351002854204e-02 -1.204688854540681309e+00 -1.178175455425687579e+00
9.702198656178787628e-01 1.282598317601198801e+00 3.056117438332731084e-01 -9.700859214398614982e-01 -1.282688547677162783e+00
6.847753944334260545e-01 1.298151813030976598e+00 6.086215084925572505e-01 -6.846326308044249354e-01 -1.298212030277896334e+00
3.697627150990808742e-01 1.228222808490741613e+00 8.559266653673808234e-01 -3.696062810418661027e-01 -1.228256556885920503e+00
4.724980903053140752e-02 1.081746259166126212e+00 1.034231006994452029e+00 -4.707956408498516210e-02 -1.081751135688138188e+00
-2.613794051911235150e-01 8.722302257174406881e-01 1.135502383437852147e+00 2.615567678899604065e-01 -8.721995779847375729e-01
-5.367741501640489465e-01 6.166413071620949760e-01 1.157218397998463821e+00 5.369452626501777237e-01 -6.165675579252741789e-01
-7.627564296081945638e-01 3.341120561050037185e-01 1.102222008371750217e+00 7.629035465067727229e-01 -3.339905368597532176e-01
-9.271914074274220097e-01 4.456830573432534609e-02 9.782247001582595747e-01 9.272961338328155056e-01 -4.440043469386801417e-02
-1.022553486986222504e+00 -2.326266636854354142e-01 7.970191571713231005e-01 1.022600899729019019e+00 2.328317603962628546e-01
-1.046175397902985749e+00 -4.799223062101767301e-01 5.734779298042239626e-01 1.046157490851871597e+00 4.801481591623159018e-01
-1.000184807190679592e+00 -6.826493866863442284e-01 3.244191242617556759e-01 1.000102431623627997e+00 6.828744229777322650e-01
-8.911452318204238221e-01 -8.298459663228455740e-01 6.741744050846147640e-02 8.910081276157914010e-01 8.300470457067425922e-01
-7.294286388660266018e-01 -9.147958712383779112e-01 -1.803666550057895501e-01 7.292536399236172473e-01 9.149522487714457641e-01
-5.283603042734739130e-01 -9.352531066303436669e-01 -4.032721602146684958e-01 5.281682291138004581e-01 9.353498949012321040e-01
-3.031938192886098338e-01 -8.933481159429986773e-01 -5.880749213165288314e-01 3.030058265748168389e-01 8.933784947603385929e-01
-6.999226071427072648e-02 -7.951977004525000448e-01 -7.247227483307852047e-01 6.982650548293546644e-02 7.951634704727321701e-01
1.554963628162724931e-01 -6.502657180763394829e-01 -8.068270448473314760e-01 -1.556270904403306565e-01 6.501762164458543269e-01
3.588812399528947816e-01 -4.705405147299810409e-01 -8.318885074931304802e-01 -3.589705178547028530e-01 4.704102898976142422e-01
5.280135304610148461e-01 -2.696032573856340653e-01 -8.012558568148396843e-01 -5.280609372110977029e-01 2.694491414906102777e-01
6.536610015382067207e-01 -6.165899962705517767e-02 -7.198363511630063716e-01 -6.536706868106928470e-01 6.149727300301424671e-02
7.299439503019957698e-01 1.394066806378086720e-01 -5.955920437281188029e-01 -7.299226528721604046e-01 -1.395624575710303628e-01
7.545246514464054588e-01 3.208932872837217398e-01 -4.388659201372780982e-01 -7.544797241228361484e-01 -3.210334395929417273e-01
7.285581909731269068e-01 4.720302251925252435e-01 -2.615885787577706956e-01 -7.284960991633219196e-01 -4.721490761209190534e-01
6.564241672487634016e-01 5.845652414207658243e-01 -7.642040263284916035e-02 -6.563497351797205059e-01 -5.846603771295889596e-01
5.452684174102617742e-01 6.531684119556181445e-01 1.041135121524223994e-01 -5.451848622989271531e-01 -6.532394730483104262e-01
4.043927673991103977e-01 6.756331010629019751e-01 2.684388884263698705e-01 -4.043023479341729676e-01 -6.756805307660791460e-01
2.445384694398026193e-01 6.528674535270149182e-01 4.066457705715976201e-01 -2.444434307201284184e-01 -6.528915730870572531e-01
7.711428685968212127e-02 5.886838638478596453e-01 5.110559676535429974e-01 -7.701773842960543681e-02 -5.886844989090299629e-01
-8.657803527034324542e-02 4.894077593754526667e-01 5.766124674310663112e-01 8.667161600259441767e-02 -4.893844527643483877e-01
-2.360704308750695424e-01 3.633391581897553180e-01 6.010732614076671476e-01 2.361552441345674547e-01 -3.632918271870748117e-01
-3.623628363534120433e-01 2.201095404110955112e-01 5.850072158138344136e-01 3.624323592017443807e-01 -2.200393154535275619e-01
-4.584295871617132256e-01 6.998194800681713235e-02 5.316040266617593213e-01 4.584775732044780727e-01 -6.989189131765304042e-02
-5.195728411679375602e-01 -7.685622270675517009e-02 4.463225490409324925e-01 5.195944614179993648e-01 7.696077337186203737e-02
-5.436090198842478127e-01 -2.109602767593706796e-01 3.364109647534755942e-01 5.436018542093102868e-01 2.110718820250581662e-01
-5.308849409194281721e-01 -3.242126956841315244e-01 2.103380088292719496e-01 5.308495748484726162e-01 3.243225059836422064e-01
-4.841302647663140446e-01 -4.102900495779848722e-01 7.717704108849619826e-02 4.840703504935849333e-01 4.103888790674998233e-01
-4.081621018612343055e-01 -4.649866857440772550e-01 -5.401532494152491010e-02 4.080838742924101092e-01 4.650662401737987728e-01
-3.094661941791603810e-01 -4.863802846871942975e-01 -1.747865043496705795e-01 3.093775579995127756e-01 4.864342828919177020e-01
-1.956867220404045205e-01 -4.748360149547045661e-01 -2.778056158347887439e-01 1.955961139677361849e-01 4.748609770047651502e-01
-7.506273356958406695e-02 -4.328577522198214789e-01 -3.572818271318083383e-01 7.497799685098639755e-02 4.328533128204496983e-01
4.414762150183349637e-02 -3.648055291187264904e-01 -4.092611713539784923e-01 -4.422013870944548064e-02 3.647742474289779602e-01
1.542142956785871599e-01 -2.765068666173240430e-01 -4.317885457406162031e-01 -1.542702782653490867e-01 2.764536132973055560e-01
2.484174075914127866e-01 -1.747950550198586472e-01 -4.249312054724415644e-01 -2.484547038889007575e-01 1.747261374496260344e-01
3.214348357944988854e-01 -6.700959252783736386e-02 -3.906694602742958322e-01 -3.214532303231102950e-01 6.693181340574867744e-02
3.696150780749213882e-01 3.950671694493405883e-02 -3.326686572092646954e-01 -3.696158258043047984e-01 -3.958688693842480483e-02
3.911246838197347531e-01 1.378822746963756507e-01 -2.559533632541866610e-01 -3.911099562177401956e-01 -1.379592831443474943e-01
3.859686734336503777e-01 2.221351612868836534e-01 -1.665097233205007632e-01 -3.859410571859923089e-01 -2.222046669231534932e-01
3.558904898447234344e-01 2.875128717496787667e-01 -7.084521282841328704e-02 -3.558526370583015019e-01 -2.875717668126690496e-01
3.041649994536922419e-01 3.307362479510260744e-01 2.446359509521614864e-02 -3.041194681689208257e-01 -3.307824901854642397e-01
2.353037931497811430e-01 3.501368378637515488e-01 1.132051182281968021e-01 -2.352530563619361637e-01 -3.501692005098260840e-01
1.546964035387795311e-01 3.456837440702912878e-01 1.899209834917296169e-01 -1.546429590768237661e-01 -3.457015881650298272e-01
6.821385749535736898e-02 3.189030900067906793e-01 2.502248646598784765e-01 -6.816035008647516880e-02 -3.189062323852882574e-01
-1.819795843021818071e-02 2.727000577115438751e-01 2.910341731644753849e-01 1.824868499858914653e-02 -2.726887615971218537e-01
-9.890839813967099159e-02 2.110995004835632960e-01 3.107036455014390852e-01 9.895337119776229096e-02 -2.110745675713868730e-01
-1.689513740587311741e-01 1.389259155444968474e-01 3.090571561757932684e-01 1.689876943670202136e-01 -1.388888220364128956e-01
-2.243135691314650237e-01 6.144673499066295730e-02 2.873212305153559631e-01 2.243387120241091826e-01 -6.139973786282597323e-02
-2.621462119277133684e-01 -1.599572324044564592e-02 2.479701669019770960e-01 2.621583619946028509e-01 1.604957673081508496e-02
-2.808907236068565738e-01 -8.833871705154987264e-02 1.944979624624190162e-01 2.808890644390867886e-01 8.839571756794313562e-02
-2.803144349776606759e-01 -1.511171109975438243e-01 1.311360946967406738e-01 2.802993233319175936e-01 1.511731568983566143e-01
-2.614583787756739608e-01 -2.007256579761624027e-01 6.253853501266266879e-02 2.614313580248464053e-01 2.007766328462660121e-01
-2.265046142062780710e-01 -2.346108844548619454e-01 -6.543819042691715812e-03 2.264682576155765958e-01 2.346530800777660575e-01
-1.785753911876591937e-01 -2.513834015814632172e-01 -7.157770640775308613e-02 1.785330019599181417e-01 2.514139114163867483e-01
-1.214804535499792448e-01 -2.508473381776689104e-01 -1.285313448450959850e-01 1.214356768466937492e-01 2.508643519164820423e-01
-5.943163678492006247e-02 -2.339494322307100471e-01 -1.741108174876841719e-01 5.938805301458795205e-02 2.339523831781896435e-01
3.254612582618636972e-03 -2.026556764099286256e-01 -2.059361550160946353e-01 -3.293846144817130089e-03 2.026452241654011499e-01
6.244624053035473937e-02 -1.597678726139428740e-01 -2.226487987531774737e-01 -6.247864918319519234e-02 1.597457358524183302e-01
1.144571582155208683e-01 -1.086957135041196620e-01 -2.239470007345768232e-01 -1.144810850848065192e-01 1.086643939278600229e-01
1.562653679796432438e-01 -5.320192002182416030e-02 -2.105505758699215413e-01 -1.562799872113142252e-01 5.316437335915261825e-02
1.856755554662680163e-01 2.861465206041608356e-03 -1.841009355538113512e-01 -1.856807882928369624e-01 -2.902154011033262516e-03
2.014185637357302217e-01 5.580816437302137806e-02 -1.470062194037607406e-01 -2.014149359083575730e-01 -5.584905549117651080e-02
2.031848371798461728e-01 1.023483130357823734e-01 -1.022443924364790507e-01 -2.031733187290395148e-01 -1.023868081486519338e-01
1.915934222216175153e-01 1.397813042029822372e-01 -5.313925203501774358e-02 -1.915752829872900964e-01 -1.398152588042226030e-01
1.681021757505399006e-01 1.661405283327206939e-01 -3.125317723940371478e-03 -1.680788760028798512e-01 -1.661682921650236844e-01
1.348682657826329734e-01 1.802832142552820427e-01 4.448246325355392772e-02 -1.348413851183213885e-01 -1.803036236602420239e-01
9.457070627965834253e-02 1.819223343382721236e-01 8.669933504858540196e-02 -9.454190031658314675e-02 -1.819346832804608904e-01
5.020844413890675900e-02 1.716013440063393070e-01 1.210488277410865648e-01 -5.017941064916103117e-02 -1.716053555972860967e-01
4.888349364230708261e-03 1.506161554821290049e-01 1.456982636090513594e-01 -4.860784795843582813e-03 -1.506119655466255092e-01
-3.838265912699738436e-02 1.208919687787242542e-01 1.595449524382012152e-01 3.840712591533037429e-02 -1.208801210107428026e-01
-7.688813769866667536e-02 8.482519088346371361e-02 1.622499885357111815e-01 7.690803754033158357e-02 -8.480663309329554422e-02
-1.083638842740289321e-01 4.510250322034036613e-02 1.542202153993801894e-01 1.083780175449528260e-01 -4.507856882312411689e-02
-1.311219743068874899e-01 4.510086464809027161e-03 1.365423318505146755e-01 1.311295215177833706e-01 -4.482445913360754049e-03
-1.441309688250017040e-01 -3.425395154982965873e-02 1.108760508033348330e-01 1.441315806603469807e-01 3.428337872144165271e-02
-1.470493090010759896e-01 -6.875173938176126764e-02 7.931551930984777343e-02 1.470431558658917282e-01 6.878091177812012402e-02
-1.402120616382238061e-01 -9.695181355665884182e-02 4.422975964847658537e-02 1.401998292629092480e-01 9.697872404263151169e-02
-1.245741792987338087e-01 -1.173409739721493067e-01 8.093650731385175490e-03 1.245570067879362558e-01 1.173638160798110147e-01
-1.016161141232594378e-01 -1.289962131179736848e-01 -2.667905477147131457e-02 1.015954815105484660e-01 1.290135349387508679e-01
-7.321982018274326987e-02 -1.316140704796660288e-01 -5.788993718475997363e-02 7.319740152657229493e-02 1.316248940734520423e-01
-4.152476425211990702e-02 -1.254977525307933994e-01 -8.368799750976332885e-02 4.150226763422982384e-02 1.255016423804207193e-01
-8.774443723120655195e-03 -1.115051608044338727e-01 -1.026722034619104301e-01 8.753460264248336120e-03 1.115022335473876691e-01
2.283596300795906475e-02 -9.096339475690351506e-02 -1.139593693072563640e-01 -2.285408258819511193e-02 9.095427222055116334e-02
5.130079980871381923e-02 -6.555719300781392977e-02 -1.172147567669182128e-01 -5.131502927341188847e-02 6.554290925991312911e-02
7.492524907992267891e-02 -3.720005044869725136e-02 -1.126453378083740603e-01 -7.493492761205552966e-02 3.718192940986433936e-02
9.241982561264681928e-02 -7.897361780637542766e-03 -1.009580876937106880e-01 -9.242465926672684129e-02 7.876884020864687377e-03
1.029632844914392387e-01 2.038909103220334917e-02 -8.328782727357221527e-02 -1.029633171580544571e-01 -2.041041532250688698e-02
1.062315380718415331e-01 4.586661317408206179e-02 -6.110088278332145850e-02 -1.062271033645287993e-01 -4.588735249580460501e-02
1.023925469149069428e-01 6.701946811885119148e-02 -3.608208757653279253e-02 -1.023842118595122835e-01 -6.703835256552721777e-02
9.206937338764704937e-02 8.269311316765043385e-02 -1.001335712866773149e-02 -9.205788202156053868e-02 -8.270909094293860120e-02
7.627553221976443587e-02 9.215059024158879508e-02 1.534779381544863937e-02 -7.626175333353268915e-02 -9.216286114470548241e-02
5.632833676035463311e-02 9.509885617760202581e-02 3.838183884630354259e-02 -5.631321628366479926e-02 -9.510688761388076673e-02
3.374704885382652508e-02 9.168487472893498136e-02 5.770589791174680211e-02 -3.373156482117278809e-02 -9.168840580952238029e-02
1.014325210208493616e-02 8.246324904079295470e-02 7.225177017395220669e-02 -1.012836929217369140e-02 -8.246228664448906898e-02
-1.288902688003593783e-02 6.833893095824752906e-02 8.131929738161278176e-02 1.290240463746926067e-02 -6.833373911617859897e-02
-3.387630724696755885e-02 5.048999383838092408e-02 8.460284935602141454e-02 3.388738694953351976e-02 -5.048107545008759939e-02
-5.155542962126695439e-02 3.027651724393930557e-02 8.219061061619077624e-02 5.156357839746535110e-02 -3.026458575155909630e-02
-6.494497629068178568e-02 9.142248269658906704e-03 7.453815412506041571e-02 6.494976517022423013e-02 -9.128186948924714786e-03
-7.339464252129410116e-02 -1.148414765780981540e-02 6.241939703201516976e-02 7.339587863709740034e-02 1.149933969378490184e-02
-7.661047820611416315e-02 -3.028174407439647095e-02 4.685934797613813124e-02 7.660821980544377241e-02 3.029701764000043360e-02
-7.465558596471474906e-02 -4.611814433605417041e-02 2.905400669169810185e-02 7.465013646387942681e-02 4.613247346799109749e-02
-6.792747610179404594e-02 -5.811370892411218958e-02 1.028332457306537807e-02 6.791935630288943593e-02 5.812616520241908891e-02
-5.711474005127658432e-02 -6.568585941834660658e-02 -8.176731948111401471e-03 5.710464088845081804e-02 6.569567962177930154e-02
-4.313692529916181989e-02 -6.857159305328568155e-02 -2.513723843768029750e-02 4.312564637424409764e-02 6.857823267798737743e-02
-2.707240595544150447e-02 -6.682788211123982802e-02 -3.956933725272122893e-02 2.706078705244821872e-02 6.683104889411829730e-02
-1.007959514891811244e-02 -6.081111089837007433e-02 -5.066300112338033984e-02 1.006844853771820050e-02 6.081077514338423251e-02
6.682984411272074009e-03 -5.113802207225140450e-02 -5.786845476743281147e-02 -6.692933792813610637e-03 5.113440371567627013e-02
2.213246200473654307e-02 -3.863172371032359831e-02 -6.091846145545819907e-02 -2.214062319930206260e-02 3.862525904099019941e-02
3.532845496452322043e-02 -2.425709030379432155e-02 -5.983101861838008295e-02 -3.533440158989237245e-02 2.424838352484687959e-02
4.552706308983273803e-02 -9.050342323347072490e-03 -5.489330454236995144e-02 -4.553054746515614731e-02 9.040108354886691039e-03
5.221916222521859330e-02 5.952297549728494119e-03 -4.662889503573242750e-02 -5.222011466654270101e-02 -5.963292558815234783e-03
5.515132573737181049e-02 1.978218292068070067e-02 -3.575125487523279216e-02 -5.514984197477305894e-02 -1.979317781206258245e-02
5.432893332743959219e-02 3.159786671205805364e-02 -2.310724925898896553e-02 -5.432525347271439237e-02 -3.160815424846932092e-02
5.000221605459619079e-02 4.073331675566048415e-02 -9.614879946018079632e-03 -4.999669829466470844e-02 -4.074228298764125816e-02
4.263705915896177923e-02 4.673219038441212697e-02 3.800387151187092048e-03 -4.263015062674858219e-02 -4.673934373743379722e-02
3.287327780745758626e-02 4.936666625817187626e-02 1.626646764227068429e-02 -3.286548421311277085e-02 -4.937165672702507196e-02
2.147374885354801088e-02 4.864040741268101792e-02 2.701884484502288172e-02 -2.146560374495408777e-02 -4.864303679203695052e-02
9.268193728342788082e-03 4.477627876765668397e-02 3.544489756666391322e-02 -9.260227880909471451e-03 -4.477650289454510740e-02
-2.904447336979738489e-03 3.819040083498521226e-02 4.111598269441283510e-02 2.911735865335596512e-03 -3.818832455528713143e-02
-1.425122647630639589e-02 2.945493113902488552e-02 4.380581331108766158e-02 1.425740073344724211e-02 -2.945079637831932162e-02
-2.407451864387288518e-02 1.925258020830855274e-02 4.349464832137373005e-02 2.407922823085502373e-02 -1.924674734856107391e-02
-3.181256960698319869e-02 8.326258706966946366e-03 4.035976797546642764e-02 3.181557139589204219e-02 -8.319181584592459655e-03
-3.706906835587697041e-02 -2.572603232633385775e-03 3.475356818821030008e-02 3.707024053878271025e-02 2.580407965722729055e-03
-3.963039591788368454e-02 -1.273360634728461921e-02 2.717137501393040305e-02 3.962974374279579215e-02 1.274159408089873581e-02
-3.947005856724129791e-02 -2.153167058171364182e-02 1.821161631908107051e-02 3.946771075425194175e-02 2.153930569463140959e-02
-3.674067235560003752e-02 -2.846343100869500389e-02 8.531351373943273433e-03 3.673686813798623940e-02 2.847022318843402122e-02
-3.175467297934274347e-02 -3.317377543417557306e-02 -1.199692951477479086e-03 3.174974077010490892e-02 3.317931240226396072e-02
-2.495557746650445621e-02 -3.547128952823564579e-02 -1.034350570314108812e-02 2.494990715791450125e-02 3.547526330763280111e-02
-1.688217090773537141e-02 -3.533218383475885543e-02 -1.833377977757507521e-02 1.687618251714018483e-02 3.533440828603206380e-02
-8.128329847648807158e-03 -3.289305518854162419e-02 -2.470912673238668741e-02 8.122441530001297399e-03 3.289347346491749979e-02
6.986615223320860558e-04 -2.843354765460816280e-02 -2.913770818092951617e-02 -7.040631964729431643e-04 2.843222932416693619e-02
9.018496056043148398e-03 -2.235058372658730100e-02 -3.143212932330722437e-02 -9.023081160679999324e-03 2.234771240301058892e-02
1.631434816322744480e-02 -1.512628943856547323e-02 -3.155411977463958711e-02 -1.631786213724813889e-02 1.512214265265483804e-02
2.216332079400975055e-02 -7.292055961391997673e-03 -2.960925217325231437e-02 -2.216559607177497754e-02 7.286979672408406584e-03
2.625914848479349653e-02 6.087266772449699288e-04 -2.583253606532760066e-02 -2.626010900272666634e-02 -6.143463816577301485e-04
2.842608866184254818e-02 8.056758766587349824e-03 -2.056631672958363771e-02 -2.842574788141514347e-02 -8.062524272522608379e-03
2.862355664283130346e-02 1.458945521201136623e-02 -1.423231874369629626e-02 -2.862201012946340509e-02 -1.459498415869989185e-02
2.694168994650466414e-02 1.982816309766710292e-02 -7.299962688903617429e-03 -2.693910370855244138e-02 -1.983311173889947682e-02
2.358861105385198081e-02 2.349848355610027403e-02 -2.532181288487907818e-04 -2.358520683122652950e-02 -2.350256566506021827e-02
1.887065856325706795e-02 2.544273443540075869e-02 6.441765038616536522e-03 -1.886669713694139744e-02 -2.544573520534664998e-02
1.316724720058018092e-02 2.562415082284249038e-02 1.236617193398972976e-02 -1.316301065013926637e-02 -2.562593558927707058e-02
6.902278634096219515e-03 2.412297841311200272e-02 1.717340430922785488e-02 -6.898052361379762923e-03 -2.412349626937495412e-02
5.141478362001711266e-04 2.112513428810858934e-02 2.060794381891771845e-02 -5.102031287684496595e-04 -2.112441681301112026e-02
-5.573626592811962641e-03 1.690455930110782573e-02 2.251727839235100059e-02 5.577048672984381145e-03 -1.690271471349879401e-02
-1.097926670163966618e-02 1.180074019942915081e-02 2.285647514155106363e-02 1.098196928626933577e-02 -1.179794335248019951e-02
-1.538547273253298639e-02 6.193119038202031350e-03 2.168548467646227301e-02 1.538731415143857265e-02 -6.189597804353692834e-03
-1.855677213456533373e-02 4.742256878958159868e-04 1.915974209868850572e-02 1.855767321348728710e-02 -4.702444619625226847e-04
-2.035061900876351804e-02 -4.976648884849227926e-03 1.551501550476945893e-02 2.035056609243528561e-02 4.980807603117607361e-03
-2.072185210537443381e-02 -9.817540036283375210e-03 1.104780613945885101e-02 2.072089553585047469e-02 9.821594830008141541e-03
-1.972056354713801543e-02 -1.376419944199696460e-02 6.092811106246302615e-03 1.971881169215907240e-02 1.376788863783950934e-02
-1.748385828968376798e-02 -1.660564731784464759e-02 9.990725397660017975e-04 1.748146761324640211e-02 1.660874578732469964e-02
-1.422235928385932879e-02 -1.821412242408432247e-02 -3.893561293329314641e-03 1.421952131790124238e-02 1.821645529727266427e-02
-1.020261294733088020e-02 -1.854907234623136975e-02 -8.276142813935094891e-03 1.019953930034153168e-02 1.855052465437478232e-02
-5.726758067531564737e-03 -1.765523483726813905e-02 -1.188917814433597571e-02 5.723664752836229823e-03 1.765575645901195159e-02
-1.110930487724279140e-03 -1.565525198054706912e-02 -1.453698566376532969e-02 1.108022840613322613e-03 1.565485771152168998e-02
3.336119531767595472e-03 -1.273757652961378384e-02 -1.609713246726630562e-02 -3.338660202455964125e-03 1.273634149972083587e-02
7.332810311902385365e-03 -9.140721113724215030e-03 -1.652460302517776494e-02 -7.334837469168262701e-03 9.138772210108819100e-03
1.064169914681611581e-02 -5.135062327057472384e-03 -1.585069076466361776e-02 -1.064310858534736094e-02 5.132566536921605131e-03
1.308268075413229412e-02 -1.003521305613790408e-03 -1.417696826115575660e-02 -1.308341473526426595e-02 1.000672089592536274e-03
1.454174870303006836e-02 2.977561116949220803e-03 -1.166498441831656865e-02 -1.454179671682499786e-02 -2.980558274492121212e-03
1.497497916794073361e-02 6.556117579837358877e-03 -8.522582653287223697e-03 -1.497437560589169776e-02 -6.559059368056409031e-03
1.440773294485243189e-02 9.519539696814181481e-03 -4.987911899070628097e-03 -1.440655212827571946e-02 -9.522238008473743118e-03
1.292936973344322761e-02 1.170649210427167179e-02 -1.312290191651455150e-03 -1.292771883671301955e-02 -1.170878516174781760e-02
1.068406355058583099e-02 1.301476443299690901e-02 2.256895648452530902e-03 -1.068207400243947371e-02 -1.301652549990574628e-02
7.858522034108165674e-03 1.340485531303635749e-02 5.492140031913422815e-03 -7.856339983216649100e-03 -1.340599868067461099e-02
4.667572529966060660e-03 1.289927671585124058e-02 8.199637014776779698e-03 -4.665348946694780445e-03 -1.289976082823714697e-02
1.338667085125986971e-03 1.157784668916574285e-02 1.023017568861945767e-02 -1.336548050847508832e-03 -1.157767442007873876e-02
-1.903626009793295791e-03 9.569486311148598517e-03 1.148655325767160285e-02 1.905508299866482107e-03 -9.568702535709650361e-03
-4.852131635759216952e-03 7.041238089518985117e-03 1.192720345776990959e-02 4.853666665868765044e-03 -7.039924808561073485e-03
-7.329683913082037094e-03 4.185367342594312895e-03 1.156600131684767073e-02 7.330789000924753211e-03 -4.183636726512443213e-03
