0.000000000000000000e+00 0.000000000000000000e+00 0.000000000000000000e+00 0.000000000000000000e+00 0.000000000000000000e+00
0.000000000000000000e+00 0.000000000000000000e+00 0.000000000000000000e+00 0.000000000000000000e+00 0.000000000000000000e+00
0.000000000000000000e+00 0.000000000000000000e+00 0.000000000000000000e+00 0.000000000000000000e+00 0.000000000000000000e+00
0.000000000000000000e+00 0.000000000000000000e+00 0.000000000000000000e+00 0.000000000000000000e+00 0.000000000000000000e+00
0.000000000000000000e+00 0.000000000000000000e+00 0.000000000000000000e+00 0.000000000000000000e+00 0.000000000000000000e+00
0.000000000000000000e+00 0.000000000000000000e+00 0.000000000000000000e+00 0.000000000000000000e+00 0.000000000000000000e+00
0.000000000000000000e+00 0.000000000000000000e+00 0.000000000000000000e+00 0.000000000000000000e+00 0.000000000000000000e+00
0.000000000000000000e+00 0.000000000000000000e+00 0.000000000000000000e+00 0.000000000000000000e+00 0.000000000000000000e+00
0.000000000000000000e+00 0.000000000000000000e+00 0.000000000000000000e+00 0.000000000000000000e+00 0.000000000000000000e+00
0.000000000000000000e+00 0.000000000000000000e+00 0.000000000000000000e+00 0.000000000000000000e+00 0.000000000000000000e+00
0.000000000000000000e+00 0.000000000000000000e+00 0.000000000000000000e+00 0.000000000000000000e+00 0.000000000000000000e+00
0.000000000000000000e+00 0.000000000000000000e+00 0.000000000000000000e+00 0.000000000000000000e+00 0.000000000000000000e+00
0.000000000000000000e+00 0.000000000000000000e+00 0.000000000000000000e+00 0.000000000000000000e+00 0.000000000000000000e+00
0.000000000000000000e+00 0.000000000000000000e+00 0.000000000000000000e+00 0.000000000000000000e+00 0.000000000000000000e+00
0.000000000000000000e+00 0.000000000000000000e+00 0.000000000000000000e+00 0.000000000000000000e+00 0.000000000000000000e+00
0.000000000000000000e+00 0.000000000000000000e+00 0.000000000000000000e+00 0.000000000000000000e+00 0.000000000000000000e+00
0.000000000000000000e+00 0.000000000000000000e+00 0.000000000000000000e+00 0.000000000000000000e+00 0.000000000000000000e+00
0.000000000000000000e+00 0.000000000000000000e+00 0.000000000000000000e+00 0.000000000000000000e+00 0.000000000000000000e+00
0.000000000000000000e+00 0.000000000000000000e+00 0.000000000000000000e+00 0.000000000000000000e+00 0.000000000000000000e+00
0.000000000000000000e+00 0.000000000000000000e+00 0.000000000000000000e+00 0.000000000000000000e+00 0.000000000000000000e+00
0.000000000000000000e+00 0.000000000000000000e+00 0.000000000000000000e+00 0.000000000000000000e+00 0.000000000000000000e+00
0.000000000000000000e+00 0.000000000000000000e+00 0.000000000000000000e+00 0.000000000000000000e+00 0.000000000000000000e+00
0.000000000000000000e+00 0.000000000000000000e+00 0.000000000000000000e+00 0.000000000000000000e+00 0.000000000000000000e+00
0.000000000000000000e+00 0.000000000000000000e+00 0.000000000000000000e+00 0.000000000000000000e+00 0.000000000000000000e+00
0.000000000000000000e+00 0.000000000000000000e+00 0.000000000000000000e+00 0.000000000000000000e+00 0.000000000000000000e+00
0.000000000000000000e+00 0.000000000000000000e+00 0.000000000000000000e+00 0.000000000000000000e+00 0.000000000000000000e+00
0.000000000000000000e+00 0.000000000000000000e+00 0.000000000000000000e+00 0.000000000000000000e+00 0.000000000000000000e+00
0.000000000000000000e+00 0.000000000000000000e+00 0.000000000000000000e+00 0.000000000000000000e+00 0.000000000000000000e+00
0.000000000000000000e+00 0.000000000000000000e+00 0.000000000000000000e+00 0.000000000000000000e+00 0.000000000000000000e+00
0.000000000000000000e+00 0.000000000000000000e+00 0.000000000000000000e+00 0.000000000000000000e+00 0.000000000000000000e+00
0.000000000000000000e+00 0.000000000000000000e+00 0.000000000000000000e+00 0.000000000000000000e+00 0.000000000000000000e+00
0.000000000000000000e+00 0.000000000000000000e+00 0.000000000000000000e+00 0.000000000000000000e+00 0.000000000000000000e+00
0.000000000000000000e+00 0.000000000000000000e+00 0.000000000000000000e+00 0.000000000000000000e+00 0.000000000000000000e+00
0.000000000000000000e+00 0.000000000000000000e+00 0.000000000000000000e+00 0.000000000000000000e+00 0.000000000000000000e+00
0.000000000000000000e+00 0.000000000000000000e+00 0.000000000000000000e+00 0.000000000000000000e+00 0.000000000000000000e+00
0.000000000000000000e+00 0.000000000000000000e+00 0.000000000000000000e+00 0.000000000000000000e+00 0.000000000000000000e+00
0.000000000000000000e+00 0.000000000000000000e+00 0.000000000000000000e+00 0.000000000000000000e+00 0.000000000000000000e+00
0.000000000000000000e+00 0.000000000000000000e+00 0.000000000000000000e+00 0.000000000000000000e+00 0.000000000000000000e+00
0.000000000000000000e+00 0.000000000000000000e+00 0.000000000000000000e+00 0.000000000000000000e+00 0.000000000000000000e+00
0.000000000000000000e+00 0.000000000000000000e+00 0.000000000000000000e+00 0.000000000000000000e+00 0.000000000000000000e+00
0.000000000000000000e+00 0.000000000000000000e+00 0.000000000000000000e+00 0.000000000000000000e+00 0.000000000000000000e+00
0.000000000000000000e+00 0.000000000000000000e+00 0.000000000000000000e+00 0.000000000000000000e+00 0.000000000000000000e+00
0.000000000000000000e+00 0.000000000000000000e+00 0.000000000000000000e+00 0.000000000000000000e+00 0.000000000000000000e+00
0.000000000000000000e+00 0.000000000000000000e+00 0.000000000000000000e+00 0.000000000000000000e+00 0.000000000000000000e+00
0.000000000000000000e+00 0.000000000000000000e+00 0.000000000000000000e+00 0.000000000000000000e+00 0.000000000000000000e+00
0.000000000000000000e+00 0.000000000000000000e+00 0.000000000000000000e+00 0.000000000000000000e+00 0.000000000000000000e+00
0.000000000000000000e+00 0.000000000000000000e+00 0.000000000000000000e+00 0.000000000000000000e+00 0.000000000000000000e+00
0.000000000000000000e+00 0.000000000000000000e+00 0.000000000000000000e+00 0.000000000000000000e+00 0.000000000000000000e+00
0.000000000000000000e+00 0.000000000000000000e+00 0.000000000000000000e+00 0.000000000000000000e+00 0.000000000000000000e+00
0.000000000000000000e+00 0.000000000000000000e+00 0.000000000000000000e+00 0.000000000000000000e+00 0.000000000000000000e+00
0.000000000000000000e+00 0.000000000000000000e+00 0.000000000000000000e+00 0.000000000000000000e+00 0.000000000000000000e+00
0.000000000000000000e+00 0.000000000000000000e+00 0.000000000000000000e+00 0.000000000000000000e+00 0.000000000000000000e+00
0.000000000000000000e+00 0.000000000000000000e+00 0.000000000000000000e+00 0.000000000000000000e+00 0.000000000000000000e+00
0.000000000000000000e+00 0.000000000000000000e+00 0.000000000000000000e+00 0.000000000000000000e+00 0.000000000000000000e+00
0.000000000000000000e+00 0.000000000000000000e+00 0.000000000000000000e+00 0.000000000000000000e+00 0.000000000000000000e+00
0.000000000000000000e+00 0.000000000000000000e+00 0.000000000000000000e+00 0.000000000000000000e+00 0.000000000000000000e+00
0.000000000000000000e+00 0.000000000000000000e+00 0.000000000000000000e+00 0.000000000000000000e+00 0.000000000000000000e+00
0.000000000000000000e+00 0.000000000000000000e+00 0.000000000000000000e+00 0.000000000000000000e+00 0.000000000000000000e+00
0.000000000000000000e+00 0.000000000000000000e+00 0.000000000000000000e+00 0.000000000000000000e+00 0.000000000000000000e+00
0.000000000000000000e+00 0.000000000000000000e+00 0.000000000000000000e+00 0.000000000000000000e+00 0.000000000000000000e+00
0.000000000000000000e+00 0.000000000000000000e+00 0.000000000000000000e+00 0.000000000000000000e+00 0.000000000000000000e+00
0.000000000000000000e+00 0.000000000000000000e+00 0.000000000000000000e+00 0.000000000000000000e+00 0.000000000000000000e+00
0.000000000000000000e+00 0.000000000000000000e+00 0.000000000000000000e+00 0.000000000000000000e+00 0.000000000000000000e+00
0.000000000000000000e+00 0.000000000000000000e+00 0.000000000000000000e+00 0.000000000000000000e+00 0.000000000000000000e+00
0.000000000000000000e+00 0.000000000000000000e+00 0.000000000000000000e+00 0.000000000000000000e+00 0.000000000000000000e+00
0.000000000000000000e+00 0.000000000000000000e+00 0.000000000000000000e+00 0.000000000000000000e+00 0.000000000000000000e+00
0.000000000000000000e+00 0.000000000000000000e+00 0.000000000000000000e+00 0.000000000000000000e+00 0.000000000000000000e+00
0.000000000000000000e+00 0.000000000000000000e+00 0.000000000000000000e+00 0.000000000000000000e+00 0.000000000000000000e+00
0.000000000000000000e+00 0.000000000000000000e+00 0.000000000000000000e+00 0.000000000000000000e+00 0.000000000000000000e+00
0.000000000000000000e+00 0.000000000000000000e+00 0.000000000000000000e+00 0.000000000000000000e+00 0.000000000000000000e+00
0.000000000000000000e+00 0.000000000000000000e+00 0.000000000000000000e+00 0.000000000000000000e+00 0.000000000000000000e+00
0.000000000000000000e+00 0.000000000000000000e+00 0.000000000000000000e+00 0.000000000000000000e+00 0.000000000000000000e+00
0.000000000000000000e+00 0.000000000000000000e+00 0.000000000000000000e+00 0.000000000000000000e+00 0.000000000000000000e+00
0.000000000000000000e+00 0.000000000000000000e+00 0.000000000000000000e+00 0.000000000000000000e+00 0.000000000000000000e+00
0.000000000000000000e+00 0.000000000000000000e+00 0.000000000000000000e+00 0.000000000000000000e+00 0.000000000000000000e+00
0.000000000000000000e+00 0.000000000000000000e+00 0.000000000000000000e+00 0.000000000000000000e+00 0.000000000000000000e+00
0.000000000000000000e+00 0.000000000000000000e+00 0.000000000000000000e+00 0.000000000000000000e+00 0.000000000000000000e+00
0.000000000000000000e+00 0.000000000000000000e+00 0.000000000000000000e+00 0.000000000000000000e+00 0.000000000000000000e+00
0.000000000000000000e+00 0.000000000000000000e+00 0.000000000000000000e+00 0.000000000000000000e+00 0.000000000000000000e+00
0.000000000000000000e+00 0.000000000000000000e+00 0.000000000000000000e+00 0.000000000000000000e+00 0.000000000000000000e+00
0.000000000000000000e+00 0.000000000000000000e+00 0.000000000000000000e+00 0.000000000000000000e+00 0.000000000000000000e+00
0.000000000000000000e+00 0.000000000000000000e+00 0.000000000000000000e+00 0.000000000000000000e+00 0.000000000000000000e+00
0.000000000000000000e+00 0.000000000000000000e+00 0.000000000000000000e+00 0.000000000000000000e+00 0.000000000000000000e+00
0.000000000000000000e+00 0.000000000000000000e+00 0.000000000000000000e+00 0.000000000000000000e+00 0.000000000000000000e+00
0.000000000000000000e+00 0.000000000000000000e+00 0.000000000000000000e+00 0.000000000000000000e+00 0.000000000000000000e+00
0.000000000000000000e+00 0.000000000000000000e+00 0.000000000000000000e+00 0.000000000000000000e+00 0.000000000000000000e+00
0.000000000000000000e+00 0.000000000000000000e+00 0.000000000000000000e+00 0.000000000000000000e+00 0.000000000000000000e+00
0.000000000000000000e+00 0.000000000000000000e+00 0.000000000000000000e+00 0.000000000000000000e+00 0.000000000000000000e+00
0.000000000000000000e+00 0.000000000000000000e+00 0.000000000000000000e+00 0.000000000000000000e+00 0.000000000000000000e+00
0.000000000000000000e+00 0.000000000000000000e+00 0.000000000000000000e+00 0.000000000000000000e+00 0.000000000000000000e+00
0.000000000000000000e+00 0.000000000000000000e+00 0.000000000000000000e+00 0.000000000000000000e+00 0.000000000000000000e+00
0.000000000000000000e+00 0.000000000000000000e+00 0.000000000000000000e+00 0.000000000000000000e+00 0.000000000000000000e+00
0.000000000000000000e+00 0.000000000000000000e+00 0.000000000000000000e+00 0.000000000000000000e+00 0.000000000000000000e+00
0.000000000000000000e+00 0.000000000000000000e+00 0.000000000000000000e+00 0.000000000000000000e+00 0.000000000000000000e+00
0.000000000000000000e+00 0.000000000000000000e+00 0.000000000000000000e+00 0.000000000000000000e+00 0.000000000000000000e+00
0.000000000000000000e+00 0.000000000000000000e+00 0.000000000000000000e+00 0.000000000000000000e+00 0.000000000000000000e+00
0.000000000000000000e+00 0.000000000000000000e+00 0.000000000000000000e+00 0.000000000000000000e+00 0.000000000000000000e+00
0.000000000000000000e+00 0.000000000000000000e+00 0.000000000000000000e+00 0.000000000000000000e+00 0.000000000000000000e+00
0.000000000000000000e+00 0.000000000000000000e+00 0.000000000000000000e+00 0.000000000000000000e+00 0.000000000000000000e+00
0.000000000000000000e+00 0.000000000000000000e+00 0.000000000000000000e+00 0.000000000000000000e+00 0.000000000000000000e+00
0.000000000000000000e+00 0.000000000000000000e+00 0.000000000000000000e+00 0.000000000000000000e+00 0.000000000000000000e+00
0.000000000000000000e+00 0.000000000000000000e+00 0.000000000000000000e+00 0.000000000000000000e+00 0.000000000000000000e+00
0.000000000000000000e+00 0.000000000000000000e+00 0.000000000000000000e+00 0.000000000000000000e+00 0.000000000000000000e+00
0.000000000000000000e+00 0.000000000000000000e+00 0.000000000000000000e+00 0.000000000000000000e+00 0.000000000000000000e+00
0.000000000000000000e+00 0.000000000000000000e+00 0.000000000000000000e+00 0.000000000000000000e+00 0.000000000000000000e+00
0.000000000000000000e+00 0.000000000000000000e+00 0.000000000000000000e+00 0.000000000000000000e+00 0.000000000000000000e+00
0.000000000000000000e+00 0.000000000000000000e+00 0.000000000000000000e+00 0.000000000000000000e+00 0.000000000000000000e+00
0.000000000000000000e+00 0.000000000000000000e+00 0.000000000000000000e+00 0.000000000000000000e+00 0.000000000000000000e+00
0.000000000000000000e+00 0.000000000000000000e+00 0.000000000000000000e+00 0.000000000000000000e+00 0.000000000000000000e+00
0.000000000000000000e+00 0.000000000000000000e+00 0.000000000000000000e+00 0.000000000000000000e+00 0.000000000000000000e+00
0.000000000000000000e+00 0.000000000000000000e+00 0.000000000000000000e+00 0.000000000000000000e+00 0.000000000000000000e+00
0.000000000000000000e+00 0.000000000000000000e+00 0.000000000000000000e+00 0.000000000000000000e+00 0.000000000000000000e+00
0.000000000000000000e+00 0.000000000000000000e+00 0.000000000000000000e+00 0.000000000000000000e+00 0.000000000000000000e+00
0.000000000000000000e+00 0.000000000000000000e+00 0.000000000000000000e+00 0.000000000000000000e+00 0.000000000000000000e+00
0.000000000000000000e+00 0.000000000000000000e+00 0.000000000000000000e+00 0.000000000000000000e+00 0.000000000000000000e+00
0.000000000000000000e+00 0.000000000000000000e+00 0.000000000000000000e+00 0.000000000000000000e+00 0.000000000000000000e+00
0.000000000000000000e+00 0.000000000000000000e+00 0.000000000000000000e+00 0.000000000000000000e+00 0.000000000000000000e+00
0.000000000000000000e+00 0.000000000000000000e+00 0.000000000000000000e+00 0.000000000000000000e+00 0.000000000000000000e+00
0.000000000000000000e+00 0.000000000000000000e+00 0.000000000000000000e+00 0.000000000000000000e+00 0.000000000000000000e+00
0.000000000000000000e+00 0.000000000000000000e+00 0.000000000000000000e+00 0.000000000000000000e+00 0.000000000000000000e+00
0.000000000000000000e+00 0.000000000000000000e+00 0.000000000000000000e+00 0.000000000000000000e+00 0.000000000000000000e+00
0.000000000000000000e+00 0.000000000000000000e+00 0.000000000000000000e+00 0.000000000000000000e+00 0.000000000000000000e+00
0.000000000000000000e+00 0.000000000000000000e+00 0.000000000000000000e+00 0.000000000000000000e+00 0.000000000000000000e+00
0.000000000000000000e+00 0.000000000000000000e+00 0.000000000000000000e+00 0.000000000000000000e+00 0.000000000000000000e+00
0.000000000000000000e+00 0.000000000000000000e+00 0.000000000000000000e+00 0.000000000000000000e+00 0.000000000000000000e+00
0.000000000000000000e+00 0.000000000000000000e+00 0.000000000000000000e+00 0.000000000000000000e+00 0.000000000000000000e+00
0.000000000000000000e+00 0.000000000000000000e+00 0.000000000000000000e+00 0.000000000000000000e+00 0.000000000000000000e+00
0.000000000000000000e+00 0.000000000000000000e+00 0.000000000000000000e+00 0.000000000000000000e+00 0.000000000000000000e+00
0.000000000000000000e+00 0.000000000000000000e+00 0.000000000000000000e+00 0.000000000000000000e+00 0.000000000000000000e+00
0.000000000000000000e+00 0.000000000000000000e+00 0.000000000000000000e+00 0.000000000000000000e+00 0.000000000000000000e+00
0.000000000000000000e+00 0.000000000000000000e+00 0.000000000000000000e+00 0.000000000000000000e+00 0.000000000000000000e+00
0.000000000000000000e+00 0.000000000000000000e+00 0.000000000000000000e+00 0.000000000000000000e+00 0.000000000000000000e+00
0.000000000000000000e+00 0.000000000000000000e+00 0.000000000000000000e+00 0.000000000000000000e+00 0.000000000000000000e+00
0.000000000000000000e+00 0.000000000000000000e+00 0.000000000000000000e+00 0.000000000000000000e+00 0.000000000000000000e+00
0.000000000000000000e+00 0.000000000000000000e+00 0.000000000000000000e+00 0.000000000000000000e+00 0.000000000000000000e+00
0.000000000000000000e+00 0.000000000000000000e+00 0.000000000000000000e+00 0.000000000000000000e+00 0.000000000000000000e+00
0.000000000000000000e+00 0.000000000000000000e+00 0.000000000000000000e+00 0.000000000000000000e+00 0.000000000000000000e+00
0.000000000000000000e+00 0.000000000000000000e+00 0.000000000000000000e+00 0.000000000000000000e+00 0.000000000000000000e+00
0.000000000000000000e+00 0.000000000000000000e+00 0.000000000000000000e+00 0.000000000000000000e+00 0.000000000000000000e+00
0.000000000000000000e+00 0.000000000000000000e+00 0.000000000000000000e+00 0.000000000000000000e+00 0.000000000000000000e+00
0.000000000000000000e+00 0.000000000000000000e+00 0.000000000000000000e+00 0.000000000000000000e+00 0.000000000000000000e+00
0.000000000000000000e+00 0.000000000000000000e+00 0.000000000000000000e+00 0.000000000000000000e+00 0.000000000000000000e+00
0.000000000000000000e+00 0.000000000000000000e+00 0.000000000000000000e+00 0.000000000000000000e+00 0.000000000000000000e+00
0.000000000000000000e+00 0.000000000000000000e+00 0.000000000000000000e+00 0.000000000000000000e+00 0.000000000000000000e+00
0.000000000000000000e+00 0.000000000000000000e+00 0.000000000000000000e+00 0.000000000000000000e+00 0.000000000000000000e+00
0.000000000000000000e+00 0.000000000000000000e+00 0.000000000000000000e+00 0.000000000000000000e+00 0.000000000000000000e+00
0.000000000000000000e+00 0.000000000000000000e+00 0.000000000000000000e+00 0.000000000000000000e+00 0.000000000000000000e+00
0.000000000000000000e+00 0.000000000000000000e+00 0.000000000000000000e+00 0.000000000000000000e+00 0.000000000000000000e+00
0.000000000000000000e+00 0.000000000000000000e+00 0.000000000000000000e+00 0.000000000000000000e+00 0.000000000000000000e+00
0.000000000000000000e+00 0.000000000000000000e+00 0.000000000000000000e+00 0.000000000000000000e+00 0.000000000000000000e+00
0.000000000000000000e+00 0.000000000000000000e+00 0.000000000000000000e+00 0.000000000000000000e+00 0.000000000000000000e+00
0.000000000000000000e+00 0.000000000000000000e+00 0.000000000000000000e+00 0.000000000000000000e+00 0.000000000000000000e+00
0.000000000000000000e+00 0.000000000000000000e+00 0.000000000000000000e+00 0.000000000000000000e+00 0.000000000000000000e+00
0.000000000000000000e+00 0.000000000000000000e+00 0.000000000000000000e+00 0.000000000000000000e+00 0.000000000000000000e+00
0.000000000000000000e+00 0.000000000000000000e+00 0.000000000000000000e+00 0.000000000000000000e+00 0.000000000000000000e+00
0.000000000000000000e+00 0.000000000000000000e+00 0.000000000000000000e+00 0.000000000000000000e+00 0.000000000000000000e+00
0.000000000000000000e+00 0.000000000000000000e+00 0.000000000000000000e+00 0.000000000000000000e+00 0.000000000000000000e+00
0.000000000000000000e+00 0.000000000000000000e+00 0.000000000000000000e+00 0.000000000000000000e+00 0.000000000000000000e+00
0.000000000000000000e+00 0.000000000000000000e+00 0.000000000000000000e+00 0.000000000000000000e+00 0.000000000000000000e+00
0.000000000000000000e+00 0.000000000000000000e+00 0.000000000000000000e+00 0.000000000000000000e+00 0.000000000000000000e+00
0.000000000000000000e+00 0.000000000000000000e+00 0.000000000000000000e+00 0.000000000000000000e+00 0.000000000000000000e+00
0.000000000000000000e+00 0.000000000000000000e+00 0.000000000000000000e+00 0.000000000000000000e+00 0.000000000000000000e+00
0.000000000000000000e+00 0.000000000000000000e+00 0.000000000000000000e+00 0.000000000000000000e+00 0.000000000000000000e+00
0.000000000000000000e+00 0.000000000000000000e+00 0.000000000000000000e+00 0.000000000000000000e+00 0.000000000000000000e+00
0.000000000000000000e+00 0.000000000000000000e+00 0.000000000000000000e+00 0.000000000000000000e+00 0.000000000000000000e+00
0.000000000000000000e+00 0.000000000000000000e+00 0.000000000000000000e+00 0.000000000000000000e+00 0.000000000000000000e+00
0.000000000000000000e+00 0.000000000000000000e+00 0.000000000000000000e+00 0.000000000000000000e+00 0.000000000000000000e+00
0.000000000000000000e+00 0.000000000000000000e+00 0.000000000000000000e+00 0.000000000000000000e+00 0.000000000000000000e+00
0.000000000000000000e+00 0.000000000000000000e+00 0.000000000000000000e+00 0.000000000000000000e+00 0.000000000000000000e+00
0.000000000000000000e+00 0.000000000000000000e+00 0.000000000000000000e+00 0.000000000000000000e+00 0.000000000000000000e+00
0.000000000000000000e+00 0.000000000000000000e+00 0.000000000000000000e+00 0.000000000000000000e+00 0.000000000000000000e+00
0.000000000000000000e+00 0.000000000000000000e+00 0.000000000000000000e+00 0.000000000000000000e+00 0.000000000000000000e+00
0.000000000000000000e+00 0.000000000000000000e+00 0.000000000000000000e+00 0.000000000000000000e+00 0.000000000000000000e+00
0.000000000000000000e+00 0.000000000000000000e+00 0.000000000000000000e+00 0.000000000000000000e+00 0.000000000000000000e+00
0.000000000000000000e+00 0.000000000000000000e+00 0.000000000000000000e+00 0.000000000000000000e+00 0.000000000000000000e+00
0.000000000000000000e+00 0.000000000000000000e+00 0.000000000000000000e+00 0.000000000000000000e+00 0.000000000000000000e+00
0.000000000000000000e+00 0.000000000000000000e+00 0.000000000000000000e+00 0.000000000000000000e+00 0.000000000000000000e+00
0.000000000000000000e+00 0.000000000000000000e+00 0.000000000000000000e+00 0.000000000000000000e+00 0.000000000000000000e+00
0.000000000000000000e+00 0.000000000000000000e+00 0.000000000000000000e+00 0.000000000000000000e+00 0.000000000000000000e+00
0.000000000000000000e+00 0.000000000000000000e+00 0.000000000000000000e+00 0.000000000000000000e+00 0.000000000000000000e+00
0.000000000000000000e+00 0.000000000000000000e+00 0.000000000000000000e+00 0.000000000000000000e+00 0.000000000000000000e+00
0.000000000000000000e+00 0.000000000000000000e+00 0.000000000000000000e+00 0.000000000000000000e+00 0.000000000000000000e+00
0.000000000000000000e+00 0.000000000000000000e+00 0.000000000000000000e+00 0.000000000000000000e+00 0.000000000000000000e+00
0.000000000000000000e+00 0.000000000000000000e+00 0.000000000000000000e+00 0.000000000000000000e+00 0.000000000000000000e+00
0.000000000000000000e+00 0.000000000000000000e+00 0.000000000000000000e+00 0.000000000000000000e+00 0.000000000000000000e+00
0.000000000000000000e+00 0.000000000000000000e+00 0.000000000000000000e+00 0.000000000000000000e+00 0.000000000000000000e+00
0.000000000000000000e+00 0.000000000000000000e+00 0.000000000000000000e+00 0.000000000000000000e+00 0.000000000000000000e+00
0.000000000000000000e+00 0.000000000000000000e+00 0.000000000000000000e+00 0.000000000000000000e+00 0.000000000000000000e+00
0.000000000000000000e+00 0.000000000000000000e+00 0.000000000000000000e+00 0.000000000000000000e+00 0.000000000000000000e+00
0.000000000000000000e+00 0.000000000000000000e+00 0.000000000000000000e+00 0.000000000000000000e+00 0.000000000000000000e+00
0.000000000000000000e+00 0.000000000000000000e+00 0.000000000000000000e+00 0.000000000000000000e+00 0.000000000000000000e+00
0.000000000000000000e+00 0.000000000000000000e+00 0.000000000000000000e+00 0.000000000000000000e+00 0.000000000000000000e+00
0.000000000000000000e+00 0.000000000000000000e+00 0.000000000000000000e+00 0.000000000000000000e+00 0.000000000000000000e+00
0.000000000000000000e+00 0.000000000000000000e+00 0.000000000000000000e+00 0.000000000000000000e+00 0.000000000000000000e+00
0.000000000000000000e+00 0.000000000000000000e+00 0.000000000000000000e+00 0.000000000000000000e+00 0.000000000000000000e+00
0.000000000000000000e+00 0.000000000000000000e+00 0.000000000000000000e+00 0.000000000000000000e+00 0.000000000000000000e+00
0.000000000000000000e+00 0.000000000000000000e+00 0.000000000000000000e+00 0.000000000000000000e+00 0.000000000000000000e+00
0.000000000000000000e+00 0.000000000000000000e+00 0.000000000000000000e+00 0.000000000000000000e+00 0.000000000000000000e+00
0.000000000000000000e+00 0.000000000000000000e+00 0.000000000000000000e+00 0.000000000000000000e+00 0.000000000000000000e+00
0.000000000000000000e+00 0.000000000000000000e+00 0.000000000000000000e+00 0.000000000000000000e+00 0.000000000000000000e+00
0.000000000000000000e+00 0.000000000000000000e+00 0.000000000000000000e+00 0.000000000000000000e+00 0.000000000000000000e+00
0.000000000000000000e+00 0.000000000000000000e+00 0.000000000000000000e+00 0.000000000000000000e+00 0.000000000000000000e+00
0.000000000000000000e+00 0.000000000000000000e+00 0.000000000000000000e+00 0.000000000000000000e+00 0.000000000000000000e+00
0.000000000000000000e+00 0.000000000000000000e+00 0.000000000000000000e+00 0.000000000000000000e+00 0.000000000000000000e+00
0.000000000000000000e+00 0.000000000000000000e+00 0.000000000000000000e+00 0.000000000000000000e+00 0.000000000000000000e+00
0.000000000000000000e+00 0.000000000000000000e+00 0.000000000000000000e+00 0.000000000000000000e+00 0.000000000000000000e+00
0.000000000000000000e+00 0.000000000000000000e+00 0.000000000000000000e+00 0.000000000000000000e+00 0.000000000000000000e+00
0.000000000000000000e+00 0.000000000000000000e+00 0.000000000000000000e+00 0.000000000000000000e+00 0.000000000000000000e+00
0.000000000000000000e+00 0.000000000000000000e+00 0.000000000000000000e+00 0.000000000000000000e+00 0.000000000000000000e+00
0.000000000000000000e+00 0.000000000000000000e+00 0.000000000000000000e+00 0.000000000000000000e+00 0.000000000000000000e+00
0.000000000000000000e+00 0.000000000000000000e+00 0.000000000000000000e+00 0.000000000000000000e+00 0.000000000000000000e+00
0.000000000000000000e+00 0.000000000000000000e+00 0.000000000000000000e+00 0.000000000000000000e+00 0.000000000000000000e+00
0.000000000000000000e+00 0.000000000000000000e+00 0.000000000000000000e+00 0.000000000000000000e+00 0.000000000000000000e+00
0.000000000000000000e+00 0.000000000000000000e+00 0.000000000000000000e+00 0.000000000000000000e+00 0.000000000000000000e+00
0.000000000000000000e+00 0.000000000000000000e+00 0.000000000000000000e+00 0.000000000000000000e+00 0.000000000000000000e+00
0.000000000000000000e+00 0.000000000000000000e+00 0.000000000000000000e+00 0.000000000000000000e+00 0.000000000000000000e+00
0.000000000000000000e+00 0.000000000000000000e+00 0.000000000000000000e+00 0.000000000000000000e+00 0.000000000000000000e+00
0.000000000000000000e+00 0.000000000000000000e+00 0.000000000000000000e+00 0.000000000000000000e+00 0.000000000000000000e+00
0.000000000000000000e+00 0.000000000000000000e+00 0.000000000000000000e+00 0.000000000000000000e+00 0.000000000000000000e+00
0.000000000000000000e+00 0.000000000000000000e+00 0.000000000000000000e+00 0.000000000000000000e+00 0.000000000000000000e+00
0.000000000000000000e+00 0.000000000000000000e+00 0.000000000000000000e+00 0.000000000000000000e+00 0.000000000000000000e+00
0.000000000000000000e+00 0.000000000000000000e+00 0.000000000000000000e+00 0.000000000000000000e+00 0.000000000000000000e+00
0.000000000000000000e+00 0.000000000000000000e+00 0.000000000000000000e+00 0.000000000000000000e+00 0.000000000000000000e+00
0.000000000000000000e+00 0.000000000000000000e+00 0.000000000000000000e+00 0.000000000000000000e+00 0.000000000000000000e+00
0.000000000000000000e+00 0.000000000000000000e+00 0.000000000000000000e+00 0.000000000000000000e+00 0.000000000000000000e+00
0.000000000000000000e+00 0.000000000000000000e+00 0.000000000000000000e+00 0.000000000000000000e+00 0.000000000000000000e+00
0.000000000000000000e+00 0.000000000000000000e+00 0.000000000000000000e+00 0.000000000000000000e+00 0.000000000000000000e+00
0.000000000000000000e+00 0.000000000000000000e+00 0.000000000000000000e+00 0.000000000000000000e+00 0.000000000000000000e+00
0.000000000000000000e+00 0.000000000000000000e+00 0.000000000000000000e+00 0.000000000000000000e+00 0.000000000000000000e+00
0.000000000000000000e+00 0.000000000000000000e+00 0.000000000000000000e+00 0.000000000000000000e+00 0.000000000000000000e+00
0.000000000000000000e+00 0.000000000000000000e+00 0.000000000000000000e+00 0.000000000000000000e+00 0.000000000000000000e+00
0.000000000000000000e+00 0.000000000000000000e+00 0.000000000000000000e+00 0.000000000000000000e+00 0.000000000000000000e+00
0.000000000000000000e+00 0.000000000000000000e+00 0.000000000000000000e+00 0.000000000000000000e+00 0.000000000000000000e+00
0.000000000000000000e+00 0.000000000000000000e+00 0.000000000000000000e+00 0.000000000000000000e+00 0.000000000000000000e+00
0.000000000000000000e+00 0.000000000000000000e+00 0.000000000000000000e+00 0.000000000000000000e+00 0.000000000000000000e+00
0.000000000000000000e+00 0.000000000000000000e+00 0.000000000000000000e+00 0.000000000000000000e+00 0.000000000000000000e+00
0.000000000000000000e+00 0.000000000000000000e+00 0.000000000000000000e+00 0.000000000000000000e+00 0.000000000000000000e+00
0.000000000000000000e+00 0.000000000000000000e+00 0.000000000000000000e+00 0.000000000000000000e+00 0.000000000000000000e+00
0.000000000000000000e+00 0.000000000000000000e+00 0.000000000000000000e+00 0.000000000000000000e+00 0.000000000000000000e+00
0.000000000000000000e+00 0.000000000000000000e+00 0.000000000000000000e+00 0.000000000000000000e+00 0.000000000000000000e+00
0.000000000000000000e+00 0.000000000000000000e+00 0.000000000000000000e+00 0.000000000000000000e+00 0.000000000000000000e+00
0.000000000000000000e+00 0.000000000000000000e+00 0.000000000000000000e+00 0.000000000000000000e+00 0.000000000000000000e+00
0.000000000000000000e+00 0.000000000000000000e+00 0.000000000000000000e+00 0.000000000000000000e+00 0.000000000000000000e+00
0.000000000000000000e+00 0.000000000000000000e+00 0.000000000000000000e+00 0.000000000000000000e+00 0.000000000000000000e+00
0.000000000000000000e+00 0.000000000000000000e+00 0.000000000000000000e+00 0.000000000000000000e+00 0.000000000000000000e+00
0.000000000000000000e+00 0.000000000000000000e+00 0.000000000000000000e+00 0.000000000000000000e+00 0.000000000000000000e+00
0.000000000000000000e+00 0.000000000000000000e+00 0.000000000000000000e+00 0.000000000000000000e+00 0.000000000000000000e+00
0.000000000000000000e+00 0.000000000000000000e+00 0.000000000000000000e+00 0.000000000000000000e+00 0.000000000000000000e+00
0.000000000000000000e+00 0.000000000000000000e+00 0.000000000000000000e+00 0.000000000000000000e+00 0.000000000000000000e+00
0.000000000000000000e+00 0.000000000000000000e+00 0.000000000000000000e+00 0.000000000000000000e+00 0.000000000000000000e+00
0.000000000000000000e+00 0.000000000000000000e+00 0.000000000000000000e+00 0.000000000000000000e+00 0.000000000000000000e+00
0.000000000000000000e+00 0.000000000000000000e+00 0.000000000000000000e+00 0.000000000000000000e+00 0.000000000000000000e+00
0.000000000000000000e+00 0.000000000000000000e+00 0.000000000000000000e+00 0.000000000000000000e+00 0.000000000000000000e+00
0.000000000000000000e+00 0.000000000000000000e+00 0.000000000000000000e+00 0.000000000000000000e+00 0.000000000000000000e+00
0.000000000000000000e+00 0.000000000000000000e+00 0.000000000000000000e+00 0.000000000000000000e+00 0.000000000000000000e+00
0.000000000000000000e+00 0.000000000000000000e+00 0.000000000000000000e+00 0.000000000000000000e+00 0.000000000000000000e+00
0.000000000000000000e+00 0.000000000000000000e+00 0.000000000000000000e+00 0.000000000000000000e+00 0.000000000000000000e+00
0.000000000000000000e+00 0.000000000000000000e+00 0.000000000000000000e+00 0.000000000000000000e+00 0.000000000000000000e+00
0.000000000000000000e+00 0.000000000000000000e+00 0.000000000000000000e+00 0.000000000000000000e+00 0.000000000000000000e+00
0.000000000000000000e+00 0.000000000000000000e+00 0.000000000000000000e+00 0.000000000000000000e+00 0.000000000000000000e+00
0.000000000000000000e+00 0.000000000000000000e+00 0.000000000000000000e+00 0.000000000000000000e+00 0.000000000000000000e+00
0.000000000000000000e+00 0.000000000000000000e+00 0.000000000000000000e+00 0.000000000000000000e+00 0.000000000000000000e+00
0.000000000000000000e+00 0.000000000000000000e+00 0.000000000000000000e+00 0.000000000000000000e+00 0.000000000000000000e+00
0.000000000000000000e+00 0.000000000000000000e+00 0.000000000000000000e+00 0.000000000000000000e+00 0.000000000000000000e+00
0.000000000000000000e+00 0.000000000000000000e+00 0.000000000000000000e+00 0.000000000000000000e+00 0.000000000000000000e+00
0.000000000000000000e+00 0.000000000000000000e+00 0.000000000000000000e+00 0.000000000000000000e+00 0.000000000000000000e+00
0.000000000000000000e+00 0.000000000000000000e+00 0.000000000000000000e+00 0.000000000000000000e+00 0.000000000000000000e+00
0.000000000000000000e+00 0.000000000000000000e+00 0.000000000000000000e+00 0.000000000000000000e+00 0.000000000000000000e+00
0.000000000000000000e+00 0.000000000000000000e+00 0.000000000000000000e+00 0.000000000000000000e+00 0.000000000000000000e+00
0.000000000000000000e+00 0.000000000000000000e+00 0.000000000000000000e+00 0.000000000000000000e+00 0.000000000000000000e+00
0.000000000000000000e+00 0.000000000000000000e+00 0.000000000000000000e+00 0.000000000000000000e+00 0.000000000000000000e+00
0.000000000000000000e+00 0.000000000000000000e+00 0.000000000000000000e+00 0.000000000000000000e+00 0.000000000000000000e+00
0.000000000000000000e+00 0.000000000000000000e+00 0.000000000000000000e+00 0.000000000000000000e+00 0.000000000000000000e+00
0.000000000000000000e+00 0.000000000000000000e+00 0.000000000000000000e+00 0.000000000000000000e+00 0.000000000000000000e+00
0.000000000000000000e+00 0.000000000000000000e+00 0.000000000000000000e+00 0.000000000000000000e+00 0.000000000000000000e+00
-6.552838276230733783e+00 -6.493465626380841016e+00 9.975568717537473817e-02 6.551767119894883251e+00 6.499687256295714199e+00
-5.366891007725429930e+00 -7.240466063828349341e+00 -1.842353792100608123e+00 5.362219434380446792e+00 7.247258253777140169e+00
-3.640743839760221867e+00 -7.294847432506212925e+00 -3.633856186551640555e+00 3.633644530302074127e+00 7.299916794401239528e+00
-1.644962486606925234e+00 -6.715310494695377663e+00 -5.061205518962336392e+00 1.637562865866524442e+00 6.716820512749136718e+00
3.467376179065802533e-01 -5.648188730565776972e+00 -5.996111256486438279e+00 -3.522737050526103531e-01 5.645669443860716896e+00
2.140741174481836318e+00 -4.256804090238987648e+00 -6.408262190940965830e+00 -2.143138475731289017e+00 4.251190761805870189e+00
3.624991519745044855e+00 -2.686099002031386185e+00 -6.330729785948031818e+00 -3.624200910763082817e+00 2.679121962632598830e+00
4.741036893231020954e+00 -1.053683966612074085e+00 -5.822467809488009571e+00 -4.737955540541043398e+00 1.047108771472856859e+00
5.458767891743739220e+00 5.417433637346432684e-01 -4.951392940584999458e+00 -5.454701231842066456e+00 -5.466576300584972126e-01
5.765508370868038135e+00 2.009457597465126977e+00 -3.794706531443142516e+00 -5.761688985065540614e+00 -2.012171256271531483e+00
5.667164509015084839e+00 3.264146305081516264e+00 -2.442939486637744295e+00 -5.664444873392072921e+00 -3.264796836431489435e+00
5.192753943753092294e+00 4.232246162095917086e+00 -9.983591614433273698e-01 -5.191469462593834017e+00 -4.231458994297694787e+00
4.395539640193531383e+00 4.861136607945592658e+00 4.330015710851871646e-01 -4.395518802877147024e+00 -4.859762490272662383e+00
3.349250765387584483e+00 5.125436959074968435e+00 1.751434463901368144e+00 -3.349949678401000330e+00 -5.124275729512932642e+00
2.141053630357944826e+00 5.028250210427040123e+00 2.871943824530720946e+00 -2.141773638090590737e+00 -5.027827790571158140e+00
8.634791225347976384e-01 4.598364014219019857e+00 3.729708932576045299e+00 -8.636029080872215102e-01 -4.598818907678738910e+00
-3.930357380193304495e-01 3.885529441426800457e+00 4.283019975551180636e+00 3.938597075923725988e-01 -3.886628696392869120e+00
-1.546257320882431063e+00 2.955266842841595132e+00 4.514342751373691343e+00 1.548031444492578457e+00 -2.956529207227307054e+00
-2.526912210341489828e+00 1.883456587590083942e+00 4.429741755592540464e+00 2.529319242639917587e+00 -1.884331422911833309e+00
-3.282120723032275311e+00 7.505448429348033912e-01 4.056526494136944549e+00 3.284641137769886310e+00 -7.505871908312096163e-01
-3.777273262839145662e+00 -3.643107504147418130e-01 3.439230444855447821e+00 3.779343841731251707e+00 3.653166998414978384e-01
-3.996273857915357830e+00 -1.388390578095901606e+00 2.634634626465783391e+00 3.997438376108552127e+00 1.390383779585321999e+00
-3.940622830033955193e+00 -2.259380355962105735e+00 1.706808050373934238e+00 3.940637987135490405e+00 2.262051029725575813e+00
-3.628120583943705402e+00 -2.928312467755190163e+00 7.228091146345418938e-01 3.626998816984116303e+00 2.931188850630324971e+00
-3.091626109019690372e+00 -3.361901027851937229e+00 -2.509289902724039512e-01 3.089614126217810064e+00 3.364468232607834342e+00
-2.377520782687194689e+00 -3.544360410551757212e+00 -1.151968382246713274e+00 2.375025627837333619e+00 3.546181340672958093e+00
-1.543016991937476101e+00 -3.478233516629156696e+00 -1.925384873227544036e+00 1.540501041985598452e+00 3.479042879779664865e+00
-6.517701391987670290e-01 -3.183537959012429752e+00 -2.527291442512160202e+00 6.496428792887243286e-01 3.183287370032208408e+00
2.317738150169562916e-01 -2.694974392682588427e+00 -2.927685607871665763e+00 -2.332390914434060991e-01 2.693820242787302366e+00
1.048035781466822414e+00 -2.057743813088250828e+00 -3.111914843712765055e+00 -1.048740887436583780e+00 2.055986775228771712e+00
1.746696101683157032e+00 -1.323031889353991186e+00 -3.080554542753494385e+00 -1.746708344435336624e+00 1.321030540030579736e+00
2.289288810377901662e+00 -5.440540400108225816e-01 -2.848062090079308106e+00 -2.288793550415566980e+00 5.421392001852539666e-01
2.650285692980744123e+00 2.270576629758224163e-01 -2.440774817739901792e+00 -2.649519991562697907e+00 -2.286467664554596713e-01
2.817287535072003468e+00 9.417737284710101520e-01 -1.894615788526464062e+00 -2.816474317706804786e+00 -9.429206610830733748e-01
2.790740466963099742e+00 1.557457821984448154e+00 -1.252552480471008201e+00 -2.790038244803376699e+00 -1.558166570749004665e+00
2.583230883277893852e+00 2.039561721210944256e+00 -5.617208591556539510e-01 -2.582707935436702851e+00 -2.039927030456130552e+00
2.218218350729585175e+00 2.363554344509825267e+00 1.297620805684639167e-01 -2.217853915007862220e+00 -2.363715599611619034e+00
1.728111265666528951e+00 2.516269527971553899e+00 7.760807664705846598e-01 -1.727820177623297981e+00 -2.516361279172037335e+00
1.151751322984174264e+00 2.496419337391975191e+00 1.336778270622303921e+00 -1.151423342137895878e+00 -2.496531177992854289e+00
5.315135477548311727e-01 2.314193729550748646e+00 1.779296843381953153e+00 -5.310555224748154668e-01 -2.314348919349112244e+00
-8.970950245072996376e-02 1.990028954873755085e+00 2.080807085882638852e+00 9.034038971287827735e-02 -1.990185501844451643e+00
-6.713792207791691169e-01 1.552712615160631637e+00 2.229224807051227941e+00 6.721595429609525940e-01 -1.552784127243703738e+00
-1.177824477454620489e+00 1.037016651653834609e+00 2.223386684981469408e+00 1.178668925827517588e+00 -1.036905133102671073e+00
-1.580243597677653877e+00 4.810552685962224961e-01 2.072425189662979061e+00 1.581026766454166621e+00 -4.806856116245568633e-01
-1.858107573602912455e+00 -7.642825986062454224e-02 1.794460112790361217e+00 1.858695947144701321e+00 7.708166767161196697e-02
-1.999947192117283112e+00 -5.986498640037249963e-01 1.414788655353480973e+00 2.000232213986827823e+00 5.995508892624469288e-01
-2.003564848074849358e+00 -1.053088935313927665e+00 9.637784003635061492e-01 2.003488642538211018e+00 1.054143965560438101e+00
-1.875734447366063540e+00 -1.413399475572181041e+00 4.746399881711960145e-01 1.875302437547633705e+00 1.414476096199571264e+00
-1.631432918056943349e+00 -1.660851224046266283e+00 -1.879687207765129084e-02 1.630711284468527200e+00 1.661805902890303166e+00
-1.292611788671753192e+00 -1.785227833764098326e+00 -4.842210256308734362e-01 1.291711487864789509e+00 1.785935436824454658e+00
-8.865147390736762834e-01 -1.785108812077338403e+00 -8.928117813940729119e-01 8.855668634400746253e-01 1.785486776688552935e+00
-4.436053394122426718e-01 -1.667493623790664792e+00 -1.220940217652206616e+00 4.427343229580781303e-01 1.667515363163913911e+00
4.732833350723078709e-03 -1.446803226926251185e+00 -1.451474477029299104e+00 -5.431663586641582303e-03 1.446498406651824054e+00
4.284836921630456041e-01 -1.143389431441150572e+00 -1.574581034407701585e+00 -4.289574281796307287e-01 1.142832285794907810e+00
8.010280982268443983e-01 -7.817475401879425689e-01 -1.587972976960713822e+00 -8.012684816050452685e-01 7.810373161305098622e-01
1.100739754780264201e+00 -3.886313886751011082e-01 -1.496629368311216624e+00 -1.100775416887961988e+00 3.878704801341260611e-01
1.312074179477684011e+00 8.778930929649356521e-03 -1.312062166215898218e+00 -1.311956293018364805e+00 -9.503815862443885931e-03
1.426158647070116414e+00 3.845693570189283594e-01 -1.051224561947708969e+00 -1.425944458688221506e+00 -3.851992088137815573e-01
1.440926767126690322e+00 7.155975997847200398e-01 -7.351490782449651151e-01 -1.440665279404153676e+00 -7.161047240801995395e-01
1.360842834127971912e+00 9.827732081643510975e-01 -3.873977081281516077e-01 -1.360565739610471558e+00 -9.831570723821355662e-01
1.196255006801447474e+00 1.172061169144480663e+00 -3.241236336876752999e-02 -1.195974274582941810e+00 -1.172338823100559813e+00
9.624215244669677150e-01 1.275150280951531379e+00 3.061321457838987459e-01 -9.621332316409012542e-01 -1.275344652289193581e+00
6.782725644285129141e-01 1.289737635506882141e+00 6.068609856596595131e-01 -6.779650441865796573e-01 -1.289867083776429890e+00
3.649929497020212854e-01 1.219408546159319151e+00 8.520107459184080856e-01 -3.646564179929020488e-01 -1.219480319784846722e+00
4.452744830945058047e-02 1.073127427106934206e+00 1.028431069382917062e+00 -4.416215742951245388e-02 -1.073136334997090158e+00
-2.618848433796728270e-01 8.643889031343295892e-01 1.128216873584257485e+00 2.622642100993101688e-01 -8.643209638442937992e-01
-5.350481036080002584e-01 6.101038811464032374e-01 1.148944911893273524e+00 5.354128650915885856e-01 -6.099433712679929176e-01
-7.589376708299396812e-01 3.293111805264103409e-01 1.093522240847030425e+00 7.592500809400587469e-01 -3.290487114264596946e-01
-9.215594836052425354e-01 4.181221374737281032e-02 9.696849186428367906e-01 9.217806472686536079e-01 -4.145138004804262838e-02
-1.015506820359637352e+00 -2.331751146603076308e-01 7.892092152776629677e-01 1.015605393697853520e+00 2.336144030090613888e-01
-1.038202066163125492e+00 -4.782554095397766325e-01 5.669118568599295083e-01 1.038161485611691637e+00 4.787377957513135884e-01
-9.918281595372988590e-01 -6.789126876123532384e-01 3.195200908758581426e-01 9.916506633075862220e-01 6.793921808550618113e-01
-8.829665279401838207e-01 -8.243250984815005955e-01 6.448952059891448207e-02 8.826731363618287585e-01 8.247525906566647302e-01
-7.219689861557683219e-01 -9.078933950615298842e-01 -1.811579702642192313e-01 7.215956378466125143e-01 9.082250364118179542e-01
-5.221043334999427854e-01 -9.274574227456594544e-01 -4.019093180986367808e-01 5.216952722354365468e-01 9.276619015641408561e-01
-2.985376356394042752e-01 -8.851971966988951834e-01 -5.846869017853817407e-01 2.981377015691938359e-01 8.852603473377480547e-01
-6.721803101169919470e-02 -7.872407503401186446e-01 -7.195731696446872050e-01 6.686561816158320681e-02 7.871666554080006817e-01
1.562373714066387087e-01 -6.430258147461077600e-01 -8.002929886665872683e-01 -1.565152628258618950e-01 6.428344575681836925e-01
3.575761747958203784e-01 -4.644808141791356704e-01 -8.244320417745490959e-01 -3.577660130926815230e-01 4.642031328902963550e-01
5.247858957868679619e-01 -2.650986522360393449e-01 -7.933906890836007753e-01 -5.248868079560413680e-01 2.647703481972777384e-01
6.487596136977692440e-01 -5.897444402478679154e-02 -7.120921625646626785e-01 -6.487803512299180619e-01 5.863000760057775901e-02
7.237239720315759017e-01 1.401304544008485919e-01 -5.884789310005776874e-01 -7.236787314829922213e-01 -1.404622955361589931e-01
7.474220918481245812e-01 3.196462240168450042e-01 -4.328411474428859318e-01 -7.473263671255888640e-01 -3.199449383937597036e-01
7.210595268674273584e-01 4.689313416824981706e-01 -2.570275920919548041e-01 -7.209269696134507077e-01 -4.691848140193513039e-01
6.490330189204269740e-01 5.798529903233475835e-01 -7.359379104881025313e-02 -6.488738745094710936e-01 -5.800559676618696203e-01
5.384714696544440349e-01 6.471834432256413638e-01 1.050557530178602289e-01 -5.382926639997611673e-01 -6.473349997739655803e-01
3.986272767280759632e-01 6.687943681097311410e-01 2.674748597032711173e-01 -3.984337813036823994e-01 -6.688952920211727049e-01
2.401636559119658121e-01 6.456431612482392834e-01 4.038805277702944285e-01 -2.399604594252668366e-01 -6.456940370579742350e-01
7.438863788243464670e-02 5.815592354151367660e-01 5.067119003005585709e-01 -7.418256248980358014e-02 -5.815596842772506880e-01
-8.751200712729448328e-02 4.828519137454401755e-01 5.710119574634330286e-01 8.771128569137345843e-02 -4.828010573595667987e-01
-2.351930620978021080e-01 3.577734997037763653e-01 5.946149224603080041e-01 2.353731480654848440e-01 -3.576713432888786737e-01
-3.597755884020938377e-01 2.158799506678664992e-01 5.781374642266575714e-01 3.599226544151771234e-01 -2.157291297666984742e-01
-4.543451447874103377e-01 6.733675489546638027e-02 5.247860408416832323e-01 4.544460467278813587e-01 -6.714401459416530216e-02
-5.142980094657134682e-01 -7.778100037011791146e-02 4.400048152081613151e-01 5.143426799855148612e-01 7.800412323980585039e-02
-5.375218197757710703e-01 -2.101474979207381966e-01 3.309975726205096058e-01 5.375053316112876622e-01 2.103850814059505525e-01
-5.244075973886210829e-01 -3.217622053113918801e-01 2.061626766334709315e-01 5.243313864936701707e-01 3.219954292699875320e-01
-4.776999660137284942e-01 -4.064086904170902681e-01 7.448254225050211785e-02 4.775719252816158500e-01 4.066181138251680482e-01
-4.022014993462349475e-01 -4.599711733633430333e-01 -5.509106432826986477e-02 4.020349311479201049e-01 4.601393190254516874e-01
-3.043556066717536535e-01 -4.805944127980494307e-01 -1.742168469706586453e-01 3.041672835653260187e-01 4.807081135366427782e-01
-1.917398877854976924e-01 -4.686840375784945834e-01 -2.756739361025185020e-01 1.915476530122254828e-01 4.687360713865849626e-01
-7.250769483845735663e-02 -4.267559945829989543e-01 -3.537728137518675320e-01 7.232809995866287811e-02 4.267457178383228800e-01
4.518131447522017591e-02 -3.591542907767231174e-01 -4.046455375089297868e-01 -4.533489363531226918e-02 3.590872152300276232e-01
1.537013725916090146e-01 -2.716645110338082314e-01 -4.264024239653523840e-01 -1.538198529644447254e-01 2.715509990641295501e-01
2.464355052557614667e-01 -1.710558763737434484e-01 -4.191518275792572856e-01 -2.465143591602941275e-01 1.709092947722350708e-01
3.181563208724178526e-01 -6.458667648402345585e-02 -3.848888995852244865e-01 -3.181950925383459916e-01 6.442141824088144786e-02
3.652928570880716319e-01 4.049281076950795449e-02 -3.272674460783249750e-01 -3.652941846131791959e-01 -4.066305989076208355e-02
3.860731376845369933e-01 1.374085540281524409e-01 -2.512757171670405021e-01 -3.860415950282315434e-01 -1.375720411357928552e-01
3.805411091601726414e-01 2.202748661630548610e-01 -1.628419257265320552e-01 -3.804821612807318121e-01 -2.204223829774674404e-01
3.504546738655953120e-01 2.844280080035856417e-01 -6.839846261431305197e-02 -3.503739489588812983e-01 -2.845529390623700028e-01
2.990784228305139458e-01 3.266645761303816342e-01 2.556488794229484426e-02 -2.989813799532860528e-01 -3.267625524378841573e-01
2.308903088480566412e-01 3.453742354240855739e-01 1.129289725050898752e-01 -2.307822531483229300e-01 -3.454426197430516265e-01
1.512257598854031548e-01 3.405631548266151998e-01 1.883272117018309488e-01 -1.511120631877319598e-01 -3.406005749277351558e-01
6.588542833877848726e-02 3.137715045312387541e-01 2.474583708710286489e-01 -6.577177054077223972e-02 -3.137775851492826673e-01
-1.926626454199019053e-02 2.678951030964993874e-01 2.873127943304161769e-01 1.937380260159170947e-02 -2.678704500807012057e-01
-9.868545453185117999e-02 2.069272354948886450e-01 3.063015013825375887e-01 9.878055326676496439e-02 -2.068736261128264753e-01
-1.674922018869185736e-01 1.356413254387314193e-01 3.042847541439230308e-01 1.675687376081745616e-01 -1.355619839635507362e-01
-2.217529912859439456e-01 5.923820529399186768e-02 2.825037584153852199e-01 2.218056713811972780e-01 -5.913801074208076269e-02
-2.586874104421086895e-01 -1.701698498663438419e-02 2.434254856087281482e-01 2.587124716536611801e-01 1.713149671768869273e-02
-2.767896315027562615e-01 -8.814371819634098104e-02 1.905157814655772941e-01 2.767854378297844309e-01 8.826464034625974842e-02
-2.758611325108062395e-01 -1.497583863092268042e-01 1.279596855051429172e-01 2.758285269305291720e-01 1.498770204599303713e-01
-2.569568195502464625e-01 -1.983310873181099998e-01 6.035012248757365416e-02 2.568991378547215154e-01 1.984387427489324174e-01
-2.222520752657456133e-01 -2.313726283843063336e-01 -7.633130213851820924e-03 2.221748049770137790e-01 2.314615101503809669e-01
-1.748430212904210912e-01 -2.475428926704392463e-01 -7.153294366888550415e-02 1.747531641502672872e-01 2.476069219630008256e-01
-1.184961847398720708e-01 -2.466775084703196896e-01 -1.273934490894541027e-01 1.184014393954939404e-01 2.467129314977409005e-01
-5.736653128522548051e-02 -2.297355006565163227e-01 -1.719913840080160572e-01 5.727444106286416065e-02 2.297411872807372524e-01
4.295774790075794318e-03 -1.986758547061866775e-01 -2.030076593563187592e-01 -4.378569767065725732e-03 1.986532524448168247e-01
6.242964557731130876e-02 -1.562752832478672971e-01 -2.191311210686737454e-01 -6.249794764008625991e-02 1.562280593912664384e-01
1.134197680826967841e-01 -1.059026595815531074e-01 -2.200912810846490930e-01 -1.134701014630037502e-01 1.058361183245235815e-01
1.543100474735864536e-01 -5.126743016998271119e-02 -2.066215709471344586e-01 -1.543406836211465294e-01 5.118782166537495792e-02
1.829620141156635127e-01 3.840152248579818944e-03 -1.803590992210083177e-01 -1.829727955424426122e-01 -3.926312125727654360e-03
1.981508659847122655e-01 5.579978879820848142e-02 -1.436906978367792631e-01 -1.981429089290231427e-01 -5.588629228368571789e-02
1.995964280709880412e-01 1.013873518394709933e-01 -9.955801860283645943e-02 -1.995717888324406997e-01 -1.014687104356919584e-01
1.879307408925302847e-01 1.379634674390362581e-01 -5.123645407398662310e-02 -1.878921146653152741e-01 -1.380351483072799756e-01
1.646079823603659176e-01 1.636144198705286046e-01 -2.103634355393140757e-03 -1.645584739480036029e-01 -1.636729332435172268e-01
1.317657882684296067e-01 1.772388109797574107e-01 4.458682540987344428e-02 -1.317087607264015303e-01 -1.772816978992309556e-01
9.204962380638377628e-02 1.785771245144878727e-01 8.591174620511912718e-02 -9.198860309296656712e-02 -1.786028999591952326e-01
4.841357035452550223e-02 1.681850987836047973e-01 1.194524073357151883e-01 -4.835216820397781473e-02 -1.681931947338476951e-01
3.911671383015377472e-03 1.473553766271780419e-01 1.434263718770505125e-01 -3.853487638866239483e-03 -1.473461082377192921e-01
-3.850617547461617635e-02 1.179950541925829377e-01 1.567706249902178772e-01 3.855769735562569051e-02 -1.179696075754472634e-01
-7.618083099484102005e-02 8.246928639096526292e-02 1.591731210061633484e-01 7.622260051226883992e-02 -8.242970608176503067e-02
-1.069018891127025001e-01 4.342286978587786561e-02 1.510534278347881176e-01 1.069313997165934338e-01 -4.337201336484985958e-02
-1.290282886208233004e-01 3.592617304090245812e-03 1.334964978767645694e-01 1.290438474028007820e-01 -3.534046244120573471e-03
-1.415656772324414836e-01 -3.437666418364922899e-02 1.081464634495950816e-01 1.415665891994760950e-01 3.443887570532486869e-02
-1.441977089218268171e-01 -6.810064408740836017e-02 7.706958756973143754e-02 1.441843750229753196e-01 6.816218098730035535e-02
-1.372715508832170195e-01 -9.559806167212088479e-02 4.259699509057429667e-02 1.372454527719273176e-01 9.565469788923329497e-02
-1.217408155486378596e-01 -1.153993600784093687e-01 7.158523564546763474e-03 1.217043805817953905e-01 1.154473073894075191e-01
-9.907174747770761125e-02 -1.266159582938934103e-01 -2.688102261105535309e-02 9.902810951425454478e-02 1.266521865493960286e-01
-7.112063141078471540e-02 -1.289676716291479064e-01 -5.737270290938818046e-02 7.107332132979016226e-02 1.289901551111126976e-01
-3.999191906024111842e-02 -1.227687221931444139e-01 -8.251224284005682919e-02 3.994452961503622973e-02 1.227765785233315421e-01
-7.887406653669836593e-03 -1.088755203347960693e-01 -1.009396000422418810e-01 7.843277495308716846e-03 1.088690265748731151e-01
2.304310970248227633e-02 -8.860176062490737747e-02 -1.118043562046315414e-01 -2.308114870012924202e-02 8.858225149806865650e-02
5.083990161656681828e-02 -6.360821684883230520e-02 -1.147944680230648662e-01 -5.086970464630644756e-02 6.357788786303519846e-02
7.385157307770411073e-02 -3.577584904580682901e-02 -1.101284158688688730e-01 -7.387176284382951374e-02 3.573749913730067673e-02
9.082678668513809173e-02 -7.071413836330919800e-03 -9.851316278890931422e-02 -9.083675685801548272e-02 7.028166218066855993e-03
1.009748598646758172e-01 2.058528466966240769e-02 -8.107243430809270290e-02 -1.009747142862150587e-01 -2.063024833906706643e-02
1.039929600085770095e-01 4.544399871312683470e-02 -5.925152827210600215e-02 -1.039834122180766235e-01 -4.548766502981491794e-02
1.000599528076064892e-01 6.602911767896565975e-02 -3.470607617017400226e-02 -1.000422082527101103e-01 -6.606881535329105215e-02
8.979913400580200045e-02 8.122136844783460485e-02 -9.182848699871952458e-03 -8.977477154273441617e-02 -8.125488736320943262e-02
7.421397212605743143e-02 9.031207951829799130e-02 1.559918961129000067e-02 -7.418483346785294252e-02 -9.033774184283646647e-02
5.460250746304078084e-02 9.302791604977322937e-02 3.805980206033326291e-02 -5.457059564876567265e-02 -9.304461070960917679e-02
3.245712107484614861e-02 8.952599400549085540e-02 5.685352364562859528e-02 -3.242450388611654161e-02 -8.953318577915472809e-02
9.356965963537614353e-03 8.036119644262482153e-02 7.094530212107298672e-02 -9.325678615034952226e-03 -8.035891745162786204e-02
-1.313956722708979619e-02 6.642922793871700038e-02 7.966184198402036232e-02 1.316762385628317787e-02 -6.641805421829377609e-02
-3.359537317934131739e-02 4.889034957438723183e-02 8.271656248230069286e-02 3.361853806511332782e-02 -4.887136069775831204e-02
-5.078198745845713402e-02 2.907975852009728190e-02 8.020793116394057953e-02 5.079894268552469228e-02 -2.905447557155394281e-02
-6.374878985917514784e-02 8.411159094454464732e-03 7.259270001349335533e-02 6.375865120708786027e-02 -8.381456508567993943e-03
-7.187050033366822188e-02 -1.171980432380417131e-02 6.063713751290927129e-02 7.187288275531680815e-02 1.175181447272712586e-02
-7.487099715972973801e-02 -3.002590647406867819e-02 4.535062388553110641e-02 7.486604374148145280e-02 3.005801412647057802e-02
-7.282312015654442139e-02 -4.540687685742573337e-02 2.790689177183526548e-02 7.281148711434648479e-02 4.543692840726329396e-02
-6.612569815111468685e-02 -5.701156469516978353e-02 9.558712800205914142e-03 6.610849443090018041e-02 5.703761850885747525e-02
-5.546046282221592932e-02 -6.428050457122835848e-02 -8.448057168179050683e-03 5.543914956910498543e-02 6.430097159387357375e-02
-4.173269434095314839e-02 -6.696711997186226284e-02 -2.495543840047672463e-02 4.170895539316245293e-02 6.698087405224782687e-02
-2.600032184326114479e-02 -6.513730898034622574e-02 -3.896428363658836769e-02 2.597592027941774198e-02 6.514375500732975943e-02
-9.396725465835092592e-03 -5.914859753441738949e-02 -4.969113676654744738e-02 9.373362391910696270e-03 5.914769104365785735e-02
6.947363137339836354e-03 -4.961132781738307462e-02 -5.660803221623862680e-02 -6.968172964439783151e-03 4.960354622114433037e-02
2.197768313213354155e-02 -3.733539385608535682e-02 -5.946353756244739802e-02 -2.199470802087120924e-02 3.732166556508677291e-02
3.478136508922231862e-02 -2.326678795323179616e-02 -5.828465017290081207e-02 -3.479371962971151283e-02 2.324839027761915755e-02
4.463915952946729410e-02 -8.418649183077832679e-03 -5.336042452131201097e-02 -4.464633354862580783e-02 8.397088324817131993e-03
5.106222480514368417e-02 6.198397811764108645e-03 -4.520935071074333456e-02 -5.106408149274208746e-02 -6.221511285601530154e-03
5.381189154464343510e-02 1.964204359012412457e-02 -3.453345888723036855e-02 -5.380864085256202578e-02 -1.966511231797709106e-02
5.290202486491742129e-02 3.109616328102116078e-02 -2.216283638418959506e-02 -5.289417923734548305e-02 -3.111770543006240827e-02
4.858476536045603505e-02 3.991741525297307080e-02 -8.994680434898176188e-03 -4.857308432748192600e-02 -3.993614688652653844e-02
4.132147214364370602e-02 4.566813488714231012e-02 4.068845758364678968e-03 -4.130690084297723025e-02 -4.568303085507671030e-02
3.174155581169750551e-02 4.813410236087237865e-02 1.617982727216646724e-02 -3.172516075806781216e-02 -4.814443643994202604e-02
2.059253076231731469e-02 4.732681556615725427e-02 2.659716074028561569e-02 -2.057543475942113023e-02 -4.733218168857151326e-02
8.685006739263386941e-03 4.347092525547299052e-02 3.472937720843512210e-02 -8.668324093606311759e-03 -4.347124179075389366e-02
-3.163531331470184008e-03 3.697840300812594433e-02 4.016541790624492125e-02 3.178757944546386355e-03 -3.697390148074441996e-02
-1.418243037331977374e-02 2.841183928917011270e-02 4.269200828913376905e-02 1.419528951500974821e-02 -2.840303846728265552e-02
-2.369570430278641199e-02 1.843980660420274642e-02 4.229718223585481746e-02 2.370546883973006710e-02 -1.842747242642514549e-02
-3.116118337235995392e-02 7.787614632014688842e-03 3.916044973830101056e-02 3.116735319756401210e-02 -7.772706738674403648e-03
-3.619888844417893520e-02 -2.813069331522116256e-03 3.363097848491931191e-02 3.620121895551171171e-02 2.829462686037014993e-03
-3.860734004842486522e-02 -1.267238172083625693e-02 2.619584452121175369e-02 3.860585305134433404e-02 1.268911727176810951e-02
-3.836736427011843559e-02 -2.118516807886997380e-02 1.744095046427129522e-02 3.836233935512259330e-02 2.120112512366384427e-02
-3.563379492046059999e-02 -2.786609482411960340e-02 8.007552756227821061e-03 3.562574135415400717e-02 2.788025105850991392e-02
-3.071623889590279280e-02 -3.237507165626645617e-02 -1.452530175219471364e-03 3.070585027764279051e-02 3.238657106098254829e-02
-2.405073686505379213e-02 -3.453183716324915303e-02 -1.032003619251964377e-02 2.403883280504435713e-02 3.454004409645101276e-02
-1.616463273525114638e-02 -3.431931472334340955e-02 -1.804698228085450246e-02 1.615209319005633457e-02 3.432384963655607524e-02
-7.637310720784969489e-03 -3.187611970742387085e-02 -2.418869673104223975e-02 7.625009269883845607e-03 3.187687376474370587e-02
9.404116142270904600e-04 -2.747927713209293368e-02 -2.842741368391564494e-02 -9.516694912678196495e-04 2.747640527326401794e-02
9.005503396780282013e-03 -2.151882532897033545e-02 -3.058635752492542062e-02 -9.015032235671167557e-03 2.151271971984019052e-02
1.605805772167313850e-02 -1.446637337611326839e-02 -3.063387294896700169e-02 -1.606533073217010499e-02 1.445762087987014291e-02
2.169063884835028405e-02 -6.840001173970483919e-03 -2.867786864967707822e-02 -2.169531174055997977e-02 6.829329778646663074e-03
2.561003226312044689e-02 8.320151522225167863e-04 -2.495143944696109548e-02 -2.561195226632381056e-02 -8.437955630510712022e-04
2.765038582029730879e-02 8.046227007941626069e-03 -1.979107338560348942e-02 -2.764958725658847247e-02 -8.058284382148396888e-03
2.777732148694671277e-02 1.435556780254989943e-02 -1.360923825362726769e-02 -2.777400996266806213e-02 -1.436710377677217522e-02
2.608325166147770768e-02 1.939557162883003352e-02 -6.863448873342663237e-03 -2.607777940605942105e-02 -1.940587022679731918e-02
2.277465387811879530e-02 2.290381859850199736e-02 -2.401111850248896412e-05 -2.276748871302221658e-02 -2.291228554412242865e-02
1.815257467927640367e-02 2.473170426405512518e-02 6.457375783152296059e-03 -1.814426486674913103e-02 -2.473789578334169292e-02
1.258799099293507473e-02 2.484816656511620522e-02 1.217615270406451067e-02 -1.257912791568404492e-02 -2.485180731503328078e-02
6.493906923259924920e-03 2.333554633159324460e-02 1.679885489800179293e-02 -6.485087334618165264e-03 -2.333653659293735694e-02
2.961779794462498063e-04 2.037826115832858456e-02 2.008116089695767548e-02 -2.879674819577808433e-04 -2.037667374222169869e-02
-5.594967556559721222e-03 1.624540613998843447e-02 2.187916593958098843e-02 5.602068125077202913e-03 -1.624147368139023523e-02
-1.081088908048394477e-02 1.126873310114016001e-02 2.215349777562281713e-02 1.081647262042257675e-02 -1.126282664398726117e-02
-1.504641967534614717e-02 5.817691899703025457e-03 2.096639142396817049e-02 1.505019547521161370e-02 -5.810291969780365801e-03
-1.807645701301009364e-02 2.733098716884890854e-04 1.847227009230862846e-02 1.807826551450888650e-02 -2.649716404843916189e-04
-1.976645924567590334e-02 -4.997314247345128850e-03 1.490280357860866711e-02 1.976627782586390727e-02 5.005999671449160721e-03
-2.007647849356673092e-02 -9.664267086883232202e-03 1.054770956536937518e-02 2.007441775961816416e-02 9.672712793653918603e-03
-1.905880542922255144e-02 -1.345442525341524441e-02 5.732775139399820530e-03 1.905509628299269925e-02 1.346208737425913862e-02
-1.684971203356801228e-02 -1.616631671252964295e-02 7.966804102156839268e-04 1.684468458368415869e-02 1.617272920956524390e-02
-1.365614002213112917e-02 -1.767951569055423167e-02 -3.931799026546568473e-03 1.365019616916597622e-02 1.768431856727134197e-02
-9.738468962117205474e-03 -1.795824439142426621e-02 -8.154742324937061179e-03 9.732051038031883441e-03 1.796120332701354322e-02
-5.390695683219205205e-03 -1.704925088006566808e-02 -1.162291519336088562e-02 5.384253811097982484e-03 1.705026704226196566e-02
-9.194573776016973492e-04 -1.507441008192758093e-02 -1.414948843318806528e-02 9.134181716282729424e-04 1.507351979765250184e-02
3.376670312125880282e-03 -1.221880082655135702e-02 -1.561895543430934230e-02 -3.381931356591424704e-03 1.221616562677954425e-02
7.226258755321019432e-03 -8.715286310486363222e-03 -1.599092581687982031e-02 -7.230439383993237344e-03 8.711174721967177362e-03
1.040133242338859600e-02 -4.826788662551096711e-03 -1.529881532507020893e-02 -1.040421910459744456e-02 4.821551704624652337e-03
1.272997606391158311e-02 -8.275358938673716249e-04 -1.364378457234843335e-02 -1.273145234097740504e-02 8.215785712139961339e-04
1.410461398925943848e-02 3.015440598507414076e-03 -1.118457154426748604e-02 -1.410466181782234728e-02 -3.021689437018987116e-03
1.448564895664225874e-02 6.459363737040716737e-03 -8.124097334454422753e-03 -1.448434362302217053e-02 -6.465480947760345043e-03
1.390046822697772223e-02 9.300287014230110977e-03 -4.693889252754632029e-03 -1.389796777985017294e-02 -9.305882203613183301e-03
1.243812681217862717e-02 1.138436923155171365e-02 -1.137453318194135395e-03 -1.243465713704539240e-02 -1.138910779386942060e-02
1.024028376036211808e-02 1.261528595591943080e-02 2.306262439798510873e-03 -1.023612051297821852e-02 -1.261890704028100461e-02
7.489181272202694549e-03 1.295749703687032461e-02 5.418238089008624823e-03 -7.484629900716932051e-03 -1.295982579767138848e-02
4.393607442415383736e-03 1.243537420805375382e-02 8.012642105615121191e-03 -4.388982502395498940e-03 -1.243632806216611250e-02
1.173865093616183880e-03 1.112846247748319750e-02 9.947226083512261327e-03 -1.169470016436284336e-03 -1.112805140739769882e-02
-1.953220060112774437e-03 9.163386957009696243e-03 1.113032512296767765e-02 1.957111642433042621e-03 -9.161708171898496483e-03
-4.788275728605280099e-03 6.703109111539696380e-03 1.152418496618748747e-02 4.791436080147356245e-03 -6.700336623318835227e-03
-7.161485208708775509e-03 3.934372886053411414e-03 1.114459183705697812e-02 7.163745108686133019e-03 -3.930742786466644503e-03
