0.000000000000000000e+00 0.000000000000000000e+00 0.000000000000000000e+00 0.000000000000000000e+00 0.000000000000000000e+00
0.000000000000000000e+00 0.000000000000000000e+00 0.000000000000000000e+00 0.000000000000000000e+00 0.000000000000000000e+00
0.000000000000000000e+00 0.000000000000000000e+00 0.000000000000000000e+00 0.000000000000000000e+00 0.000000000000000000e+00
0.000000000000000000e+00 0.000000000000000000e+00 0.000000000000000000e+00 0.000000000000000000e+00 0.000000000000000000e+00
0.000000000000000000e+00 0.000000000000000000e+00 0.000000000000000000e+00 0.000000000000000000e+00 0.000000000000000000e+00
0.000000000000000000e+00 0.000000000000000000e+00 0.000000000000000000e+00 0.000000000000000000e+00 0.000000000000000000e+00
0.000000000000000000e+00 0.000000000000000000e+00 0.000000000000000000e+00 0.000000000000000000e+00 0.000000000000000000e+00
0.000000000000000000e+00 0.000000000000000000e+00 0.000000000000000000e+00 0.000000000000000000e+00 0.000000000000000000e+00
0.000000000000000000e+00 0.000000000000000000e+00 0.000000000000000000e+00 0.000000000000000000e+00 0.000000000000000000e+00
0.000000000000000000e+00 0.000000000000000000e+00 0.000000000000000000e+00 0.000000000000000000e+00 0.000000000000000000e+00
0.000000000000000000e+00 0.000000000000000000e+00 0.000000000000000000e+00 0.000000000000000000e+00 0.000000000000000000e+00
0.000000000000000000e+00 0.000000000000000000e+00 0.000000000000000000e+00 0.000000000000000000e+00 0.000000000000000000e+00
0.000000000000000000e+00 0.000000000000000000e+00 0.000000000000000000e+00 0.000000000000000000e+00 0.000000000000000000e+00
0.000000000000000000e+00 0.000000000000000000e+00 0.000000000000000000e+00 0.000000000000000000e+00 0.000000000000000000e+00
0.000000000000000000e+00 0.000000000000000000e+00 0.000000000000000000e+00 0.000000000000000000e+00 0.000000000000000000e+00
0.000000000000000000e+00 0.000000000000000000e+00 0.000000000000000000e+00 0.000000000000000000e+00 0.000000000000000000e+00
0.000000000000000000e+00 0.000000000000000000e+00 0.000000000000000000e+00 0.000000000000000000e+00 0.000000000000000000e+00
0.000000000000000000e+00 0.000000000000000000e+00 0.000000000000000000e+00 0.000000000000000000e+00 0.000000000000000000e+00
0.000000000000000000e+00 0.000000000000000000e+00 0.000000000000000000e+00 0.000000000000000000e+00 0.000000000000000000e+00
0.000000000000000000e+00 0.000000000000000000e+00 0.000000000000000000e+00 0.000000000000000000e+00 0.000000000000000000e+00
0.000000000000000000e+00 0.000000000000000000e+00 0.000000000000000000e+00 0.000000000000000000e+00 0.000000000000000000e+00
0.000000000000000000e+00 0.000000000000000000e+00 0.000000000000000000e+00 0.000000000000000000e+00 0.000000000000000000e+00
0.000000000000000000e+00 0.000000000000000000e+00 0.000000000000000000e+00 0.000000000000000000e+00 0.000000000000000000e+00
0.000000000000000000e+00 0.000000000000000000e+00 0.000000000000000000e+00 0.000000000000000000e+00 0.000000000000000000e+00
0.000000000000000000e+00 0.000000000000000000e+00 0.000000000000000000e+00 0.000000000000000000e+00 0.000000000000000000e+00
0.000000000000000000e+00 0.000000000000000000e+00 0.000000000000000000e+00 0.000000000000000000e+00 0.000000000000000000e+00
0.000000000000000000e+00 0.000000000000000000e+00 0.000000000000000000e+00 0.000000000000000000e+00 0.000000000000000000e+00
0.000000000000000000e+00 0.000000000000000000e+00 0.000000000000000000e+00 0.000000000000000000e+00 0.000000000000000000e+00
0.000000000000000000e+00 0.000000000000000000e+00 0.000000000000000000e+00 0.000000000000000000e+00 0.000000000000000000e+00
0.000000000000000000e+00 0.000000000000000000e+00 0.000000000000000000e+00 0.000000000000000000e+00 0.000000000000000000e+00
0.000000000000000000e+00 0.000000000000000000e+00 0.000000000000000000e+00 0.000000000000000000e+00 0.000000000000000000e+00
0.000000000000000000e+00 0.000000000000000000e+00 0.000000000000000000e+00 0.000000000000000000e+00 0.000000000000000000e+00
0.000000000000000000e+00 0.000000000000000000e+00 0.000000000000000000e+00 0.000000000000000000e+00 0.000000000000000000e+00
0.000000000000000000e+00 0.000000000000000000e+00 0.000000000000000000e+00 0.000000000000000000e+00 0.000000000000000000e+00
0.000000000000000000e+00 0.000000000000000000e+00 0.000000000000000000e+00 0.000000000000000000e+00 0.000000000000000000e+00
0.000000000000000000e+00 0.000000000000000000e+00 0.000000000000000000e+00 0.000000000000000000e+00 0.000000000000000000e+00
0.000000000000000000e+00 0.000000000000000000e+00 0.000000000000000000e+00 0.000000000000000000e+00 0.000000000000000000e+00
0.000000000000000000e+00 0.000000000000000000e+00 0.000000000000000000e+00 0.000000000000000000e+00 0.000000000000000000e+00
0.000000000000000000e+00 0.000000000000000000e+00 0.000000000000000000e+00 0.000000000000000000e+00 0.000000000000000000e+00
0.000000000000000000e+00 0.000000000000000000e+00 0.000000000000000000e+00 0.000000000000000000e+00 0.000000000000000000e+00
0.000000000000000000e+00 0.000000000000000000e+00 0.000000000000000000e+00 0.000000000000000000e+00 0.000000000000000000e+00
0.000000000000000000e+00 0.000000000000000000e+00 0.000000000000000000e+00 0.000000000000000000e+00 0.000000000000000000e+00
0.000000000000000000e+00 0.000000000000000000e+00 0.000000000000000000e+00 0.000000000000000000e+00 0.000000000000000000e+00
0.000000000000000000e+00 0.000000000000000000e+00 0.000000000000000000e+00 0.000000000000000000e+00 0.000000000000000000e+00
0.000000000000000000e+00 0.000000000000000000e+00 0.000000000000000000e+00 0.000000000000000000e+00 0.000000000000000000e+00
0.000000000000000000e+00 0.000000000000000000e+00 0.000000000000000000e+00 0.000000000000000000e+00 0.000000000000000000e+00
0.000000000000000000e+00 0.000000000000000000e+00 0.000000000000000000e+00 0.000000000000000000e+00 0.000000000000000000e+00
0.000000000000000000e+00 0.000000000000000000e+00 0.000000000000000000e+00 0.000000000000000000e+00 0.000000000000000000e+00
0.000000000000000000e+00 0.000000000000000000e+00 0.000000000000000000e+00 0.000000000000000000e+00 0.000000000000000000e+00
0.000000000000000000e+00 0.000000000000000000e+00 0.000000000000000000e+00 0.000000000000000000e+00 0.000000000000000000e+00
0.000000000000000000e+00 0.000000000000000000e+00 0.000000000000000000e+00 0.000000000000000000e+00 0.000000000000000000e+00
0.000000000000000000e+00 0.000000000000000000e+00 0.000000000000000000e+00 0.000000000000000000e+00 0.000000000000000000e+00
0.000000000000000000e+00 0.000000000000000000e+00 0.000000000000000000e+00 0.000000000000000000e+00 0.000000000000000000e+00
0.000000000000000000e+00 0.000000000000000000e+00 0.000000000000000000e+00 0.000000000000000000e+00 0.000000000000000000e+00
0.000000000000000000e+00 0.000000000000000000e+00 0.000000000000000000e+00 0.000000000000000000e+00 0.000000000000000000e+00
0.000000000000000000e+00 0.000000000000000000e+00 0.000000000000000000e+00 0.000000000000000000e+00 0.000000000000000000e+00
0.000000000000000000e+00 0.000000000000000000e+00 0.000000000000000000e+00 0.000000000000000000e+00 0.000000000000000000e+00
0.000000000000000000e+00 0.000000000000000000e+00 0.000000000000000000e+00 0.000000000000000000e+00 0.000000000000000000e+00
0.000000000000000000e+00 0.000000000000000000e+00 0.000000000000000000e+00 0.000000000000000000e+00 0.000000000000000000e+00
0.000000000000000000e+00 0.000000000000000000e+00 0.000000000000000000e+00 0.000000000000000000e+00 0.000000000000000000e+00
0.000000000000000000e+00 0.000000000000000000e+00 0.000000000000000000e+00 0.000000000000000000e+00 0.000000000000000000e+00
0.000000000000000000e+00 0.000000000000000000e+00 0.000000000000000000e+00 0.000000000000000000e+00 0.000000000000000000e+00
0.000000000000000000e+00 0.000000000000000000e+00 0.000000000000000000e+00 0.000000000000000000e+00 0.000000000000000000e+00
0.000000000000000000e+00 0.000000000000000000e+00 0.000000000000000000e+00 0.000000000000000000e+00 0.000000000000000000e+00
0.000000000000000000e+00 0.000000000000000000e+00 0.000000000000000000e+00 0.000000000000000000e+00 0.000000000000000000e+00
0.000000000000000000e+00 0.000000000000000000e+00 0.000000000000000000e+00 0.000000000000000000e+00 0.000000000000000000e+00
0.000000000000000000e+00 0.000000000000000000e+00 0.000000000000000000e+00 0.000000000000000000e+00 0.000000000000000000e+00
0.000000000000000000e+00 0.000000000000000000e+00 0.000000000000000000e+00 0.000000000000000000e+00 0.000000000000000000e+00
0.000000000000000000e+00 0.000000000000000000e+00 0.000000000000000000e+00 0.000000000000000000e+00 0.000000000000000000e+00
0.000000000000000000e+00 0.000000000000000000e+00 0.000000000000000000e+00 0.000000000000000000e+00 0.000000000000000000e+00
0.000000000000000000e+00 0.000000000000000000e+00 0.000000000000000000e+00 0.000000000000000000e+00 0.000000000000000000e+00
0.000000000000000000e+00 0.000000000000000000e+00 0.000000000000000000e+00 0.000000000000000000e+00 0.000000000000000000e+00
0.000000000000000000e+00 0.000000000000000000e+00 0.000000000000000000e+00 0.000000000000000000e+00 0.000000000000000000e+00
0.000000000000000000e+00 0.000000000000000000e+00 0.000000000000000000e+00 0.000000000000000000e+00 0.000000000000000000e+00
0.000000000000000000e+00 0.000000000000000000e+00 0.000000000000000000e+00 0.000000000000000000e+00 0.000000000000000000e+00
0.000000000000000000e+00 0.000000000000000000e+00 0.000000000000000000e+00 0.000000000000000000e+00 0.000000000000000000e+00
0.000000000000000000e+00 0.000000000000000000e+00 0.000000000000000000e+00 0.000000000000000000e+00 0.000000000000000000e+00
0.000000000000000000e+00 0.000000000000000000e+00 0.000000000000000000e+00 0.000000000000000000e+00 0.000000000000000000e+00
0.000000000000000000e+00 0.000000000000000000e+00 0.000000000000000000e+00 0.000000000000000000e+00 0.000000000000000000e+00
0.000000000000000000e+00 0.000000000000000000e+00 0.000000000000000000e+00 0.000000000000000000e+00 0.000000000000000000e+00
0.000000000000000000e+00 0.000000000000000000e+00 0.000000000000000000e+00 0.000000000000000000e+00 0.000000000000000000e+00
0.000000000000000000e+00 0.000000000000000000e+00 0.000000000000000000e+00 0.000000000000000000e+00 0.000000000000000000e+00
0.000000000000000000e+00 0.000000000000000000e+00 0.000000000000000000e+00 0.000000000000000000e+00 0.000000000000000000e+00
0.000000000000000000e+00 0.000000000000000000e+00 0.000000000000000000e+00 0.000000000000000000e+00 0.000000000000000000e+00
0.000000000000000000e+00 0.000000000000000000e+00 0.000000000000000000e+00 0.000000000000000000e+00 0.000000000000000000e+00
0.000000000000000000e+00 0.000000000000000000e+00 0.000000000000000000e+00 0.000000000000000000e+00 0.000000000000000000e+00
0.000000000000000000e+00 0.000000000000000000e+00 0.000000000000000000e+00 0.000000000000000000e+00 0.000000000000000000e+00
0.000000000000000000e+00 0.000000000000000000e+00 0.000000000000000000e+00 0.000000000000000000e+00 0.000000000000000000e+00
0.000000000000000000e+00 0.000000000000000000e+00 0.000000000000000000e+00 0.000000000000000000e+00 0.000000000000000000e+00
0.000000000000000000e+00 0.000000000000000000e+00 0.000000000000000000e+00 0.000000000000000000e+00 0.000000000000000000e+00
0.000000000000000000e+00 0.000000000000000000e+00 0.000000000000000000e+00 0.000000000000000000e+00 0.000000000000000000e+00
0.000000000000000000e+00 0.000000000000000000e+00 0.000000000000000000e+00 0.000000000000000000e+00 0.000000000000000000e+00
0.000000000000000000e+00 0.000000000000000000e+00 0.000000000000000000e+00 0.000000000000000000e+00 0.000000000000000000e+00
0.000000000000000000e+00 0.000000000000000000e+00 0.000000000000000000e+00 0.000000000000000000e+00 0.000000000000000000e+00
0.000000000000000000e+00 0.000000000000000000e+00 0.000000000000000000e+00 0.000000000000000000e+00 0.000000000000000000e+00
0.000000000000000000e+00 0.000000000000000000e+00 0.000000000000000000e+00 0.000000000000000000e+00 0.000000000000000000e+00
0.000000000000000000e+00 0.000000000000000000e+00 0.000000000000000000e+00 0.000000000000000000e+00 0.000000000000000000e+00
0.000000000000000000e+00 0.000000000000000000e+00 0.000000000000000000e+00 0.000000000000000000e+00 0.000000000000000000e+00
0.000000000000000000e+00 0.000000000000000000e+00 0.000000000000000000e+00 0.000000000000000000e+00 0.000000000000000000e+00
0.000000000000000000e+00 0.000000000000000000e+00 0.000000000000000000e+00 0.000000000000000000e+00 0.000000000000000000e+00
0.000000000000000000e+00 0.000000000000000000e+00 0.000000000000000000e+00 0.000000000000000000e+00 0.000000000000000000e+00
0.000000000000000000e+00 0.000000000000000000e+00 0.000000000000000000e+00 0.000000000000000000e+00 0.000000000000000000e+00
0.000000000000000000e+00 0.000000000000000000e+00 0.000000000000000000e+00 0.000000000000000000e+00 0.000000000000000000e+00
0.000000000000000000e+00 0.000000000000000000e+00 0.000000000000000000e+00 0.000000000000000000e+00 0.000000000000000000e+00
0.000000000000000000e+00 0.000000000000000000e+00 0.000000000000000000e+00 0.000000000000000000e+00 0.000000000000000000e+00
0.000000000000000000e+00 0.000000000000000000e+00 0.000000000000000000e+00 0.000000000000000000e+00 0.000000000000000000e+00
0.000000000000000000e+00 0.000000000000000000e+00 0.000000000000000000e+00 0.000000000000000000e+00 0.000000000000000000e+00
0.000000000000000000e+00 0.000000000000000000e+00 0.000000000000000000e+00 0.000000000000000000e+00 0.000000000000000000e+00
0.000000000000000000e+00 0.000000000000000000e+00 0.000000000000000000e+00 0.000000000000000000e+00 0.000000000000000000e+00
0.000000000000000000e+00 0.000000000000000000e+00 0.000000000000000000e+00 0.000000000000000000e+00 0.000000000000000000e+00
0.000000000000000000e+00 0.000000000000000000e+00 0.000000000000000000e+00 0.000000000000000000e+00 0.000000000000000000e+00
0.000000000000000000e+00 0.000000000000000000e+00 0.000000000000000000e+00 0.000000000000000000e+00 0.000000000000000000e+00
0.000000000000000000e+00 0.000000000000000000e+00 0.000000000000000000e+00 0.000000000000000000e+00 0.000000000000000000e+00
0.000000000000000000e+00 0.000000000000000000e+00 0.000000000000000000e+00 0.000000000000000000e+00 0.000000000000000000e+00
0.000000000000000000e+00 0.000000000000000000e+00 0.000000000000000000e+00 0.000000000000000000e+00 0.000000000000000000e+00
0.000000000000000000e+00 0.000000000000000000e+00 0.000000000000000000e+00 0.000000000000000000e+00 0.000000000000000000e+00
0.000000000000000000e+00 0.000000000000000000e+00 0.000000000000000000e+00 0.000000000000000000e+00 0.000000000000000000e+00
0.000000000000000000e+00 0.000000000000000000e+00 0.000000000000000000e+00 0.000000000000000000e+00 0.000000000000000000e+00
0.000000000000000000e+00 0.000000000000000000e+00 0.000000000000000000e+00 0.000000000000000000e+00 0.000000000000000000e+00
0.000000000000000000e+00 0.000000000000000000e+00 0.000000000000000000e+00 0.000000000000000000e+00 0.000000000000000000e+00
0.000000000000000000e+00 0.000000000000000000e+00 0.000000000000000000e+00 0.000000000000000000e+00 0.000000000000000000e+00
0.000000000000000000e+00 0.000000000000000000e+00 0.000000000000000000e+00 0.000000000000000000e+00 0.000000000000000000e+00
0.000000000000000000e+00 0.000000000000000000e+00 0.000000000000000000e+00 0.000000000000000000e+00 0.000000000000000000e+00
0.000000000000000000e+00 0.000000000000000000e+00 0.000000000000000000e+00 0.000000000000000000e+00 0.000000000000000000e+00
0.000000000000000000e+00 0.000000000000000000e+00 0.000000000000000000e+00 0.000000000000000000e+00 0.000000000000000000e+00
0.000000000000000000e+00 0.000000000000000000e+00 0.000000000000000000e+00 0.000000000000000000e+00 0.000000000000000000e+00
0.000000000000000000e+00 0.000000000000000000e+00 0.000000000000000000e+00 0.000000000000000000e+00 0.000000000000000000e+00
0.000000000000000000e+00 0.000000000000000000e+00 0.000000000000000000e+00 0.000000000000000000e+00 0.000000000000000000e+00
0.000000000000000000e+00 0.000000000000000000e+00 0.000000000000000000e+00 0.000000000000000000e+00 0.000000000000000000e+00
0.000000000000000000e+00 0.000000000000000000e+00 0.000000000000000000e+00 0.000000000000000000e+00 0.000000000000000000e+00
0.000000000000000000e+00 0.000000000000000000e+00 0.000000000000000000e+00 0.000000000000000000e+00 0.000000000000000000e+00
0.000000000000000000e+00 0.000000000000000000e+00 0.000000000000000000e+00 0.000000000000000000e+00 0.000000000000000000e+00
0.000000000000000000e+00 0.000000000000000000e+00 0.000000000000000000e+00 0.000000000000000000e+00 0.000000000000000000e+00
0.000000000000000000e+00 0.000000000000000000e+00 0.000000000000000000e+00 0.000000000000000000e+00 0.000000000000000000e+00
0.000000000000000000e+00 0.000000000000000000e+00 0.000000000000000000e+00 0.000000000000000000e+00 0.000000000000000000e+00
0.000000000000000000e+00 0.000000000000000000e+00 0.000000000000000000e+00 0.000000000000000000e+00 0.000000000000000000e+00
0.000000000000000000e+00 0.000000000000000000e+00 0.000000000000000000e+00 0.000000000000000000e+00 0.000000000000000000e+00
0.000000000000000000e+00 0.000000000000000000e+00 0.000000000000000000e+00 0.000000000000000000e+00 0.000000000000000000e+00
0.000000000000000000e+00 0.000000000000000000e+00 0.000000000000000000e+00 0.000000000000000000e+00 0.000000000000000000e+00
0.000000000000000000e+00 0.000000000000000000e+00 0.000000000000000000e+00 0.000000000000000000e+00 0.000000000000000000e+00
0.000000000000000000e+00 0.000000000000000000e+00 0.000000000000000000e+00 0.000000000000000000e+00 0.000000000000000000e+00
0.000000000000000000e+00 0.000000000000000000e+00 0.000000000000000000e+00 0.000000000000000000e+00 0.000000000000000000e+00
0.000000000000000000e+00 0.000000000000000000e+00 0.000000000000000000e+00 0.000000000000000000e+00 0.000000000000000000e+00
0.000000000000000000e+00 0.000000000000000000e+00 0.000000000000000000e+00 0.000000000000000000e+00 0.000000000000000000e+00
0.000000000000000000e+00 0.000000000000000000e+00 0.000000000000000000e+00 0.000000000000000000e+00 0.000000000000000000e+00
0.000000000000000000e+00 0.000000000000000000e+00 0.000000000000000000e+00 0.000000000000000000e+00 0.000000000000000000e+00
0.000000000000000000e+00 0.000000000000000000e+00 0.000000000000000000e+00 0.000000000000000000e+00 0.000000000000000000e+00
0.000000000000000000e+00 0.000000000000000000e+00 0.000000000000000000e+00 0.000000000000000000e+00 0.000000000000000000e+00
0.000000000000000000e+00 0.000000000000000000e+00 0.000000000000000000e+00 0.000000000000000000e+00 0.000000000000000000e+00
0.000000000000000000e+00 0.000000000000000000e+00 0.000000000000000000e+00 0.000000000000000000e+00 0.000000000000000000e+00
0.000000000000000000e+00 0.000000000000000000e+00 0.000000000000000000e+00 0.000000000000000000e+00 0.000000000000000000e+00
0.000000000000000000e+00 0.000000000000000000e+00 0.000000000000000000e+00 0.000000000000000000e+00 0.000000000000000000e+00
0.000000000000000000e+00 0.000000000000000000e+00 0.000000000000000000e+00 0.000000000000000000e+00 0.000000000000000000e+00
0.000000000000000000e+00 0.000000000000000000e+00 0.000000000000000000e+00 0.000000000000000000e+00 0.000000000000000000e+00
0.000000000000000000e+00 0.000000000000000000e+00 0.000000000000000000e+00 0.000000000000000000e+00 0.000000000000000000e+00
0.000000000000000000e+00 0.000000000000000000e+00 0.000000000000000000e+00 0.000000000000000000e+00 0.000000000000000000e+00
0.000000000000000000e+00 0.000000000000000000e+00 0.000000000000000000e+00 0.000000000000000000e+00 0.000000000000000000e+00
0.000000000000000000e+00 0.000000000000000000e+00 0.000000000000000000e+00 0.000000000000000000e+00 0.000000000000000000e+00
0.000000000000000000e+00 0.000000000000000000e+00 0.000000000000000000e+00 0.000000000000000000e+00 0.000000000000000000e+00
0.000000000000000000e+00 0.000000000000000000e+00 0.000000000000000000e+00 0.000000000000000000e+00 0.000000000000000000e+00
0.000000000000000000e+00 0.000000000000000000e+00 0.000000000000000000e+00 0.000000000000000000e+00 0.000000000000000000e+00
0.000000000000000000e+00 0.000000000000000000e+00 0.000000000000000000e+00 0.000000000000000000e+00 0.000000000000000000e+00
0.000000000000000000e+00 0.000000000000000000e+00 0.000000000000000000e+00 0.000000000000000000e+00 0.000000000000000000e+00
0.000000000000000000e+00 0.000000000000000000e+00 0.000000000000000000e+00 0.000000000000000000e+00 0.000000000000000000e+00
0.000000000000000000e+00 0.000000000000000000e+00 0.000000000000000000e+00 0.000000000000000000e+00 0.000000000000000000e+00
0.000000000000000000e+00 0.000000000000000000e+00 0.000000000000000000e+00 0.000000000000000000e+00 0.000000000000000000e+00
0.000000000000000000e+00 0.000000000000000000e+00 0.000000000000000000e+00 0.000000000000000000e+00 0.000000000000000000e+00
0.000000000000000000e+00 0.000000000000000000e+00 0.000000000000000000e+00 0.000000000000000000e+00 0.000000000000000000e+00
0.000000000000000000e+00 0.000000000000000000e+00 0.000000000000000000e+00 0.000000000000000000e+00 0.000000000000000000e+00
0.000000000000000000e+00 0.000000000000000000e+00 0.000000000000000000e+00 0.000000000000000000e+00 0.000000000000000000e+00
0.000000000000000000e+00 0.000000000000000000e+00 0.000000000000000000e+00 0.000000000000000000e+00 0.000000000000000000e+00
0.000000000000000000e+00 0.000000000000000000e+00 0.000000000000000000e+00 0.000000000000000000e+00 0.000000000000000000e+00
0.000000000000000000e+00 0.000000000000000000e+00 0.000000000000000000e+00 0.000000000000000000e+00 0.000000000000000000e+00
0.000000000000000000e+00 0.000000000000000000e+00 0.000000000000000000e+00 0.000000000000000000e+00 0.000000000000000000e+00
0.000000000000000000e+00 0.000000000000000000e+00 0.000000000000000000e+00 0.000000000000000000e+00 0.000000000000000000e+00
0.000000000000000000e+00 0.000000000000000000e+00 0.000000000000000000e+00 0.000000000000000000e+00 0.000000000000000000e+00
0.000000000000000000e+00 0.000000000000000000e+00 0.000000000000000000e+00 0.000000000000000000e+00 0.000000000000000000e+00
0.000000000000000000e+00 0.000000000000000000e+00 0.000000000000000000e+00 0.000000000000000000e+00 0.000000000000000000e+00
0.000000000000000000e+00 0.000000000000000000e+00 0.000000000000000000e+00 0.000000000000000000e+00 0.000000000000000000e+00
0.000000000000000000e+00 0.000000000000000000e+00 0.000000000000000000e+00 0.000000000000000000e+00 0.000000000000000000e+00
0.000000000000000000e+00 0.000000000000000000e+00 0.000000000000000000e+00 0.000000000000000000e+00 0.000000000000000000e+00
0.000000000000000000e+00 0.000000000000000000e+00 0.000000000000000000e+00 0.000000000000000000e+00 0.000000000000000000e+00
0.000000000000000000e+00 0.000000000000000000e+00 0.000000000000000000e+00 0.000000000000000000e+00 0.000000000000000000e+00
0.000000000000000000e+00 0.000000000000000000e+00 0.000000000000000000e+00 0.000000000000000000e+00 0.000000000000000000e+00
0.000000000000000000e+00 0.000000000000000000e+00 0.000000000000000000e+00 0.000000000000000000e+00 0.000000000000000000e+00
0.000000000000000000e+00 0.000000000000000000e+00 0.000000000000000000e+00 0.000000000000000000e+00 0.000000000000000000e+00
0.000000000000000000e+00 0.000000000000000000e+00 0.000000000000000000e+00 0.000000000000000000e+00 0.000000000000000000e+00
0.000000000000000000e+00 0.000000000000000000e+00 0.000000000000000000e+00 0.000000000000000000e+00 0.000000000000000000e+00
0.000000000000000000e+00 0.000000000000000000e+00 0.000000000000000000e+00 0.000000000000000000e+00 0.000000000000000000e+00
0.000000000000000000e+00 0.000000000000000000e+00 0.000000000000000000e+00 0.000000000000000000e+00 0.000000000000000000e+00
0.000000000000000000e+00 0.000000000000000000e+00 0.000000000000000000e+00 0.000000000000000000e+00 0.000000000000000000e+00
0.000000000000000000e+00 0.000000000000000000e+00 0.000000000000000000e+00 0.000000000000000000e+00 0.000000000000000000e+00
0.000000000000000000e+00 0.000000000000000000e+00 0.000000000000000000e+00 0.000000000000000000e+00 0.000000000000000000e+00
0.000000000000000000e+00 0.000000000000000000e+00 0.000000000000000000e+00 0.000000000000000000e+00 0.000000000000000000e+00
0.000000000000000000e+00 0.000000000000000000e+00 0.000000000000000000e+00 0.000000000000000000e+00 0.000000000000000000e+00
0.000000000000000000e+00 0.000000000000000000e+00 0.000000000000000000e+00 0.000000000000000000e+00 0.000000000000000000e+00
0.000000000000000000e+00 0.000000000000000000e+00 0.000000000000000000e+00 0.000000000000000000e+00 0.000000000000000000e+00
0.000000000000000000e+00 0.000000000000000000e+00 0.000000000000000000e+00 0.000000000000000000e+00 0.000000000000000000e+00
0.000000000000000000e+00 0.000000000000000000e+00 0.000000000000000000e+00 0.000000000000000000e+00 0.000000000000000000e+00
0.000000000000000000e+00 0.000000000000000000e+00 0.000000000000000000e+00 0.000000000000000000e+00 0.000000000000000000e+00
0.000000000000000000e+00 0.000000000000000000e+00 0.000000000000000000e+00 0.000000000000000000e+00 0.000000000000000000e+00
0.000000000000000000e+00 0.000000000000000000e+00 0.000000000000000000e+00 0.000000000000000000e+00 0.000000000000000000e+00
0.000000000000000000e+00 0.000000000000000000e+00 0.000000000000000000e+00 0.000000000000000000e+00 0.000000000000000000e+00
0.000000000000000000e+00 0.000000000000000000e+00 0.000000000000000000e+00 0.000000000000000000e+00 0.000000000000000000e+00
0.000000000000000000e+00 0.000000000000000000e+00 0.000000000000000000e+00 0.000000000000000000e+00 0.000000000000000000e+00
0.000000000000000000e+00 0.000000000000000000e+00 0.000000000000000000e+00 0.000000000000000000e+00 0.000000000000000000e+00
0.000000000000000000e+00 0.000000000000000000e+00 0.000000000000000000e+00 0.000000000000000000e+00 0.000000000000000000e+00
0.000000000000000000e+00 0.000000000000000000e+00 0.000000000000000000e+00 0.000000000000000000e+00 0.000000000000000000e+00
0.000000000000000000e+00 0.000000000000000000e+00 0.000000000000000000e+00 0.000000000000000000e+00 0.000000000000000000e+00
0.000000000000000000e+00 0.000000000000000000e+00 0.000000000000000000e+00 0.000000000000000000e+00 0.000000000000000000e+00
0.000000000000000000e+00 0.000000000000000000e+00 0.000000000000000000e+00 0.000000000000000000e+00 0.000000000000000000e+00
0.000000000000000000e+00 0.000000000000000000e+00 0.000000000000000000e+00 0.000000000000000000e+00 0.000000000000000000e+00
0.000000000000000000e+00 0.000000000000000000e+00 0.000000000000000000e+00 0.000000000000000000e+00 0.000000000000000000e+00
0.000000000000000000e+00 0.000000000000000000e+00 0.000000000000000000e+00 0.000000000000000000e+00 0.000000000000000000e+00
0.000000000000000000e+00 0.000000000000000000e+00 0.000000000000000000e+00 0.000000000000000000e+00 0.000000000000000000e+00
0.000000000000000000e+00 0.000000000000000000e+00 0.000000000000000000e+00 0.000000000000000000e+00 0.000000000000000000e+00
0.000000000000000000e+00 0.000000000000000000e+00 0.000000000000000000e+00 0.000000000000000000e+00 0.000000000000000000e+00
0.000000000000000000e+00 0.000000000000000000e+00 0.000000000000000000e+00 0.000000000000000000e+00 0.000000000000000000e+00
0.000000000000000000e+00 0.000000000000000000e+00 0.000000000000000000e+00 0.000000000000000000e+00 0.000000000000000000e+00
0.000000000000000000e+00 0.000000000000000000e+00 0.000000000000000000e+00 0.000000000000000000e+00 0.000000000000000000e+00
0.000000000000000000e+00 0.000000000000000000e+00 0.000000000000000000e+00 0.000000000000000000e+00 0.000000000000000000e+00
0.000000000000000000e+00 0.000000000000000000e+00 0.000000000000000000e+00 0.000000000000000000e+00 0.000000000000000000e+00
0.000000000000000000e+00 0.000000000000000000e+00 0.000000000000000000e+00 0.000000000000000000e+00 0.000000000000000000e+00
0.000000000000000000e+00 0.000000000000000000e+00 0.000000000000000000e+00 0.000000000000000000e+00 0.000000000000000000e+00
0.000000000000000000e+00 0.000000000000000000e+00 0.000000000000000000e+00 0.000000000000000000e+00 0.000000000000000000e+00
0.000000000000000000e+00 0.000000000000000000e+00 0.000000000000000000e+00 0.000000000000000000e+00 0.000000000000000000e+00
0.000000000000000000e+00 0.000000000000000000e+00 0.000000000000000000e+00 0.000000000000000000e+00 0.000000000000000000e+00
0.000000000000000000e+00 0.000000000000000000e+00 0.000000000000000000e+00 0.000000000000000000e+00 0.000000000000000000e+00
0.000000000000000000e+00 0.000000000000000000e+00 0.000000000000000000e+00 0.000000000000000000e+00 0.000000000000000000e+00
0.000000000000000000e+00 0.000000000000000000e+00 0.000000000000000000e+00 0.000000000000000000e+00 0.000000000000000000e+00
0.000000000000000000e+00 0.000000000000000000e+00 0.000000000000000000e+00 0.000000000000000000e+00 0.000000000000000000e+00
0.000000000000000000e+00 0.000000000000000000e+00 0.000000000000000000e+00 0.000000000000000000e+00 0.000000000000000000e+00
0.000000000000000000e+00 0.000000000000000000e+00 0.000000000000000000e+00 0.000000000000000000e+00 0.000000000000000000e+00
0.000000000000000000e+00 0.000000000000000000e+00 0.000000000000000000e+00 0.000000000000000000e+00 0.000000000000000000e+00
0.000000000000000000e+00 0.000000000000000000e+00 0.000000000000000000e+00 0.000000000000000000e+00 0.000000000000000000e+00
0.000000000000000000e+00 0.000000000000000000e+00 0.000000000000000000e+00 0.000000000000000000e+00 0.000000000000000000e+00
0.000000000000000000e+00 0.000000000000000000e+00 0.000000000000000000e+00 0.000000000000000000e+00 0.000000000000000000e+00
0.000000000000000000e+00 0.000000000000000000e+00 0.000000000000000000e+00 0.000000000000000000e+00 0.000000000000000000e+00
0.000000000000000000e+00 0.000000000000000000e+00 0.000000000000000000e+00 0.000000000000000000e+00 0.000000000000000000e+00
0.000000000000000000e+00 0.000000000000000000e+00 0.000000000000000000e+00 0.000000000000000000e+00 0.000000000000000000e+00
0.000000000000000000e+00 0.000000000000000000e+00 0.000000000000000000e+00 0.000000000000000000e+00 0.000000000000000000e+00
0.000000000000000000e+00 0.000000000000000000e+00 0.000000000000000000e+00 0.000000000000000000e+00 0.000000000000000000e+00
0.000000000000000000e+00 0.000000000000000000e+00 0.000000000000000000e+00 0.000000000000000000e+00 0.000000000000000000e+00
0.000000000000000000e+00 0.000000000000000000e+00 0.000000000000000000e+00 0.000000000000000000e+00 0.000000000000000000e+00
0.000000000000000000e+00 0.000000000000000000e+00 0.000000000000000000e+00 0.000000000000000000e+00 0.000000000000000000e+00
0.000000000000000000e+00 0.000000000000000000e+00 0.000000000000000000e+00 0.000000000000000000e+00 0.000000000000000000e+00
0.000000000000000000e+00 0.000000000000000000e+00 0.000000000000000000e+00 0.000000000000000000e+00 0.000000000000000000e+00
0.000000000000000000e+00 0.000000000000000000e+00 0.000000000000000000e+00 0.000000000000000000e+00 0.000000000000000000e+00
0.000000000000000000e+00 0.000000000000000000e+00 0.000000000000000000e+00 0.000000000000000000e+00 0.000000000000000000e+00
0.000000000000000000e+00 0.000000000000000000e+00 0.000000000000000000e+00 0.000000000000000000e+00 0.000000000000000000e+00
0.000000000000000000e+00 0.000000000000000000e+00 0.000000000000000000e+00 0.000000000000000000e+00 0.000000000000000000e+00
0.000000000000000000e+00 0.000000000000000000e+00 0.000000000000000000e+00 0.000000000000000000e+00 0.000000000000000000e+00
0.000000000000000000e+00 0.000000000000000000e+00 0.000000000000000000e+00 0.000000000000000000e+00 0.000000000000000000e+00
0.000000000000000000e+00 0.000000000000000000e+00 0.000000000000000000e+00 0.000000000000000000e+00 0.000000000000000000e+00
0.000000000000000000e+00 0.000000000000000000e+00 0.000000000000000000e+00 0.000000000000000000e+00 0.000000000000000000e+00
0.000000000000000000e+00 0.000000000000000000e+00 0.000000000000000000e+00 0.000000000000000000e+00 0.000000000000000000e+00
0.000000000000000000e+00 0.000000000000000000e+00 0.000000000000000000e+00 0.000000000000000000e+00 0.000000000000000000e+00
0.000000000000000000e+00 0.000000000000000000e+00 0.000000000000000000e+00 0.000000000000000000e+00 0.000000000000000000e+00
0.000000000000000000e+00 0.000000000000000000e+00 0.000000000000000000e+00 0.000000000000000000e+00 0.000000000000000000e+00
0.000000000000000000e+00 0.000000000000000000e+00 0.000000000000000000e+00 0.000000000000000000e+00 0.000000000000000000e+00
0.000000000000000000e+00 0.000000000000000000e+00 0.000000000000000000e+00 0.000000000000000000e+00 0.000000000000000000e+00
0.000000000000000000e+00 0.000000000000000000e+00 0.000000000000000000e+00 0.000000000000000000e+00 0.000000000000000000e+00
0.000000000000000000e+00 0.000000000000000000e+00 0.000000000000000000e+00 0.000000000000000000e+00 0.000000000000000000e+00
0.000000000000000000e+00 0.000000000000000000e+00 0.000000000000000000e+00 0.000000000000000000e+00 0.000000000000000000e+00
0.000000000000000000e+00 0.000000000000000000e+00 0.000000000000000000e+00 0.000000000000000000e+00 0.000000000000000000e+00
0.000000000000000000e+00 0.000000000000000000e+00 0.000000000000000000e+00 0.000000000000000000e+00 0.000000000000000000e+00
0.000000000000000000e+00 0.000000000000000000e+00 0.000000000000000000e+00 0.000000000000000000e+00 0.000000000000000000e+00
0.000000000000000000e+00 0.000000000000000000e+00 0.000000000000000000e+00 0.000000000000000000e+00 0.000000000000000000e+00
0.000000000000000000e+00 0.000000000000000000e+00 0.000000000000000000e+00 0.000000000000000000e+00 0.000000000000000000e+00
0.000000000000000000e+00 0.000000000000000000e+00 0.000000000000000000e+00 0.000000000000000000e+00 0.000000000000000000e+00
0.000000000000000000e+00 0.000000000000000000e+00 0.000000000000000000e+00 0.000000000000000000e+00 0.000000000000000000e+00
0.000000000000000000e+00 0.000000000000000000e+00 0.000000000000000000e+00 0.000000000000000000e+00 0.000000000000000000e+00
0.000000000000000000e+00 0.000000000000000000e+00 0.000000000000000000e+00 0.000000000000000000e+00 0.000000000000000000e+00
0.000000000000000000e+00 0.000000000000000000e+00 0.000000000000000000e+00 0.000000000000000000e+00 0.000000000000000000e+00
0.000000000000000000e+00 0.000000000000000000e+00 0.000000000000000000e+00 0.000000000000000000e+00 0.000000000000000000e+00
-6.650378302181674250e+00 -6.583554002755321655e+00 9.321527187323987163e-02 6.646651288999642304e+00 6.605023605315860635e+00
-5.448845480605586822e+00 -7.338321112762124621e+00 -1.874224442538834801e+00 5.432689770445969124e+00 7.361729213691871720e+00
-3.696353139345722294e+00 -7.389213970775210250e+00 -3.685687299190246513e+00 3.671846145099105563e+00 7.406622248723166102e+00
-1.669117236651544545e+00 -6.797434223412710530e+00 -5.125034321781987146e+00 1.643632268191704160e+00 6.802515109193159049e+00
3.529617534822077629e-01 -5.712907842570764672e+00 -6.063898038792403966e+00 -3.719597926141365307e-01 5.704093059108655162e+00
2.171795815759574033e+00 -4.301882299970332113e+00 -6.473724937970859017e+00 -2.179955787089619790e+00 4.282462983156385405e+00
3.673142309980175213e+00 -2.711160336361427170e+00 -6.389622353601204452e+00 -3.670364710635293903e+00 2.687137786540277240e+00
4.798196734013757236e+00 -1.059618854393325149e+00 -5.871909439812194265e+00 -4.787623750379218279e+00 1.037061848773491946e+00
5.517549712969825215e+00 5.528024478876163439e-01 -4.989271598303830935e+00 -5.503681006606846005e+00 -5.696147940885141203e-01
5.819758394178437655e+00 2.034040765227855374e+00 -3.819614495019401090e+00 -5.806793875219248946e+00 -2.043321041488785905e+00
5.712329442990177419e+00 3.297650936606502992e+00 -2.454453506692761966e+00 -5.703134198287311385e+00 -3.299924005791142978e+00
5.226161225894015772e+00 4.269507206595246629e+00 -9.972942970323462886e-01 -5.221824038702809645e+00 -4.266937444512421962e+00
4.416460909295514270e+00 4.897179421883536499e+00 4.445675601606476346e-01 -4.416353837560093254e+00 -4.892663639803767950e+00
3.358658665669011611e+00 5.156180740781438843e+00 1.770385099396422079e+00 -3.360912451265028356e+00 -5.152410578639532446e+00
2.141132194276550660e+00 5.050988387002291802e+00 2.894541895079239868e+00 -2.143383330078065363e+00 -5.049705396617133246e+00
8.570441522546056179e-01 4.611949583149949738e+00 3.752129912098175701e+00 -8.572332312613188954e-01 -4.613578016178504271e+00
-4.030608525543448173e-01 3.890286755034888078e+00 4.301901997205304973e+00 4.060756316851209524e-01 -3.894005075340008837e+00
-1.557235288678107787e+00 2.952697937179105558e+00 4.527244877614281293e+00 1.563412521589944149e+00 -2.956867855151522395e+00
-2.536734310509497714e+00 1.875825043944091330e+00 4.435417882203572582e+00 2.544965290922342582e+00 -1.878600452555982514e+00
-3.289300140103662784e+00 7.404303670862453224e-01 4.054971072079090355e+00 3.297816123971699209e+00 -7.403441722327566143e-01
-3.780915589589586734e+00 -3.744000077865332621e-01 3.431519928413368614e+00 3.787825776085253615e+00 3.780299133461213490e-01
-3.995983559263786233e+00 -1.396298653328055250e+00 2.622638861076312722e+00 3.999778367901853038e+00 1.403221584025961866e+00
-3.936416472431646163e+00 -2.263476872319353905e+00 1.692854714908367475e+00 3.936314703570575446e+00 2.272615773895216851e+00
-3.620389417032705115e+00 -2.927585991312039670e+00 7.093580293301308126e-01 3.616471033215215236e+00 2.937337163277917274e+00
-3.081137508143535264e+00 -3.355994600006723783e+00 -2.615796234379959007e-01 3.074261308606094811e+00 3.364629844872098818e+00
-2.365409012912603526e+00 -3.533550819102307727e+00 -1.157936115007732525e+00 2.356957358992047613e+00 3.539620702067852065e+00
-1.530717351396222892e+00 -3.463346892072080241e+00 -1.925398058330695106e+00 1.522241490543117415e+00 3.465988974597518979e+00
-6.408885029015967127e-01 -3.165811121796938910e+00 -2.520793671798428726e+00 6.337483746993629596e-01 3.164891792895373257e+00
2.396275586221972287e-01 -2.675898518087304279e+00 -2.914832843093230874e+00 -2.445358905005542149e-01 2.671963723606003427e+00
1.051414607930778677e+00 -2.038933264699563708e+00 -3.093484742872162574e+00 -1.053781307681963986e+00 2.033000593852094084e+00
1.744465272382587528e+00 -1.306135074710106148e+00 -3.057814282720668242e+00 -1.744527848507456236e+00 1.299403699365208720e+00
2.280757965258484621e+00 -5.306866089617570115e-01 -2.822637107560599379e+00 -2.279138899793766271e+00 5.242536163045288244e-01
2.635322821582886554e+00 2.353935171343834176e-01 -2.414533753882735390e+00 -2.632807602994406970e+00 -2.407413848180613714e-01
2.796398866886127710e+00 9.438066738519949039e-01 -1.869561318856885146e+00 -2.793718893037476114e+00 -9.476915538069723421e-01
2.765089391784655959e+00 1.552294985335747723e+00 -1.230701271738173119e+00 -2.762758847442115417e+00 -1.554735261289320158e+00
2.554574484260045963e+00 2.026835966142560341e+00 -5.449663777110006491e-01 -2.552809436422605494e+00 -2.028144678710723348e+00
2.188759017548899788e+00 2.343533938966334329e+00 1.397967640430833325e-01 -2.187485696417460712e+00 -2.344165091375470134e+00
1.700281872892193791e+00 2.489901765445171833e+00 7.781863924744274463e-01 -1.699221008179410131e+00 -2.490288100578165409e+00
1.127966527919820550e+00 2.465295385874558320e+00 1.330284689511520790e+00 -1.126763889143394870e+00 -2.465719146002939066e+00
5.139238949487213715e-01 2.280436642831336069e+00 1.764166356786705192e+00 -5.122877234943823410e-01 -2.280963192122239747e+00
-9.942826782228408877e-02 1.956117362125857184e+00 2.057681683590482535e+00 1.016211703274931683e-01 -1.956602541319066635e+00
-6.721785476931831926e-01 1.521260108061246674e+00 2.199414603119136391e+00 6.748347077161951368e-01 -1.521421260438543088e+00
-1.169365316809783950e+00 1.010532554235675562e+00 2.188793063816103501e+00 1.172192836819533568e+00 -1.010056766454370258e+00
-1.562908204410329960e+00 4.617151030012408008e-01 2.035402633440618114e+00 1.565490889065464186e+00 -4.603709055699602981e-01
-1.832950237958753892e+00 -8.697699718984136519e-02 1.757631213879018439e+00 1.834853254070834438e+00 8.925541372953449404e-02
-1.968599281823709024e+00 -5.994287658860993906e-01 1.380832960755648431e+00 1.969476373679855952e+00 6.025051692718301766e-01
-1.968109591671099556e+00 -1.043867859590809521e+00 9.352162182797123524e-01 1.967784683439562254e+00 1.047421508454233985e+00
-1.838561852461919388e+00 -1.394711689407145405e+00 4.536293478428113368e-01 1.837066985966159027e+00 1.398300994687759147e+00
-1.595079399973466927e+00 -1.633945834369917804e+00 -3.063487880855211148e-02 1.592643197718236925e+00 1.637099883838724068e+00
-1.259587521199542870e+00 -1.751963846835704608e+00 -4.859346282054748389e-01 1.256580625507748072e+00 1.754278165163731806e+00
-8.591260604895918362e-01 -1.747800452847264818e+00 -8.841958262769579191e-01 8.559797146157656078e-01 1.749013866627926905e+00
-4.237862852847034678e-01 -1.628723597784928812e+00 -1.202549361362274416e+00 4.209054149461283201e-01 1.628759186951688420e+00
1.556243957702162575e-02 -1.409225610097914805e+00 -1.424571153796357015e+00 -1.787076874663765316e-02 1.408188917026822695e+00
4.295193441312084026e-01 -1.109542987729775110e+00 -1.541026844528679218e+00 -4.310871276741717328e-01 1.107682048887737025e+00
7.921343907481286362e-01 -7.538933058320030911e-01 -1.550079389421949339e+00 -7.929379485310812381e-01 7.515342442466996786e-01
1.082457568073628584e+00 -3.686193575223667418e-01 -1.456985379212147658e+00 -1.082591012042648293e+00 3.660956544792556833e-01
1.285585122125673774e+00 1.961512140175832725e-02 -1.273353519432826042e+00 -1.285213394231164319e+00 -2.202262076135425364e-02
1.393210029485306700e+00 3.854912892479744890e-01 -1.016054732542464922e+00 -1.392516024110125317e+00 -3.875918332464971527e-01
1.403719221337138556e+00 7.065125197514288136e-01 -7.058695711513220949e-01 -1.402858583337429188e+00 -7.082157868572694914e-01
1.321883794942911194e+00 9.642502646732701299e-01 -3.659550674696066541e-01 -1.320957028061445548e+00 -9.655520522872862443e-01
1.158185092889635337e+00 1.145306626221858082e+00 -2.022022633310990511e-02 -1.157231036851244177e+00 -1.146257748383882724e+00
9.278257620707895947e-01 1.241937474148156140e+00 3.082873549357534326e-01 -9.268347047804971206e-01 -1.242606581669876142e+00
6.494922067843436064e-01 1.252292532024669836e+00 5.988733206682288479e-01 -6.484321524023428651e-01 -1.252733591938970603e+00
3.439548793085256406e-01 1.180257450980233269e+00 8.344620139428434724e-01 -3.428017914373750474e-01 -1.180490050123916612e+00
3.260654120468919198e-02 1.034918183101132261e+00 1.002550350812278168e+00 -3.136925141365379949e-02 -1.034924451667428968e+00
-2.639588924016572080e-01 8.297001543356905540e-01 1.095794129364964675e+00 2.652261053697687054e-01 -8.294371740384542946e-01
-5.272331583071323546e-01 5.812584127943425383e-01 1.112204345690937846e+00 5.284333393901465836e-01 -5.806808213637256744e-01
-7.418697873472004378e-01 3.082089881446834490e-01 1.054964706730202595e+00 7.428800154315828852e-01 -3.072941567596142454e-01
-8.964955433454373512e-01 2.979688074771518966e-02 9.319114474677782090e-01 8.971925108913800795e-01 -2.856496500738871583e-02
-9.842262358031205194e-01 -2.354065593985890104e-01 7.547391399175376048e-01 9.845136304799788629e-01 2.368834345700241706e-01
-1.002876417444763746e+00 -4.706930785063170863e-01 5.380089581592759629e-01 1.002707043214920990e+00 4.722949748719485474e-01
-9.548682381601228952e-01 -6.622229545860932598e-01 2.980390287991978582e-01 9.542556002682167637e-01 6.637984848103791746e-01
-8.468564817639697706e-01 -7.997902844795291566e-01 5.175305161218606703e-02 8.458734965650415161e-01 8.011810215709992411e-01
-6.890977233095810783e-01 -8.773077899081846986e-01 -1.844426158988277387e-01 6.878634699918165785e-01 8.783747861963064896e-01
-4.946050839114084496e-01 -8.929889032247690928e-01 -3.956891330764348291e-01 4.932632751215759170e-01 8.936351962431496876e-01
-2.781469346778354668e-01 -8.492265500660507449e-01 -5.695544151699614144e-01 2.768414186302510238e-01 8.494108650720717524e-01
-5.516452448245395823e-02 -7.521923348711170298e-01 -6.967118547790570604e-01 5.401733038309509266e-02 7.519316093602357309e-01
1.593063731859035992e-01 -6.112028771575342967e-01 -7.713822500881521993e-01 -1.602101006435138475e-01 6.105640366413567222e-01
3.516261062953342509e-01 -4.379167523396764183e-01 -7.915205316544468017e-01 -3.522440434963364786e-01 4.370005999521378026e-01
5.103838525245149027e-01 -2.454325428822161093e-01 -7.587486180121520984e-01 -5.107134681701526180e-01 2.443540914312192225e-01
6.270234753409253958e-01 -4.735626994546587865e-02 -6.780537732948073160e-01 -6.270922488060218791e-01 4.622607797213538344e-02
6.962366114886988644e-01 1.431015693488721929e-01 -5.572858076982047937e-01 -6.960889347577680075e-01 -1.441913922182420094e-01
7.161170218847707769e-01 3.139487992016000706e-01 -4.064960848041232477e-01 -7.158014355160347009e-01 -3.149318929539699496e-01
6.880855501102912664e-01 4.551123921356197144e-01 -2.371676718865953770e-01 -6.876452634086988036e-01 -4.559486045050618053e-01
6.166066343678235917e-01 5.589832784165462698e-01 -6.139011042651483507e-02 -6.160749642290997974e-01 -5.596537614642452807e-01
5.087268202210093460e-01 6.207793031190406152e-01 1.089657595240739185e-01 -5.081276494245426933e-01 -6.212787619209649836e-01
3.734739479907474569e-01 6.387105814871540943e-01 2.630184968423468495e-01 -3.728259485631997827e-01 -6.390394575367900343e-01
2.211623197308670297e-01 6.139437488238759233e-01 3.915426553301182278e-01 -2.204848223097813087e-01 -6.141026542943590627e-01
6.265323418140983369e-02 5.503750385944802259e-01 4.874904271721747784e-01 -6.197141562563159706e-02 -5.503627547785436835e-01
-9.137903172989635114e-02 4.542351276652205061e-01 5.463395738932447232e-01 9.203153332737532000e-02 -4.540502533367888338e-01
-2.311287001045059797e-01 3.335596830944956848e-01 5.662530220829256056e-01 2.317107248241957740e-01 -3.332049064682792161e-01
-3.482466060971129429e-01 1.975674462974792434e-01 5.480501376877893183e-01 3.487138478806252051e-01 -1.970546972394150720e-01
-4.363028132780190083e-01 5.599199793751413051e-02 4.950033056695183342e-01 4.366145291616371771e-01 -5.534656548050787689e-02
-4.911016126428655593e-01 -8.158594844451126649e-02 4.124847720357462388e-01 4.912279413885205503e-01 8.232388064683039686e-02
-5.108371394608318683e-01 -2.063614333215291197e-01 3.074969564817826018e-01 5.107651769887592286e-01 2.071386190673404071e-01
-4.960878441652583071e-01 -3.108443089346916710e-01 1.881243896895401502e-01 4.958249784479903943e-01 3.115994993231127053e-01
-4.496574196127119394e-01 -3.892828876106176339e-01 6.294734680186557518e-02 4.492311360778196705e-01 3.899541401037188160e-01
-3.762785062073357722e-01 -4.379496756587321626e-01 -5.954332505638872813e-02 3.757327302029309091e-01 4.384823864961338580e-01
-2.822035354556997055e-01 -4.552769617873011487e-01 -1.714932539847565107e-01 2.815923579327093140e-01 4.556309552595346202e-01
-1.747140738078867828e-01 -4.418409620454822329e-01 -2.661608137406671903e-01 1.740942260230780303e-01 4.419952411608722986e-01
-6.158522510595632743e-02 -4.002040340316221911e-01 -3.382958544382403954e-01 6.100882448291055499e-02 4.001583818099611611e-01
4.945589557053945567e-02 -3.346341513466342676e-01 -3.844014924875244765e-01 -4.994701698403759133e-02 3.344075014025925108e-01
1.512395547179235800e-01 -2.507283658970649864e-01 -4.028680261983175748e-01 -1.516171170745946317e-01 2.503545440065038097e-01
2.375969695656273695e-01 -1.549717016229411048e-01 -3.939769745448487015e-01 -2.378469038415446934e-01 1.544936152062325041e-01
3.037114568938134029e-01 -5.426468885619085969e-02 -3.597818600944637235e-01 -3.038323346968073713e-01 5.372821690724549626e-02
3.463592367874049338e-01 4.454804808505222896e-02 -3.038799922561963296e-01 -3.463592616876142172e-01 -4.509934200603487459e-02
3.640310472416646848e-01 1.351184423331598106e-01 -2.310957082596639678e-01 -3.639245610638579542e-01 -1.356470159652168883e-01
3.569343412527665738e-01 2.119791647392043898e-01 -1.471000853513878548e-01 -3.567387092957189365e-01 -2.124553438182977261e-01
3.268834996920267355e-01 2.708505177801439623e-01 -5.799496778165104394e-02 -3.266169544681487014e-01 -2.712526701538919838e-01
2.770919853587761605e-01 3.088548365726164757e-01 3.010979592517870271e-02 -2.767726267277861307e-01 -3.091684001100001300e-01
2.118855710513629642e-01 3.246293999219395099e-01 1.114977841741165016e-01 -2.115313504200825034e-01 -3.248454409308752511e-01
1.363595724814174737e-01 3.183354745975074396e-01 1.812005734464232354e-01 -1.359888229357425204e-01 -3.184494040627211531e-01
5.600525462607107430e-02 2.915678037433356296e-01 2.352841936281152013e-01 -5.563722355501249384e-02 -2.915786697858268606e-01
-2.366884872389775352e-02 2.471751505712217190e-01 2.710518534319401041e-01 2.401394320729564533e-02 -2.470856324730534015e-01
-9.749606192013374195e-02 1.890079352886474551e-01 2.871538632828540827e-01 9.779772979933058774e-02 -1.888248755883116248e-01
-1.609691289134978498e-01 1.216131441924755419e-01 2.836025570869167289e-01 1.612080735035278378e-01 -1.213482485351488338e-01
-2.104980815681516959e-01 4.989926847354460987e-02 2.616966387468377397e-01 2.106581845725085389e-01 -4.956952655706753363e-02
-2.435950718723005337e-01 -2.120507122015248200e-02 2.238652384151304520e-01 2.436654726863863307e-01 2.157762657188939948e-02
-2.589781320146808952e-01 -8.707590795228077607e-02 1.734466713894392831e-01 2.589549175963209438e-01 8.746531080798944369e-02
-2.565913099097721362e-01 -1.436814678600028261e-01 1.144202181629782739e-01 2.564784021818363735e-01 1.440597724989110540e-01
-2.375439869757266786e-01 -1.878153316094503256e-01 5.111111776380995730e-02 2.373529874284244501e-01 1.881551580714146410e-01
-2.039771731684454081e-01 -2.172625876767666497e-01 -1.211057662351037838e-02 2.037261501006037978e-01 2.175398488324346014e-01
-1.588689497055663924e-01 -2.308914977586654926e-01 -7.111747444798974249e-02 1.585803734078989335e-01 2.310878400507979380e-01
-1.057947468266152435e-01 -2.286686242118095291e-01 -1.222808484551070746e-01 1.054929396502511524e-01 2.287731680022443426e-01
-4.866055240804807724e-02 -2.116006799347020240e-01 -1.626803270411543989e-01 4.836909060174365144e-02 2.116107903130201306e-01
8.571763146550719081e-03 -1.816111542450462579e-01 -1.902561951912120908e-01 -8.832288821035044410e-03 1.815321685889354220e-01
6.214815811155107589e-02 -1.413636936497304208e-01 -2.038974920790430356e-01 -6.236172885707477742e-02 1.412077287101188294e-01
1.087580411074614284e-01 -9.404702374178484925e-02 -2.034635960712289637e-01 -1.089140103778340196e-01 9.383113745927272598e-02
1.457275799350041257e-01 -4.313777164403057029e-02 -1.897414144229083721e-01 -1.458207204241265265e-01 4.288183339195787702e-02
1.711602307872818196e-01 7.842094995332995686e-03 -1.643443546374214470e-01 -1.711901937448658539e-01 -8.117476376115144443e-03
1.840182508981483278e-01 5.555723805575046859e-02 -1.295627028551544491e-01 -1.839886768760770897e-01 -5.583245428697922869e-02
1.841432923362805729e-01 9.706602129640669319e-02 -8.817768856918355158e-02 -1.840608186313365535e-01 -9.732371746348089658e-02
1.722183016131036137e-01 1.299907854700612930e-01 -4.325325364363783592e-02 -1.720916598987244639e-01 -1.302165987974835404e-01
1.496766260254333847e-01 1.526423911879093431e-01 2.079697312788278494e-03 -1.495159362495621369e-01 -1.528252555900722620e-01
1.185672726664604160e-01 1.640934356228688773e-01 4.483201939164450228e-02 -1.183835442218965084e-01 -1.642255948205736393e-01
8.138755122943533427e-02 1.641980789342252500e-01 8.234465377378620554e-02 -8.119232607010298808e-02 -1.642749622890207206e-01
4.089577164189492353e-02 1.535599281975388586e-01 1.124452060287721988e-01 -4.070080404664262047e-02 -1.535800095077519967e-01
-8.277421491897144466e-05 1.334527094313176510e-01 1.335641170511125408e-01 2.659036291987913812e-04 -1.334174064745370647e-01
-3.884362781657392516e-02 1.057013050762849460e-01 1.448049214712703314e-01 3.900402643975416084e-02 -1.056149089086851484e-01
-7.297297016135990966e-02 7.253296384755919535e-02 1.459664547539861190e-01 7.310107725166181680e-02 -7.240253294403380113e-02
-1.004894107749691873e-01 3.640997418167529753e-02 1.375181964054570938e-01 1.005777084911666924e-01 -3.624510415876369684e-02
-1.199500827402179143e-01 -1.442431271410848860e-04 1.205329849206480397e-01 1.199937650149257712e-01 3.318530141854697025e-04
-1.305160554764540348e-01 -3.471383230776101808e-02 9.658391407559197006e-02 1.305135277030374241e-01 3.491105424926904677e-02
-1.319749396802996633e-01 -6.514314374776279670e-02 6.761417708119758785e-02 1.319280379314494989e-01 6.533631855714436276e-02
-1.247214159901923330e-01 -8.966409635416736079e-02 3.578988070496356283e-02 1.246352788802000261e-01 8.984007450350683932e-02
-1.096991007669330248e-01 -1.069911996101168133e-01 3.346377372401177809e-03 1.095816883384587437e-01 1.071384039936485594e-01
-8.830951423947482060e-02 -1.163797012337225018e-01 -2.756152098981977730e-02 8.817083113883991685e-02 1.164890716527041403e-01
-6.229579939238167469e-02 -1.176450278494066554e-01 -5.499591825901784664e-02 6.214692953898234840e-02 1.177107191893285720e-01
-3.361014442584076695e-02 -1.111443673957500100e-01 -7.735066378417862487e-02 3.346223092808178756e-02 1.111641117867292333e-01
-4.274510540250356198e-03 -9.772371421959814841e-02 -9.343833795191565372e-02 4.137813705353008374e-03 9.769881240712019466e-02
2.375576705933387170e-02 -7.863579958323145547e-02 -1.025452362103191906e-01 -2.387262645990452514e-02 7.857076533335492774e-02
4.871662874480869182e-02 -5.543593597797962652e-02 -1.044524891929244359e-01 -4.880717616258734015e-02 5.533786702424227377e-02
6.914058221320706910e-02 -2.986383885093116600e-02 -9.942375180003858171e-02 -6.920072923681772070e-02 2.974161915305241141e-02
8.393674810006682141e-02 -3.719926317287810744e-03 -8.816204210734226998e-02 -8.396479170521664592e-02 3.583373028911775691e-03
9.244179001930082074e-02 2.125554518526330885e-02 -7.174018120532753284e-02 -9.243822662968791126e-02 -2.139648930215198169e-02
9.444001379762408110e-02 4.349281925414830163e-02 -5.151077187991660172e-02 -9.440723552808678865e-02 -4.362877521437576178e-02
9.015305182055551037e-02 6.168587531239619337e-02 -2.900268031320766410e-02 -9.009498758182039879e-02 -6.180856109181887686e-02
8.020151737340373843e-02 7.486344734394663469e-02 -5.811507910456385241e-03 -8.012326477071747555e-02 -7.496604955834991479e-02
6.554270320787347615e-02 8.243441381450855587e-02 1.650845232555049613e-02 -6.545017525982602113e-02 -8.251181645601582404e-02
4.738972113049430557e-02 8.420597593451957519e-02 3.654376521117565224e-02 -4.728931177184830803e-02 -8.425487616461041496e-02
2.711837554110356832e-02 8.037488020091425323e-02 5.310682334840988172e-02 -2.701663512380724982e-02 -8.039382042800960471e-02
6.168503223855074762e-03 7.149367350500432372e-02 6.530143388735169807e-02 -6.071812292852794314e-03 -7.148300936709549303e-02
-1.405350493363171326e-02 5.841550155100130870e-02 7.256575446647799132e-02 1.413926891148150136e-02 -5.837731216882724450e-02
-3.226473030809419440e-02 4.222218285295251811e-02 7.469098357537569399e-02 3.233452608369006415e-02 -4.216011827877780282e-02
-4.738285313527147713e-02 2.414114404433084782e-02 7.181589875021845981e-02 4.743278762907286727e-02 -2.406019941161628359e-02
-5.858605732606968208e-02 5.457247135404743980e-03 6.439892344784596545e-02 5.861364489231897512e-02 -5.363455564674273965e-03
-6.535273393622147153e-02 -1.257443559435970915e-02 5.317078849150855269e-02 6.535706803742812043e-02 1.267438938079105092e-02
-6.747946732707248152e-02 -2.880922040854085736e-02 3.907195610439188199e-02 6.746127487909235609e-02 2.890844937258042063e-02
-6.507727508130878302e-02 -4.228184068092594172e-02 2.317973840668718574e-02 6.503883663611560728e-02 4.237373635835895574e-02
-5.854748853383966861e-02 -5.225998687250470176e-02 6.630439187926280564e-03 5.849242531418079316e-02 5.233868935874595729e-02
-4.853991849426340932e-02 -5.827967229691571188e-02 -9.458124949792272654e-03 4.847286612485690593e-02 5.834048246881921168e-02
-3.589697664244703018e-02 -6.016108551782147623e-02 -2.405868949690469216e-02 3.582318119830972536e-02 6.020077653274410329e-02
-2.158815840750376996e-02 -5.800495211855458827e-02 -3.629678761494221917e-02 2.151303995004634484e-02 5.802194878050157684e-02
-6.639701987351566415e-03 -5.217071350247996786e-02 -4.549964988905428470e-02 6.568432521344304449e-03 5.216512491583594202e-02
7.935693829048991524e-03 -4.323895560998167187e-02 -5.122929095725616694e-02 -7.998556827369421654e-03 4.321246523974680426e-02
2.120447263768216600e-02 -3.196141834154311162e-02 -5.329847670542439686e-02 -2.125526748838110422e-02 3.191705256047334266e-02
3.236908172711217696e-02 -1.920254295553722873e-02 -5.176945012639930233e-02 -3.240522337474706360e-02 1.914435144742861541e-02
4.081282894952859008e-02 -5.876843856340514642e-03 -4.693642276598177648e-02 -4.083288833627371495e-02 5.809531182766156099e-03
4.613044547496979175e-02 7.113578001167348078e-03 -3.929384350933558950e-02 -4.613413788555356665e-02 -7.185030941171640859e-03
4.814313437065693285e-02 1.893731394576428015e-02 -2.949327766608732942e-02 -4.813123428444553153e-02 -1.900800574329532949e-02
4.689797331754490956e-02 2.888415133703588211e-02 -1.829232361923141884e-02 -4.687217572528942777e-02 -2.894956950847663718e-02
4.265257306905637091e-02 3.640493499959721047e-02 -6.499334114666582493e-03 -4.261531975314090948e-02 -3.646120533509408790e-02
3.584680713905203514e-02 4.113876476427429790e-02 5.082214738262788405e-03 -3.580109259600749300e-02 -4.118283562394398772e-02
2.706417044221260185e-02 4.292643759473997733e-02 1.570604372606495755e-02 -2.701333773576665431e-02 -4.295620031640926678e-02
1.698585770654137059e-02 4.180999398241317527e-02 2.472882851716049976e-02 -1.693339110706112982e-02 -4.182434369151511594e-02
6.340954992174339423e-03 3.801913961218793964e-02 3.164674822450946889e-02 -6.290274699476552413e-03 -3.801798132608267405e-02
-4.143796736301335812e-03 3.194612749206904301e-02 3.612092437790224292e-02 4.189532058961928374e-03 -3.193033157100561015e-02
-1.379136962420588440e-02 2.411135730406816988e-02 3.799068566815856640e-02 1.382944497777885938e-02 -2.408266732665988868e-02
-2.201601181735989704e-02 1.512242910378642363e-02 3.727443756039821449e-02 2.204431272075132314e-02 -1.508332504656577193e-02
-2.835661230353503023e-02 5.629691312361955781e-03 3.415876861700716666e-02 2.837374537228728316e-02 -5.583212622578387872e-03
-3.250013100707047770e-02 -3.718623503304248866e-03 2.897714129282124434e-02 3.250549745165031562e-02 3.769087553508848523e-03
-3.429409595971274344e-02 -1.231871395339180844e-02 2.218012765415162610e-02 3.428790968465666306e-02 1.236965544310525758e-02
-3.374793432268485827e-02 -1.964833741175268586e-02 1.429959883076058549e-02 3.373118089231296607e-02 1.969636751520464565e-02
-3.102364473476530368e-02 -2.529659273966513092e-02 5.909540292549893617e-03 3.099798339187504609e-02 2.533866846646929197e-02
-2.641698820430511338e-02 -2.898480047916499047e-02 -2.413761852855491902e-03 2.638460530443055563e-02 2.901842227115015993e-02
-2.033093345799635507e-02 -3.057759284784592954e-02 -1.012952811977025323e-02 2.029436097952340423e-02 3.060095676332949197e-02
-1.324350912294242240e-02 -3.008401778583171329e-02 -1.676592593277663121e-02 1.320542539655336807e-02 3.009611017159184720e-02
-5.672468776306594483e-03 -2.764912805706953164e-02 -2.194719557332004342e-02 5.635499701710160875e-03 2.764975645639118629e-02
1.860743168841332180e-03 -2.353712517600307572e-02 -2.541303166150887805e-02 -1.894205443084057876e-03 2.352688580223723583e-02
8.865323520746166280e-03 -1.810762283712150089e-02 -2.702937231077844060e-02 -8.893270782999377136e-03 1.808781120275960649e-02
1.491158010187003564e-02 -1.178695880425943004e-02 -2.679035417569046798e-02 -1.493249803654301405e-02 1.175943510476238490e-02
1.965575005018607713e-02 -5.036701534100837541e-03 -2.481178099076492005e-02 -1.966868385281584156e-02 5.003725520959720341e-03
2.285784642301800715e-02 1.678437383978481461e-03 -2.131698855278762669e-02 -2.286242250863424613e-02 -1.714386261795112967e-03
2.439174314721674619e-02 7.921156823098835995e-03 -1.661643850793056640e-02 -2.438815093419620730e-02 -7.957559091779189617e-03
2.424726105806409085e-02 1.330867428239864911e-02 -1.108271200117714669e-02 -2.423620107055647968e-02 -1.334313729089419386e-02
2.252455364496748491e-02 1.753480444405422500e-02 -5.122786005562319535e-03 -2.250715922364688801e-02 -1.756520676149508561e-02
1.942158702367318898e-02 2.038584608036639670e-02 8.504479164629679582e-04 -1.939932686762920258e-02 -2.041045322242235685e-02
1.521589558244250753e-02 2.174956094486361902e-02 6.445517681793834497e-03 -1.519046411384772886e-02 -2.176710862256834092e-02
1.024212879198354610e-02 2.161704040485839737e-02 1.131682887805622074e-02 -1.021533052961595515e-02 -2.162678412466060088e-02
4.867082473296481873e-03 2.007771782903146340e-02 1.518480056642625836e-02 -4.840716131407780606e-03 -2.007944921051063938e-02
-5.360195989459574928e-04 1.730821783043240414e-02 1.785059185839043411e-02 5.602717484282247664e-04 -1.730224907050358085e-02
-5.612274455790373755e-03 1.355610686063211251e-02 1.920475283051773993e-02 5.632946663135181102e-03 -1.354322573407780277e-02
-1.004731660454513502e-02 9.119873862046538882e-03 1.922955551022251588e-02 1.006324366666490680e-02 -9.101272432854218275e-03
-1.358568461063837732e-02 4.326653731992155874e-03 1.799519155509933868e-02 1.359606483212408290e-02 -4.303835154074312115e-03
-1.604434815098116154e-02 -4.907208810027833580e-04 1.565042711595080252e-02 1.604878129443142870e-02 5.160518786832400022e-04
-1.732077180365651156e-02 -5.015803990717851608e-03 1.240862368975722586e-02 1.731926938491047674e-02 5.041860197020596457e-03
-1.739528176187511710e-02 -8.968358336925085980e-03 8.530289544549726419e-03 1.738824896474026535e-02 8.993391026513556860e-03
-1.632788615854176631e-02 -1.212073834440634962e-02 4.303491376253108097e-03 1.631607693596313219e-02 1.214315190519374768e-02
-1.425005332748440628e-02 -1.430994471185583275e-02 2.352388486794150808e-05 1.423450258522032663e-02 1.432839689216196949e-02
-1.135226059261818660e-02 -1.544479994285315877e-02 -4.026794046936755904e-03 1.133419926901666104e-02 1.545828075538410902e-02
-7.868346838838413682e-03 -1.550802915113017565e-02 -7.594941289587078294e-03 7.849107192763663671e-03 1.551591307816348880e-02
-4.057872324796506225e-03 -1.455339305136131405e-02 -1.047357126384995847e-02 4.038791209592501250e-03 1.455546165186590718e-02
-1.877469851037056952e-04 -1.269833232976117637e-02 -1.251163480015615899e-02 1.700745655041516831e-04 1.269476700850488346e-02
3.485631506741455107e-03 -1.011283832956691268e-02 -1.362121592495156054e-02 -3.500810993301647564e-03 1.010418532363248877e-02
6.732588242728461750e-03 -7.005493294136096345e-03 -1.377987627181461242e-02 -6.744418843522918469e-03 6.992605369646603952e-03
9.363754455945873245e-03 -3.607739783961348094e-03 -1.302858650426698232e-02 -9.371650823676580533e-03 3.591700490948881563e-03
1.124027873727338235e-02 -1.575082523371929672e-04 -1.146562455113566033e-02 -1.124394727384738640e-02 1.395455848258402411e-04
1.228017990112752374e-02 3.116693316364927985e-03 -9.237055290327585849e-03 -1.227961925452642628e-02 -3.135296921570540456e-03
1.246063478153175592e-02 6.010213456107893135e-03 -6.524597618834493233e-03 -1.245611755773692007e-02 -6.028208354894742244e-03
1.181627189142069566e-02 8.354351624379287300e-03 -3.531813198313358323e-03 -1.180831039754974034e-02 -8.370599937097933374e-03
1.043379946302257742e-02 1.002544899333153439e-02 -4.696110072085799654e-04 -1.042309888928073108e-02 -1.003899099155188858e-02
8.443518208606252615e-03 1.095054368331284389e-02 2.457946884166384988e-03 -8.430920947898790443e-03 -1.096064853448964344e-02
6.008442764805419639e-03 1.110940613648882941e-02 5.066625675484407940e-03 -5.994867646939138622e-03 -1.111560517615659341e-02
3.311872601834525785e-03 1.053301662006476784e-02 7.203000284570008384e-03 -3.298252762599979040e-03 -1.053511843698995594e-02
5.443087430662760110e-04 9.298775905541952630e-03 8.752828875989280069e-03 -5.315317033089289080e-04 -9.296863509965412609e-03
-2.109393280148540422e-03 7.522938036133286314e-03 9.646410271372994616e-03 2.120539976817305272e-03 -7.517349250867721121e-03
-4.481807455567062351e-03 5.350909514243737050e-03 9.860737572246992474e-03 4.490682029227597953e-03 -5.342202509734535719e-03
-6.432945594426637929e-03 2.946164279279191167e-03 9.418480285997734083e-03 6.439086695647819845e-03 -2.935070881175941802e-03
