0.000000000000000000e+00 0.000000000000000000e+00 0.000000000000000000e+00 0.000000000000000000e+00 0.000000000000000000e+00
0.000000000000000000e+00 0.000000000000000000e+00 0.000000000000000000e+00 0.000000000000000000e+00 0.000000000000000000e+00
0.000000000000000000e+00 0.000000000000000000e+00 0.000000000000000000e+00 0.000000000000000000e+00 0.000000000000000000e+00
0.000000000000000000e+00 0.000000000000000000e+00 0.000000000000000000e+00 0.000000000000000000e+00 0.000000000000000000e+00
0.000000000000000000e+00 0.000000000000000000e+00 0.000000000000000000e+00 0.000000000000000000e+00 0.000000000000000000e+00
0.000000000000000000e+00 0.000000000000000000e+00 0.000000000000000000e+00 0.000000000000000000e+00 0.000000000000000000e+00
0.000000000000000000e+00 0.000000000000000000e+00 0.000000000000000000e+00 0.000000000000000000e+00 0.000000000000000000e+00
0.000000000000000000e+00 0.000000000000000000e+00 0.000000000000000000e+00 0.000000000000000000e+00 0.000000000000000000e+00
0.000000000000000000e+00 0.000000000000000000e+00 0.000000000000000000e+00 0.000000000000000000e+00 0.000000000000000000e+00
0.000000000000000000e+00 0.000000000000000000e+00 0.000000000000000000e+00 0.000000000000000000e+00 0.000000000000000000e+00
0.000000000000000000e+00 0.000000000000000000e+00 0.000000000000000000e+00 0.000000000000000000e+00 0.000000000000000000e+00
0.000000000000000000e+00 0.000000000000000000e+00 0.000000000000000000e+00 0.000000000000000000e+00 0.000000000000000000e+00
0.000000000000000000e+00 0.000000000000000000e+00 0.000000000000000000e+00 0.000000000000000000e+00 0.000000000000000000e+00
0.000000000000000000e+00 0.000000000000000000e+00 0.000000000000000000e+00 0.000000000000000000e+00 0.000000000000000000e+00
0.000000000000000000e+00 0.000000000000000000e+00 0.000000000000000000e+00 0.000000000000000000e+00 0.000000000000000000e+00
0.000000000000000000e+00 0.000000000000000000e+00 0.000000000000000000e+00 0.000000000000000000e+00 0.000000000000000000e+00
0.000000000000000000e+00 0.000000000000000000e+00 0.000000000000000000e+00 0.000000000000000000e+00 0.000000000000000000e+00
0.000000000000000000e+00 0.000000000000000000e+00 0.000000000000000000e+00 0.000000000000000000e+00 0.000000000000000000e+00
0.000000000000000000e+00 0.000000000000000000e+00 0.000000000000000000e+00 0.000000000000000000e+00 0.000000000000000000e+00
0.000000000000000000e+00 0.000000000000000000e+00 0.000000000000000000e+00 0.000000000000000000e+00 0.000000000000000000e+00
0.000000000000000000e+00 0.000000000000000000e+00 0.000000000000000000e+00 0.000000000000000000e+00 0.000000000000000000e+00
0.000000000000000000e+00 0.000000000000000000e+00 0.000000000000000000e+00 0.000000000000000000e+00 0.000000000000000000e+00
0.000000000000000000e+00 0.000000000000000000e+00 0.000000000000000000e+00 0.000000000000000000e+00 0.000000000000000000e+00
0.000000000000000000e+00 0.000000000000000000e+00 0.000000000000000000e+00 0.000000000000000000e+00 0.000000000000000000e+00
0.000000000000000000e+00 0.000000000000000000e+00 0.000000000000000000e+00 0.000000000000000000e+00 0.000000000000000000e+00
0.000000000000000000e+00 0.000000000000000000e+00 0.000000000000000000e+00 0.000000000000000000e+00 0.000000000000000000e+00
0.000000000000000000e+00 0.000000000000000000e+00 0.000000000000000000e+00 0.000000000000000000e+00 0.000000000000000000e+00
0.000000000000000000e+00 0.000000000000000000e+00 0.000000000000000000e+00 0.000000000000000000e+00 0.000000000000000000e+00
0.000000000000000000e+00 0.000000000000000000e+00 0.000000000000000000e+00 0.000000000000000000e+00 0.000000000000000000e+00
0.000000000000000000e+00 0.000000000000000000e+00 0.000000000000000000e+00 0.000000000000000000e+00 0.000000000000000000e+00
0.000000000000000000e+00 0.000000000000000000e+00 0.000000000000000000e+00 0.000000000000000000e+00 0.000000000000000000e+00
0.000000000000000000e+00 0.000000000000000000e+00 0.000000000000000000e+00 0.000000000000000000e+00 0.000000000000000000e+00
0.000000000000000000e+00 0.000000000000000000e+00 0.000000000000000000e+00 0.000000000000000000e+00 0.000000000000000000e+00
0.000000000000000000e+00 0.000000000000000000e+00 0.000000000000000000e+00 0.000000000000000000e+00 0.000000000000000000e+00
0.000000000000000000e+00 0.000000000000000000e+00 0.000000000000000000e+00 0.000000000000000000e+00 0.000000000000000000e+00
0.000000000000000000e+00 0.000000000000000000e+00 0.000000000000000000e+00 0.000000000000000000e+00 0.000000000000000000e+00
0.000000000000000000e+00 0.000000000000000000e+00 0.000000000000000000e+00 0.000000000000000000e+00 0.000000000000000000e+00
0.000000000000000000e+00 0.000000000000000000e+00 0.000000000000000000e+00 0.000000000000000000e+00 0.000000000000000000e+00
0.000000000000000000e+00 0.000000000000000000e+00 0.000000000000000000e+00 0.000000000000000000e+00 0.000000000000000000e+00
0.000000000000000000e+00 0.000000000000000000e+00 0.000000000000000000e+00 0.000000000000000000e+00 0.000000000000000000e+00
0.000000000000000000e+00 0.000000000000000000e+00 0.000000000000000000e+00 0.000000000000000000e+00 0.000000000000000000e+00
0.000000000000000000e+00 0.000000000000000000e+00 0.000000000000000000e+00 0.000000000000000000e+00 0.000000000000000000e+00
0.000000000000000000e+00 0.000000000000000000e+00 0.000000000000000000e+00 0.000000000000000000e+00 0.000000000000000000e+00
0.000000000000000000e+00 0.000000000000000000e+00 0.000000000000000000e+00 0.000000000000000000e+00 0.000000000000000000e+00
0.000000000000000000e+00 0.000000000000000000e+00 0.000000000000000000e+00 0.000000000000000000e+00 0.000000000000000000e+00
0.000000000000000000e+00 0.000000000000000000e+00 0.000000000000000000e+00 0.000000000000000000e+00 0.000000000000000000e+00
0.000000000000000000e+00 0.000000000000000000e+00 0.000000000000000000e+00 0.000000000000000000e+00 0.000000000000000000e+00
0.000000000000000000e+00 0.000000000000000000e+00 0.000000000000000000e+00 0.000000000000000000e+00 0.000000000000000000e+00
0.000000000000000000e+00 0.000000000000000000e+00 0.000000000000000000e+00 0.000000000000000000e+00 0.000000000000000000e+00
0.000000000000000000e+00 0.000000000000000000e+00 0.000000000000000000e+00 0.000000000000000000e+00 0.000000000000000000e+00
0.000000000000000000e+00 0.000000000000000000e+00 0.000000000000000000e+00 0.000000000000000000e+00 0.000000000000000000e+00
0.000000000000000000e+00 0.000000000000000000e+00 0.000000000000000000e+00 0.000000000000000000e+00 0.000000000000000000e+00
0.000000000000000000e+00 0.000000000000000000e+00 0.000000000000000000e+00 0.000000000000000000e+00 0.000000000000000000e+00
0.000000000000000000e+00 0.000000000000000000e+00 0.000000000000000000e+00 0.000000000000000000e+00 0.000000000000000000e+00
0.000000000000000000e+00 0.000000000000000000e+00 0.000000000000000000e+00 0.000000000000000000e+00 0.000000000000000000e+00
0.000000000000000000e+00 0.000000000000000000e+00 0.000000000000000000e+00 0.000000000000000000e+00 0.000000000000000000e+00
0.000000000000000000e+00 0.000000000000000000e+00 0.000000000000000000e+00 0.000000000000000000e+00 0.000000000000000000e+00
0.000000000000000000e+00 0.000000000000000000e+00 0.000000000000000000e+00 0.000000000000000000e+00 0.000000000000000000e+00
0.000000000000000000e+00 0.000000000000000000e+00 0.000000000000000000e+00 0.000000000000000000e+00 0.000000000000000000e+00
0.000000000000000000e+00 0.000000000000000000e+00 0.000000000000000000e+00 0.000000000000000000e+00 0.000000000000000000e+00
0.000000000000000000e+00 0.000000000000000000e+00 0.000000000000000000e+00 0.000000000000000000e+00 0.000000000000000000e+00
0.000000000000000000e+00 0.000000000000000000e+00 0.000000000000000000e+00 0.000000000000000000e+00 0.000000000000000000e+00
0.000000000000000000e+00 0.000000000000000000e+00 0.000000000000000000e+00 0.000000000000000000e+00 0.000000000000000000e+00
0.000000000000000000e+00 0.000000000000000000e+00 0.000000000000000000e+00 0.000000000000000000e+00 0.000000000000000000e+00
0.000000000000000000e+00 0.000000000000000000e+00 0.000000000000000000e+00 0.000000000000000000e+00 0.000000000000000000e+00
0.000000000000000000e+00 0.000000000000000000e+00 0.000000000000000000e+00 0.000000000000000000e+00 0.000000000000000000e+00
0.000000000000000000e+00 0.000000000000000000e+00 0.000000000000000000e+00 0.000000000000000000e+00 0.000000000000000000e+00
0.000000000000000000e+00 0.000000000000000000e+00 0.000000000000000000e+00 0.000000000000000000e+00 0.000000000000000000e+00
0.000000000000000000e+00 0.000000000000000000e+00 0.000000000000000000e+00 0.000000000000000000e+00 0.000000000000000000e+00
0.000000000000000000e+00 0.000000000000000000e+00 0.000000000000000000e+00 0.000000000000000000e+00 0.000000000000000000e+00
0.000000000000000000e+00 0.000000000000000000e+00 0.000000000000000000e+00 0.000000000000000000e+00 0.000000000000000000e+00
0.000000000000000000e+00 0.000000000000000000e+00 0.000000000000000000e+00 0.000000000000000000e+00 0.000000000000000000e+00
0.000000000000000000e+00 0.000000000000000000e+00 0.000000000000000000e+00 0.000000000000000000e+00 0.000000000000000000e+00
0.000000000000000000e+00 0.000000000000000000e+00 0.000000000000000000e+00 0.000000000000000000e+00 0.000000000000000000e+00
0.000000000000000000e+00 0.000000000000000000e+00 0.000000000000000000e+00 0.000000000000000000e+00 0.000000000000000000e+00
0.000000000000000000e+00 0.000000000000000000e+00 0.000000000000000000e+00 0.000000000000000000e+00 0.000000000000000000e+00
0.000000000000000000e+00 0.000000000000000000e+00 0.000000000000000000e+00 0.000000000000000000e+00 0.000000000000000000e+00
0.000000000000000000e+00 0.000000000000000000e+00 0.000000000000000000e+00 0.000000000000000000e+00 0.000000000000000000e+00
0.000000000000000000e+00 0.000000000000000000e+00 0.000000000000000000e+00 0.000000000000000000e+00 0.000000000000000000e+00
0.000000000000000000e+00 0.000000000000000000e+00 0.000000000000000000e+00 0.000000000000000000e+00 0.000000000000000000e+00
0.000000000000000000e+00 0.000000000000000000e+00 0.000000000000000000e+00 0.000000000000000000e+00 0.000000000000000000e+00
0.000000000000000000e+00 0.000000000000000000e+00 0.000000000000000000e+00 0.000000000000000000e+00 0.000000000000000000e+00
0.000000000000000000e+00 0.000000000000000000e+00 0.000000000000000000e+00 0.000000000000000000e+00 0.000000000000000000e+00
0.000000000000000000e+00 0.000000000000000000e+00 0.000000000000000000e+00 0.000000000000000000e+00 0.000000000000000000e+00
0.000000000000000000e+00 0.000000000000000000e+00 0.000000000000000000e+00 0.000000000000000000e+00 0.000000000000000000e+00
0.000000000000000000e+00 0.000000000000000000e+00 0.000000000000000000e+00 0.000000000000000000e+00 0.000000000000000000e+00
0.000000000000000000e+00 0.000000000000000000e+00 0.000000000000000000e+00 0.000000000000000000e+00 0.000000000000000000e+00
0.000000000000000000e+00 0.000000000000000000e+00 0.000000000000000000e+00 0.000000000000000000e+00 0.000000000000000000e+00
0.000000000000000000e+00 0.000000000000000000e+00 0.000000000000000000e+00 0.000000000000000000e+00 0.000000000000000000e+00
0.000000000000000000e+00 0.000000000000000000e+00 0.000000000000000000e+00 0.000000000000000000e+00 0.000000000000000000e+00
0.000000000000000000e+00 0.000000000000000000e+00 0.000000000000000000e+00 0.000000000000000000e+00 0.000000000000000000e+00
0.000000000000000000e+00 0.000000000000000000e+00 0.000000000000000000e+00 0.000000000000000000e+00 0.000000000000000000e+00
0.000000000000000000e+00 0.000000000000000000e+00 0.000000000000000000e+00 0.000000000000000000e+00 0.000000000000000000e+00
0.000000000000000000e+00 0.000000000000000000e+00 0.000000000000000000e+00 0.000000000000000000e+00 0.000000000000000000e+00
0.000000000000000000e+00 0.000000000000000000e+00 0.000000000000000000e+00 0.000000000000000000e+00 0.000000000000000000e+00
0.000000000000000000e+00 0.000000000000000000e+00 0.000000000000000000e+00 0.000000000000000000e+00 0.000000000000000000e+00
0.000000000000000000e+00 0.000000000000000000e+00 0.000000000000000000e+00 0.000000000000000000e+00 0.000000000000000000e+00
0.000000000000000000e+00 0.000000000000000000e+00 0.000000000000000000e+00 0.000000000000000000e+00 0.000000000000000000e+00
0.000000000000000000e+00 0.000000000000000000e+00 0.000000000000000000e+00 0.000000000000000000e+00 0.000000000000000000e+00
0.000000000000000000e+00 0.000000000000000000e+00 0.000000000000000000e+00 0.000000000000000000e+00 0.000000000000000000e+00
0.000000000000000000e+00 0.000000000000000000e+00 0.000000000000000000e+00 0.000000000000000000e+00 0.000000000000000000e+00
0.000000000000000000e+00 0.000000000000000000e+00 0.000000000000000000e+00 0.000000000000000000e+00 0.000000000000000000e+00
0.000000000000000000e+00 0.000000000000000000e+00 0.000000000000000000e+00 0.000000000000000000e+00 0.000000000000000000e+00
0.000000000000000000e+00 0.000000000000000000e+00 0.000000000000000000e+00 0.000000000000000000e+00 0.000000000000000000e+00
0.000000000000000000e+00 0.000000000000000000e+00 0.000000000000000000e+00 0.000000000000000000e+00 0.000000000000000000e+00
0.000000000000000000e+00 0.000000000000000000e+00 0.000000000000000000e+00 0.000000000000000000e+00 0.000000000000000000e+00
0.000000000000000000e+00 0.000000000000000000e+00 0.000000000000000000e+00 0.000000000000000000e+00 0.000000000000000000e+00
0.000000000000000000e+00 0.000000000000000000e+00 0.000000000000000000e+00 0.000000000000000000e+00 0.000000000000000000e+00
0.000000000000000000e+00 0.000000000000000000e+00 0.000000000000000000e+00 0.000000000000000000e+00 0.000000000000000000e+00
0.000000000000000000e+00 0.000000000000000000e+00 0.000000000000000000e+00 0.000000000000000000e+00 0.000000000000000000e+00
0.000000000000000000e+00 0.000000000000000000e+00 0.000000000000000000e+00 0.000000000000000000e+00 0.000000000000000000e+00
0.000000000000000000e+00 0.000000000000000000e+00 0.000000000000000000e+00 0.000000000000000000e+00 0.000000000000000000e+00
0.000000000000000000e+00 0.000000000000000000e+00 0.000000000000000000e+00 0.000000000000000000e+00 0.000000000000000000e+00
0.000000000000000000e+00 0.000000000000000000e+00 0.000000000000000000e+00 0.000000000000000000e+00 0.000000000000000000e+00
0.000000000000000000e+00 0.000000000000000000e+00 0.000000000000000000e+00 0.000000000000000000e+00 0.000000000000000000e+00
0.000000000000000000e+00 0.000000000000000000e+00 0.000000000000000000e+00 0.000000000000000000e+00 0.000000000000000000e+00
0.000000000000000000e+00 0.000000000000000000e+00 0.000000000000000000e+00 0.000000000000000000e+00 0.000000000000000000e+00
0.000000000000000000e+00 0.000000000000000000e+00 0.000000000000000000e+00 0.000000000000000000e+00 0.000000000000000000e+00
0.000000000000000000e+00 0.000000000000000000e+00 0.000000000000000000e+00 0.000000000000000000e+00 0.000000000000000000e+00
0.000000000000000000e+00 0.000000000000000000e+00 0.000000000000000000e+00 0.000000000000000000e+00 0.000000000000000000e+00
0.000000000000000000e+00 0.000000000000000000e+00 0.000000000000000000e+00 0.000000000000000000e+00 0.000000000000000000e+00
0.000000000000000000e+00 0.000000000000000000e+00 0.000000000000000000e+00 0.000000000000000000e+00 0.000000000000000000e+00
0.000000000000000000e+00 0.000000000000000000e+00 0.000000000000000000e+00 0.000000000000000000e+00 0.000000000000000000e+00
0.000000000000000000e+00 0.000000000000000000e+00 0.000000000000000000e+00 0.000000000000000000e+00 0.000000000000000000e+00
0.000000000000000000e+00 0.000000000000000000e+00 0.000000000000000000e+00 0.000000000000000000e+00 0.000000000000000000e+00
0.000000000000000000e+00 0.000000000000000000e+00 0.000000000000000000e+00 0.000000000000000000e+00 0.000000000000000000e+00
0.000000000000000000e+00 0.000000000000000000e+00 0.000000000000000000e+00 0.000000000000000000e+00 0.000000000000000000e+00
0.000000000000000000e+00 0.000000000000000000e+00 0.000000000000000000e+00 0.000000000000000000e+00 0.000000000000000000e+00
0.000000000000000000e+00 0.000000000000000000e+00 0.000000000000000000e+00 0.000000000000000000e+00 0.000000000000000000e+00
0.000000000000000000e+00 0.000000000000000000e+00 0.000000000000000000e+00 0.000000000000000000e+00 0.000000000000000000e+00
0.000000000000000000e+00 0.000000000000000000e+00 0.000000000000000000e+00 0.000000000000000000e+00 0.000000000000000000e+00
0.000000000000000000e+00 0.000000000000000000e+00 0.000000000000000000e+00 0.000000000000000000e+00 0.000000000000000000e+00
0.000000000000000000e+00 0.000000000000000000e+00 0.000000000000000000e+00 0.000000000000000000e+00 0.000000000000000000e+00
0.000000000000000000e+00 0.000000000000000000e+00 0.000000000000000000e+00 0.000000000000000000e+00 0.000000000000000000e+00
0.000000000000000000e+00 0.000000000000000000e+00 0.000000000000000000e+00 0.000000000000000000e+00 0.000000000000000000e+00
0.000000000000000000e+00 0.000000000000000000e+00 0.000000000000000000e+00 0.000000000000000000e+00 0.000000000000000000e+00
0.000000000000000000e+00 0.000000000000000000e+00 0.000000000000000000e+00 0.000000000000000000e+00 0.000000000000000000e+00
0.000000000000000000e+00 0.000000000000000000e+00 0.000000000000000000e+00 0.000000000000000000e+00 0.000000000000000000e+00
0.000000000000000000e+00 0.000000000000000000e+00 0.000000000000000000e+00 0.000000000000000000e+00 0.000000000000000000e+00
0.000000000000000000e+00 0.000000000000000000e+00 0.000000000000000000e+00 0.000000000000000000e+00 0.000000000000000000e+00
0.000000000000000000e+00 0.000000000000000000e+00 0.000000000000000000e+00 0.000000000000000000e+00 0.000000000000000000e+00
0.000000000000000000e+00 0.000000000000000000e+00 0.000000000000000000e+00 0.000000000000000000e+00 0.000000000000000000e+00
0.000000000000000000e+00 0.000000000000000000e+00 0.000000000000000000e+00 0.000000000000000000e+00 0.000000000000000000e+00
0.000000000000000000e+00 0.000000000000000000e+00 0.000000000000000000e+00 0.000000000000000000e+00 0.000000000000000000e+00
0.000000000000000000e+00 0.000000000000000000e+00 0.000000000000000000e+00 0.000000000000000000e+00 0.000000000000000000e+00
0.000000000000000000e+00 0.000000000000000000e+00 0.000000000000000000e+00 0.000000000000000000e+00 0.000000000000000000e+00
0.000000000000000000e+00 0.000000000000000000e+00 0.000000000000000000e+00 0.000000000000000000e+00 0.000000000000000000e+00
0.000000000000000000e+00 0.000000000000000000e+00 0.000000000000000000e+00 0.000000000000000000e+00 0.000000000000000000e+00
0.000000000000000000e+00 0.000000000000000000e+00 0.000000000000000000e+00 0.000000000000000000e+00 0.000000000000000000e+00
0.000000000000000000e+00 0.000000000000000000e+00 0.000000000000000000e+00 0.000000000000000000e+00 0.000000000000000000e+00
0.000000000000000000e+00 0.000000000000000000e+00 0.000000000000000000e+00 0.000000000000000000e+00 0.000000000000000000e+00
0.000000000000000000e+00 0.000000000000000000e+00 0.000000000000000000e+00 0.000000000000000000e+00 0.000000000000000000e+00
0.000000000000000000e+00 0.000000000000000000e+00 0.000000000000000000e+00 0.000000000000000000e+00 0.000000000000000000e+00
0.000000000000000000e+00 0.000000000000000000e+00 0.000000000000000000e+00 0.000000000000000000e+00 0.000000000000000000e+00
0.000000000000000000e+00 0.000000000000000000e+00 0.000000000000000000e+00 0.000000000000000000e+00 0.000000000000000000e+00
0.000000000000000000e+00 0.000000000000000000e+00 0.000000000000000000e+00 0.000000000000000000e+00 0.000000000000000000e+00
0.000000000000000000e+00 0.000000000000000000e+00 0.000000000000000000e+00 0.000000000000000000e+00 0.000000000000000000e+00
0.000000000000000000e+00 0.000000000000000000e+00 0.000000000000000000e+00 0.000000000000000000e+00 0.000000000000000000e+00
0.000000000000000000e+00 0.000000000000000000e+00 0.000000000000000000e+00 0.000000000000000000e+00 0.000000000000000000e+00
0.000000000000000000e+00 0.000000000000000000e+00 0.000000000000000000e+00 0.000000000000000000e+00 0.000000000000000000e+00
0.000000000000000000e+00 0.000000000000000000e+00 0.000000000000000000e+00 0.000000000000000000e+00 0.000000000000000000e+00
0.000000000000000000e+00 0.000000000000000000e+00 0.000000000000000000e+00 0.000000000000000000e+00 0.000000000000000000e+00
0.000000000000000000e+00 0.000000000000000000e+00 0.000000000000000000e+00 0.000000000000000000e+00 0.000000000000000000e+00
0.000000000000000000e+00 0.000000000000000000e+00 0.000000000000000000e+00 0.000000000000000000e+00 0.000000000000000000e+00
0.000000000000000000e+00 0.000000000000000000e+00 0.000000000000000000e+00 0.000000000000000000e+00 0.000000000000000000e+00
0.000000000000000000e+00 0.000000000000000000e+00 0.000000000000000000e+00 0.000000000000000000e+00 0.000000000000000000e+00
0.000000000000000000e+00 0.000000000000000000e+00 0.000000000000000000e+00 0.000000000000000000e+00 0.000000000000000000e+00
0.000000000000000000e+00 0.000000000000000000e+00 0.000000000000000000e+00 0.000000000000000000e+00 0.000000000000000000e+00
0.000000000000000000e+00 0.000000000000000000e+00 0.000000000000000000e+00 0.000000000000000000e+00 0.000000000000000000e+00
0.000000000000000000e+00 0.000000000000000000e+00 0.000000000000000000e+00 0.000000000000000000e+00 0.000000000000000000e+00
0.000000000000000000e+00 0.000000000000000000e+00 0.000000000000000000e+00 0.000000000000000000e+00 0.000000000000000000e+00
0.000000000000000000e+00 0.000000000000000000e+00 0.000000000000000000e+00 0.000000000000000000e+00 0.000000000000000000e+00
0.000000000000000000e+00 0.000000000000000000e+00 0.000000000000000000e+00 0.000000000000000000e+00 0.000000000000000000e+00
0.000000000000000000e+00 0.000000000000000000e+00 0.000000000000000000e+00 0.000000000000000000e+00 0.000000000000000000e+00
0.000000000000000000e+00 0.000000000000000000e+00 0.000000000000000000e+00 0.000000000000000000e+00 0.000000000000000000e+00
0.000000000000000000e+00 0.000000000000000000e+00 0.000000000000000000e+00 0.000000000000000000e+00 0.000000000000000000e+00
0.000000000000000000e+00 0.000000000000000000e+00 0.000000000000000000e+00 0.000000000000000000e+00 0.000000000000000000e+00
0.000000000000000000e+00 0.000000000000000000e+00 0.000000000000000000e+00 0.000000000000000000e+00 0.000000000000000000e+00
0.000000000000000000e+00 0.000000000000000000e+00 0.000000000000000000e+00 0.000000000000000000e+00 0.000000000000000000e+00
0.000000000000000000e+00 0.000000000000000000e+00 0.000000000000000000e+00 0.000000000000000000e+00 0.000000000000000000e+00
0.000000000000000000e+00 0.000000000000000000e+00 0.000000000000000000e+00 0.000000000000000000e+00 0.000000000000000000e+00
0.000000000000000000e+00 0.000000000000000000e+00 0.000000000000000000e+00 0.000000000000000000e+00 0.000000000000000000e+00
0.000000000000000000e+00 0.000000000000000000e+00 0.000000000000000000e+00 0.000000000000000000e+00 0.000000000000000000e+00
0.000000000000000000e+00 0.000000000000000000e+00 0.000000000000000000e+00 0.000000000000000000e+00 0.000000000000000000e+00
0.000000000000000000e+00 0.000000000000000000e+00 0.000000000000000000e+00 0.000000000000000000e+00 0.000000000000000000e+00
0.000000000000000000e+00 0.000000000000000000e+00 0.000000000000000000e+00 0.000000000000000000e+00 0.000000000000000000e+00
0.000000000000000000e+00 0.000000000000000000e+00 0.000000000000000000e+00 0.000000000000000000e+00 0.000000000000000000e+00
0.000000000000000000e+00 0.000000000000000000e+00 0.000000000000000000e+00 0.000000000000000000e+00 0.000000000000000000e+00
0.000000000000000000e+00 0.000000000000000000e+00 0.000000000000000000e+00 0.000000000000000000e+00 0.000000000000000000e+00
0.000000000000000000e+00 0.000000000000000000e+00 0.000000000000000000e+00 0.000000000000000000e+00 0.000000000000000000e+00
0.000000000000000000e+00 0.000000000000000000e+00 0.000000000000000000e+00 0.000000000000000000e+00 0.000000000000000000e+00
0.000000000000000000e+00 0.000000000000000000e+00 0.000000000000000000e+00 0.000000000000000000e+00 0.000000000000000000e+00
0.000000000000000000e+00 0.000000000000000000e+00 0.000000000000000000e+00 0.000000000000000000e+00 0.000000000000000000e+00
0.000000000000000000e+00 0.000000000000000000e+00 0.000000000000000000e+00 0.000000000000000000e+00 0.000000000000000000e+00
0.000000000000000000e+00 0.000000000000000000e+00 0.000000000000000000e+00 0.000000000000000000e+00 0.000000000000000000e+00
0.000000000000000000e+00 0.000000000000000000e+00 0.000000000000000000e+00 0.000000000000000000e+00 0.000000000000000000e+00
0.000000000000000000e+00 0.000000000000000000e+00 0.000000000000000000e+00 0.000000000000000000e+00 0.000000000000000000e+00
0.000000000000000000e+00 0.000000000000000000e+00 0.000000000000000000e+00 0.000000000000000000e+00 0.000000000000000000e+00
0.000000000000000000e+00 0.000000000000000000e+00 0.000000000000000000e+00 0.000000000000000000e+00 0.000000000000000000e+00
0.000000000000000000e+00 0.000000000000000000e+00 0.000000000000000000e+00 0.000000000000000000e+00 0.000000000000000000e+00
0.000000000000000000e+00 0.000000000000000000e+00 0.000000000000000000e+00 0.000000000000000000e+00 0.000000000000000000e+00
0.000000000000000000e+00 0.000000000000000000e+00 0.000000000000000000e+00 0.000000000000000000e+00 0.000000000000000000e+00
0.000000000000000000e+00 0.000000000000000000e+00 0.000000000000000000e+00 0.000000000000000000e+00 0.000000000000000000e+00
0.000000000000000000e+00 0.000000000000000000e+00 0.000000000000000000e+00 0.000000000000000000e+00 0.000000000000000000e+00
0.000000000000000000e+00 0.000000000000000000e+00 0.000000000000000000e+00 0.000000000000000000e+00 0.000000000000000000e+00
0.000000000000000000e+00 0.000000000000000000e+00 0.000000000000000000e+00 0.000000000000000000e+00 0.000000000000000000e+00
0.000000000000000000e+00 0.000000000000000000e+00 0.000000000000000000e+00 0.000000000000000000e+00 0.000000000000000000e+00
0.000000000000000000e+00 0.000000000000000000e+00 0.000000000000000000e+00 0.000000000000000000e+00 0.000000000000000000e+00
0.000000000000000000e+00 0.000000000000000000e+00 0.000000000000000000e+00 0.000000000000000000e+00 0.000000000000000000e+00
0.000000000000000000e+00 0.000000000000000000e+00 0.000000000000000000e+00 0.000000000000000000e+00 0.000000000000000000e+00
0.000000000000000000e+00 0.000000000000000000e+00 0.000000000000000000e+00 0.000000000000000000e+00 0.000000000000000000e+00
0.000000000000000000e+00 0.000000000000000000e+00 0.000000000000000000e+00 0.000000000000000000e+00 0.000000000000000000e+00
0.000000000000000000e+00 0.000000000000000000e+00 0.000000000000000000e+00 0.000000000000000000e+00 0.000000000000000000e+00
0.000000000000000000e+00 0.000000000000000000e+00 0.000000000000000000e+00 0.000000000000000000e+00 0.000000000000000000e+00
0.000000000000000000e+00 0.000000000000000000e+00 0.000000000000000000e+00 0.000000000000000000e+00 0.000000000000000000e+00
0.000000000000000000e+00 0.000000000000000000e+00 0.000000000000000000e+00 0.000000000000000000e+00 0.000000000000000000e+00
0.000000000000000000e+00 0.000000000000000000e+00 0.000000000000000000e+00 0.000000000000000000e+00 0.000000000000000000e+00
0.000000000000000000e+00 0.000000000000000000e+00 0.000000000000000000e+00 0.000000000000000000e+00 0.000000000000000000e+00
0.000000000000000000e+00 0.000000000000000000e+00 0.000000000000000000e+00 0.000000000000000000e+00 0.000000000000000000e+00
0.000000000000000000e+00 0.000000000000000000e+00 0.000000000000000000e+00 0.000000000000000000e+00 0.000000000000000000e+00
0.000000000000000000e+00 0.000000000000000000e+00 0.000000000000000000e+00 0.000000000000000000e+00 0.000000000000000000e+00
0.000000000000000000e+00 0.000000000000000000e+00 0.000000000000000000e+00 0.000000000000000000e+00 0.000000000000000000e+00
0.000000000000000000e+00 0.000000000000000000e+00 0.000000000000000000e+00 0.000000000000000000e+00 0.000000000000000000e+00
0.000000000000000000e+00 0.000000000000000000e+00 0.000000000000000000e+00 0.000000000000000000e+00 0.000000000000000000e+00
0.000000000000000000e+00 0.000000000000000000e+00 0.000000000000000000e+00 0.000000000000000000e+00 0.000000000000000000e+00
0.000000000000000000e+00 0.000000000000000000e+00 0.000000000000000000e+00 0.000000000000000000e+00 0.000000000000000000e+00
0.000000000000000000e+00 0.000000000000000000e+00 0.000000000000000000e+00 0.000000000000000000e+00 0.000000000000000000e+00
0.000000000000000000e+00 0.000000000000000000e+00 0.000000000000000000e+00 0.000000000000000000e+00 0.000000000000000000e+00
0.000000000000000000e+00 0.000000000000000000e+00 0.000000000000000000e+00 0.000000000000000000e+00 0.000000000000000000e+00
0.000000000000000000e+00 0.000000000000000000e+00 0.000000000000000000e+00 0.000000000000000000e+00 0.000000000000000000e+00
0.000000000000000000e+00 0.000000000000000000e+00 0.000000000000000000e+00 0.000000000000000000e+00 0.000000000000000000e+00
0.000000000000000000e+00 0.000000000000000000e+00 0.000000000000000000e+00 0.000000000000000000e+00 0.000000000000000000e+00
0.000000000000000000e+00 0.000000000000000000e+00 0.000000000000000000e+00 0.000000000000000000e+00 0.000000000000000000e+00
0.000000000000000000e+00 0.000000000000000000e+00 0.000000000000000000e+00 0.000000000000000000e+00 0.000000000000000000e+00
0.000000000000000000e+00 0.000000000000000000e+00 0.000000000000000000e+00 0.000000000000000000e+00 0.000000000000000000e+00
0.000000000000000000e+00 0.000000000000000000e+00 0.000000000000000000e+00 0.000000000000000000e+00 0.000000000000000000e+00
0.000000000000000000e+00 0.000000000000000000e+00 0.000000000000000000e+00 0.000000000000000000e+00 0.000000000000000000e+00
0.000000000000000000e+00 0.000000000000000000e+00 0.000000000000000000e+00 0.000000000000000000e+00 0.000000000000000000e+00
0.000000000000000000e+00 0.000000000000000000e+00 0.000000000000000000e+00 0.000000000000000000e+00 0.000000000000000000e+00
0.000000000000000000e+00 0.000000000000000000e+00 0.000000000000000000e+00 0.000000000000000000e+00 0.000000000000000000e+00
0.000000000000000000e+00 0.000000000000000000e+00 0.000000000000000000e+00 0.000000000000000000e+00 0.000000000000000000e+00
0.000000000000000000e+00 0.000000000000000000e+00 0.000000000000000000e+00 0.000000000000000000e+00 0.000000000000000000e+00
0.000000000000000000e+00 0.000000000000000000e+00 0.000000000000000000e+00 0.000000000000000000e+00 0.000000000000000000e+00
0.000000000000000000e+00 0.000000000000000000e+00 0.000000000000000000e+00 0.000000000000000000e+00 0.000000000000000000e+00
0.000000000000000000e+00 0.000000000000000000e+00 0.000000000000000000e+00 0.000000000000000000e+00 0.000000000000000000e+00
0.000000000000000000e+00 0.000000000000000000e+00 0.000000000000000000e+00 0.000000000000000000e+00 0.000000000000000000e+00
0.000000000000000000e+00 0.000000000000000000e+00 0.000000000000000000e+00 0.000000000000000000e+00 0.000000000000000000e+00
0.000000000000000000e+00 0.000000000000000000e+00 0.000000000000000000e+00 0.000000000000000000e+00 0.000000000000000000e+00
0.000000000000000000e+00 0.000000000000000000e+00 0.000000000000000000e+00 0.000000000000000000e+00 0.000000000000000000e+00
0.000000000000000000e+00 0.000000000000000000e+00 0.000000000000000000e+00 0.000000000000000000e+00 0.000000000000000000e+00
0.000000000000000000e+00 0.000000000000000000e+00 0.000000000000000000e+00 0.000000000000000000e+00 0.000000000000000000e+00
0.000000000000000000e+00 0.000000000000000000e+00 0.000000000000000000e+00 0.000000000000000000e+00 0.000000000000000000e+00
0.000000000000000000e+00 0.000000000000000000e+00 0.000000000000000000e+00 0.000000000000000000e+00 0.000000000000000000e+00
0.000000000000000000e+00 0.000000000000000000e+00 0.000000000000000000e+00 0.000000000000000000e+00 0.000000000000000000e+00
0.000000000000000000e+00 0.000000000000000000e+00 0.000000000000000000e+00 0.000000000000000000e+00 0.000000000000000000e+00
0.000000000000000000e+00 0.000000000000000000e+00 0.000000000000000000e+00 0.000000000000000000e+00 0.000000000000000000e+00
0.000000000000000000e+00 0.000000000000000000e+00 0.000000000000000000e+00 0.000000000000000000e+00 0.000000000000000000e+00
0.000000000000000000e+00 0.000000000000000000e+00 0.000000000000000000e+00 0.000000000000000000e+00 0.000000000000000000e+00
0.000000000000000000e+00 0.000000000000000000e+00 0.000000000000000000e+00 0.000000000000000000e+00 0.000000000000000000e+00
0.000000000000000000e+00 0.000000000000000000e+00 0.000000000000000000e+00 0.000000000000000000e+00 0.000000000000000000e+00
0.000000000000000000e+00 0.000000000000000000e+00 0.000000000000000000e+00 0.000000000000000000e+00 0.000000000000000000e+00
0.000000000000000000e+00 0.000000000000000000e+00 0.000000000000000000e+00 0.000000000000000000e+00 0.000000000000000000e+00
0.000000000000000000e+00 0.000000000000000000e+00 0.000000000000000000e+00 0.000000000000000000e+00 0.000000000000000000e+00
0.000000000000000000e+00 0.000000000000000000e+00 0.000000000000000000e+00 0.000000000000000000e+00 0.000000000000000000e+00
0.000000000000000000e+00 0.000000000000000000e+00 0.000000000000000000e+00 0.000000000000000000e+00 0.000000000000000000e+00
0.000000000000000000e+00 0.000000000000000000e+00 0.000000000000000000e+00 0.000000000000000000e+00 0.000000000000000000e+00
0.000000000000000000e+00 0.000000000000000000e+00 0.000000000000000000e+00 0.000000000000000000e+00 0.000000000000000000e+00
0.000000000000000000e+00 0.000000000000000000e+00 0.000000000000000000e+00 0.000000000000000000e+00 0.000000000000000000e+00
0.000000000000000000e+00 0.000000000000000000e+00 0.000000000000000000e+00 0.000000000000000000e+00 0.000000000000000000e+00
0.000000000000000000e+00 0.000000000000000000e+00 0.000000000000000000e+00 0.000000000000000000e+00 0.000000000000000000e+00
0.000000000000000000e+00 0.000000000000000000e+00 0.000000000000000000e+00 0.000000000000000000e+00 0.000000000000000000e+00
0.000000000000000000e+00 0.000000000000000000e+00 0.000000000000000000e+00 0.000000000000000000e+00 0.000000000000000000e+00
0.000000000000000000e+00 0.000000000000000000e+00 0.000000000000000000e+00 0.000000000000000000e+00 0.000000000000000000e+00
0.000000000000000000e+00 0.000000000000000000e+00 0.000000000000000000e+00 0.000000000000000000e+00 0.000000000000000000e+00
0.000000000000000000e+00 0.000000000000000000e+00 0.000000000000000000e+00 0.000000000000000000e+00 0.000000000000000000e+00
-6.544578971547802659e+00 -6.485826640898332052e+00 1.002993347512997346e-01 6.543726978086104040e+00 6.490778452736007509e+00
-5.359954878756898466e+00 -7.232165275584380382e+00 -1.839659164112685819e+00 5.356237460662594430e+00 7.237571769610769756e+00
-3.636038000349688826e+00 -7.286837690537256940e+00 -3.629460740080817427e+00 3.630387883293509699e+00 7.290874064161392276e+00
-1.642917473846856824e+00 -6.708334690255385979e+00 -5.055781250967538831e+00 1.637027217883091579e+00 6.709539097277390951e+00
3.462115245165977573e-01 -5.642686455322328598e+00 -5.990340128922491125e+00 -3.506197136690819005e-01 5.640683818356215795e+00
2.138109221262087800e+00 -4.252966990567027317e+00 -6.402679940091635657e+00 -2.140019428702713444e+00 4.248500422332228688e+00
3.620903221357189228e+00 -2.683960684261537555e+00 -6.325700330950399852e+00 -3.620274980616442928e+00 2.678406727830298983e+00
4.736173503447735911e+00 -1.053170982905427211e+00 -5.818238502549231583e+00 -4.733719942575376649e+00 1.047935272616825397e+00
5.453754625865411931e+00 5.408088432564123194e-01 -4.948144979275984845e+00 -5.450514810265087995e+00 -5.447229387350244201e-01
5.760869083044567240e+00 2.007366298461397580e+00 -3.792561244811409882e+00 -5.757825044232829370e+00 -2.009527784039896847e+00
5.663289597789986196e+00 3.261285773087912343e+00 -2.441935357355573544e+00 -5.661121310739041235e+00 -3.261803062813336318e+00
5.189875411308823239e+00 4.229053612935063988e+00 -9.984303664509646126e-01 -5.188851175278987427e+00 -4.228424334799549378e+00
4.393724572805347783e+00 4.858035578651398900e+00 4.320278475526100337e-01 -4.393708610322819119e+00 -4.856937577644659498e+00
3.348421006167135783e+00 5.122777341909257487e+00 1.749819939209859898e+00 -3.348980309249182774e+00 -5.121848531342198640e+00
2.141026712196913540e+00 5.026266652694676651e+00 2.870004468366990746e+00 -2.141604313032979157e+00 -5.025927046715016999e+00
8.640172896598279362e-01 4.597159155209725512e+00 3.727770172010542726e+00 -8.641204868315189858e-01 -4.597520051870758628e+00
-3.921808350012335742e-01 3.885080468514060303e+00 4.281370014413736769e+00 3.928332287311660509e-01 -3.885956825852513230e+00
-1.545310770240255316e+00 2.955449781060550229e+00 4.513193178933422978e+00 1.546721654757489572e+00 -2.956458148467584035e+00
-2.526054755810591690e+00 1.884081347084721081e+00 4.429203473018842985e+00 2.527971930215518359e+00 -1.884782421710343492e+00
-3.281480412601974095e+00 7.513930983301773114e-01 4.056604950757147776e+00 3.283489932215249762e+00 -7.514313961906772255e-01
-3.776927726555144194e+00 -3.634523544153183683e-01 3.439838412610487062e+00 3.778580299859116032e+00 3.642498349870954000e-01
-3.996258277053876817e+00 -1.387706242388450972e+00 2.635616336383740599e+00 3.997189522072517320e+00 1.389291716687739653e+00
-3.940937515379013600e+00 -2.259010106669547380e+00 1.707967605721865789e+00 3.940952632848316206e+00 2.261137194805426187e+00
-3.628734380543321425e+00 -2.928344038913772263e+00 7.239382446344908573e-01 3.627842526746938301e+00 2.930636798446688118e+00
-3.092476351848087113e+00 -3.362366737690956064e+00 -2.500258060222571022e-01 3.090873720968006833e+00 3.364414417368549959e+00
-2.378513938270800931e+00 -3.545238861217776538e+00 -1.151452105853887131e+00 2.376524924615020851e+00 3.546692411040481385e+00
-1.544033926876116292e+00 -3.479456733795531331e+00 -1.925365080260593498e+00 1.542027405954735642e+00 3.480103950612480013e+00
-6.526767919953508912e-01 -3.185003174318944641e+00 -2.527817202600830981e+00 6.509797238927796936e-01 3.184804875307831296e+00
2.311126748619029836e-01 -2.696557334305265119e+00 -2.928745571583613927e+00 -2.322818389529358318e-01 2.695637853101354064e+00
1.047742668874814598e+00 -2.059309790028966081e+00 -3.113444917572790516e+00 -1.048305197993245841e+00 2.057908816770359639e+00
1.746868258465310131e+00 -1.324443171527318830e+00 -3.082449170822742612e+00 -1.746877608509266766e+00 1.322846848756557003e+00
2.289986925406302998e+00 -5.451752186697574887e-01 -2.850185442500573263e+00 -2.289590957953833161e+00 5.436477299764929105e-01
2.651523961229148796e+00 2.263531661092617608e-01 -2.442970510383169813e+00 -2.650911997122709973e+00 -2.276206447302193958e-01
2.819026444387473074e+00 9.415939427125913364e-01 -1.896715991201520346e+00 -2.818376664995218661e+00 -9.425082568799575400e-01
2.792884687197320304e+00 1.557879767207823507e+00 -1.254387873226366468e+00 -2.792323910669444409e+00 -1.558443988755752407e+00
2.585634184871933083e+00 2.040618768608744915e+00 -5.631320230668334093e-01 -2.585217152895547876e+00 -2.040908573521320601e+00
2.220695864999460589e+00 2.365226599714709721e+00 1.289123929795506496e-01 -2.220406104525562085e+00 -2.365353458279424448e+00
1.730457566134532055e+00 2.518479716153254611e+00 7.758956013670915697e-01 -1.730227010361344187e+00 -2.518551346458363760e+00
1.153761564356001523e+00 2.499035349670976736e+00 1.337315852138411643e+00 -1.153501953235765765e+00 -2.499123600536946821e+00
5.330045098183450181e-01 2.317037744025636226e+00 1.780562506669679745e+00 -5.326411092041665185e-01 -2.317161432163445944e+00
-8.888127682063677593e-02 1.992892133642544694e+00 2.082748973703551165e+00 8.938304230473557987e-02 -1.993017829676326791e+00
-6.713042174933143702e-01 1.555373717964247726e+00 2.231734462814181086e+00 6.719259636632974875e-01 -1.555432358375119062e+00
-1.178532990924457069e+00 1.039262390677327064e+00 2.226305178092827575e+00 1.179206780069570026e+00 -1.039175477183183816e+00
-1.581704572341271486e+00 4.826999671073188281e-01 2.075554518308714513e+00 1.582330269967862080e+00 -4.824071643680080679e-01
-1.860232718334977609e+00 -7.552593775926334796e-02 1.797578707234510187e+00 1.860703544403146337e+00 7.604547259277141813e-02
-2.002599036289828938e+00 -5.985746855545787115e-01 1.417669239241020840e+00 2.002828022299619093e+00 5.992924330853457437e-01
-2.006567385060765485e+00 -1.053862150240589601e+00 9.662064024091092662e-01 2.006507989702943640e+00 1.054703566221634858e+00
-1.878885441727747407e+00 -1.414977343763929252e+00 4.764309343024329957e-01 1.878541707549908235e+00 1.415836737626895436e+00
-1.634517473866080151e+00 -1.663128916956613690e+00 -1.778230658301173731e-02 1.633942062108803439e+00 1.663891564701005965e+00
-1.295416939875118967e+00 -1.788048350766062500e+00 -4.840655143873182076e-01 1.294698401234764429e+00 1.788614108114005230e+00
-8.888444704420676024e-01 -1.788276100370847388e+00 -8.935345231095885854e-01 8.880875630120304010e-01 1.788578774262206350e+00
-4.452948666719144244e-01 -1.670788476877134165e+00 -1.222495602988100449e+00 4.445991196279481805e-01 1.670806602253089190e+00
3.804998982329341976e-03 -1.450000087347717903e+00 -1.453756376656024640e+00 -4.363271775120993595e-03 1.449757204441854519e+00
4.283871074874197049e-01 -1.146272290298203655e+00 -1.577431980342401507e+00 -4.287654991533189075e-01 1.145827640478011888e+00
8.017757302988782753e-01 -7.841237341756118751e-01 -1.591196862092292275e+00 -8.019675669362755777e-01 7.835566347107796314e-01
1.102287232082566515e+00 -3.903428932035068466e-01 -1.500006125707105564e+00 -1.102315393366393614e+00 3.897352395868217689e-01
1.314322621905451349e+00 7.846580465705386281e-03 -1.315363157432186236e+00 -1.314228070752166078e+00 -8.425404634504833276e-03
1.428960814558242864e+00 3.844803389643407510e-01 -1.054227801061542236e+00 -1.428789411366798046e+00 -3.849831046070421592e-01
1.444096387096196921e+00 7.163614151884497572e-01 -7.376536629320881167e-01 -1.443887408638451664e+00 -7.167659709059726048e-01
1.364166883815920883e+00 9.843431188840745527e-01 -3.892368494652877486e-01 -1.363945737968555116e+00 -9.846490862417210943e-01
1.199508395791932580e+00 1.174336077482427854e+00 -3.346432144100667389e-02 -1.199284662750130126e+00 -1.174557188266178942e+00
9.653831781589277128e-01 1.277980449976406030e+00 3.059359424778587133e-01 -9.651536607306354654e-01 -1.278135165916064020e+00
6.807415646231496087e-01 1.292934222983405768e+00 6.075312660977304491e-01 -6.804968098061604520e-01 -1.293037350049883960e+00
3.668032603902775524e-01 1.222756431902686902e+00 8.534995978975820075e-01 -3.665352812752893374e-01 -1.222813853302483489e+00
4.555987909589337415e-02 1.076400390848590627e+00 1.030635185835296008e+00 -4.526871023361916935e-02 -1.076407977875856625e+00
-2.616944576724705707e-01 8.673659195707286163e-01 1.130984716718006933e+00 2.619972089787737102e-01 -8.673124384580452872e-01
-5.357050793759952079e-01 6.125851600554786947e-01 1.152087342954658755e+00 5.359965506360055976e-01 -6.124579158170714299e-01
-7.603891119521727360e-01 3.311325959387583229e-01 1.096825852328861428e+00 7.606391163985517512e-01 -3.309239151387780575e-01
-9.236990669496335515e-01 4.285693378118278496e-02 9.729270566610140891e-01 9.238764283429145019e-01 -4.256951526695522403e-02
-1.018183123261391598e+00 -2.329686969341496217e-01 7.921735459862209172e-01 1.018262653675595208e+00 2.333190820145154831e-01
-1.041229669949852443e+00 -4.788899905478942176e-01 5.694033241864110417e-01 1.041197981208649814e+00 4.792751651328513440e-01
-9.950007113831556005e-01 -6.803327979461918362e-01 3.213782036893958471e-01 9.948594632360624468e-01 6.807160132911669326e-01
-8.860709305435884309e-01 -8.264221201872755662e-01 6.559905246430833281e-02 8.858368410379403590e-01 8.267640687176037728e-01
-7.247998507270509982e-01 -9.105143693590164178e-01 -1.808596083870204485e-01 7.245016203663565690e-01 9.107798990287307994e-01
-5.244777682923388307e-01 -9.304168599166838804e-01 -4.024285521542524391e-01 5.241507911366698469e-01 9.305808216866342519e-01
-3.003034065598250146e-01 -8.882908473531559990e-01 -5.859745523506756371e-01 2.999835922301651858e-01 8.883418083007136312e-01
-6.826919836368590400e-02 -7.902601583133118668e-01 -7.215289867597098894e-01 6.798731881816516553e-02 7.902013059796029193e-01
1.559580283554557745e-01 -6.457724948377845386e-01 -8.027737037465341174e-01 -1.561803182887010477e-01 6.456197723187239168e-01
3.580733221386068754e-01 -4.667790752815618727e-01 -8.272621856227686532e-01 -3.582251617960687251e-01 4.665572259324800020e-01
5.260124451004157820e-01 -2.668063490555261930e-01 -7.963752534468204747e-01 -5.260931289688333123e-01 2.665439541785363242e-01
6.506209348625493494e-01 -5.999119596174953134e-02 -7.150301383834605229e-01 -6.506374840678508242e-01 5.971587983823448825e-02
7.260851121738906011e-01 1.398578536732630329e-01 -5.911768022560263125e-01 -7.260489210838277918e-01 -1.401230820181124659e-01
7.501174718675605035e-01 3.201213724833653629e-01 -4.351255049030693378e-01 -7.500409749379103319e-01 -3.203600792379361906e-01
7.239044845174595899e-01 4.701088579127620237e-01 -2.587561254853190107e-01 -7.237986291592056753e-01 -4.703113663525094745e-01
6.518364626577632936e-01 5.816421924269994381e-01 -7.466402026457844010e-02 -6.517094466216012405e-01 -5.818043371980636813e-01
5.410488102264946475e-01 6.494549122831858590e-01 1.047005220024389976e-01 -5.409061468101422632e-01 -6.495760012946095729e-01
4.008127481933154157e-01 6.713890334544296845e-01 2.678427064070508790e-01 -4.006583622746843210e-01 -6.714697430891375385e-01
2.418211556171569743e-01 6.483833375353644790e-01 4.049313717141928559e-01 -2.416589720656562024e-01 -6.484241643235195696e-01
7.542031782112436356e-02 5.842608589370844596e-01 5.083611727831377491e-01 -7.525572954150375193e-02 -5.842615014567903442e-01
-8.715997999315723554e-02 4.853371064500109910e-01 5.731372000987217108e-01 8.731928092049928702e-02 -4.852968330028801236e-01
-2.355279200573400789e-01 3.598825524761320449e-01 5.970648178581632326e-01 2.356720380874517407e-01 -3.598013117259662441e-01
-3.607586372263325569e-01 2.174818572753372259e-01 5.807426318983125446e-01 3.608764995945894505e-01 -2.173616865129914810e-01
-4.558955373502299735e-01 6.833754933980021318e-02 5.273708173065502214e-01 4.559765889173488795e-01 -6.818377241419261436e-02
-5.162992471594837207e-01 -7.743266955665459306e-02 4.423991832827946502e-01 5.163353746528942523e-01 7.761088184525442857e-02
-5.398304496832377897e-01 -2.104578992174737651e-01 3.330484192522892295e-01 5.398176455965906229e-01 2.106478432232845033e-01
-5.268634632285122965e-01 -3.226932629688132881e-01 2.077436306348713624e-01 5.268028180154586959e-01 3.228798864688102177e-01
-4.801373000497008436e-01 -4.078817907639820106e-01 7.550175871081250822e-02 4.800350879773894741e-01 4.080495163337353737e-01
-4.044601072919536966e-01 -4.618736728165715455e-01 -5.468565265126396069e-02 4.043269542135497496e-01 4.620084731152394597e-01
-3.062914019859854786e-01 -4.827882910725456722e-01 -1.744351086367855741e-01 3.061407336550340252e-01 4.828795770697948964e-01
-1.932340761132009532e-01 -4.710159953094892327e-01 -2.764840458531803713e-01 1.930801930189973148e-01 4.710579364731071195e-01
-7.347400851044898207e-02 -4.290682174885994682e-01 -3.551045683442717871e-01 7.333018706574336021e-02 4.290602583018133798e-01
4.479178088421735537e-02 -3.612950987132022007e-01 -4.063961673355165338e-01 -4.491480526492010877e-02 3.612416259842959887e-01
1.538979854385585377e-01 -2.734981739790385280e-01 -4.284444148525307083e-01 -1.539929198789144471e-01 2.734074737025103952e-01
2.471886303012474362e-01 -1.724709956003271094e-01 -4.213421465286826817e-01 -2.472518389359253943e-01 1.723537721220898267e-01
3.194004406338795121e-01 -6.550266973765599132e-02 -3.870789503284119415e-01 -3.194315579857540666e-01 6.537045642818470337e-02
3.669319657251952638e-01 4.012143351853870998e-02 -3.293130674315510320e-01 -3.669331107358512201e-01 -4.025766847759607026e-02
3.879879807446379725e-01 1.375902960129017083e-01 -2.530465679191699624e-01 -3.879628245770371797e-01 -1.377211362374863579e-01
3.825977391539487349e-01 2.209817673487143863e-01 -1.642296675160520858e-01 -3.825506631544214886e-01 -2.210998408625648448e-01
3.525137273649768810e-01 2.855984923447860147e-01 -6.932324776636036856e-02 -3.524492361687760478e-01 -2.856985099280739404e-01
3.010044935637779528e-01 3.282083987193447627e-01 2.514999612018602171e-02 -3.009269472471081674e-01 -3.282868736112327657e-01
2.325607950474302965e-01 3.471791799396056755e-01 1.130358795865833293e-01 -2.324744225331444591e-01 -3.472340110767517252e-01
1.525386089215781671e-01 3.425030197393316156e-01 1.889330506552604760e-01 -1.524476883716904541e-01 -3.425331132108789256e-01
6.676528702999434683e-02 3.157148299088602950e-01 2.485080588942194801e-01 -6.667434440902071657e-02 -3.157198807971394738e-01
-1.886386454726078285e-02 2.697140396518941108e-01 2.887236552588791638e-01 1.894997575347895022e-02 -2.696945181462910845e-01
-9.877210024627068596e-02 2.085059509717493431e-01 3.079695863251466492e-01 9.884832486291370013e-02 -2.084632562825752822e-01
-1.680468566054110491e-01 1.368833832525140071e-01 3.060923873814125895e-01 1.681082840925696986e-01 -1.368200681936128926e-01
-2.227244144973155038e-01 6.007243166823672542e-02 2.843277644984131824e-01 2.227667885726074271e-01 -5.999237433251302515e-02
-2.599985057364369578e-01 -1.663251085119098541e-02 2.451455248574428147e-01 2.600187869425325538e-01 1.672409992153214148e-02
-2.783433689840109082e-01 -8.821977403152635178e-02 1.920222321843123858e-01 2.783402184212593888e-01 8.831657657211045009e-02
-2.775476019428937957e-01 -1.502748844959867214e-01 1.291605603264884827e-01 2.775216682149553304e-01 1.503699361254765554e-01
-2.586609118241294802e-01 -1.992394320223750681e-01 6.117658797353448669e-02 2.586148465632149285e-01 1.993257626460906984e-01
-2.238612640404348819e-01 -2.325999188227274861e-01 -7.222954133593821081e-03 2.237994514594478235e-01 2.326712663837318118e-01
-1.762547245716641620e-01 -2.489976163719885560e-01 -7.155210220790803044e-02 1.761827714644891296e-01 2.490490879451351669e-01
-1.196242275338281896e-01 -2.482562772586666688e-01 -1.278262520822380510e-01 1.195483072491829446e-01 2.482848413372973628e-01
-5.814630432666201970e-02 -2.313303276559317001e-01 -1.727954124350766507e-01 5.807247133113400267e-02 2.313350574685405225e-01
3.903764544273556885e-03 -2.001814580390035292e-01 -2.041174791044663150e-01 -3.970177117423116450e-03 2.001634975380441051e-01
6.243801621392824214e-02 -1.575959269077959468e-01 -2.204633947486532852e-01 -6.249283162027023664e-02 1.575582052384986720e-01
1.138143496507483532e-01 -1.069581008633242181e-01 -2.215508868209266347e-01 -1.138547735001519123e-01 1.069048649256244404e-01
1.550517411153977121e-01 -5.199762446901676216e-02 -2.081082845390740121e-01 -1.550763824410247016e-01 5.193388367644776599e-02
1.839902338319618635e-01 3.471840319020823989e-03 -1.817743767121579035e-01 -1.839989635019219638e-01 -3.540861243160453326e-03
1.993882768546527129e-01 5.580501341571765528e-02 -1.449441079953221745e-01 -1.993819880122049415e-01 -5.587433625708344148e-02
2.009546215484877829e-01 1.017528917952056494e-01 -1.005729151171168984e-01 -2.009349606233197527e-01 -1.018181156432145240e-01
1.893164406984816361e-01 1.386529445573148056e-01 -5.195454185789966789e-02 -1.892855647240491712e-01 -1.387104356044018827e-01
1.659293546498725180e-01 1.645714676564153378e-01 -2.488168379720668340e-03 -1.658897468971057276e-01 -1.646184286903154548e-01
1.329384373919363094e-01 1.783914449459876594e-01 4.454937241548827254e-02 -1.328927863717359881e-01 -1.784259043484180685e-01
9.300188923654423290e-02 1.798429951147332007e-01 8.621160517375062171e-02 -9.295301342899982278e-02 -1.798637599634094753e-01
4.909079886254748976e-02 1.694772577308833184e-01 1.200579747646333961e-01 -4.904158657083850653e-02 -1.694838671943087460e-01
4.279217101101673131e-03 1.485881615837847392e-01 1.442870630840684121e-01 -4.232549900962900152e-03 -1.485808595546974642e-01
-3.846137697974820469e-02 1.190896977353850111e-01 1.578208812685579776e-01 3.850273874265080359e-02 -1.190694236543910767e-01
-7.645016904757383214e-02 8.335888333209839907e-02 1.603372651939087290e-01 7.648374327576056009e-02 -8.332726355258318618e-02
-1.074564179459474439e-01 4.405638978777045439e-02 1.522510157647544438e-01 1.074801863414274611e-01 -4.401570310399715441e-02
-1.298213611292362013e-01 3.937723674605528301e-03 1.346477927302786315e-01 1.298339545698488084e-01 -3.890815791895211890e-03
-1.425366521544733089e-01 -3.433213963254985734e-02 1.091776654786390244e-01 1.425375002562482840e-01 3.438200776866864178e-02
-1.452764484919230881e-01 -6.834862347372773483e-02 7.791748132654134629e-02 1.452658602293798173e-01 6.839799269731701437e-02
-1.383833836008045437e-01 -9.611149579655164921e-02 4.321272770119748141e-02 1.383625368933439626e-01 9.615697323749911041e-02
-1.228116196435629776e-01 -1.161347198197218850e-01 7.510295656944411362e-03 1.227824543614094432e-01 1.161732594240545285e-01
-1.000328144515850726e-01 -1.275167287175427155e-01 -2.680649143660161077e-02 9.999784112253945478e-02 1.275458895036089557e-01
-7.191299481292323659e-02 -1.299685745016030125e-01 -5.756998565825161007e-02 7.187504621671070293e-02 1.299867198902665832e-01
-4.056988055822203371e-02 -1.238003549421750060e-01 -8.295825845882104366e-02 4.053184213389059154e-02 1.238067658715183289e-01
-8.221054439075448084e-03 -1.098690850695431820e-01 -1.015957921183901630e-01 8.185610526068825069e-03 1.098639742609122255e-01
2.296651997830630523e-02 -8.949356580733491828e-02 -1.126198102420738756e-01 -2.299709318546061185e-02 8.947799694067998244e-02
5.101575190333263593e-02 -6.434366445212547081e-02 -1.157097256063470553e-01 -5.103972711142366891e-02 6.431939446854130493e-02
7.425884135128149599e-02 -3.631266698019549460e-02 -1.110797070406543963e-01 -7.427510849520657654e-02 3.628193937580339451e-02
9.143005056529356078e-02 -7.381954031266964311e-03 -9.943676168474439858e-02 -9.143811896533700356e-02 7.347274356619621846e-03
1.017271722534405648e-01 2.051279400615512588e-02 -8.190884634577100254e-02 -1.017271217110362613e-01 -2.054887205208771189e-02
1.048393732538149964e-01 4.560528637569749577e-02 -5.994923989487611210e-02 -1.048317731448257795e-01 -4.564034335336521891e-02
1.009414341604922272e-01 6.640475717034063918e-02 -3.522463710095403988e-02 -1.009272486455209672e-01 -6.643664768992242620e-02
9.065659984108279112e-02 8.177862291406740036e-02 -9.495109350864556000e-03 -9.063709266262334752e-02 -8.180557120266362947e-02
7.499217097860624848e-02 9.100754877330882731e-02 1.550580095781825714e-02 -7.496881687222034518e-02 -9.102820558759373848e-02
5.525350247651069496e-02 9.381078425647267072e-02 3.818301008005420272e-02 -5.522790605210319698e-02 -9.382425433733812548e-02
3.294315824044659335e-02 9.034164418479948000e-02 5.717692437242658660e-02 -3.291697697882300239e-02 -9.034749342994743970e-02
9.652562953700356482e-03 8.115494172286587260e-02 7.143998427959988295e-02 -9.627429629658356552e-03 -8.115319043407458188e-02
-1.304641921275211287e-02 6.714990945547762158e-02 8.028876965773830421e-02 1.306897782836313054e-02 -6.714101386749661560e-02
-3.370293965530656716e-02 4.949356818107567002e-02 8.342953278527734384e-02 3.372158736449996919e-02 -4.947838862581925568e-02
-5.107543496994061683e-02 2.953053948234857923e-02 8.095688953470189797e-02 5.108910921808467592e-02 -2.951029132185275378e-02
-6.420167162924113324e-02 8.685893789034740409e-03 7.332718537852105090e-02 6.420965672570735916e-02 -8.662077383377557796e-03
-7.244693473215230162e-02 -1.163224393114932649e-02 6.130960433910815494e-02 7.244891509769019189e-02 1.165793551378440165e-02
-7.552839316545470472e-02 -3.012391881759379775e-02 4.591945579328937654e-02 7.552447740214869587e-02 3.014971155568103856e-02
-7.351523973671894585e-02 -4.567673347904729897e-02 2.833890745572889905e-02 7.350594935236089145e-02 4.570089635184458599e-02
-6.680583785351305870e-02 -5.742879223987872039e-02 9.831015033905543543e-03 6.679205934942772371e-02 5.744976238429550658e-02
-5.608454071547156611e-02 -6.481192232909432915e-02 -8.346984044898175456e-03 5.606744518598855143e-02 6.482841849215123520e-02
-4.226204359926634402e-02 -6.757337047536814134e-02 -2.502542310785824120e-02 4.224298278401282525e-02 6.758448230870010842e-02
-2.640401831520301085e-02 -6.577569341278934056e-02 -3.919394278385295027e-02 2.638440920534786474e-02 6.578093691972755619e-02
-9.653313578446535634e-03 -5.977601575041391335e-02 -5.005906780800847139e-02 9.634524647566190120e-03 5.977534967732320986e-02
6.848836434201630019e-03 -5.018712480599230030e-02 -5.708461767530012554e-02 -6.865585558287039432e-03 5.018092801370113709e-02
2.203736715113252184e-02 -3.782392913611058727e-02 -6.001321735683237679e-02 -2.205108378908327352e-02 3.781294394554283317e-02
3.498902734251695124e-02 -2.363957072450697736e-02 -5.886849366228846109e-02 -3.499899688107992179e-02 2.362482098630726279e-02
4.497527371645435729e-02 -8.655917466882307940e-03 -5.393882098667879266e-02 -4.498108309589956416e-02 8.638612090921623035e-03
5.149962607588172425e-02 6.106734213249689555e-03 -4.574463654852854722e-02 -5.150116240733983164e-02 -6.125301449753567384e-03
5.431786698080671300e-02 1.969613167898882217e-02 -3.499231137998792818e-02 -5.431529622687121528e-02 -1.971467676233459171e-02
5.344068391997333634e-02 3.128659732618507133e-02 -2.251828608036003307e-02 -5.343441535344795046e-02 -3.130392836728613376e-02
4.911952306295076787e-02 4.022623697302105117e-02 -9.227625200731115473e-03 -4.911016479431751236e-02 -4.024132049401456940e-02
4.181747735634681884e-02 4.607035374783016030e-02 3.968704537526343730e-03 -4.180578702489701898e-02 -4.608236367739353134e-02
3.216790728644869368e-02 4.859961605199106943e-02 1.621366470694967851e-02 -3.215474058388008427e-02 -4.860796603927322601e-02
2.092414402461488174e-02 4.782258909961206034e-02 2.675732086941036078e-02 -2.091040255124607464e-02 -4.782694965795072223e-02
8.904023601271231214e-03 4.396327295426055021e-02 3.500023095811090335e-02 -8.890602963408825860e-03 -4.396357503110784326e-02
-3.066865118666202081e-03 3.743523348922951632e-02 4.052472181244860111e-02 3.079126006311602454e-03 -3.743165964990824435e-02
-1.420945437054528353e-02 2.880469085307992005e-02 4.311262673201687878e-02 1.421982115269443576e-02 -2.879765468769758877e-02
-2.383959824057643728e-02 1.874556856953225881e-02 4.274906779845893262e-02 2.384748389027255625e-02 -1.873568279110625345e-02
-3.140774700912144640e-02 7.989829450842055036e-03 3.961273580432737168e-02 3.141274640430800902e-02 -7.977863228883632501e-03
-3.652777408703102718e-02 -2.723395168955854064e-03 3.405403918234166383e-02 3.652968721925261425e-02 2.736568281997515603e-03
-3.899363862897398114e-02 -1.269649217052127091e-02 2.656318768670236710e-02 3.899247971674494467e-02 1.270995327026427403e-02
-3.878342635054723986e-02 -2.131679429894321048e-02 1.773082662241527371e-02 3.877941724153983333e-02 2.132964148115255171e-02
-3.605115723847746728e-02 -2.809217668594393702e-02 8.204186377736148381e-03 3.604470508652642818e-02 2.810358613223417137e-02
-3.110752542546442456e-02 -3.267689597735454199e-02 -1.358152159065372476e-03 3.109918642708116299e-02 3.268617675282304430e-02
-2.439141031883710481e-02 -3.488650139479844425e-02 -1.032985347307900127e-02 2.438184287696268729e-02 3.489313926189746562e-02
-1.643448736845814703e-02 -3.470140430876361010e-02 -1.815602684843115391e-02 1.642439926906179640e-02 3.470509076651187574e-02
-7.821619033987108408e-03 -3.225947855717917895e-02 -2.438570330927099239e-02 7.811713690428241999e-03 3.226012289353580309e-02
8.501601083888845429e-04 -2.783875976680465561e-02 -2.869582608021745487e-02 -8.592334669312867582e-04 2.783648377721940556e-02
9.011301999061561985e-03 -2.183189848504276179e-02 -3.090562934692640470e-02 -9.018990247422436005e-03 2.182701529485013212e-02
1.615552323042581534e-02 -1.471448356784572052e-02 -3.098098108942933665e-02 -1.616140063351484760e-02 1.470746354462969772e-02
2.186956502815171066e-02 -7.009625101425223485e-03 -2.902892747182713937e-02 -2.187335257191154111e-02 7.001052813510082011e-03
2.585530434333112651e-02 7.486950083605500589e-04 -2.528330511743792641e-02 -2.585687712394740823e-02 -7.581684463221637256e-04
2.794317171306702485e-02 8.051048551477783463e-03 -2.008282573720763381e-02 -2.794255544558458051e-02 -8.060753578134668973e-03
2.809646870537225311e-02 1.444452203152791006e-02 -1.384346321413434250e-02 -2.809382710643092140e-02 -1.445381565168252919e-02
2.640676797213185878e-02 1.955930797835511367e-02 -7.027232064771711008e-03 -2.640238299269002595e-02 -1.956761299991129077e-02
2.308118411393150771e-02 2.312848145695971247e-02 -1.095954726148747093e-04 -2.307543104190062228e-02 -2.313531820420846458e-02
1.842277350182446038e-02 2.500002816326831259e-02 6.452297010856233514e-03 -1.841609275827752260e-02 -2.500503773692717632e-02
1.280570873347516847e-02 2.514075472855704929e-02 1.224851584301549397e-02 -1.279857586730181844e-02 -2.514371356451703191e-02
6.647112446863838627e-03 2.363223033216179519e-02 1.694065303873373840e-02 -6.640007808039774702e-03 -2.363305609016175257e-02
3.775723403788340147e-04 2.065945389915059202e-02 2.028017722812897397e-02 -3.709517140553504990e-04 -2.065820309333413207e-02
-5.587672749073437951e-03 1.649336118599430481e-02 2.211995260018218695e-02 5.593405221053991162e-03 -1.649021910805353180e-02
-1.087503396440116059e-02 1.146863184383980355e-02 2.241852712130340194e-02 1.087954918503274311e-02 -1.146389548369178280e-02
-1.517477802056179347e-02 5.958490170891163513e-03 2.123729003623610334e-02 1.517784027902311858e-02 -5.952545077342825779e-03
-1.825790324420237601e-02 3.483033210602792763e-04 1.873106001698290890e-02 1.825938225769801332e-02 -3.415956669336144935e-04
-1.998686332507826693e-02 -4.990233723091546010e-03 1.513306515873847832e-02 1.998673906132484093e-02 4.997228243285018259e-03
-2.031975975729147926e-02 -9.722668365038295013e-03 1.073559162995815081e-02 2.031811961064789243e-02 9.729476841735426942e-03
-1.930806949544471712e-02 -1.357169105277635478e-02 5.867793103479572621e-03 1.930509800914763027e-02 1.357787468396691455e-02
-1.708839274919591797e-02 -1.633225644477896005e-02 8.722594860414856080e-04 1.708435473897506121e-02 1.633743864416204242e-02
-1.386907131026434911e-02 -1.788118654716338088e-02 -3.918060100050154045e-03 1.386428985001060717e-02 1.788507579402886724e-02
-9.912818775194487050e-03 -1.818091660172550111e-02 -8.201091650641825770e-03 9.907649961408606515e-03 1.818332240314038742e-02
-5.516708413218042624e-03 -1.727745340891306824e-02 -1.172374279915920810e-02 5.511515043257168497e-03 1.727829437648195979e-02
-9.909608125749311009e-04 -1.529297364312962558e-02 -1.429585728275127587e-02 9.860871243944175843e-04 1.529227735853950533e-02
3.362014300636996609e-03 -1.241383866235210541e-02 -1.579932982992597948e-02 -3.366264945207161560e-03 1.241173378007994280e-02
7.266965430418814535e-03 -8.875049386015262595e-03 -1.619203938948473101e-02 -7.270348456866727871e-03 8.871751061385792919e-03
1.049235570505673530e-02 -4.942343528392541610e-03 -1.550661494035855160e-02 -1.049469789021093002e-02 4.938133738075061938e-03
1.286319252316504153e-02 -8.932283635030794505e-04 -1.384438496589686200e-02 -1.286439881088717423e-02 8.884329647338018313e-04
1.426948784800307658e-02 3.001756770232273316e-03 -1.136515778338277431e-02 -1.426954250493068371e-02 -3.006792325323367522e-03
1.467002652663482176e-02 6.496337786775559231e-03 -8.273718240263667686e-03 -1.466898911715512795e-02 -6.501272281705837257e-03
1.409144403947436112e-02 9.383310621346004771e-03 -4.804094425491494541e-03 -1.408944097112773373e-02 -9.387828904688267848e-03
1.262292154162395451e-02 1.150601899231581612e-02 -1.202738693275368824e-03 -1.262013409075737717e-02 -1.150985059204123924e-02
1.040707532929881045e-02 1.276593019171158930e-02 2.288221034162515703e-03 -1.040372513105760829e-02 -1.276886385054551432e-02
7.627839045201219477e-03 1.312602406709123017e-02 5.446571118885059661e-03 -7.624172012368923834e-03 -1.312791769904204410e-02
4.496282054021217070e-03 1.260998374541467439e-02 8.083481775820768739e-03 -4.492551726344927790e-03 -1.261076955178358321e-02
1.235403098491916814e-03 1.129746776062032568e-02 1.005408976729897652e-02 -1.231854339819081186e-03 -1.129715255336176567e-02
-1.935055767530995336e-03 9.315975274605144824e-03 1.126465365086798225e-02 1.938201842875114829e-03 -9.314636259688200901e-03
-4.812785936391309090e-03 6.830012415806763909e-03 1.167599371183374556e-02 4.815344983321363619e-03 -6.827788876117612052e-03
-7.225207729337969342e-03 4.028408058429928246e-03 1.130318693250331220e-02 7.227042407954460505e-03 -4.025489559000867447e-03
