0.000000000000000000e+00 0.000000000000000000e+00 0.000000000000000000e+00 0.000000000000000000e+00 0.000000000000000000e+00
0.000000000000000000e+00 0.000000000000000000e+00 0.000000000000000000e+00 0.000000000000000000e+00 0.000000000000000000e+00
0.000000000000000000e+00 0.000000000000000000e+00 0.000000000000000000e+00 0.000000000000000000e+00 0.000000000000000000e+00
0.000000000000000000e+00 0.000000000000000000e+00 0.000000000000000000e+00 0.000000000000000000e+00 0.000000000000000000e+00
0.000000000000000000e+00 0.000000000000000000e+00 0.000000000000000000e+00 0.000000000000000000e+00 0.000000000000000000e+00
0.000000000000000000e+00 0.000000000000000000e+00 0.000000000000000000e+00 0.000000000000000000e+00 0.000000000000000000e+00
0.000000000000000000e+00 0.000000000000000000e+00 0.000000000000000000e+00 0.000000000000000000e+00 0.000000000000000000e+00
0.000000000000000000e+00 0.000000000000000000e+00 0.000000000000000000e+00 0.000000000000000000e+00 0.000000000000000000e+00
0.000000000000000000e+00 0.000000000000000000e+00 0.000000000000000000e+00 0.000000000000000000e+00 0.000000000000000000e+00
0.000000000000000000e+00 0.000000000000000000e+00 0.000000000000000000e+00 0.000000000000000000e+00 0.000000000000000000e+00
0.000000000000000000e+00 0.000000000000000000e+00 0.000000000000000000e+00 0.000000000000000000e+00 0.000000000000000000e+00
0.000000000000000000e+00 0.000000000000000000e+00 0.000000000000000000e+00 0.000000000000000000e+00 0.000000000000000000e+00
0.000000000000000000e+00 0.000000000000000000e+00 0.000000000000000000e+00 0.000000000000000000e+00 0.000000000000000000e+00
0.000000000000000000e+00 0.000000000000000000e+00 0.000000000000000000e+00 0.000000000000000000e+00 0.000000000000000000e+00
0.000000000000000000e+00 0.000000000000000000e+00 0.000000000000000000e+00 0.000000000000000000e+00 0.000000000000000000e+00
0.000000000000000000e+00 0.000000000000000000e+00 0.000000000000000000e+00 0.000000000000000000e+00 0.000000000000000000e+00
0.000000000000000000e+00 0.000000000000000000e+00 0.000000000000000000e+00 0.000000000000000000e+00 0.000000000000000000e+00
0.000000000000000000e+00 0.000000000000000000e+00 0.000000000000000000e+00 0.000000000000000000e+00 0.000000000000000000e+00
0.000000000000000000e+00 0.000000000000000000e+00 0.000000000000000000e+00 0.000000000000000000e+00 0.000000000000000000e+00
0.000000000000000000e+00 0.000000000000000000e+00 0.000000000000000000e+00 0.000000000000000000e+00 0.000000000000000000e+00
0.000000000000000000e+00 0.000000000000000000e+00 0.000000000000000000e+00 0.000000000000000000e+00 0.000000000000000000e+00
0.000000000000000000e+00 0.000000000000000000e+00 0.000000000000000000e+00 0.000000000000000000e+00 0.000000000000000000e+00
0.000000000000000000e+00 0.000000000000000000e+00 0.000000000000000000e+00 0.000000000000000000e+00 0.000000000000000000e+00
0.000000000000000000e+00 0.000000000000000000e+00 0.000000000000000000e+00 0.000000000000000000e+00 0.000000000000000000e+00
0.000000000000000000e+00 0.000000000000000000e+00 0.000000000000000000e+00 0.000000000000000000e+00 0.000000000000000000e+00
0.000000000000000000e+00 0.000000000000000000e+00 0.000000000000000000e+00 0.000000000000000000e+00 0.000000000000000000e+00
0.000000000000000000e+00 0.000000000000000000e+00 0.000000000000000000e+00 0.000000000000000000e+00 0.000000000000000000e+00
0.000000000000000000e+00 0.000000000000000000e+00 0.000000000000000000e+00 0.000000000000000000e+00 0.000000000000000000e+00
0.000000000000000000e+00 0.000000000000000000e+00 0.000000000000000000e+00 0.000000000000000000e+00 0.000000000000000000e+00
0.000000000000000000e+00 0.000000000000000000e+00 0.000000000000000000e+00 0.000000000000000000e+00 0.000000000000000000e+00
0.000000000000000000e+00 0.000000000000000000e+00 0.000000000000000000e+00 0.000000000000000000e+00 0.000000000000000000e+00
0.000000000000000000e+00 0.000000000000000000e+00 0.000000000000000000e+00 0.000000000000000000e+00 0.000000000000000000e+00
0.000000000000000000e+00 0.000000000000000000e+00 0.000000000000000000e+00 0.000000000000000000e+00 0.000000000000000000e+00
0.000000000000000000e+00 0.000000000000000000e+00 0.000000000000000000e+00 0.000000000000000000e+00 0.000000000000000000e+00
0.000000000000000000e+00 0.000000000000000000e+00 0.000000000000000000e+00 0.000000000000000000e+00 0.000000000000000000e+00
0.000000000000000000e+00 0.000000000000000000e+00 0.000000000000000000e+00 0.000000000000000000e+00 0.000000000000000000e+00
0.000000000000000000e+00 0.000000000000000000e+00 0.000000000000000000e+00 0.000000000000000000e+00 0.000000000000000000e+00
0.000000000000000000e+00 0.000000000000000000e+00 0.000000000000000000e+00 0.000000000000000000e+00 0.000000000000000000e+00
0.000000000000000000e+00 0.000000000000000000e+00 0.000000000000000000e+00 0.000000000000000000e+00 0.000000000000000000e+00
0.000000000000000000e+00 0.000000000000000000e+00 0.000000000000000000e+00 0.000000000000000000e+00 0.000000000000000000e+00
0.000000000000000000e+00 0.000000000000000000e+00 0.000000000000000000e+00 0.000000000000000000e+00 0.000000000000000000e+00
0.000000000000000000e+00 0.000000000000000000e+00 0.000000000000000000e+00 0.000000000000000000e+00 0.000000000000000000e+00
0.000000000000000000e+00 0.000000000000000000e+00 0.000000000000000000e+00 0.000000000000000000e+00 0.000000000000000000e+00
0.000000000000000000e+00 0.000000000000000000e+00 0.000000000000000000e+00 0.000000000000000000e+00 0.000000000000000000e+00
0.000000000000000000e+00 0.000000000000000000e+00 0.000000000000000000e+00 0.000000000000000000e+00 0.000000000000000000e+00
0.000000000000000000e+00 0.000000000000000000e+00 0.000000000000000000e+00 0.000000000000000000e+00 0.000000000000000000e+00
0.000000000000000000e+00 0.000000000000000000e+00 0.000000000000000000e+00 0.000000000000000000e+00 0.000000000000000000e+00
0.000000000000000000e+00 0.000000000000000000e+00 0.000000000000000000e+00 0.000000000000000000e+00 0.000000000000000000e+00
0.000000000000000000e+00 0.000000000000000000e+00 0.000000000000000000e+00 0.000000000000000000e+00 0.000000000000000000e+00
0.000000000000000000e+00 0.000000000000000000e+00 0.000000000000000000e+00 0.000000000000000000e+00 0.000000000000000000e+00
0.000000000000000000e+00 0.000000000000000000e+00 0.000000000000000000e+00 0.000000000000000000e+00 0.000000000000000000e+00
0.000000000000000000e+00 0.000000000000000000e+00 0.000000000000000000e+00 0.000000000000000000e+00 0.000000000000000000e+00
0.000000000000000000e+00 0.000000000000000000e+00 0.000000000000000000e+00 0.000000000000000000e+00 0.000000000000000000e+00
0.000000000000000000e+00 0.000000000000000000e+00 0.000000000000000000e+00 0.000000000000000000e+00 0.000000000000000000e+00
0.000000000000000000e+00 0.000000000000000000e+00 0.000000000000000000e+00 0.000000000000000000e+00 0.000000000000000000e+00
0.000000000000000000e+00 0.000000000000000000e+00 0.000000000000000000e+00 0.000000000000000000e+00 0.000000000000000000e+00
0.000000000000000000e+00 0.000000000000000000e+00 0.000000000000000000e+00 0.000000000000000000e+00 0.000000000000000000e+00
0.000000000000000000e+00 0.000000000000000000e+00 0.000000000000000000e+00 0.000000000000000000e+00 0.000000000000000000e+00
0.000000000000000000e+00 0.000000000000000000e+00 0.000000000000000000e+00 0.000000000000000000e+00 0.000000000000000000e+00
0.000000000000000000e+00 0.000000000000000000e+00 0.000000000000000000e+00 0.000000000000000000e+00 0.000000000000000000e+00
0.000000000000000000e+00 0.000000000000000000e+00 0.000000000000000000e+00 0.000000000000000000e+00 0.000000000000000000e+00
0.000000000000000000e+00 0.000000000000000000e+00 0.000000000000000000e+00 0.000000000000000000e+00 0.000000000000000000e+00
0.000000000000000000e+00 0.000000000000000000e+00 0.000000000000000000e+00 0.000000000000000000e+00 0.000000000000000000e+00
0.000000000000000000e+00 0.000000000000000000e+00 0.000000000000000000e+00 0.000000000000000000e+00 0.000000000000000000e+00
0.000000000000000000e+00 0.000000000000000000e+00 0.000000000000000000e+00 0.000000000000000000e+00 0.000000000000000000e+00
0.000000000000000000e+00 0.000000000000000000e+00 0.000000000000000000e+00 0.000000000000000000e+00 0.000000000000000000e+00
0.000000000000000000e+00 0.000000000000000000e+00 0.000000000000000000e+00 0.000000000000000000e+00 0.000000000000000000e+00
0.000000000000000000e+00 0.000000000000000000e+00 0.000000000000000000e+00 0.000000000000000000e+00 0.000000000000000000e+00
0.000000000000000000e+00 0.000000000000000000e+00 0.000000000000000000e+00 0.000000000000000000e+00 0.000000000000000000e+00
0.000000000000000000e+00 0.000000000000000000e+00 0.000000000000000000e+00 0.000000000000000000e+00 0.000000000000000000e+00
0.000000000000000000e+00 0.000000000000000000e+00 0.000000000000000000e+00 0.000000000000000000e+00 0.000000000000000000e+00
0.000000000000000000e+00 0.000000000000000000e+00 0.000000000000000000e+00 0.000000000000000000e+00 0.000000000000000000e+00
0.000000000000000000e+00 0.000000000000000000e+00 0.000000000000000000e+00 0.000000000000000000e+00 0.000000000000000000e+00
0.000000000000000000e+00 0.000000000000000000e+00 0.000000000000000000e+00 0.000000000000000000e+00 0.000000000000000000e+00
0.000000000000000000e+00 0.000000000000000000e+00 0.000000000000000000e+00 0.000000000000000000e+00 0.000000000000000000e+00
0.000000000000000000e+00 0.000000000000000000e+00 0.000000000000000000e+00 0.000000000000000000e+00 0.000000000000000000e+00
0.000000000000000000e+00 0.000000000000000000e+00 0.000000000000000000e+00 0.000000000000000000e+00 0.000000000000000000e+00
0.000000000000000000e+00 0.000000000000000000e+00 0.000000000000000000e+00 0.000000000000000000e+00 0.000000000000000000e+00
0.000000000000000000e+00 0.000000000000000000e+00 0.000000000000000000e+00 0.000000000000000000e+00 0.000000000000000000e+00
0.000000000000000000e+00 0.000000000000000000e+00 0.000000000000000000e+00 0.000000000000000000e+00 0.000000000000000000e+00
0.000000000000000000e+00 0.000000000000000000e+00 0.000000000000000000e+00 0.000000000000000000e+00 0.000000000000000000e+00
0.000000000000000000e+00 0.000000000000000000e+00 0.000000000000000000e+00 0.000000000000000000e+00 0.000000000000000000e+00
0.000000000000000000e+00 0.000000000000000000e+00 0.000000000000000000e+00 0.000000000000000000e+00 0.000000000000000000e+00
0.000000000000000000e+00 0.000000000000000000e+00 0.000000000000000000e+00 0.000000000000000000e+00 0.000000000000000000e+00
0.000000000000000000e+00 0.000000000000000000e+00 0.000000000000000000e+00 0.000000000000000000e+00 0.000000000000000000e+00
0.000000000000000000e+00 0.000000000000000000e+00 0.000000000000000000e+00 0.000000000000000000e+00 0.000000000000000000e+00
0.000000000000000000e+00 0.000000000000000000e+00 0.000000000000000000e+00 0.000000000000000000e+00 0.000000000000000000e+00
0.000000000000000000e+00 0.000000000000000000e+00 0.000000000000000000e+00 0.000000000000000000e+00 0.000000000000000000e+00
0.000000000000000000e+00 0.000000000000000000e+00 0.000000000000000000e+00 0.000000000000000000e+00 0.000000000000000000e+00
0.000000000000000000e+00 0.000000000000000000e+00 0.000000000000000000e+00 0.000000000000000000e+00 0.000000000000000000e+00
0.000000000000000000e+00 0.000000000000000000e+00 0.000000000000000000e+00 0.000000000000000000e+00 0.000000000000000000e+00
0.000000000000000000e+00 0.000000000000000000e+00 0.000000000000000000e+00 0.000000000000000000e+00 0.000000000000000000e+00
0.000000000000000000e+00 0.000000000000000000e+00 0.000000000000000000e+00 0.000000000000000000e+00 0.000000000000000000e+00
0.000000000000000000e+00 0.000000000000000000e+00 0.000000000000000000e+00 0.000000000000000000e+00 0.000000000000000000e+00
0.000000000000000000e+00 0.000000000000000000e+00 0.000000000000000000e+00 0.000000000000000000e+00 0.000000000000000000e+00
0.000000000000000000e+00 0.000000000000000000e+00 0.000000000000000000e+00 0.000000000000000000e+00 0.000000000000000000e+00
0.000000000000000000e+00 0.000000000000000000e+00 0.000000000000000000e+00 0.000000000000000000e+00 0.000000000000000000e+00
0.000000000000000000e+00 0.000000000000000000e+00 0.000000000000000000e+00 0.000000000000000000e+00 0.000000000000000000e+00
0.000000000000000000e+00 0.000000000000000000e+00 0.000000000000000000e+00 0.000000000000000000e+00 0.000000000000000000e+00
0.000000000000000000e+00 0.000000000000000000e+00 0.000000000000000000e+00 0.000000000000000000e+00 0.000000000000000000e+00
0.000000000000000000e+00 0.000000000000000000e+00 0.000000000000000000e+00 0.000000000000000000e+00 0.000000000000000000e+00
0.000000000000000000e+00 0.000000000000000000e+00 0.000000000000000000e+00 0.000000000000000000e+00 0.000000000000000000e+00
0.000000000000000000e+00 0.000000000000000000e+00 0.000000000000000000e+00 0.000000000000000000e+00 0.000000000000000000e+00
0.000000000000000000e+00 0.000000000000000000e+00 0.000000000000000000e+00 0.000000000000000000e+00 0.000000000000000000e+00
0.000000000000000000e+00 0.000000000000000000e+00 0.000000000000000000e+00 0.000000000000000000e+00 0.000000000000000000e+00
0.000000000000000000e+00 0.000000000000000000e+00 0.000000000000000000e+00 0.000000000000000000e+00 0.000000000000000000e+00
0.000000000000000000e+00 0.000000000000000000e+00 0.000000000000000000e+00 0.000000000000000000e+00 0.000000000000000000e+00
0.000000000000000000e+00 0.000000000000000000e+00 0.000000000000000000e+00 0.000000000000000000e+00 0.000000000000000000e+00
0.000000000000000000e+00 0.000000000000000000e+00 0.000000000000000000e+00 0.000000000000000000e+00 0.000000000000000000e+00
0.000000000000000000e+00 0.000000000000000000e+00 0.000000000000000000e+00 0.000000000000000000e+00 0.000000000000000000e+00
0.000000000000000000e+00 0.000000000000000000e+00 0.000000000000000000e+00 0.000000000000000000e+00 0.000000000000000000e+00
0.000000000000000000e+00 0.000000000000000000e+00 0.000000000000000000e+00 0.000000000000000000e+00 0.000000000000000000e+00
0.000000000000000000e+00 0.000000000000000000e+00 0.000000000000000000e+00 0.000000000000000000e+00 0.000000000000000000e+00
0.000000000000000000e+00 0.000000000000000000e+00 0.000000000000000000e+00 0.000000000000000000e+00 0.000000000000000000e+00
0.000000000000000000e+00 0.000000000000000000e+00 0.000000000000000000e+00 0.000000000000000000e+00 0.000000000000000000e+00
0.000000000000000000e+00 0.000000000000000000e+00 0.000000000000000000e+00 0.000000000000000000e+00 0.000000000000000000e+00
0.000000000000000000e+00 0.000000000000000000e+00 0.000000000000000000e+00 0.000000000000000000e+00 0.000000000000000000e+00
0.000000000000000000e+00 0.000000000000000000e+00 0.000000000000000000e+00 0.000000000000000000e+00 0.000000000000000000e+00
0.000000000000000000e+00 0.000000000000000000e+00 0.000000000000000000e+00 0.000000000000000000e+00 0.000000000000000000e+00
0.000000000000000000e+00 0.000000000000000000e+00 0.000000000000000000e+00 0.000000000000000000e+00 0.000000000000000000e+00
0.000000000000000000e+00 0.000000000000000000e+00 0.000000000000000000e+00 0.000000000000000000e+00 0.000000000000000000e+00
0.000000000000000000e+00 0.000000000000000000e+00 0.000000000000000000e+00 0.000000000000000000e+00 0.000000000000000000e+00
0.000000000000000000e+00 0.000000000000000000e+00 0.000000000000000000e+00 0.000000000000000000e+00 0.000000000000000000e+00
0.000000000000000000e+00 0.000000000000000000e+00 0.000000000000000000e+00 0.000000000000000000e+00 0.000000000000000000e+00
0.000000000000000000e+00 0.000000000000000000e+00 0.000000000000000000e+00 0.000000000000000000e+00 0.000000000000000000e+00
0.000000000000000000e+00 0.000000000000000000e+00 0.000000000000000000e+00 0.000000000000000000e+00 0.000000000000000000e+00
0.000000000000000000e+00 0.000000000000000000e+00 0.000000000000000000e+00 0.000000000000000000e+00 0.000000000000000000e+00
0.000000000000000000e+00 0.000000000000000000e+00 0.000000000000000000e+00 0.000000000000000000e+00 0.000000000000000000e+00
0.000000000000000000e+00 0.000000000000000000e+00 0.000000000000000000e+00 0.000000000000000000e+00 0.000000000000000000e+00
0.000000000000000000e+00 0.000000000000000000e+00 0.000000000000000000e+00 0.000000000000000000e+00 0.000000000000000000e+00
0.000000000000000000e+00 0.000000000000000000e+00 0.000000000000000000e+00 0.000000000000000000e+00 0.000000000000000000e+00
0.000000000000000000e+00 0.000000000000000000e+00 0.000000000000000000e+00 0.000000000000000000e+00 0.000000000000000000e+00
0.000000000000000000e+00 0.000000000000000000e+00 0.000000000000000000e+00 0.000000000000000000e+00 0.000000000000000000e+00
0.000000000000000000e+00 0.000000000000000000e+00 0.000000000000000000e+00 0.000000000000000000e+00 0.000000000000000000e+00
0.000000000000000000e+00 0.000000000000000000e+00 0.000000000000000000e+00 0.000000000000000000e+00 0.000000000000000000e+00
0.000000000000000000e+00 0.000000000000000000e+00 0.000000000000000000e+00 0.000000000000000000e+00 0.000000000000000000e+00
0.000000000000000000e+00 0.000000000000000000e+00 0.000000000000000000e+00 0.000000000000000000e+00 0.000000000000000000e+00
0.000000000000000000e+00 0.000000000000000000e+00 0.000000000000000000e+00 0.000000000000000000e+00 0.000000000000000000e+00
0.000000000000000000e+00 0.000000000000000000e+00 0.000000000000000000e+00 0.000000000000000000e+00 0.000000000000000000e+00
0.000000000000000000e+00 0.000000000000000000e+00 0.000000000000000000e+00 0.000000000000000000e+00 0.000000000000000000e+00
0.000000000000000000e+00 0.000000000000000000e+00 0.000000000000000000e+00 0.000000000000000000e+00 0.000000000000000000e+00
0.000000000000000000e+00 0.000000000000000000e+00 0.000000000000000000e+00 0.000000000000000000e+00 0.000000000000000000e+00
0.000000000000000000e+00 0.000000000000000000e+00 0.000000000000000000e+00 0.000000000000000000e+00 0.000000000000000000e+00
0.000000000000000000e+00 0.000000000000000000e+00 0.000000000000000000e+00 0.000000000000000000e+00 0.000000000000000000e+00
0.000000000000000000e+00 0.000000000000000000e+00 0.000000000000000000e+00 0.000000000000000000e+00 0.000000000000000000e+00
0.000000000000000000e+00 0.000000000000000000e+00 0.000000000000000000e+00 0.000000000000000000e+00 0.000000000000000000e+00
0.000000000000000000e+00 0.000000000000000000e+00 0.000000000000000000e+00 0.000000000000000000e+00 0.000000000000000000e+00
0.000000000000000000e+00 0.000000000000000000e+00 0.000000000000000000e+00 0.000000000000000000e+00 0.000000000000000000e+00
0.000000000000000000e+00 0.000000000000000000e+00 0.000000000000000000e+00 0.000000000000000000e+00 0.000000000000000000e+00
0.000000000000000000e+00 0.000000000000000000e+00 0.000000000000000000e+00 0.000000000000000000e+00 0.000000000000000000e+00
0.000000000000000000e+00 0.000000000000000000e+00 0.000000000000000000e+00 0.000000000000000000e+00 0.000000000000000000e+00
0.000000000000000000e+00 0.000000000000000000e+00 0.000000000000000000e+00 0.000000000000000000e+00 0.000000000000000000e+00
0.000000000000000000e+00 0.000000000000000000e+00 0.000000000000000000e+00 0.000000000000000000e+00 0.000000000000000000e+00
0.000000000000000000e+00 0.000000000000000000e+00 0.000000000000000000e+00 0.000000000000000000e+00 0.000000000000000000e+00
0.000000000000000000e+00 0.000000000000000000e+00 0.000000000000000000e+00 0.000000000000000000e+00 0.000000000000000000e+00
0.000000000000000000e+00 0.000000000000000000e+00 0.000000000000000000e+00 0.000000000000000000e+00 0.000000000000000000e+00
0.000000000000000000e+00 0.000000000000000000e+00 0.000000000000000000e+00 0.000000000000000000e+00 0.000000000000000000e+00
0.000000000000000000e+00 0.000000000000000000e+00 0.000000000000000000e+00 0.000000000000000000e+00 0.000000000000000000e+00
0.000000000000000000e+00 0.000000000000000000e+00 0.000000000000000000e+00 0.000000000000000000e+00 0.000000000000000000e+00
0.000000000000000000e+00 0.000000000000000000e+00 0.000000000000000000e+00 0.000000000000000000e+00 0.000000000000000000e+00
0.000000000000000000e+00 0.000000000000000000e+00 0.000000000000000000e+00 0.000000000000000000e+00 0.000000000000000000e+00
0.000000000000000000e+00 0.000000000000000000e+00 0.000000000000000000e+00 0.000000000000000000e+00 0.000000000000000000e+00
0.000000000000000000e+00 0.000000000000000000e+00 0.000000000000000000e+00 0.000000000000000000e+00 0.000000000000000000e+00
0.000000000000000000e+00 0.000000000000000000e+00 0.000000000000000000e+00 0.000000000000000000e+00 0.000000000000000000e+00
0.000000000000000000e+00 0.000000000000000000e+00 0.000000000000000000e+00 0.000000000000000000e+00 0.000000000000000000e+00
0.000000000000000000e+00 0.000000000000000000e+00 0.000000000000000000e+00 0.000000000000000000e+00 0.000000000000000000e+00
0.000000000000000000e+00 0.000000000000000000e+00 0.000000000000000000e+00 0.000000000000000000e+00 0.000000000000000000e+00
0.000000000000000000e+00 0.000000000000000000e+00 0.000000000000000000e+00 0.000000000000000000e+00 0.000000000000000000e+00
0.000000000000000000e+00 0.000000000000000000e+00 0.000000000000000000e+00 0.000000000000000000e+00 0.000000000000000000e+00
0.000000000000000000e+00 0.000000000000000000e+00 0.000000000000000000e+00 0.000000000000000000e+00 0.000000000000000000e+00
0.000000000000000000e+00 0.000000000000000000e+00 0.000000000000000000e+00 0.000000000000000000e+00 0.000000000000000000e+00
0.000000000000000000e+00 0.000000000000000000e+00 0.000000000000000000e+00 0.000000000000000000e+00 0.000000000000000000e+00
0.000000000000000000e+00 0.000000000000000000e+00 0.000000000000000000e+00 0.000000000000000000e+00 0.000000000000000000e+00
0.000000000000000000e+00 0.000000000000000000e+00 0.000000000000000000e+00 0.000000000000000000e+00 0.000000000000000000e+00
0.000000000000000000e+00 0.000000000000000000e+00 0.000000000000000000e+00 0.000000000000000000e+00 0.000000000000000000e+00
0.000000000000000000e+00 0.000000000000000000e+00 0.000000000000000000e+00 0.000000000000000000e+00 0.000000000000000000e+00
0.000000000000000000e+00 0.000000000000000000e+00 0.000000000000000000e+00 0.000000000000000000e+00 0.000000000000000000e+00
0.000000000000000000e+00 0.000000000000000000e+00 0.000000000000000000e+00 0.000000000000000000e+00 0.000000000000000000e+00
0.000000000000000000e+00 0.000000000000000000e+00 0.000000000000000000e+00 0.000000000000000000e+00 0.000000000000000000e+00
0.000000000000000000e+00 0.000000000000000000e+00 0.000000000000000000e+00 0.000000000000000000e+00 0.000000000000000000e+00
0.000000000000000000e+00 0.000000000000000000e+00 0.000000000000000000e+00 0.000000000000000000e+00 0.000000000000000000e+00
0.000000000000000000e+00 0.000000000000000000e+00 0.000000000000000000e+00 0.000000000000000000e+00 0.000000000000000000e+00
0.000000000000000000e+00 0.000000000000000000e+00 0.000000000000000000e+00 0.000000000000000000e+00 0.000000000000000000e+00
0.000000000000000000e+00 0.000000000000000000e+00 0.000000000000000000e+00 0.000000000000000000e+00 0.000000000000000000e+00
0.000000000000000000e+00 0.000000000000000000e+00 0.000000000000000000e+00 0.000000000000000000e+00 0.000000000000000000e+00
0.000000000000000000e+00 0.000000000000000000e+00 0.000000000000000000e+00 0.000000000000000000e+00 0.000000000000000000e+00
0.000000000000000000e+00 0.000000000000000000e+00 0.000000000000000000e+00 0.000000000000000000e+00 0.000000000000000000e+00
0.000000000000000000e+00 0.000000000000000000e+00 0.000000000000000000e+00 0.000000000000000000e+00 0.000000000000000000e+00
0.000000000000000000e+00 0.000000000000000000e+00 0.000000000000000000e+00 0.000000000000000000e+00 0.000000000000000000e+00
0.000000000000000000e+00 0.000000000000000000e+00 0.000000000000000000e+00 0.000000000000000000e+00 0.000000000000000000e+00
0.000000000000000000e+00 0.000000000000000000e+00 0.000000000000000000e+00 0.000000000000000000e+00 0.000000000000000000e+00
0.000000000000000000e+00 0.000000000000000000e+00 0.000000000000000000e+00 0.000000000000000000e+00 0.000000000000000000e+00
0.000000000000000000e+00 0.000000000000000000e+00 0.000000000000000000e+00 0.000000000000000000e+00 0.000000000000000000e+00
0.000000000000000000e+00 0.000000000000000000e+00 0.000000000000000000e+00 0.000000000000000000e+00 0.000000000000000000e+00
0.000000000000000000e+00 0.000000000000000000e+00 0.000000000000000000e+00 0.000000000000000000e+00 0.000000000000000000e+00
0.000000000000000000e+00 0.000000000000000000e+00 0.000000000000000000e+00 0.000000000000000000e+00 0.000000000000000000e+00
0.000000000000000000e+00 0.000000000000000000e+00 0.000000000000000000e+00 0.000000000000000000e+00 0.000000000000000000e+00
0.000000000000000000e+00 0.000000000000000000e+00 0.000000000000000000e+00 0.000000000000000000e+00 0.000000000000000000e+00
0.000000000000000000e+00 0.000000000000000000e+00 0.000000000000000000e+00 0.000000000000000000e+00 0.000000000000000000e+00
0.000000000000000000e+00 0.000000000000000000e+00 0.000000000000000000e+00 0.000000000000000000e+00 0.000000000000000000e+00
0.000000000000000000e+00 0.000000000000000000e+00 0.000000000000000000e+00 0.000000000000000000e+00 0.000000000000000000e+00
0.000000000000000000e+00 0.000000000000000000e+00 0.000000000000000000e+00 0.000000000000000000e+00 0.000000000000000000e+00
0.000000000000000000e+00 0.000000000000000000e+00 0.000000000000000000e+00 0.000000000000000000e+00 0.000000000000000000e+00
0.000000000000000000e+00 0.000000000000000000e+00 0.000000000000000000e+00 0.000000000000000000e+00 0.000000000000000000e+00
0.000000000000000000e+00 0.000000000000000000e+00 0.000000000000000000e+00 0.000000000000000000e+00 0.000000000000000000e+00
0.000000000000000000e+00 0.000000000000000000e+00 0.000000000000000000e+00 0.000000000000000000e+00 0.000000000000000000e+00
0.000000000000000000e+00 0.000000000000000000e+00 0.000000000000000000e+00 0.000000000000000000e+00 0.000000000000000000e+00
0.000000000000000000e+00 0.000000000000000000e+00 0.000000000000000000e+00 0.000000000000000000e+00 0.000000000000000000e+00
0.000000000000000000e+00 0.000000000000000000e+00 0.000000000000000000e+00 0.000000000000000000e+00 0.000000000000000000e+00
0.000000000000000000e+00 0.000000000000000000e+00 0.000000000000000000e+00 0.000000000000000000e+00 0.000000000000000000e+00
0.000000000000000000e+00 0.000000000000000000e+00 0.000000000000000000e+00 0.000000000000000000e+00 0.000000000000000000e+00
0.000000000000000000e+00 0.000000000000000000e+00 0.000000000000000000e+00 0.000000000000000000e+00 0.000000000000000000e+00
0.000000000000000000e+00 0.000000000000000000e+00 0.000000000000000000e+00 0.000000000000000000e+00 0.000000000000000000e+00
0.000000000000000000e+00 0.000000000000000000e+00 0.000000000000000000e+00 0.000000000000000000e+00 0.000000000000000000e+00
0.000000000000000000e+00 0.000000000000000000e+00 0.000000000000000000e+00 0.000000000000000000e+00 0.000000000000000000e+00
0.000000000000000000e+00 0.000000000000000000e+00 0.000000000000000000e+00 0.000000000000000000e+00 0.000000000000000000e+00
0.000000000000000000e+00 0.000000000000000000e+00 0.000000000000000000e+00 0.000000000000000000e+00 0.000000000000000000e+00
0.000000000000000000e+00 0.000000000000000000e+00 0.000000000000000000e+00 0.000000000000000000e+00 0.000000000000000000e+00
0.000000000000000000e+00 0.000000000000000000e+00 0.000000000000000000e+00 0.000000000000000000e+00 0.000000000000000000e+00
0.000000000000000000e+00 0.000000000000000000e+00 0.000000000000000000e+00 0.000000000000000000e+00 0.000000000000000000e+00
0.000000000000000000e+00 0.000000000000000000e+00 0.000000000000000000e+00 0.000000000000000000e+00 0.000000000000000000e+00
0.000000000000000000e+00 0.000000000000000000e+00 0.000000000000000000e+00 0.000000000000000000e+00 0.000000000000000000e+00
0.000000000000000000e+00 0.000000000000000000e+00 0.000000000000000000e+00 0.000000000000000000e+00 0.000000000000000000e+00
0.000000000000000000e+00 0.000000000000000000e+00 0.000000000000000000e+00 0.000000000000000000e+00 0.000000000000000000e+00
0.000000000000000000e+00 0.000000000000000000e+00 0.000000000000000000e+00 0.000000000000000000e+00 0.000000000000000000e+00
0.000000000000000000e+00 0.000000000000000000e+00 0.000000000000000000e+00 0.000000000000000000e+00 0.000000000000000000e+00
0.000000000000000000e+00 0.000000000000000000e+00 0.000000000000000000e+00 0.000000000000000000e+00 0.000000000000000000e+00
0.000000000000000000e+00 0.000000000000000000e+00 0.000000000000000000e+00 0.000000000000000000e+00 0.000000000000000000e+00
0.000000000000000000e+00 0.000000000000000000e+00 0.000000000000000000e+00 0.000000000000000000e+00 0.000000000000000000e+00
0.000000000000000000e+00 0.000000000000000000e+00 0.000000000000000000e+00 0.000000000000000000e+00 0.000000000000000000e+00
0.000000000000000000e+00 0.000000000000000000e+00 0.000000000000000000e+00 0.000000000000000000e+00 0.000000000000000000e+00
0.000000000000000000e+00 0.000000000000000000e+00 0.000000000000000000e+00 0.000000000000000000e+00 0.000000000000000000e+00
0.000000000000000000e+00 0.000000000000000000e+00 0.000000000000000000e+00 0.000000000000000000e+00 0.000000000000000000e+00
0.000000000000000000e+00 0.000000000000000000e+00 0.000000000000000000e+00 0.000000000000000000e+00 0.000000000000000000e+00
0.000000000000000000e+00 0.000000000000000000e+00 0.000000000000000000e+00 0.000000000000000000e+00 0.000000000000000000e+00
0.000000000000000000e+00 0.000000000000000000e+00 0.000000000000000000e+00 0.000000000000000000e+00 0.000000000000000000e+00
0.000000000000000000e+00 0.000000000000000000e+00 0.000000000000000000e+00 0.000000000000000000e+00 0.000000000000000000e+00
0.000000000000000000e+00 0.000000000000000000e+00 0.000000000000000000e+00 0.000000000000000000e+00 0.000000000000000000e+00
0.000000000000000000e+00 0.000000000000000000e+00 0.000000000000000000e+00 0.000000000000000000e+00 0.000000000000000000e+00
0.000000000000000000e+00 0.000000000000000000e+00 0.000000000000000000e+00 0.000000000000000000e+00 0.000000000000000000e+00
0.000000000000000000e+00 0.000000000000000000e+00 0.000000000000000000e+00 0.000000000000000000e+00 0.000000000000000000e+00
0.000000000000000000e+00 0.000000000000000000e+00 0.000000000000000000e+00 0.000000000000000000e+00 0.000000000000000000e+00
0.000000000000000000e+00 0.000000000000000000e+00 0.000000000000000000e+00 0.000000000000000000e+00 0.000000000000000000e+00
0.000000000000000000e+00 0.000000000000000000e+00 0.000000000000000000e+00 0.000000000000000000e+00 0.000000000000000000e+00
0.000000000000000000e+00 0.000000000000000000e+00 0.000000000000000000e+00 0.000000000000000000e+00 0.000000000000000000e+00
0.000000000000000000e+00 0.000000000000000000e+00 0.000000000000000000e+00 0.000000000000000000e+00 0.000000000000000000e+00
0.000000000000000000e+00 0.000000000000000000e+00 0.000000000000000000e+00 0.000000000000000000e+00 0.000000000000000000e+00
0.000000000000000000e+00 0.000000000000000000e+00 0.000000000000000000e+00 0.000000000000000000e+00 0.000000000000000000e+00
0.000000000000000000e+00 0.000000000000000000e+00 0.000000000000000000e+00 0.000000000000000000e+00 0.000000000000000000e+00
0.000000000000000000e+00 0.000000000000000000e+00 0.000000000000000000e+00 0.000000000000000000e+00 0.000000000000000000e+00
0.000000000000000000e+00 0.000000000000000000e+00 0.000000000000000000e+00 0.000000000000000000e+00 0.000000000000000000e+00
0.000000000000000000e+00 0.000000000000000000e+00 0.000000000000000000e+00 0.000000000000000000e+00 0.000000000000000000e+00
0.000000000000000000e+00 0.000000000000000000e+00 0.000000000000000000e+00 0.000000000000000000e+00 0.000000000000000000e+00
0.000000000000000000e+00 0.000000000000000000e+00 0.000000000000000000e+00 0.000000000000000000e+00 0.000000000000000000e+00
0.000000000000000000e+00 0.000000000000000000e+00 0.000000000000000000e+00 0.000000000000000000e+00 0.000000000000000000e+00
0.000000000000000000e+00 0.000000000000000000e+00 0.000000000000000000e+00 0.000000000000000000e+00 0.000000000000000000e+00
0.000000000000000000e+00 0.000000000000000000e+00 0.000000000000000000e+00 0.000000000000000000e+00 0.000000000000000000e+00
0.000000000000000000e+00 0.000000000000000000e+00 0.000000000000000000e+00 0.000000000000000000e+00 0.000000000000000000e+00
0.000000000000000000e+00 0.000000000000000000e+00 0.000000000000000000e+00 0.000000000000000000e+00 0.000000000000000000e+00
0.000000000000000000e+00 0.000000000000000000e+00 0.000000000000000000e+00 0.000000000000000000e+00 0.000000000000000000e+00
0.000000000000000000e+00 0.000000000000000000e+00 0.000000000000000000e+00 0.000000000000000000e+00 0.000000000000000000e+00
0.000000000000000000e+00 0.000000000000000000e+00 0.000000000000000000e+00 0.000000000000000000e+00 0.000000000000000000e+00
0.000000000000000000e+00 0.000000000000000000e+00 0.000000000000000000e+00 0.000000000000000000e+00 0.000000000000000000e+00
0.000000000000000000e+00 0.000000000000000000e+00 0.000000000000000000e+00 0.000000000000000000e+00 0.000000000000000000e+00
0.000000000000000000e+00 0.000000000000000000e+00 0.000000000000000000e+00 0.000000000000000000e+00 0.000000000000000000e+00
0.000000000000000000e+00 0.000000000000000000e+00 0.000000000000000000e+00 0.000000000000000000e+00 0.000000000000000000e+00
0.000000000000000000e+00 0.000000000000000000e+00 0.000000000000000000e+00 0.000000000000000000e+00 0.000000000000000000e+00
0.000000000000000000e+00 0.000000000000000000e+00 0.000000000000000000e+00 0.000000000000000000e+00 0.000000000000000000e+00
0.000000000000000000e+00 0.000000000000000000e+00 0.000000000000000000e+00 0.000000000000000000e+00 0.000000000000000000e+00
0.000000000000000000e+00 0.000000000000000000e+00 0.000000000000000000e+00 0.000000000000000000e+00 0.000000000000000000e+00
0.000000000000000000e+00 0.000000000000000000e+00 0.000000000000000000e+00 0.000000000000000000e+00 0.000000000000000000e+00
0.000000000000000000e+00 0.000000000000000000e+00 0.000000000000000000e+00 0.000000000000000000e+00 0.000000000000000000e+00
0.000000000000000000e+00 0.000000000000000000e+00 0.000000000000000000e+00 0.000000000000000000e+00 0.000000000000000000e+00
0.000000000000000000e+00 0.000000000000000000e+00 0.000000000000000000e+00 0.000000000000000000e+00 0.000000000000000000e+00
0.000000000000000000e+00 0.000000000000000000e+00 0.000000000000000000e+00 0.000000000000000000e+00 0.000000000000000000e+00
-6.562444340249005137e+00 -6.502347435538356812e+00 9.912104929042854506e-02 6.561116888485030607e+00 6.510050928558266392e+00
-5.374958983256251877e+00 -7.250116783833802536e+00 -1.845488856481265927e+00 5.369173498128557043e+00 7.258525604665107878e+00
-3.646217892581228970e+00 -7.304158939414528540e+00 -3.638967158841236227e+00 3.637427432852255116e+00 7.310432637347876295e+00
-1.647341378784559440e+00 -6.723419186894193267e+00 -5.067510377446584613e+00 1.638181174906925719e+00 6.725284202246168519e+00
3.473493736379444918e-01 -5.654583874478922745e+00 -6.002817125731336745e+00 -3.542002002440605146e-01 5.651460210008481866e+00
2.143801644459065958e+00 -4.261263212494625918e+00 -6.414746807616259261e+00 -2.146765871571293172e+00 4.254311138707934425e+00
3.629744235066446834e+00 -2.688583282484469095e+00 -6.336570825787430472e+00 -3.628763519339250898e+00 2.679946319106258912e+00
4.746688786942914184e+00 -1.054279111888490661e+00 -5.827378302808134514e+00 -4.742875616415300755e+00 1.046142482873553714e+00
5.464591684851630937e+00 5.428300770450120716e-01 -4.955162609396165152e+00 -5.459562238919867028e+00 -5.489097297890457305e-01
5.770895279632367370e+00 2.011887489308297639e+00 -3.797194649174238101e+00 -5.766173815279271864e+00 -2.015244601794503154e+00
5.671661392737296303e+00 3.267468230615118596e+00 -2.444101766471269865e+00 -5.668300703196157642e+00 -3.268274816732790189e+00
5.196092081959488240e+00 4.235951581715450054e+00 -9.982727394485712002e-01 -5.194505012758285467e+00 -4.234982250362691047e+00
4.397642089377240993e+00 4.864733359271902202e+00 4.341351188911748982e-01 -4.397614988721006313e+00 -4.863040100798034615e+00
3.350209287093524058e+00 5.128518934716851163e+00 1.753310326324010404e+00 -3.351068982894925163e+00 -5.127089646913765009e+00
2.141080966648735373e+00 5.030545570107271658e+00 2.874194401080933936e+00 -2.141964086502528897e+00 -5.030028814129988035e+00
8.628519570870609723e-01 4.599754474741625465e+00 3.731956013350905099e+00 -8.629966827449879752e-01 -4.600319814532163321e+00
-3.940287156953760639e-01 3.886042465313162442e+00 4.284929025024089455e+00 3.950550913593706137e-01 -3.887400823389179916e+00
-1.547354676699251197e+00 2.955047274911609012e+00 4.515668612163771911e+00 1.549553336488300959e+00 -2.956603570572330586e+00
-2.527904181633110259e+00 1.882725843828634948e+00 4.430356485359301821e+00 2.530881808231107755e+00 -1.883800222497156840e+00
-3.282858839982342403e+00 7.495568776795854538e-01 4.056424734966369350e+00 3.285973019710380694e+00 -7.496008578968286207e-01
-3.777667646515123767e+00 -3.653079940463737629e-01 3.438514434412143217e+00 3.780222903003950918e+00 3.665593650976235462e-01
-3.996283952118710570e+00 -1.389183213174657539e+00 2.633486059512135657e+00 3.997717724911702852e+00 1.391652896403860806e+00
-3.940248625530608173e+00 -2.259805949901125377e+00 1.705455025611985143e+00 3.940261771247895783e+00 2.263110073984473392e+00
-3.627398703570316130e+00 -2.928269435780976870e+00 7.214938843968200510e-01 3.626007966183802278e+00 2.931824728559801141e+00
-3.090629876769367179e+00 -3.361352235969995661e+00 -2.519791949456216540e-01 3.088141008182016645e+00 3.364522910014177803e+00
-2.376359454258182513e+00 -3.543331181642971561e+00 -1.152566660916570340e+00 2.373275659424351147e+00 3.545578147995595231e+00
-1.541829572778475210e+00 -3.476803320346799620e+00 -1.925404165766826825e+00 1.538721769765988956e+00 3.477800012025276555e+00
-6.507129043429835669e-01 -3.181826713410079055e+00 -2.526675077679206183e+00 6.480861977519367656e-01 3.181514431776766294e+00
2.325433867835545731e-01 -2.693127017380677835e+00 -2.926447166228159258e+00 -2.343523099118692277e-01 2.691699641299469814e+00
1.048375202863803590e+00 -2.055917338093224522e+00 -3.110129227394433649e+00 -1.049245824068377519e+00 2.053746446742515275e+00
1.746492501625450888e+00 -1.321386843546708434e+00 -3.078344868965198877e+00 -1.746508359649255437e+00 1.318915050204302331e+00
2.288472035553836825e+00 -5.427481641747554653e-01 -2.845586691158494386e+00 -2.287862030406162095e+00 5.403834832607026240e-01
2.648839820036462900e+00 2.278770491983829749e-01 -2.438215934894141235e+00 -2.647896306395353783e+00 -2.298398114917887536e-01
2.815259173810006565e+00 9.419810714812723029e-01 -1.892168953743777360e+00 -2.814256806531593824e+00 -9.433986151895115135e-01
2.788241116934163433e+00 1.556963834400358015e+00 -1.250414898072754744e+00 -2.787374972298729325e+00 -1.557841266880329645e+00
2.580431121355715618e+00 2.038328047909010454e+00 -5.600781154909258985e-01 -2.579785027871130954e+00 -2.038782179252293769e+00
2.215333511778649456e+00 2.361604684670220333e+00 1.307503242588618497e-01 -2.214881678255719244e+00 -2.361807121920022290e+00
1.725380390837306210e+00 2.513694340350312029e+00 7.762947873008371191e-01 -1.725017892211761161e+00 -2.513810533838731320e+00
1.149412587806143637e+00 2.493372795199066960e+00 1.336150635567435963e+00 -1.149003873529948150e+00 -2.493512694522365347e+00
5.297798286643010668e-01 2.310883040743678229e+00 1.777821761685488111e+00 -5.292106393132963715e-01 -2.311074896355915786e+00
-9.067166625741104879e-02 1.986697222126301732e+00 2.078545357132473459e+00 9.145344874641503363e-02 -1.986889058822342013e+00
-6.714649292796576185e-01 1.549617171543613559e+00 2.226303056352615162e+00 6.724298297610100672e-01 -1.549702576002452536e+00
-1.176998816845028717e+00 1.034405404857456690e+00 2.219990164574328961e+00 1.178041287796366188e+00 -1.034263956704374321e+00
-1.578542953879565225e+00 4.791438799476885335e-01 2.068784457677010469e+00 1.579508313662164376e+00 -4.786835937288781428e-01
-1.855634835509247349e+00 -7.747577700697348690e-02 1.790832971596274303e+00 1.856358705192420189e+00 7.828578366930952215e-02
-1.996862383439768518e+00 -5.987353100140305751e-01 1.411439372324113650e+00 1.997211382683301117e+00 5.998498641943981191e-01
-2.000072755190469564e+00 -1.052187957169819610e+00 9.609563124711060222e-01 1.999976089572987670e+00 1.053491218605663082e+00
-1.872070309361332008e+00 -1.411563239821562288e+00 4.725593118670899373e-01 1.871535188405292649e+00 1.412891800742232196e+00
-1.627846644622793271e+00 -1.658201852568198298e+00 -1.997449633820485085e-02 1.626955031747493008e+00 1.659378872977026020e+00
-1.289350986056824189e+00 -1.781948021454554887e+00 -4.843998535275815254e-01 1.288239829355034782e+00 1.782819554662181449e+00
-8.838072372674583566e-01 -1.781426570040297142e+00 -8.919698454696253220e-01 8.826380896206207360e-01 1.781891254840783034e+00
-4.416425876357132907e-01 -1.663663805530063655e+00 -1.219130834709092115e+00 4.405686313601720472e-01 1.663689268761201490e+00
5.809788436789858380e-03 -1.443088007937531669e+00 -1.448821236476850238e+00 -6.671320923691497103e-03 1.442711104455357551e+00
4.285942363890837270e-01 -1.140039835787979960e+00 -1.571267115744216403e+00 -4.291783712395354500e-01 1.139352192200828062e+00
8.001574469662351419e-01 -7.789874038915760579e-01 -1.584226390643232341e+00 -8.004541398799553953e-01 7.781113149631057047e-01
1.098939796804816016e+00 -3.866442269645019025e-01 -1.492705899870901298e+00 -1.098984331865876518e+00 3.857057533795857918e-01
1.309460150510127541e+00 9.860298415411932263e-03 -1.308227494880595199e+00 -1.309315465802493250e+00 -1.075446607209634524e-02
1.422901938705137148e+00 3.846706194751665642e-01 -1.047736567713468014e+00 -1.422638380223253396e+00 -3.854478877200534503e-01
1.437244041279020612e+00 7.147080386454405243e-01 -7.322410702821239292e-01 -1.436921788677181899e+00 -7.153343092769587352e-01
1.356981712547955521e+00 9.809474762146002114e-01 -3.852632856126389505e-01 -1.356639679052763725e+00 -9.814220028691563735e-01
1.192476991104238992e+00 1.169417062442033917e+00 -3.119271644825323542e-02 -1.192129902990339385e+00 -1.169760659887346010e+00
9.589833085304609872e-01 1.271862043641677653e+00 3.063576532706639433e-01 -9.586264468637821778e-01 -1.272102712493566212e+00
6.754073016241750604e-01 1.286024839474792403e+00 6.060802205941376863e-01 -6.750265246107891581e-01 -1.286184961908032554e+00
3.628931809081724635e-01 1.215521157762909699e+00 8.502796992021512956e-01 -3.624767348045894177e-01 -1.215609502975300016e+00
4.333124965868218048e-02 1.069328161406766675e+00 1.025870044265397629e+00 -4.287974551960593850e-02 -1.069338297850277231e+00
-2.621033174996314496e-01 8.609342994955313522e-01 1.125002124735753561e+00 2.625715585969183863e-01 -8.608491081305128523e-01
-5.342830201952223357e-01 6.072256934763977654e-01 1.145296263319936170e+00 5.347325522741804837e-01 -6.070260330899145407e-01
-7.572507461678326113e-01 3.271996533114922001e-01 1.089687576457933238e+00 7.576350962712632420e-01 -3.268742624372505401e-01
-9.190744024984769389e-01 4.060261845933448022e-02 9.659227253444271355e-01 9.193458098000757417e-01 -4.015624061584206761e-02
-1.012399551321080171e+00 -2.334116441219163951e-01 7.857705106396267736e-01 1.012519642969811118e+00 2.339542210980769255e-01
-1.034687960058401357e+00 -4.775161133531952706e-01 5.640228387196977167e-01 1.034636597942522718e+00 4.781111771007491851e-01
-9.881467796191052422e-01 -6.772622780993673430e-01 3.173667393260087843e-01 9.879269542615511934e-01 6.778531437565853413e-01
-8.793651752336766325e-01 -8.218899059723029366e-01 6.320521334632682453e-02 8.790029349180695784e-01 8.224161685370311448e-01
-7.186859249680075390e-01 -9.048511239171763698e-01 -1.815009748896293240e-01 7.182255931248452407e-01 9.052589418274618049e-01
-5.193527948835056085e-01 -9.240234334453141241e-01 -4.013039320919660202e-01 5.188488280992699098e-01 9.242744458412450737e-01
-2.964917175377093095e-01 -8.816085215883596726e-01 -5.831905230943744689e-01 2.959992375187147085e-01 8.816854720659119682e-01
-6.600153406185238492e-02 -7.837392101175314485e-01 -7.173023900075754522e-01 6.556769433141612646e-02 7.836472630553601437e-01
1.565583750749589831e-01 -6.398415752500419273e-01 -7.974142294539201536e-01 -1.569004406024496479e-01 6.396054032373507114e-01
3.569966051873281199e-01 -4.618175179321176715e-01 -8.211489903319346695e-01 -3.572303049397033692e-01 4.614752120760053922e-01
5.233607069892380892e-01 -2.631209556323219623e-01 -7.899296032622226127e-01 -5.234849793339693136e-01 2.627164213411974369e-01
6.465988750643821836e-01 -5.779849672118182041e-02 -7.086861642908516279e-01 -6.466244560944290898e-01 5.737412858495150036e-02
7.209844628455839288e-01 1.404432655117697215e-01 -5.853523568679624978e-01 -7.209287600983650401e-01 -1.408521558404005614e-01
7.442960259857561711e-01 3.190920727107462995e-01 -4.301949257591407560e-01 -7.441780402622901747e-01 -3.194602284009815940e-01
7.177611431797036312e-01 4.675632016863250362e-01 -2.550265067903857430e-01 -7.175976318247653252e-01 -4.678756812663554254e-01
6.457838947598297796e-01 5.777763343407523733e-01 -7.235637450364067191e-02 -6.455874669015588818e-01 -5.780266042309647467e-01
5.354855249406514917e-01 6.445485975397128309e-01 1.054641025725468612e-01 -5.352647556409717566e-01 -6.447354299049038451e-01
3.960964988288240285e-01 6.657859474761993468e-01 2.670451285370510908e-01 -3.958576017065583152e-01 -6.659102294454013471e-01
2.382455542806383997e-01 6.424672516114733334e-01 4.026595278513506737e-01 -2.379947882531199821e-01 -6.425296506816448039e-01
7.319631306536225623e-02 5.784291969566024427e-01 5.047979796837877009e-01 -7.294219072385217661e-02 -5.784292441731231360e-01
-8.791650827503277865e-02 4.799738157990560694e-01 5.685473193617850418e-01 8.816199192798664097e-02 -4.799104827786654925e-01
-2.348017097875831072e-01 3.553322423177259215e-01 5.917751309301276796e-01 2.350232614436850442e-01 -3.552056355922784681e-01
-3.586335559052110100e-01 2.140270772843176628e-01 5.751189117015836905e-01 3.588141776193509713e-01 -2.138405687425326829e-01
-4.525464075760479710e-01 6.618082029823064982e-02 5.217922876770594298e-01 4.526699941312663511e-01 -6.594284166948116699e-02
-5.119777882960284687e-01 -7.818085622482887076e-02 4.372327660518993686e-01 5.120320561373447044e-01 7.845599989925523821e-02
-5.348464848065863642e-01 -2.097843756949958061e-01 3.286244408379465076e-01 5.348254877818467978e-01 2.100770265031050577e-01
-5.215627790772715544e-01 -3.206805570435745101e-01 2.043346048068469534e-01 5.214683893766494105e-01 3.209675436718462116e-01
-4.748776990560820699e-01 -4.046998803985651927e-01 7.330560976754563196e-02 4.747197031726340111e-01 4.049573182285297057e-01
-3.995872654541162694e-01 -4.577659145806897145e-01 -5.555689411237040715e-02 3.993820647899160026e-01 4.579723734762024545e-01
-3.021161393044150545e-01 -4.780527265030567463e-01 -1.739604984806646382e-01 3.018843638426019216e-01 4.781920983617322096e-01
-1.900125477700066734e-01 -4.659835478577302736e-01 -2.747326049041567964e-01 1.897761127748037457e-01 4.660470376664175296e-01
-7.139211067674162969e-02 -4.240794585307761100e-01 -3.522280975149834625e-01 7.117132505782620966e-02 4.240663460661732165e-01
4.562882313503105469e-02 -3.566772690101315257e-01 -4.026166819680522813e-01 -4.581755844946481387e-02 3.565943781016849279e-01
1.534702891587565732e-01 -2.695440086011520742e-01 -4.240372469503971287e-01 -1.536158419701510458e-01 2.694041001711818817e-01
2.455604646163940807e-01 -1.694206510106448516e-01 -4.166160247762571989e-01 -2.456572869596863051e-01 1.692401576953230791e-01
3.167134719781536378e-01 -6.352974720076508264e-02 -3.823545122894237425e-01 -3.167610048260087185e-01 6.332635061257961551e-02
3.633935913189500488e-01 4.091909244610267976e-02 -3.249012868958539024e-01 -3.633950671379808095e-01 -4.112858194672774914e-02
3.838556855052964178e-01 1.371946725303036241e-01 -2.492285123211750719e-01 -3.838167132870190512e-01 -1.373958136051991741e-01
3.781606199411804980e-01 2.194535086814723701e-01 -1.612388554055328993e-01 -3.780879100785512481e-01 -2.196349763415681167e-01
3.480724682786465740e-01 2.830707407670443598e-01 -6.733166933859058290e-02 -3.479729450873947916e-01 -2.832243862158037584e-01
2.968511431689623836e-01 3.248760919689074322e-01 2.604139273297072579e-02 -2.967315391560782500e-01 -3.249965221461990073e-01
2.289596868841317634e-01 3.432845799258038566e-01 1.128017361341831504e-01 -2.288265592166227325e-01 -3.433685329605311587e-01
1.497096691841987293e-01 3.383184677704904053e-01 1.876230135067004368e-01 -1.495696641262309889e-01 -3.383642476750470807e-01
6.487078809644052091e-02 3.115239125195584102e-01 2.462412363081988298e-01 -6.473092839508368113e-02 -3.115310658769916419e-01
-1.972830750753167689e-02 2.657924566210861927e-01 2.856786216091481978e-01 1.986051795680937246e-02 -2.657617551582565074e-01
-9.858180885026610052e-02 2.051033901430417417e-01 3.043707276320471999e-01 9.869859155177050647e-02 -2.050370619038873188e-01
-1.668475068624545865e-01 1.342076208508396484e-01 3.021936111280993931e-01 1.669413460635277291e-01 -1.341096819945935270e-01
-2.206267924709189865e-01 5.827669875571538094e-02 2.803947471790161350e-01 2.206912142099472507e-01 -5.815319943003138120e-02
-2.571691084563222929e-01 -1.745810923039368620e-02 2.414377338251310068e-01 2.571995328969410299e-01 1.759909199297465809e-02
-2.749916145029590586e-01 -8.805230812817899100e-02 1.887759333108076643e-01 2.749860821437075664e-01 8.820102970796361852e-02
-2.739106064449372546e-01 -1.491579739782666891e-01 1.265739159041053830e-01 2.738702010817193333e-01 1.493037381604443714e-01
-2.549869183122736027e-01 -1.972781379783837274e-01 5.939777288811060041e-02 2.549157761439974079e-01 1.974102791358898767e-01
-2.203928617439538384e-01 -2.299516586846515886e-01 -8.103922500276083962e-03 2.202977472848185458e-01 2.300606289566449469e-01
-1.732129808131273319e-01 -2.458598710984426228e-01 -7.150739587750305770e-02 1.731025022613111586e-01 2.459382415391642429e-01
-1.171947639534138136e-01 -2.448520564647564401e-01 -1.268899929549778538e-01 1.170783711452544895e-01 2.448952572632102920e-01
-5.646818998172453696e-02 -2.278924743651853102e-01 -1.710593221044874601e-01 5.635513198699547421e-02 2.278991545993454548e-01
4.745648563789949502e-03 -1.969369023189452839e-01 -2.017228511674722391e-01 -4.847236560334216085e-03 1.969088684275808465e-01
6.241674655113958053e-02 -1.547509428239262075e-01 -2.175900570863677774e-01 -6.250050048671827729e-02 1.546927168195918190e-01
1.129607501438504996e-01 -1.046854957341918635e-01 -2.184039989168974349e-01 -1.130224167501472365e-01 1.046035998260126665e-01
1.534503524774398220e-01 -5.042661147022715201e-02 -2.049039263362266716e-01 -1.534878189756327393e-01 5.032872203350868129e-02
1.817718736877250718e-01 4.262546200629356748e-03 -1.787249268188970674e-01 -1.817849521629553988e-01 -4.368430496991988765e-03
1.967198087172500887e-01 5.579056338906481644e-02 -1.422443826360244301e-01 -1.967098731574978276e-01 -5.589682298740267924e-02
1.980267087882398025e-01 1.009620532174286822e-01 -9.838795165193335579e-02 -1.979962880355110311e-01 -1.010619504515143513e-01
1.863301627377925429e-01 1.371643751714609616e-01 -5.040977097884670466e-02 -1.862825728764205546e-01 -1.372523440559123287e-01
1.630826046705062815e-01 1.625068658245256425e-01 -1.662537520422715511e-03 -1.630216684367165048e-01 -1.625786204718525918e-01
1.304130041526685713e-01 1.759061132693924279e-01 4.462697292540918070e-02 -1.303428644354722166e-01 -1.759586349368651714e-01
9.095205106417467156e-02 1.771145067527774286e-01 8.556248995597671991e-02 -9.087705173890278654e-02 -1.771459763226997108e-01
4.763413111709840358e-02 1.666930220884957903e-01 1.187504917786212227e-01 -4.755871935698686992e-02 -1.667027518487763094e-01
3.490144715279046642e-03 1.459327412043772698e-01 1.424304257193207413e-01 -3.418747990035260562e-03 -1.459211337352784854e-01
-3.855495140365927664e-02 1.167327256633525351e-01 1.555565168636455498e-01 3.861810508731175484e-02 -1.167012577075620117e-01
-7.586704660693141533e-02 8.144436909186689166e-02 1.578283402764086574e-01 7.591817102223194502e-02 -8.139557363611897578e-02
-1.062591963191348160e-01 4.269408748863470771e-02 1.496708982155740830e-01 1.062952299394766958e-01 -4.263149464757309826e-02
-1.281107419598654373e-01 3.197076066064221452e-03 1.321682548760964027e-01 1.281296277425413022e-01 -3.125075553451118864e-03
-1.404434388668752698e-01 -3.442515920759871284e-02 1.069576200801516802e-01 1.404443472236043267e-01 3.450155565831446863e-02
-1.429518454636066194e-01 -6.781165837086641779e-02 7.609297780450333115e-02 1.429352910046878811e-01 6.788715227313536771e-02
-1.359882979207151510e-01 -9.500304046609273079e-02 4.188882517955427182e-02 1.359561175398139865e-01 9.507245162620844847e-02
-1.205057080408916265e-01 -1.145487354305621680e-01 6.755282016075007251e-03 1.204608929753694380e-01 1.146074286543502657e-01
-9.796400923916871728e-02 -1.255751022101018743e-01 -2.696423842481284958e-02 9.791041055682177252e-02 1.256193777821758006e-01
-7.020818660015686052e-02 -1.278120127770422110e-01 -5.714238550099946801e-02 7.015013575951889457e-02 1.278394057079983437e-01
-3.932733433354248381e-02 -1.215783867692370179e-01 -8.199524085063922274e-02 3.926923331115097365e-02 1.215878342540224755e-01
-7.504999314934443153e-03 -1.077298737595806244e-01 -1.001805877201694256e-01 7.450936087557939215e-03 1.077217325556912852e-01
2.312884879439399549e-02 -8.757421630454174932e-02 -1.108622227743177591e-01 -2.317541314234183164e-02 8.755013641956267689e-02
5.063451566504271334e-02 -6.276164327203274940e-02 -1.137379070161691486e-01 -5.067095910437063172e-02 6.272432599522549668e-02
7.337951659750299727e-02 -3.515885116144847750e-02 -1.090310361271946832e-01 -7.340415872040711998e-02 3.511173376848773786e-02
9.012909850115054244e-02 -6.715695370018700400e-03 -9.744846203628082515e-02 -9.014120319363047584e-02 6.662609631458432310e-03
1.001058326096310597e-01 2.066635040217488367e-02 -8.010897156320273549e-02 -1.001055336916983618e-01 -2.072150321973236647e-02
1.030160650087450502e-01 4.525554479277726222e-02 -5.844860523903803312e-02 -1.030042434897182474e-01 -4.530907111121227487e-02
9.904331770932831014e-02 6.559374349936386572e-02 -3.411019228182176483e-02 -9.902145778309097424e-02 -6.564237019299404285e-02
8.881088814193421888e-02 8.057699704725820866e-02 -8.825133667587413064e-03 -8.878093203455195148e-02 -8.061801742012192351e-02
7.331777052142779416e-02 8.950889213823039203e-02 1.570443394991703420e-02 -7.328198266635986557e-02 -8.954025341741585209e-02
5.385352110938149139e-02 9.212459741758058374e-02 3.791539657041338024e-02 -5.381436298903193721e-02 -9.214494340377736570e-02
3.189873918976440792e-02 8.858555844002444224e-02 5.647856794490023480e-02 -3.185874999345122971e-02 -8.859424087465019026e-02
9.018399754372036919e-03 7.944668395072825018e-02 7.037329113756476962e-02 -8.980076143912975317e-03 -7.944375193855064687e-02
-1.324465621407435421e-02 6.559955831364175372e-02 7.893790686468554751e-02 1.327898555235580355e-02 -6.558572899352384244e-02
-3.346916933037970276e-02 4.819660276142967437e-02 8.189405172880308281e-02 3.349747326796594787e-02 -4.817321078056671646e-02
-5.044176388457205507e-02 2.856211216249673196e-02 7.934458320398625475e-02 5.046243508698006197e-02 -2.853103234781813324e-02
-6.322518813645548741e-02 8.096662467869362306e-03 7.174667586657673679e-02 6.323715322717704534e-02 -8.060200440562969790e-03
-7.120499758987272609e-02 -1.181850321093750635e-02 5.986318095107211190e-02 7.120779614148371739e-02 1.185775395210180404e-02
-7.411275856010018925e-02 -2.991083214446728714e-02 4.469659737391066395e-02 7.410657715789867317e-02 2.995016203521793860e-02
-7.202546777924996591e-02 -4.509401657770459315e-02 2.741090190375332705e-02 7.201112028779792229e-02 4.513078934439716111e-02
-6.534244392104736343e-02 -5.652926355469766601e-02 9.246991493246778035e-03 6.532129642788717105e-02 5.656110631504387282e-02
-5.474235245530416349e-02 -6.366710785096084402e-02 -8.562406070456855464e-03 5.471619948888992863e-02 6.369208246790440675e-02
-4.112419280647550135e-02 -6.626805012540766537e-02 -2.487277894969475850e-02 4.109509854582579086e-02 6.628478716978591923e-02
-2.553693917180296230e-02 -6.440179422531044917e-02 -3.869788805258873171e-02 2.550706200765776033e-02 6.440957518122433778e-02
-9.103038337196577012e-03 -5.842628312093731124e-02 -4.926579903211585065e-02 9.074458487446283514e-03 5.842506327329127086e-02
7.058890938176780143e-03 -4.894899863979985249e-02 -5.605797946012770760e-02 -7.084323041842922365e-03 4.893937098367014127e-02
2.190703547608966947e-02 -3.677401953645211691e-02 -5.882980495974342305e-02 -2.192781693188409695e-02 3.675712746053347302e-02
3.454047546330189095e-02 -2.283907090843528484e-02 -5.761211371599556097e-02 -3.455552773917187209e-02 2.281648297898388258e-02
4.425064683937523363e-02 -8.147215262293150059e-03 -5.269470064525727526e-02 -4.425935083449963892e-02 8.120778338886447054e-03
5.055747755724671749e-02 6.302074537736221393e-03 -4.459377203537809309e-02 -5.055967108325117032e-02 -6.330387564180289979e-03
5.322865314842105400e-02 1.957794196041214713e-02 -3.400632182748918736e-02 -5.322459824965808384e-02 -1.960617586325429443e-02
5.228165934155554195e-02 3.087525407131602381e-02 -2.175509064603660739e-02 -5.227198802094589619e-02 -3.090159634412626560e-02
4.796939627417962787e-02 3.956049900466582919e-02 -8.728194480151664839e-03 -4.795504255247743514e-02 -3.958338054805031481e-02
4.075118792145438623e-02 4.520408251930868593e-02 4.182352450327986998e-03 -4.073331238790197512e-02 -4.522225208657388446e-02
3.125186231966496642e-02 4.759763732927264901e-02 1.613914182134258343e-02 -3.123177323854882739e-02 -4.761021057421162272e-02
2.021220830966684312e-02 4.675600078891566092e-02 2.641122947402839774e-02 -2.019128164063990760e-02 -4.676248610756304769e-02
8.434495913568608103e-03 4.290452854525232673e-02 3.441630180939055095e-02 -8.414095758100575279e-03 -4.290483205013755769e-02
-3.273130269371191982e-03 3.645333034294768321e-02 3.975089910794603332e-02 3.291729164487736548e-03 -3.644774172151565156e-02
-1.414970530014839946e-02 2.796078565876225497e-02 4.220734702434994490e-02 1.416539047850923737e-02 -2.794994594356494874e-02
-2.352862874731692297e-02 1.808927774220569704e-02 4.177699383959613405e-02 2.354051476679581631e-02 -1.807412968919056354e-02
-3.087620967554353946e-02 7.556437801389427091e-03 3.864025546985738746e-02 3.088368998663236845e-02 -7.538159916413679322e-03
-3.581952098301367099e-02 -2.914667640808906932e-03 3.314483730150347141e-02 3.582230223941865882e-02 2.934741179002441167e-03
-3.816230377481383967e-02 -1.264309423143034593e-02 2.577417851362698645e-02 3.816041856532566973e-02 1.266356389455251287e-02
-3.788850551336642170e-02 -2.103232515512410555e-02 1.710869879504212446e-02 3.788230121595664163e-02 2.105182102726229146e-02
-3.515386331149248506e-02 -2.760482597063333710e-02 7.782762027585730935e-03 3.514396720319968442e-02 2.762210035531720287e-02
-3.026670117141905952e-02 -3.202698815985010466e-02 -1.559604086082064462e-03 3.025396462814107859e-02 3.204099824559303311e-02
-2.365976601199459156e-02 -3.412334639895744925e-02 -1.030727970216413318e-02 2.364519296164600479e-02 3.413331996904114124e-02
-1.585539265643083270e-02 -3.387968112260544146e-02 -1.792022179373552182e-02 1.584005933711825007e-02 3.388515961380519914e-02
-7.426645042359535098e-03 -3.143542360853725237e-02 -2.396098373762702710e-02 7.411618588665754188e-03 3.143627943352624021e-02
1.042820645972262301e-03 -2.706641542827094987e-02 -2.811787448498229841e-02 -1.056557496191578563e-03 2.706284308862463850e-02
8.997471374722218473e-03 -2.115966134693965384e-02 -3.021868019327740573e-02 -9.009083406716786313e-03 2.115214457460402875e-02
1.594472874006879273e-02 -1.418216783111133673e-02 -3.023456284144513881e-02 -1.595357522361450994e-02 1.417142735906999455e-02
2.148384156396715428e-02 -6.646212896446779088e-03 -2.827439332867558511e-02 -2.148950512522284848e-02 6.633140865645727018e-03
2.532722554111505042e-02 9.264980319866134365e-04 -2.457038919240855934e-02 -2.532952298321839574e-02 -9.409104851821160432e-04
2.731327186179072566e-02 8.039392246601344619e-03 -1.945644976215399335e-02 -2.731224853123561877e-02 -8.054127954141995782e-03
2.741025052866654863e-02 1.425212427333596293e-02 -1.334099277180456240e-02 -2.740616086478131139e-02 -1.426620823911193235e-02
2.571151055790993345e-02 1.920635600922774439e-02 -6.676343924173331994e-03 -2.570478780635108637e-02 -1.921891479768509520e-02
2.242276885701716127e-02 2.264482791303778011e-02 7.312965104798282892e-05 -2.241398700105914216e-02 -2.265513757966932176e-02
1.784273646307175942e-02 2.442283127333511744e-02 6.461995403489763194e-03 -1.783256712359190810e-02 -2.443035243553879493e-02
1.233869919028288478e-02 2.451173242697984866e-02 1.209186378499480310e-02 -1.232786589311037420e-02 -2.451613200906261128e-02
6.318913254929500040e-03 2.299473352417281263e-02 1.663494024613183797e-02 -6.308145233282519415e-03 -2.299589333019919080e-02
2.037862957235830083e-04 2.005556089037106166e-02 1.985172768577583152e-02 -1.937737813135806495e-04 -2.005357360492134380e-02
-5.602215328975959988e-03 1.596117179504668443e-02 2.160201549784761949e-02 5.610862112789743138e-03 -1.595632517064488054e-02
-1.073613657852614221e-02 1.103993534590995071e-02 2.184880215745206924e-02 1.074292267619873266e-02 -1.103268575094909151e-02
-1.489804734218721886e-02 5.656946812715606121e-03 2.065526633774937212e-02 1.490262051935923975e-02 -5.647883648525757645e-03
-1.786731029638946588e-02 1.882372734708927210e-04 1.817535121754366989e-02 1.786947883707222517e-02 -1.780402276841748955e-04
-1.951281696145534816e-02 -5.004377001764077557e-03 1.463891546001973992e-02 1.951255645525346721e-02 5.014985359274679901e-03
-1.979683970520364558e-02 -9.596193041414794594e-03 1.033270920444771986e-02 1.979428823477194857e-02 9.606496313973896320e-03
-1.877258217190398357e-02 -1.331888708273563579e-02 5.578639159791960733e-03 1.876802425625679477e-02 1.332822242309179318e-02
-1.657591677464391455e-02 -1.597507703096195941e-02 7.108860883287811214e-04 1.656975742447662839e-02 1.598287746505478932e-02
-1.341215852945365668e-02 -1.744748254046827804e-02 -3.946571145072595710e-03 1.340488964172260877e-02 1.745331120162131253e-02
-9.538989563601392441e-03 -1.770235800004547888e-02 -8.100578345742267053e-03 9.531151596729282166e-03 1.770593183045568800e-02
-5.246861269733038222e-03 -1.678728583953700490e-02 -1.150632735046872718e-02 5.239003426757636063e-03 1.678848729826392175e-02
-8.382866969672006854e-04 -1.482377190308135050e-02 -1.398079600559762499e-02 8.309288166041652393e-04 1.482264829097374413e-02
3.392564867929510636e-03 -1.199540193693730827e-02 -1.541144480198336844e-02 -3.398965887516482934e-03 1.199215303721346340e-02
7.178652146835057778e-03 -8.532568857492669676e-03 -1.575985239023353773e-02 -7.183729206713678102e-03 8.527524555004372189e-03
1.029608134185542624e-02 -4.694950855089214531e-03 -1.506031903788216525e-02 -1.029957588570011920e-02 4.688541119833826952e-03
1.257645896817254257e-02 -7.530040458692087565e-04 -1.341379395137133786e-02 -1.257823102507857685e-02 7.457240791553998091e-04
1.391496434849004600e-02 3.030269970918305321e-03 -1.097776897177122832e-02 -1.391499402335365405e-02 -3.037896535169644710e-03
1.427384093633643318e-02 6.416106466686132860e-03 -7.953010828444025127e-03 -1.427222208029306320e-02 -6.423563595858077478e-03
1.368132127856356781e-02 9.204291641907471483e-03 -4.568164866298717215e-03 -1.367824847926424510e-02 -9.211103848770033423e-03
1.222629805064165756e-02 1.124420493096854427e-02 -1.063348049084090943e-03 -1.222204832176797436e-02 -1.124996530183681315e-02
1.004931476530127217e-02 1.244204164619448424e-02 2.326143522813126259e-03 -1.004422542147834392e-02 -1.244643366011235520e-02
7.330659442849320369e-03 1.276394574659286268e-02 5.384953844961315808e-03 -7.325103664759865553e-03 -1.276675810036645951e-02
4.276491900725191801e-03 1.223506325667218786e-02 7.930686546388888286e-03 -4.270853465640088789e-03 -1.223619736135117889e-02
1.104014168988808574e-03 1.093479231855792877e-02 9.824084302891228013e-03 -1.098662768588730019e-03 -1.093426252041825204e-02
-1.973297556344668843e-03 8.988739589709486902e-03 1.097585244278665058e-02 1.978029061089854601e-03 -8.986666504430555411e-03
-4.759438871027114534e-03 6.558081106619210315e-03 1.134985774815536197e-02 4.763274010917705609e-03 -6.554678757039861768e-03
-7.087757247476257454e-03 3.827158607614529213e-03 1.096268394497790059e-02 7.090491227240418304e-03 -3.822716336963003815e-03
